1.2742003268424476E7
1.2742003268425599E7
1.2742006E7
1.2742016E7
1.2742026E7
1.2742036E7
1.2742046E7
1.2742056E7
1.2742066E7
1.2742076E7
1.2742086E7
1.2742096E7
1.2742106E7
1.2742116E7
1.2742126E7
1.2742136E7
1.2742146E7
1.2742156E7
1.2742166E7
1.2742176E7
1.2742186E7
1.2742196E7
1.2742206E7
1.2742216E7
1.2742226E7
1.2742236E7
1.2742246E7
1.2742256E7
1.2742266E7
1.2742276E7
1.2742286E7
1.2742296E7
1.2742306E7
1.2742316E7
1.2742326E7
1.2742336E7
1.2742346E7
1.2742356E7
1.2742366E7
1.2742376E7
1.2742386E7
1.2742396E7
1.2742406E7
1.2742416E7
1.2742426E7
1.2742436E7
1.274244137445667E7
1.2742441374457793E7
1.2742446E7
1.2742456E7
1.2742466E7
1.2742476E7
1.2742486E7
1.2742496E7
1.2742506E7
1.2742516E7
1.2742526E7
1.2742536E7
1.2742546E7
1.2742556E7
1.2742566E7
1.2742576E7
1.2742586E7
1.2742596E7
1.2742606E7
1.2742616E7
1.2742626E7
1.2742636E7
1.2742646E7
1.2742656E7
1.2742666E7
1.2742676E7
1.2742686E7
1.2742696E7
1.2742706E7
1.2742716E7
1.2742726E7
1.2742736E7
1.2742746E7
1.2742756E7
1.2742766E7
1.2742776E7
1.2742786E7
1.2742796E7
1.2742806E7
1.2742816E7
1.2742826E7
1.2742836E7
1.2742846E7
1.2742856E7
