0	7315	5390	4	0	0.0
0	7315	5390	4	0	1.6224E7
0	7315	5389	4	2	1.6225E7
0	7313	5386	4	4	1.6226E7
0	7311	5381	4	6	1.6227E7
0	7308	5374	4	8	1.6228E7
0	7304	5366	4	8	1.6229E7
0	7301	5361	4	5	1.623E7
0	7299	5357	4	2	1.6231E7
0	7299	5356	4	0	1.6232E7
0	7299	5356	4	0	1.6233E7
0	7299	5356	4	0	1.6234E7
0	7299	5356	4	0	1.6235E7
0	7299	5356	4	0	1.6236E7
0	7299	5356	4	0	1.6237E7
0	7299	5356	4	0	1.6238E7
0	7299	5356	4	0	1.6239E7
0	7299	5356	4	0	1.624E7
0	7299	5356	4	0	1.6241E7
0	7299	5356	4	0	1.6242E7
0	7299	5356	4	0	1.6243E7
0	7299	5356	4	0	1.6244E7
0	7299	5356	4	0	1.6245E7
0	7299	5356	4	0	1.6246E7
0	7299	5356	4	0	1.6247E7
0	7299	5356	4	0	1.6248E7
0	7299	5356	4	0	1.6249E7
0	7299	5356	4	0	1.625E7
0	7299	5356	4	0	1.6251E7
0	7299	5355	4	1	1.6252E7
0	7297	5353	4	3	1.6253E7
0	7295	5349	4	5	1.6254E7
0	7292	5342	4	7	1.6255E7
0	7288	5334	4	9	1.6256E7
0	7284	5325	4	11	1.6257E7
0	7278	5313	4	13	1.6258E7
0	7272	5301	4	13	1.6259E7
0	7266	5289	4	13	1.626E7
0	7260	5277	4	13	1.6261E7
0	7254	5265	4	13	1.6262E7
0	7248	5253	4	13	1.6263E7
0	7242	5241	4	13	1.6264E7
0	7236	5228	4	13	1.6265E7
0	7230	5216	4	13	1.6266E7
0	7224	5204	4	13	1.6267E7
0	7218	5192	4	13	1.6268E7
0	7212	5180	4	13	1.6269E7
0	7205	5168	4	13	1.627E7
0	7199	5156	4	13	1.6271E7
0	7193	5144	4	13	1.6272E7
0	7187	5132	4	13	1.6273E7
0	7181	5120	4	13	1.6274E7
0	7175	5108	4	13	1.6275E7
0	7169	5095	4	13	1.6276E7
0	7163	5084	4	12	1.6277E7
0	7158	5074	4	9	1.6278E7
0	7154	5067	4	6	1.6279E7
0	7152	5063	4	3	1.628E7
0	7151	5061	4	0	1.6281E7
0	7151	5061	4	0	1.6282E7
0	7151	5061	4	0	1.6283E7
0	7151	5061	4	0	1.6284E7
0	7151	5061	4	0	1.6285E7
0	7151	5061	4	0	1.6286E7
0	7151	5061	4	0	1.6287E7
0	7151	5061	4	0	1.6288E7
0	7151	5061	4	0	1.6289E7
0	7151	5061	4	0	1.629E7
0	7151	5061	4	0	1.6291E7
0	7151	5061	4	0	1.6292E7
0	7151	5061	4	0	1.6293E7
0	7151	5061	4	0	1.6294E7
0	7151	5061	4	0	1.6295E7
0	7151	5061	4	0	1.6296E7
0	7151	5061	4	0	1.6297E7
0	7151	5061	4	0	1.6298E7
0	7151	5061	4	0	1.6299E7
0	7151	5061	4	0	1.63E7
0	7151	5060	4	0	1.6301E7
0	7150	5059	4	2	1.6302E7
0	7148	5055	4	5	1.6303E7
0	7145	5049	4	7	1.6304E7
0	7142	5042	4	8	1.6305E7
0	7137	5033	4	11	1.6306E7
0	7132	5022	4	12	1.6307E7
0	7125	5011	4	13	1.6308E7
0	7119	4999	4	13	1.6309E7
0	7113	4987	4	13	1.631E7
0	7106	4975	4	13	1.6311E7
0	7101	4965	4	9	1.6312E7
0	7097	4958	4	6	1.6313E7
0	7095	4953	4	4	1.6314E7
0	7093	4950	4	2	1.6315E7
0	7092	4949	4	1	1.6316E7
0	7092	4948	4	0	1.6317E7
0	7092	4948	4	0	1.6318E7
0	7092	4948	4	0	1.6319E7
0	7092	4948	4	0	1.632E7
0	7092	4948	4	0	1.6321E7
0	7091	4947	4	2	1.6322E7
0	7089	4943	4	4	1.6323E7
0	7087	4939	4	6	1.6324E7
0	7084	4932	4	8	1.6325E7
0	7080	4924	4	10	1.6326E7
0	7075	4913	3	12	1.6327E7
0	7071	4901	3	13	1.6328E7
0	7065	4889	3	13	1.6329E7
0	7060	4876	3	13	1.633E7
0	7055	4864	3	13	1.6331E7
0	7050	4851	3	13	1.6332E7
0	7045	4839	3	13	1.6333E7
0	7040	4826	3	13	1.6334E7
0	7035	4813	3	13	1.6335E7
0	7030	4801	3	13	1.6336E7
0	7025	4788	3	13	1.6337E7
0	7020	4776	3	13	1.6338E7
0	7014	4763	3	13	1.6339E7
0	7009	4751	3	13	1.634E7
0	7004	4738	3	13	1.6341E7
0	7000	4727	3	10	1.6342E7
0	6996	4719	3	7	1.6343E7
0	6994	4713	3	4	1.6344E7
0	6993	4710	3	2	1.6345E7
0	6992	4709	3	1	1.6346E7
0	6992	4708	3	0	1.6347E7
0	6992	4707	3	0	1.6348E7
0	6992	4707	3	0	1.6349E7
0	6992	4707	3	0	1.635E7
0	6992	4707	3	0	1.6351E7
0	6992	4707	3	0	1.6352E7
0	6992	4707	3	0	1.6353E7
0	6992	4707	3	0	1.6354E7
0	6992	4707	3	0	1.6355E7
0	6992	4707	3	0	1.6356E7
0	6992	4707	3	0	1.6357E7
0	6992	4707	3	0	1.6358E7
0	6992	4707	3	0	1.6359E7
0	6992	4707	3	0	1.636E7
0	6992	4707	3	0	1.6361E7
0	6992	4707	3	0	1.6362E7
0	6992	4707	3	0	1.6363E7
0	6992	4707	3	0	1.6364E7
0	6992	4707	3	0	1.6365E7
0	6992	4707	3	0	1.6366E7
0	6992	4707	3	0	1.6367E7
0	6992	4707	3	0	1.6368E7
0	6992	4707	3	0	1.6369E7
0	6992	4707	3	0	1.637E7
0	6992	4707	3	0	1.6371E7
0	6992	4707	3	0	1.6372E7
0	6992	4707	3	0	1.6373E7
0	6992	4707	3	0	1.6374E7
0	6992	4707	3	0	1.6375E7
0	6992	4707	3	0	1.6376E7
0	6992	4707	3	0	1.6377E7
0	6992	4707	3	0	1.6378E7
0	6992	4707	3	0	1.6379E7
0	6992	4707	3	0	1.638E7
0	6992	4707	3	0	1.6381E7
0	6991	4706	3	2	1.6382E7
0	6990	4703	3	4	1.6383E7
0	6989	4697	3	6	1.6384E7
0	6986	4690	3	8	1.6385E7
0	6984	4682	3	10	1.6386E7
0	6982	4670	3	12	1.6387E7
0	6980	4657	3	13	1.6388E7
0	6978	4644	3	13	1.6389E7
0	6978	4631	3	13	1.639E7
0	6977	4617	3	13	1.6391E7
0	6976	4604	3	13	1.6392E7
0	6976	4590	3	13	1.6393E7
0	6981	4580	2	13	1.6394E7
0	6995	4578	1	13	1.6395E7
0	7009	4576	1	13	1.6396E7
0	7021	4570	2	13	1.6397E7
0	7031	4561	2	13	1.6398E7
0	7034	4548	3	11	1.6399E7
0	7033	4538	3	8	1.64E7
0	7033	4531	3	5	1.6401E7
0	7033	4526	3	3	1.6402E7
0	7033	4524	3	0	1.6403E7
0	7033	4524	3	0	1.6404E7
0	7033	4524	3	0	1.6405E7
0	7033	4524	3	0	1.6406E7
0	7033	4524	3	0	1.6407E7
0	7033	4524	3	0	1.6408E7
0	7033	4524	3	0	1.6409E7
0	7033	4524	3	0	1.641E7
0	7033	4524	3	0	1.6411E7
0	7033	4524	3	0	1.6412E7
0	7033	4524	3	0	1.6413E7
0	7033	4524	3	0	1.6414E7
0	7033	4524	3	0	1.6415E7
0	7033	4524	3	0	1.6416E7
0	7033	4524	3	0	1.6417E7
0	7033	4524	3	0	1.6418E7
0	7033	4524	3	0	1.6419E7
0	7033	4524	3	0	1.642E7
0	7033	4524	3	0	1.6421E7
0	7033	4524	3	0	1.6422E7
0	7033	4524	3	1	1.6423E7
0	7033	4522	3	3	1.6424E7
0	7029	4516	3	4	1.6425E7
0	7029	4510	3	7	1.6426E7
0	7029	4502	3	8	1.6427E7
0	7028	4492	3	10	1.6428E7
0	7027	4480	3	12	1.6429E7
0	7026	4467	3	13	1.643E7
0	7025	4454	3	13	1.6431E7
0	7025	4440	3	13	1.6432E7
0	7024	4427	3	12	1.6433E7
0	7024	4416	3	9	1.6434E7
0	7024	4408	3	6	1.6435E7
0	7024	4403	3	4	1.6436E7
0	7022	4398	3	6	1.6437E7
0	7015	4394	4	8	1.6438E7
0	7006	4393	5	10	1.6439E7
0	6995	4391	5	12	1.644E7
0	6982	4389	5	13	1.6441E7
0	6968	4387	5	13	1.6442E7
0	6955	4383	5	15	1.6443E7
0	6938	4380	5	17	1.6444E7
0	6921	4374	5	18	1.6445E7
0	6902	4371	5	18	1.6446E7
0	6885	4369	5	15	1.6447E7
0	6871	4367	5	12	1.6448E7
0	6861	4365	5	8	1.6449E7
0	6854	4364	5	6	1.645E7
0	6849	4364	5	3	1.6451E7
0	6847	4363	5	1	1.6452E7
0	6845	4363	5	0	1.6453E7
0	6845	4363	5	0	1.6454E7
0	6845	4363	5	0	1.6455E7
0	6845	4363	5	0	1.6456E7
0	6845	4363	5	0	1.6457E7
0	6845	4363	5	0	1.6458E7
0	6845	4363	5	0	1.6459E7
0	6845	4363	5	0	1.646E7
0	6845	4363	5	0	1.6461E7
0	6845	4363	5	0	1.6462E7
0	6845	4363	5	0	1.6463E7
0	6845	4363	5	0	1.6464E7
0	6845	4363	5	0	1.6465E7
0	6845	4363	5	0	1.6466E7
0	6845	4363	5	0	1.6467E7
0	6845	4363	5	0	1.6468E7
0	6845	4363	5	0	1.6469E7
0	6845	4363	5	0	1.647E7
0	6845	4363	5	0	1.6471E7
0	6845	4363	5	0	1.6472E7
0	6845	4363	5	0	1.6473E7
0	6845	4363	5	0	1.6474E7
0	6845	4363	5	0	1.6475E7
0	6845	4363	5	0	1.6476E7
0	6845	4363	5	0	1.6477E7
0	6845	4363	5	0	1.6478E7
0	6845	4363	5	0	1.6479E7
0	6845	4363	5	0	1.648E7
0	6845	4363	5	0	1.6481E7
0	6843	4363	5	2	1.6482E7
0	6840	4362	5	4	1.6483E7
0	6834	4361	5	6	1.6484E7
0	6827	4360	5	8	1.6485E7
0	6818	4359	5	10	1.6486E7
0	6807	4358	5	11	1.6487E7
0	6794	4356	5	13	1.6488E7
0	6779	4354	5	15	1.6489E7
0	6763	4351	5	16	1.649E7
0	6747	4349	5	16	1.6491E7
0	6731	4347	5	16	1.6492E7
0	6716	4344	5	13	1.6493E7
0	6705	4340	5	10	1.6494E7
0	6697	4338	5	7	1.6495E7
0	6692	4336	5	4	1.6496E7
0	6689	4335	5	2	1.6497E7
0	6689	4335	5	0	1.6498E7
0	6689	4335	5	0	1.6499E7
0	6689	4335	5	0	1.65E7
0	6689	4335	5	0	1.6501E7
0	6689	4335	5	0	1.6502E7
0	6689	4335	5	0	1.6503E7
0	6689	4335	5	0	1.6504E7
0	6689	4335	5	0	1.6505E7
0	6689	4335	5	0	1.6506E7
0	6689	4335	5	0	1.6507E7
0	6689	4335	5	0	1.6508E7
0	6689	4335	5	0	1.6509E7
0	6689	4335	5	0	1.651E7
0	6689	4335	5	0	1.6511E7
0	6689	4335	5	0	1.6512E7
0	6689	4335	5	0	1.6513E7
0	6689	4335	5	0	1.6514E7
0	6689	4335	5	0	1.6515E7
0	6689	4335	5	0	1.6516E7
0	6689	4335	5	0	1.6517E7
0	6687	4335	5	2	1.6518E7
0	6684	4334	5	4	1.6519E7
0	6680	4332	5	5	1.652E7
0	6672	4332	4	7	1.6521E7
0	6665	4328	4	9	1.6522E7
0	6655	4322	4	11	1.6523E7
0	6642	4319	4	13	1.6524E7
0	6630	4312	4	12	1.6525E7
0	6621	4307	4	9	1.6526E7
0	6614	4303	4	6	1.6527E7
0	6609	4300	4	3	1.6528E7
0	6607	4299	4	2	1.6529E7
0	6606	4298	4	0	1.653E7
0	6605	4298	4	0	1.6531E7
0	6605	4298	4	0	1.6532E7
0	6605	4298	4	0	1.6533E7
0	6605	4298	4	0	1.6534E7
0	6605	4298	4	0	1.6535E7
0	6605	4298	4	0	1.6536E7
0	6605	4298	4	0	1.6537E7
0	6605	4298	4	0	1.6538E7
0	6605	4298	4	0	1.6539E7
0	6605	4298	4	0	1.654E7
0	6605	4298	4	0	1.6541E7
0	6605	4298	4	0	1.6542E7
0	6605	4298	4	0	1.6543E7
0	6605	4298	4	0	1.6544E7
0	6605	4298	4	0	1.6545E7
0	6605	4298	4	0	1.6546E7
0	6605	4298	4	0	1.6547E7
0	6605	4298	4	0	1.6548E7
0	6605	4298	4	0	1.6549E7
0	6605	4298	4	0	1.655E7
0	6605	4298	4	0	1.6551E7
0	6605	4298	4	0	1.6552E7
0	6605	4298	4	0	1.6553E7
0	6605	4298	4	0	1.6554E7
0	6605	4298	4	0	1.6555E7
0	6605	4298	4	0	1.6556E7
0	6605	4298	4	0	1.6557E7
0	6605	4298	4	0	1.6558E7
0	6605	4298	4	0	1.6559E7
0	6605	4298	4	0	1.656E7
0	6605	4298	4	0	1.6561E7
0	6604	4297	4	2	1.6562E7
0	6601	4295	4	4	1.6563E7
0	6596	4292	4	6	1.6564E7
0	6589	4289	4	8	1.6565E7
0	6581	4284	4	10	1.6566E7
0	6571	4278	4	12	1.6567E7
0	6561	4272	4	11	1.6568E7
0	6553	4267	4	7	1.6569E7
0	6547	4264	4	5	1.657E7
0	6544	4262	4	2	1.6571E7
0	6542	4261	4	1	1.6572E7
0	6541	4260	4	0	1.6573E7
0	6541	4260	4	0	1.6574E7
0	6541	4260	4	0	1.6575E7
0	6541	4260	4	0	1.6576E7
0	6541	4260	4	0	1.6577E7
0	6541	4260	4	0	1.6578E7
0	6541	4260	4	0	1.6579E7
0	6541	4260	4	0	1.658E7
0	6541	4260	4	0	1.6581E7
0	6541	4260	4	0	1.6582E7
0	6541	4260	4	0	1.6583E7
0	6542	4257	4	0	1.6584E7
0	6542	4257	4	0	1.6585E7
0	6542	4257	4	0	1.6586E7
0	6542	4257	4	0	1.6587E7
0	6542	4257	4	0	1.6588E7
0	6542	4257	4	0	1.6589E7
0	6542	4257	4	0	1.659E7
0	6542	4257	4	0	1.6591E7
0	6542	4257	4	0	1.6592E7
0	6542	4257	4	0	1.6593E7
0	6542	4257	4	0	1.6594E7
0	6542	4257	4	0	1.6595E7
0	6542	4257	4	0	1.6596E7
0	6542	4257	4	0	1.6597E7
0	6542	4257	4	0	1.6598E7
0	6542	4257	4	0	1.6599E7
0	6542	4257	4	0	1.66E7
0	6542	4257	4	0	1.6601E7
0	6542	4257	4	0	1.6602E7
0	6542	4257	4	0	1.6603E7
0	6542	4257	4	0	1.6604E7
0	6542	4257	4	0	1.6605E7
0	6542	4257	4	0	1.6606E7
0	6542	4257	4	0	1.6607E7
0	6542	4257	4	0	1.6608E7
0	6542	4257	4	0	1.6609E7
0	6542	4257	4	0	1.661E7
0	6542	4257	4	0	1.6611E7
0	6542	4257	4	0	1.6612E7
0	6542	4257	4	0	1.6613E7
0	6542	4257	4	0	1.6614E7
0	6542	4257	4	0	1.6615E7
0	6542	4257	4	0	1.6616E7
0	6542	4257	4	0	1.6617E7
0	6542	4257	4	0	1.6618E7
0	6542	4257	4	0	1.6619E7
0	6542	4257	4	0	1.662E7
0	6542	4257	4	0	1.6621E7
0	6542	4257	4	0	1.6622E7
0	6542	4257	4	0	1.6623E7
0	6542	4257	4	0	1.6624E7
0	6542	4257	4	0	1.6625E7
0	6542	4257	4	0	1.6626E7
0	6541	4256	4	2	1.6627E7
0	6538	4255	4	4	1.6628E7
0	6532	4256	4	6	1.6629E7
0	6525	4253	4	8	1.663E7
0	6517	4250	5	9	1.6631E7
0	6506	4247	5	11	1.6632E7
0	6494	4244	5	13	1.6633E7
0	6481	4241	5	13	1.6634E7
0	6467	4237	5	13	1.6635E7
0	6454	4234	5	13	1.6636E7
0	6441	4231	5	13	1.6637E7
0	6428	4227	5	13	1.6638E7
0	6415	4224	5	13	1.6639E7
0	6402	4220	5	13	1.664E7
0	6389	4217	5	11	1.6641E7
0	6380	4215	5	8	1.6642E7
0	6373	4213	5	5	1.6643E7
0	6369	4212	5	3	1.6644E7
0	6366	4211	5	1	1.6645E7
0	6365	4211	5	0	1.6646E7
0	6365	4211	5	0	1.6647E7
0	6365	4211	5	0	1.6648E7
0	6365	4211	5	0	1.6649E7
0	6365	4211	5	0	1.665E7
0	6365	4211	5	0	1.6651E7
0	6363	4210	5	2	1.6652E7
0	6360	4210	5	3	1.6653E7
0	6355	4211	5	6	1.6654E7
0	6350	4215	6	8	1.6655E7
0	6346	4224	7	10	1.6656E7
0	6344	4236	7	12	1.6657E7
0	6341	4249	7	13	1.6658E7
0	6334	4260	6	13	1.6659E7
0	6322	4266	5	13	1.666E7
0	6309	4263	5	13	1.6661E7
0	6296	4259	5	13	1.6662E7
0	6283	4256	5	13	1.6663E7
0	6270	4253	5	13	1.6664E7
0	6257	4252	5	12	1.6665E7
0	6246	4251	5	8	1.6666E7
0	6239	4251	5	6	1.6667E7
0	6235	4252	5	3	1.6668E7
0	6232	4252	5	0	1.6669E7
0	6232	4252	5	0	1.667E7
0	6232	4252	5	0	1.6671E7
0	6232	4252	5	0	1.6672E7
0	6232	4252	5	0	1.6673E7
0	6232	4252	5	0	1.6674E7
0	6232	4252	5	0	1.6675E7
0	6232	4252	5	0	1.6676E7
0	6232	4252	5	0	1.6677E7
0	6232	4252	5	0	1.6678E7
0	6232	4252	5	0	1.6679E7
0	6232	4252	5	0	1.668E7
0	6232	4252	5	0	1.6681E7
0	6232	4252	5	0	1.6682E7
0	6232	4252	5	0	1.6683E7
0	6232	4252	5	0	1.6684E7
0	6232	4252	5	0	1.6685E7
0	6232	4252	5	0	1.6686E7
0	6232	4252	5	0	1.6687E7
0	6232	4252	5	0	1.6688E7
0	6232	4252	5	0	1.6689E7
0	6230	4252	5	2	1.669E7
0	6226	4252	5	4	1.6691E7
0	6220	4253	5	6	1.6692E7
0	6212	4254	5	9	1.6693E7
0	6202	4254	5	10	1.6694E7
0	6190	4255	5	12	1.6695E7
0	6176	4256	5	13	1.6696E7
0	6163	4257	5	13	1.6697E7
0	6149	4259	5	13	1.6698E7
0	6136	4260	5	13	1.6699E7
0	6123	4261	5	12	1.67E7
0	6112	4261	5	9	1.6701E7
0	6105	4262	5	6	1.6702E7
0	6100	4262	5	3	1.6703E7
0	6096	4263	5	5	1.6704E7
0	6090	4259	5	7	1.6705E7
0	6084	4252	4	9	1.6706E7
0	6072	4252	5	11	1.6707E7
0	6062	4260	6	13	1.6708E7
0	6063	4274	7	13	1.6709E7
0	6073	4285	8	13	1.671E7
0	6070	4298	7	13	1.6711E7
0	6061	4308	6	13	1.6712E7
0	6049	4314	6	13	1.6713E7
0	6036	4316	5	13	1.6714E7
0	6023	4316	5	11	1.6715E7
0	6014	4316	5	8	1.6716E7
0	6007	4316	5	5	1.6717E7
0	6003	4316	5	3	1.6718E7
0	6002	4316	5	0	1.6719E7
0	6002	4316	5	0	1.672E7
0	6002	4316	5	0	1.6721E7
0	6002	4316	5	0	1.6722E7
0	6002	4316	5	0	1.6723E7
0	6002	4316	5	0	1.6724E7
0	6002	4316	5	0	1.6725E7
0	6002	4316	5	0	1.6726E7
0	6002	4316	5	0	1.6727E7
0	6002	4316	5	0	1.6728E7
0	6002	4316	5	0	1.6729E7
0	6002	4316	5	0	1.673E7
0	6002	4316	5	0	1.6731E7
0	6002	4316	5	0	1.6732E7
0	6002	4316	5	0	1.6733E7
0	6002	4316	5	0	1.6734E7
0	6002	4316	5	0	1.6735E7
0	6002	4316	5	0	1.6736E7
0	6002	4316	5	0	1.6737E7
0	6002	4316	5	0	1.6738E7
0	6001	4316	5	1	1.6739E7
0	5999	4316	5	3	1.674E7
0	5994	4316	5	5	1.6741E7
0	5987	4316	5	7	1.6742E7
0	5978	4315	5	9	1.6743E7
0	5968	4315	5	11	1.6744E7
0	5955	4315	5	13	1.6745E7
0	5941	4316	5	13	1.6746E7
0	5928	4316	5	13	1.6747E7
0	5914	4316	5	13	1.6748E7
0	5901	4317	5	13	1.6749E7
0	5887	4317	5	13	1.675E7
0	5874	4319	5	13	1.6751E7
0	5860	4320	5	13	1.6752E7
0	5847	4322	5	13	1.6753E7
0	5833	4324	5	13	1.6754E7
0	5820	4326	5	13	1.6755E7
0	5807	4328	5	13	1.6756E7
0	5793	4329	5	13	1.6757E7
0	5780	4331	5	13	1.6758E7
0	5766	4333	5	13	1.6759E7
0	5753	4335	5	13	1.676E7
0	5739	4337	5	13	1.6761E7
0	5726	4338	5	13	1.6762E7
0	5715	4340	5	9	1.6763E7
0	5707	4341	5	6	1.6764E7
0	5701	4341	5	4	1.6765E7
0	5698	4342	5	1	1.6766E7
0	5698	4342	5	0	1.6767E7
0	5698	4342	5	0	1.6768E7
0	5698	4342	5	0	1.6769E7
0	5698	4342	5	0	1.677E7
0	5698	4342	5	0	1.6771E7
0	5698	4342	5	0	1.6772E7
0	5698	4342	5	0	1.6773E7
0	5698	4342	5	0	1.6774E7
0	5698	4342	5	0	1.6775E7
0	5698	4342	5	0	1.6776E7
0	5698	4342	5	0	1.6777E7
0	5698	4342	5	0	1.6778E7
0	5698	4342	5	0	1.6779E7
0	5698	4342	5	0	1.678E7
0	5698	4342	5	0	1.6781E7
0	5698	4342	5	0	1.6782E7
0	5698	4342	5	0	1.6783E7
0	5698	4342	5	0	1.6784E7
0	5698	4342	5	0	1.6785E7
0	5698	4342	5	0	1.6786E7
0	5696	4342	5	2	1.6787E7
0	5693	4342	5	4	1.6788E7
0	5687	4343	5	6	1.6789E7
0	5679	4344	5	8	1.679E7
0	5670	4345	5	10	1.6791E7
0	5659	4346	5	12	1.6792E7
0	5646	4348	5	11	1.6793E7
0	5637	4349	5	8	1.6794E7
0	5630	4350	5	5	1.6795E7
0	5626	4350	5	3	1.6796E7
0	5621	4351	5	6	1.6797E7
0	5617	4356	6	8	1.6798E7
0	5617	4365	7	9	1.6799E7
0	5618	4376	7	11	1.68E7
0	5619	4388	7	13	1.6801E7
0	5621	4402	7	13	1.6802E7
0	5622	4415	7	13	1.6803E7
0	5623	4429	7	13	1.6804E7
0	5624	4442	7	13	1.6805E7
0	5626	4456	7	12	1.6806E7
0	5627	4466	7	8	1.6807E7
0	5627	4473	7	5	1.6808E7
0	5628	4478	7	3	1.6809E7
0	5628	4482	7	5	1.681E7
0	5629	4489	7	7	1.6811E7
0	5629	4498	7	9	1.6812E7
0	5630	4508	7	11	1.6813E7
0	5631	4520	7	10	1.6814E7
0	5631	4530	7	7	1.6815E7
0	5632	4536	7	5	1.6816E7
0	5632	4540	7	3	1.6817E7
0	5632	4545	7	6	1.6818E7
0	5626	4549	6	8	1.6819E7
0	5617	4551	5	10	1.682E7
0	5608	4554	5	8	1.6821E7
0	5601	4556	5	5	1.6822E7
0	5596	4557	5	3	1.6823E7
0	5594	4558	5	0	1.6824E7
0	5594	4558	5	0	1.6825E7
0	5594	4558	5	0	1.6826E7
0	5594	4558	5	0	1.6827E7
0	5594	4558	5	0	1.6828E7
0	5594	4558	5	0	1.6829E7
0	5594	4558	5	0	1.683E7
0	5594	4558	5	0	1.6831E7
0	5594	4558	5	0	1.6832E7
0	5594	4558	5	0	1.6833E7
0	5594	4558	5	0	1.6834E7
0	5594	4558	5	0	1.6835E7
0	5594	4558	5	0	1.6836E7
0	5594	4558	5	0	1.6837E7
0	5594	4558	5	0	1.6838E7
0	5594	4558	5	0	1.6839E7
0	5594	4558	5	0	1.684E7
0	5594	4558	5	0	1.6841E7
0	5594	4558	5	0	1.6842E7
0	5594	4558	5	0	1.6843E7
0	5594	4558	5	0	1.6844E7
0	5592	4559	5	2	1.6845E7
0	5588	4560	5	4	1.6846E7
0	5583	4562	5	6	1.6847E7
0	5575	4565	5	8	1.6848E7
0	5566	4569	6	10	1.6849E7
0	5556	4575	6	12	1.685E7
0	5544	4581	6	13	1.6851E7
0	5532	4588	6	13	1.6852E7
0	5521	4595	6	13	1.6853E7
0	5509	4602	6	13	1.6854E7
0	5498	4610	6	13	1.6855E7
0	5486	4616	6	13	1.6856E7
0	5474	4621	6	13	1.6857E7
0	5461	4626	5	13	1.6858E7
0	5448	4630	5	12	1.6859E7
0	5438	4631	5	9	1.686E7
0	5430	4632	5	6	1.6861E7
0	5425	4632	5	3	1.6862E7
0	5422	4632	5	1	1.6863E7
0	5422	4632	5	0	1.6864E7
0	5422	4632	5	0	1.6865E7
0	5422	4632	5	0	1.6866E7
0	5422	4632	5	0	1.6867E7
0	5422	4632	5	0	1.6868E7
0	5422	4632	5	0	1.6869E7
0	5422	4632	5	0	1.687E7
0	5422	4632	5	0	1.6871E7
0	5422	4632	5	0	1.6872E7
0	5422	4632	5	0	1.6873E7
0	5422	4632	5	0	1.6874E7
0	5422	4632	5	0	1.6875E7
0	5422	4632	5	0	1.6876E7
0	5422	4632	5	0	1.6877E7
0	5422	4632	5	0	1.6878E7
0	5422	4632	5	0	1.6879E7
0	5422	4632	5	0	1.688E7
0	5422	4632	5	0	1.6881E7
0	5422	4632	5	0	1.6882E7
0	5422	4632	5	0	1.6883E7
0	5420	4632	5	2	1.6884E7
0	5417	4632	5	4	1.6885E7
0	5411	4631	5	6	1.6886E7
0	5403	4630	5	8	1.6887E7
0	5394	4629	5	10	1.6888E7
0	5383	4627	5	12	1.6889E7
0	5370	4624	5	13	1.689E7
0	5356	4621	5	13	1.6891E7
0	5343	4618	5	13	1.6892E7
0	5330	4616	5	13	1.6893E7
0	5316	4613	5	13	1.6894E7
0	5303	4610	5	13	1.6895E7
0	5290	4607	5	13	1.6896E7
0	5277	4604	5	13	1.6897E7
0	5263	4602	5	13	1.6898E7
0	5250	4599	5	13	1.6899E7
0	5237	4596	5	13	1.69E7
0	5224	4593	5	13	1.6901E7
0	5210	4590	5	13	1.6902E7
0	5197	4588	5	13	1.6903E7
0	5184	4585	5	13	1.6904E7
0	5171	4582	5	13	1.6905E7
0	5157	4579	5	13	1.6906E7
0	5144	4576	5	13	1.6907E7
0	5131	4574	5	13	1.6908E7
0	5117	4572	5	13	1.6909E7
0	5104	4572	5	13	1.691E7
0	5090	4573	5	13	1.6911E7
0	5077	4575	5	13	1.6912E7
0	5064	4576	5	11	1.6913E7
0	5055	4577	5	8	1.6914E7
0	5048	4577	5	5	1.6915E7
0	5044	4578	5	3	1.6916E7
0	5043	4578	5	0	1.6917E7
0	5043	4578	5	0	1.6918E7
0	5043	4578	5	0	1.6919E7
0	5043	4578	5	0	1.692E7
0	5043	4578	5	0	1.6921E7
0	5043	4578	5	0	1.6922E7
0	5043	4578	5	0	1.6923E7
0	5043	4578	5	0	1.6924E7
0	5043	4578	5	0	1.6925E7
0	5043	4578	5	0	1.6926E7
0	5043	4578	5	0	1.6927E7
0	5043	4578	5	0	1.6928E7
0	5043	4578	5	0	1.6929E7
0	5043	4578	5	0	1.693E7
0	5043	4578	5	0	1.6931E7
0	5043	4578	5	0	1.6932E7
0	5043	4578	5	0	1.6933E7
0	5043	4578	5	0	1.6934E7
0	5043	4578	5	0	1.6935E7
0	5043	4578	5	0	1.6936E7
0	5042	4578	5	1	1.6937E7
0	5040	4578	5	3	1.6938E7
0	5035	4579	5	5	1.6939E7
0	5029	4580	5	7	1.694E7
0	5021	4581	5	9	1.6941E7
0	5011	4582	5	10	1.6942E7
0	4999	4583	5	12	1.6943E7
0	4986	4584	5	13	1.6944E7
0	4973	4586	5	13	1.6945E7
0	4959	4587	5	13	1.6946E7
0	4946	4589	5	13	1.6947E7
0	4932	4590	5	13	1.6948E7
0	4919	4592	5	13	1.6949E7
0	4905	4593	5	13	1.695E7
0	4897	4588	4	13	1.6951E7
0	4898	4574	3	13	1.6952E7
0	4899	4561	3	13	1.6953E7
0	4901	4548	3	13	1.6954E7
0	4902	4534	3	13	1.6955E7
0	4903	4521	3	13	1.6956E7
0	4905	4507	3	13	1.6957E7
0	4906	4494	3	13	1.6958E7
0	4907	4480	3	13	1.6959E7
0	4908	4467	3	13	1.696E7
0	4910	4453	3	13	1.6961E7
0	4911	4440	3	13	1.6962E7
0	4912	4426	3	13	1.6963E7
0	4914	4413	3	13	1.6964E7
0	4915	4399	3	13	1.6965E7
0	4916	4386	3	13	1.6966E7
0	4917	4372	3	13	1.6967E7
0	4917	4359	3	12	1.6968E7
0	4918	4348	3	9	1.6969E7
0	4919	4341	3	6	1.697E7
0	4919	4336	3	3	1.6971E7
0	4919	4333	3	0	1.6972E7
0	4919	4333	3	0	1.6973E7
0	4919	4333	3	0	1.6974E7
0	4919	4333	3	0	1.6975E7
0	4919	4333	3	0	1.6976E7
0	4919	4333	3	0	1.6977E7
0	4919	4333	3	0	1.6978E7
0	4919	4333	3	0	1.6979E7
0	4919	4333	3	0	1.698E7
0	4919	4333	3	0	1.6981E7
0	4919	4333	3	0	1.6982E7
0	4919	4333	3	0	1.6983E7
0	4919	4333	3	0	1.6984E7
0	4919	4333	3	0	1.6985E7
0	4919	4333	3	0	1.6986E7
0	4919	4333	3	0	1.6987E7
0	4919	4333	3	0	1.6988E7
0	4919	4333	3	0	1.6989E7
0	4919	4333	3	0	1.699E7
0	4919	4333	3	0	1.6991E7
0	4919	4333	3	0	1.6992E7
0	4919	4331	3	2	1.6993E7
0	4919	4327	3	4	1.6994E7
0	4920	4322	3	6	1.6995E7
0	4920	4314	3	8	1.6996E7
0	4921	4304	3	10	1.6997E7
0	4921	4293	3	12	1.6998E7
0	4923	4280	3	13	1.6999E7
0	4924	4266	3	13	1.7E7
0	4925	4253	3	13	1.7001E7
0	4926	4239	3	13	1.7002E7
0	4927	4226	3	13	1.7003E7
0	4928	4212	3	13	1.7004E7
0	4929	4199	3	13	1.7005E7
0	4930	4185	3	13	1.7006E7
0	4931	4172	3	13	1.7007E7
0	4932	4158	3	13	1.7008E7
0	4934	4145	3	13	1.7009E7
0	4935	4132	3	13	1.701E7
0	4936	4118	3	13	1.7011E7
0	4938	4105	3	13	1.7012E7
0	4941	4091	3	13	1.7013E7
0	4944	4078	3	13	1.7014E7
0	4948	4066	3	13	1.7015E7
0	4952	4053	3	13	1.7016E7
0	4956	4040	3	13	1.7017E7
0	4960	4027	3	13	1.7018E7
0	4964	4014	3	13	1.7019E7
0	4968	4001	3	13	1.702E7
0	4972	3988	3	13	1.7021E7
0	4976	3975	3	13	1.7022E7
0	4980	3962	3	13	1.7023E7
0	4983	3949	3	11	1.7024E7
0	4984	3939	3	8	1.7025E7
0	4986	3932	3	5	1.7026E7
0	4986	3928	3	3	1.7027E7
0	4987	3926	3	0	1.7028E7
0	4987	3926	3	0	1.7029E7
0	4987	3926	3	0	1.703E7
0	4987	3926	3	0	1.7031E7
0	4987	3926	3	0	1.7032E7
0	4987	3926	3	0	1.7033E7
0	4987	3926	3	0	1.7034E7
0	4987	3926	3	0	1.7035E7
0	4987	3926	3	0	1.7036E7
0	4987	3926	3	0	1.7037E7
0	4987	3926	3	0	1.7038E7
0	4987	3926	3	0	1.7039E7
0	4987	3926	3	0	1.704E7
0	4987	3926	3	0	1.7041E7
0	4987	3926	3	0	1.7042E7
0	4987	3926	3	0	1.7043E7
0	4987	3926	3	0	1.7044E7
0	4987	3926	3	0	1.7045E7
0	4987	3926	3	0	1.7046E7
0	4987	3926	3	0	1.7047E7
0	4987	3926	3	1	1.7048E7
0	4984	3923	3	3	1.7049E7
0	4984	3919	3	5	1.705E7
0	4985	3913	3	7	1.7051E7
0	4986	3905	3	9	1.7052E7
0	4987	3894	3	11	1.7053E7
0	4989	3883	3	10	1.7054E7
0	4989	3873	3	7	1.7055E7
0	4989	3867	3	5	1.7056E7
0	4990	3860	3	6	1.7057E7
0	4989	3855	3	4	1.7058E7
0	4988	3851	3	5	1.7059E7
0	4985	3846	3	7	1.706E7
0	4978	3841	4	9	1.7061E7
0	4969	3838	5	11	1.7062E7
0	4957	3834	5	12	1.7063E7
0	4944	3831	5	13	1.7064E7
0	4931	3827	5	13	1.7065E7
0	4918	3824	5	13	1.7066E7
0	4905	3820	5	13	1.7067E7
0	4892	3817	5	13	1.7068E7
0	4879	3813	5	13	1.7069E7
0	4866	3810	5	13	1.707E7
0	4852	3806	5	13	1.7071E7
0	4839	3803	5	13	1.7072E7
0	4827	3796	5	13	1.7073E7
0	4814	3793	5	13	1.7074E7
0	4801	3790	5	13	1.7075E7
0	4788	3786	5	13	1.7076E7
0	4775	3783	5	13	1.7077E7
0	4762	3779	5	13	1.7078E7
0	4749	3776	5	13	1.7079E7
0	4735	3773	5	13	1.708E7
0	4722	3769	5	13	1.7081E7
0	4709	3766	5	13	1.7082E7
0	4696	3762	5	13	1.7083E7
0	4683	3759	5	13	1.7084E7
0	4670	3756	5	13	1.7085E7
0	4658	3749	5	13	1.7086E7
0	4645	3746	5	13	1.7087E7
0	4631	3742	5	13	1.7088E7
0	4618	3739	5	13	1.7089E7
0	4605	3736	5	13	1.709E7
0	4592	3732	5	13	1.7091E7
0	4579	3729	5	13	1.7092E7
0	4566	3726	5	13	1.7093E7
0	4553	3722	5	13	1.7094E7
0	4540	3719	5	13	1.7095E7
0	4527	3715	5	12	1.7096E7
0	4516	3713	5	9	1.7097E7
0	4509	3711	5	6	1.7098E7
0	4504	3710	5	3	1.7099E7
0	4502	3709	5	0	1.71E7
0	4501	3709	5	0	1.7101E7
0	4501	3709	5	0	1.7102E7
0	4501	3709	5	0	1.7103E7
0	4501	3709	5	0	1.7104E7
0	4501	3709	5	0	1.7105E7
0	4501	3709	5	0	1.7106E7
0	4501	3709	5	0	1.7107E7
0	4501	3709	5	0	1.7108E7
0	4501	3709	5	0	1.7109E7
0	4501	3709	5	0	1.711E7
0	4501	3709	5	0	1.7111E7
0	4501	3709	5	0	1.7112E7
0	4501	3709	5	0	1.7113E7
0	4501	3709	5	0	1.7114E7
0	4501	3709	5	0	1.7115E7
0	4501	3709	5	0	1.7116E7
0	4501	3709	5	0	1.7117E7
0	4501	3709	5	0	1.7118E7
0	4501	3709	5	0	1.7119E7
0	4501	3709	5	0	1.712E7
0	4499	3709	5	2	1.7121E7
0	4496	3708	5	4	1.7122E7
0	4490	3706	5	6	1.7123E7
0	4483	3705	5	8	1.7124E7
0	4473	3702	5	10	1.7125E7
0	4462	3700	5	12	1.7126E7
0	4449	3696	5	13	1.7127E7
0	4435	3693	5	13	1.7128E7
0	4422	3690	5	13	1.7129E7
0	4409	3687	5	13	1.713E7
0	4396	3684	5	13	1.7131E7
0	4383	3680	5	13	1.7132E7
0	4370	3677	5	13	1.7133E7
0	4356	3674	5	13	1.7134E7
0	4343	3671	5	13	1.7135E7
0	4330	3668	5	13	1.7136E7
0	4317	3665	5	13	1.7137E7
0	4304	3661	5	13	1.7138E7
0	4291	3658	5	13	1.7139E7
0	4277	3655	5	13	1.714E7
0	4264	3651	5	13	1.7141E7
0	4251	3648	5	13	1.7142E7
0	4238	3644	5	13	1.7143E7
0	4225	3641	5	13	1.7144E7
0	4212	3637	5	13	1.7145E7
0	4199	3633	5	13	1.7146E7
0	4186	3630	5	13	1.7147E7
0	4173	3626	5	13	1.7148E7
0	4160	3623	5	13	1.7149E7
0	4147	3619	5	13	1.715E7
0	4134	3615	5	13	1.7151E7
0	4121	3612	5	13	1.7152E7
0	4108	3608	5	13	1.7153E7
0	4095	3604	5	13	1.7154E7
0	4082	3601	5	13	1.7155E7
0	4069	3597	5	13	1.7156E7
0	4056	3594	5	13	1.7157E7
0	4042	3590	5	13	1.7158E7
0	4032	3586	4	13	1.7159E7
0	4028	3573	3	13	1.716E7
0	4020	3561	4	13	1.7161E7
0	4007	3554	4	13	1.7162E7
0	3993	3553	5	13	1.7163E7
0	3980	3557	5	13	1.7164E7
0	3970	3567	6	13	1.7165E7
0	3956	3567	5	13	1.7166E7
0	3943	3564	5	13	1.7167E7
0	3930	3561	5	13	1.7168E7
0	3917	3558	5	13	1.7169E7
0	3904	3554	5	13	1.717E7
0	3891	3551	5	13	1.7171E7
0	3877	3548	5	13	1.7172E7
0	3864	3545	5	13	1.7173E7
0	3851	3542	5	12	1.7174E7
0	3846	3537	4	9	1.7175E7
0	3846	3529	3	6	1.7176E7
0	3844	3524	3	3	1.7177E7
0	3843	3520	3	5	1.7178E7
0	3839	3514	4	7	1.7179E7
0	3833	3507	4	9	1.718E7
0	3824	3502	4	8	1.7181E7
0	3817	3500	5	5	1.7182E7
0	3813	3500	5	3	1.7183E7
0	3808	3500	5	5	1.7184E7
0	3801	3501	5	7	1.7185E7
0	3792	3505	5	9	1.7186E7
0	3783	3512	6	11	1.7187E7
0	3778	3518	6	13	1.7188E7
0	3765	3516	5	13	1.7189E7
0	3752	3513	5	12	1.719E7
0	3742	3511	5	9	1.7191E7
0	3734	3509	5	6	1.7192E7
0	3729	3508	5	3	1.7193E7
0	3727	3507	5	0	1.7194E7
0	3727	3507	5	0	1.7195E7
0	3727	3507	5	0	1.7196E7
0	3727	3507	5	0	1.7197E7
0	3727	3507	5	0	1.7198E7
0	3727	3507	5	0	1.7199E7
0	3727	3507	5	0	1.72E7
0	3727	3507	5	0	1.7201E7
0	3727	3507	5	0	1.7202E7
0	3727	3507	5	0	1.7203E7
0	3727	3507	5	0	1.7204E7
0	3727	3507	5	0	1.7205E7
0	3727	3507	5	0	1.7206E7
0	3727	3507	5	0	1.7207E7
0	3727	3507	5	0	1.7208E7
0	3727	3507	5	0	1.7209E7
0	3727	3507	5	0	1.721E7
0	3727	3507	5	0	1.7211E7
0	3727	3507	5	0	1.7212E7
0	3727	3507	5	0	1.7213E7
0	3727	3507	5	0	1.7214E7
0	3725	3507	5	2	1.7215E7
0	3721	3506	5	5	1.7216E7
0	3715	3504	5	6	1.7217E7
0	3708	3503	5	8	1.7218E7
0	3698	3500	5	10	1.7219E7
0	3687	3497	5	12	1.722E7
0	3674	3493	5	13	1.7221E7
0	3661	3489	5	13	1.7222E7
0	3648	3485	5	13	1.7223E7
0	3635	3482	5	13	1.7224E7
0	3622	3478	5	13	1.7225E7
0	3609	3475	5	13	1.7226E7
0	3596	3471	5	13	1.7227E7
0	3583	3467	5	13	1.7228E7
0	3571	3464	5	11	1.7229E7
0	3561	3461	5	8	1.723E7
0	3555	3460	5	5	1.7231E7
0	3551	3459	5	3	1.7232E7
0	3549	3458	5	1	1.7233E7
0	3548	3458	5	0	1.7234E7
0	3548	3458	5	0	1.7235E7
0	3547	3458	5	0	1.7236E7
0	3547	3458	5	0	1.7237E7
0	3547	3458	5	0	1.7238E7
0	3547	3458	5	0	1.7239E7
0	3547	3458	5	0	1.724E7
0	3547	3458	5	0	1.7241E7
0	3547	3458	5	0	1.7242E7
0	3547	3458	5	0	1.7243E7
0	3547	3458	5	0	1.7244E7
0	3547	3458	5	0	1.7245E7
0	3547	3458	5	0	1.7246E7
0	3547	3458	5	0	1.7247E7
0	3547	3458	5	0	1.7248E7
0	3547	3458	5	0	1.7249E7
0	3547	3458	5	0	1.725E7
0	3547	3458	5	0	1.7251E7
0	3547	3458	5	0	1.7252E7
0	3547	3458	5	0	1.7253E7
0	3547	3458	5	0	1.7254E7
0	3547	3458	5	0	1.7255E7
0	3547	3458	5	0	1.7256E7
0	3547	3458	5	0	1.7257E7
0	3547	3458	5	0	1.7258E7
0	3547	3458	5	0	1.7259E7
0	3547	3458	5	0	1.726E7
0	3547	3458	5	0	1.7261E7
0	3547	3458	5	0	1.7262E7
0	3547	3458	5	0	1.7263E7
0	3547	3458	5	0	1.7264E7
0	3547	3458	5	0	1.7265E7
0	3547	3458	5	0	1.7266E7
0	3547	3458	5	0	1.7267E7
0	3547	3458	5	0	1.7268E7
0	3547	3458	5	0	1.7269E7
0	3547	3458	5	0	1.727E7
0	3547	3458	5	0	1.7271E7
0	3547	3458	5	0	1.7272E7
0	3547	3458	5	0	1.7273E7
0	3547	3458	5	0	1.7274E7
0	3547	3458	5	0	1.7275E7
0	3547	3458	5	0	1.7276E7
0	3547	3458	5	0	1.7277E7
0	3547	3458	5	0	1.7278E7
0	3547	3458	5	0	1.7279E7
0	3547	3458	5	0	1.728E7
0	3547	3458	5	0	1.7281E7
0	3547	3458	5	0	1.7282E7
0	3547	3458	5	0	1.7283E7
0	3547	3458	5	0	1.7284E7
0	3547	3458	5	0	1.7285E7
0	3547	3458	5	0	1.7286E7
0	3547	3458	5	0	1.7287E7
0	3546	3457	5	2	1.7288E7
0	3542	3456	5	4	1.7289E7
0	3537	3455	5	6	1.729E7
0	3529	3453	5	8	1.7291E7
0	3520	3451	5	10	1.7292E7
0	3509	3448	5	12	1.7293E7
0	3496	3445	5	13	1.7294E7
0	3483	3441	5	13	1.7295E7
0	3469	3438	5	13	1.7296E7
0	3456	3434	5	13	1.7297E7
0	3443	3431	5	12	1.7298E7
0	3433	3429	5	9	1.7299E7
0	3426	3427	5	6	1.73E7
0	3421	3426	5	3	1.7301E7
0	3418	3425	5	0	1.7302E7
0	3418	3425	5	0	1.7303E7
0	3418	3425	5	0	1.7304E7
0	3418	3425	5	0	1.7305E7
0	3418	3425	5	0	1.7306E7
0	3418	3425	5	0	1.7307E7
0	3418	3425	5	0	1.7308E7
0	3418	3425	5	0	1.7309E7
0	3418	3425	5	0	1.731E7
0	3418	3425	5	0	1.7311E7
0	3418	3425	5	0	1.7312E7
0	3418	3425	5	0	1.7313E7
0	3418	3425	5	0	1.7314E7
0	3418	3425	5	0	1.7315E7
0	3418	3425	5	0	1.7316E7
0	3418	3425	5	0	1.7317E7
0	3418	3425	5	0	1.7318E7
0	3418	3425	5	0	1.7319E7
0	3418	3425	5	0	1.732E7
0	3418	3425	5	0	1.7321E7
0	3418	3425	5	0	1.7322E7
0	3416	3424	5	2	1.7323E7
0	3413	3424	5	4	1.7324E7
0	3407	3422	5	6	1.7325E7
0	3399	3420	5	8	1.7326E7
0	3389	3418	5	10	1.7327E7
0	3378	3415	5	12	1.7328E7
0	3365	3411	5	13	1.7329E7
0	3352	3408	5	13	1.733E7
0	3338	3405	5	13	1.7331E7
0	3325	3401	5	13	1.7332E7
0	3312	3398	5	13	1.7333E7
0	3299	3394	5	13	1.7334E7
0	3286	3391	5	13	1.7335E7
0	3274	3388	5	11	1.7336E7
0	3264	3385	5	8	1.7337E7
0	3257	3384	5	5	1.7338E7
0	3253	3383	5	3	1.7339E7
0	3251	3382	5	1	1.734E7
0	3250	3382	5	0	1.7341E7
0	3250	3382	5	0	1.7342E7
0	3249	3382	5	0	1.7343E7
0	3249	3382	5	0	1.7344E7
0	3249	3382	5	0	1.7345E7
0	3249	3382	5	0	1.7346E7
0	3249	3382	5	0	1.7347E7
0	3249	3382	5	0	1.7348E7
0	3249	3382	5	0	1.7349E7
0	3249	3382	5	0	1.735E7
0	3249	3382	5	0	1.7351E7
0	3249	3382	5	0	1.7352E7
0	3249	3382	5	0	1.7353E7
0	3249	3382	5	0	1.7354E7
0	3249	3382	5	0	1.7355E7
0	3249	3382	5	0	1.7356E7
0	3249	3382	5	0	1.7357E7
0	3249	3382	5	0	1.7358E7
0	3249	3382	5	0	1.7359E7
0	3249	3382	5	0	1.736E7
0	3249	3382	5	0	1.7361E7
0	3248	3381	5	2	1.7362E7
0	3244	3380	5	4	1.7363E7
0	3239	3379	5	6	1.7364E7
0	3232	3377	5	8	1.7365E7
0	3223	3375	5	10	1.7366E7
0	3212	3372	5	12	1.7367E7
0	3199	3368	5	13	1.7368E7
0	3186	3365	5	13	1.7369E7
0	3173	3361	5	13	1.737E7
0	3160	3357	5	13	1.7371E7
0	3147	3353	5	13	1.7372E7
0	3134	3350	5	13	1.7373E7
0	3121	3346	5	12	1.7374E7
0	3110	3343	5	9	1.7375E7
0	3103	3341	5	6	1.7376E7
0	3098	3340	5	4	1.7377E7
0	3095	3339	5	1	1.7378E7
0	3095	3339	5	0	1.7379E7
0	3095	3339	5	0	1.738E7
0	3095	3339	5	0	1.7381E7
0	3095	3339	5	0	1.7382E7
0	3095	3339	5	0	1.7383E7
0	3095	3339	5	0	1.7384E7
0	3095	3339	5	0	1.7385E7
0	3095	3339	5	0	1.7386E7
0	3095	3339	5	0	1.7387E7
0	3095	3339	5	0	1.7388E7
0	3095	3339	5	0	1.7389E7
0	3095	3339	5	0	1.739E7
0	3095	3339	5	0	1.7391E7
0	3095	3339	5	0	1.7392E7
0	3095	3339	5	0	1.7393E7
0	3095	3339	5	0	1.7394E7
0	3095	3339	5	0	1.7395E7
0	3095	3339	5	0	1.7396E7
0	3095	3339	5	0	1.7397E7
0	3095	3339	5	0	1.7398E7
0	3093	3338	5	2	1.7399E7
0	3089	3337	5	4	1.74E7
0	3084	3336	5	6	1.7401E7
0	3077	3335	5	8	1.7402E7
0	3067	3333	5	10	1.7403E7
0	3057	3330	5	11	1.7404E7
0	3044	3327	5	13	1.7405E7
0	3031	3324	5	13	1.7406E7
0	3018	3321	5	12	1.7407E7
0	3007	3319	5	9	1.7408E7
0	3000	3317	5	6	1.7409E7
0	2995	3316	5	3	1.741E7
0	2992	3315	5	1	1.7411E7
0	2991	3315	5	0	1.7412E7
0	2991	3314	5	0	1.7413E7
0	2990	3314	5	0	1.7414E7
0	2990	3314	5	0	1.7415E7
0	2990	3314	5	0	1.7416E7
0	2990	3314	5	0	1.7417E7
0	2990	3314	5	0	1.7418E7
0	2990	3314	5	0	1.7419E7
0	2990	3314	5	0	1.742E7
0	2990	3314	5	0	1.7421E7
0	2990	3314	5	0	1.7422E7
0	2990	3314	5	0	1.7423E7
0	2990	3314	5	0	1.7424E7
0	2990	3314	5	0	1.7425E7
0	2990	3314	5	0	1.7426E7
0	2990	3314	5	0	1.7427E7
0	2990	3314	5	0	1.7428E7
0	2990	3314	5	0	1.7429E7
0	2990	3314	5	0	1.743E7
0	2990	3314	5	0	1.7431E7
0	2990	3314	5	0	1.7432E7
0	2990	3314	5	0	1.7433E7
0	2990	3314	5	0	1.7434E7
0	2990	3314	5	0	1.7435E7
0	2990	3314	5	0	1.7436E7
0	2990	3314	5	0	1.7437E7
0	2990	3314	5	0	1.7438E7
0	2990	3314	5	0	1.7439E7
0	2990	3314	5	0	1.744E7
0	2990	3314	5	0	1.7441E7
0	2990	3314	5	0	1.7442E7
0	2990	3314	5	0	1.7443E7
0	2990	3314	5	0	1.7444E7
0	2990	3314	5	0	1.7445E7
0	2990	3314	5	0	1.7446E7
0	2990	3314	5	0	1.7447E7
0	2990	3314	5	0	1.7448E7
0	2990	3314	5	0	1.7449E7
0	2990	3314	5	0	1.745E7
0	2990	3314	5	0	1.7451E7
0	2990	3314	5	0	1.7452E7
0	2990	3314	5	0	1.7453E7
0	2990	3314	5	0	1.7454E7
0	2990	3314	5	0	1.7455E7
0	2990	3314	5	0	1.7456E7
0	2990	3314	5	0	1.7457E7
0	2990	3314	5	0	1.7458E7
0	2990	3314	5	0	1.7459E7
0	2990	3314	5	0	1.746E7
0	2990	3314	5	0	1.7461E7
0	2989	3314	5	2	1.7462E7
0	2985	3313	5	4	1.7463E7
0	2980	3312	5	6	1.7464E7
0	2973	3310	5	8	1.7465E7
0	2964	3308	5	10	1.7466E7
0	2953	3305	5	12	1.7467E7
0	2940	3301	5	13	1.7468E7
0	2927	3298	5	13	1.7469E7
0	2914	3294	5	13	1.747E7
0	2901	3291	5	13	1.7471E7
0	2888	3288	5	13	1.7472E7
0	2875	3284	5	13	1.7473E7
0	2861	3281	5	13	1.7474E7
0	2848	3278	5	13	1.7475E7
0	2835	3274	5	13	1.7476E7
0	2822	3271	5	13	1.7477E7
0	2809	3267	5	13	1.7478E7
0	2796	3264	5	13	1.7479E7
0	2783	3261	5	13	1.748E7
0	2770	3257	5	13	1.7481E7
0	2756	3254	5	13	1.7482E7
0	2744	3251	5	11	1.7483E7
0	2735	3249	5	7	1.7484E7
0	2729	3247	5	5	1.7485E7
0	2725	3246	5	3	1.7486E7
0	2724	3246	5	0	1.7487E7
0	2724	3246	5	0	1.7488E7
0	2724	3246	5	0	1.7489E7
0	2724	3246	5	0	1.749E7
0	2724	3246	5	0	1.7491E7
0	2724	3246	5	0	1.7492E7
0	2724	3246	5	0	1.7493E7
0	2724	3246	5	0	1.7494E7
0	2724	3246	5	0	1.7495E7
0	2724	3246	5	0	1.7496E7
0	2724	3246	5	0	1.7497E7
0	2724	3246	5	0	1.7498E7
0	2724	3246	5	0	1.7499E7
0	2724	3246	5	0	1.75E7
0	2724	3246	5	0	1.7501E7
0	2724	3246	5	0	1.7502E7
0	2724	3246	5	0	1.7503E7
0	2724	3246	5	0	1.7504E7
0	2724	3246	5	0	1.7505E7
0	2724	3246	5	0	1.7506E7
0	2723	3246	5	1	1.7507E7
0	2721	3245	5	3	1.7508E7
0	2716	3244	5	5	1.7509E7
0	2709	3242	5	7	1.751E7
0	2701	3240	5	9	1.7511E7
0	2690	3237	5	11	1.7512E7
0	2678	3234	5	13	1.7513E7
0	2665	3230	5	13	1.7514E7
0	2652	3227	5	13	1.7515E7
0	2639	3224	5	13	1.7516E7
0	2626	3220	5	13	1.7517E7
0	2613	3217	5	11	1.7518E7
0	2603	3215	5	8	1.7519E7
0	2597	3213	5	5	1.752E7
0	2593	3212	5	3	1.7521E7
0	2590	3211	5	1	1.7522E7
0	2589	3211	5	0	1.7523E7
0	2589	3211	5	0	1.7524E7
0	2589	3211	5	0	1.7525E7
0	2589	3211	5	0	1.7526E7
0	2589	3211	5	0	1.7527E7
0	2589	3211	5	0	1.7528E7
0	2589	3211	5	0	1.7529E7
0	2589	3211	5	0	1.753E7
0	2589	3211	5	0	1.7531E7
0	2589	3211	5	0	1.7532E7
0	2589	3211	5	0	1.7533E7
0	2589	3211	5	0	1.7534E7
0	2589	3211	5	0	1.7535E7
0	2589	3211	5	0	1.7536E7
0	2589	3211	5	0	1.7537E7
0	2589	3211	5	0	1.7538E7
0	2589	3211	5	0	1.7539E7
0	2589	3211	5	0	1.754E7
0	2589	3211	5	0	1.7541E7
0	2589	3211	5	0	1.7542E7
0	2589	3211	5	0	1.7543E7
0	2589	3211	5	0	1.7544E7
0	2589	3211	5	0	1.7545E7
0	2589	3211	5	0	1.7546E7
0	2589	3211	5	0	1.7547E7
0	2589	3211	5	0	1.7548E7
0	2589	3211	5	0	1.7549E7
0	2589	3211	5	0	1.755E7
0	2589	3211	5	0	1.7551E7
0	2587	3210	5	2	1.7552E7
0	2584	3210	5	4	1.7553E7
0	2578	3208	5	6	1.7554E7
0	2571	3206	5	8	1.7555E7
0	2562	3204	5	10	1.7556E7
0	2550	3201	5	12	1.7557E7
0	2537	3198	5	13	1.7558E7
0	2524	3195	5	13	1.7559E7
0	2511	3191	5	13	1.756E7
0	2498	3188	5	13	1.7561E7
0	2485	3184	5	13	1.7562E7
0	2472	3181	5	13	1.7563E7
0	2459	3177	5	13	1.7564E7
0	2446	3173	5	13	1.7565E7
0	2433	3170	5	13	1.7566E7
0	2421	3166	5	10	1.7567E7
0	2413	3164	5	7	1.7568E7
0	2408	3163	5	4	1.7569E7
0	2405	3162	5	2	1.757E7
0	2404	3162	5	0	1.7571E7
0	2404	3162	5	0	1.7572E7
0	2404	3162	5	0	1.7573E7
0	2404	3162	5	0	1.7574E7
0	2404	3162	5	0	1.7575E7
0	2404	3162	5	0	1.7576E7
0	2404	3162	5	0	1.7577E7
0	2404	3162	5	0	1.7578E7
0	2404	3162	5	0	1.7579E7
0	2404	3162	5	0	1.758E7
0	2404	3162	5	0	1.7581E7
0	2404	3162	5	0	1.7582E7
0	2404	3162	5	0	1.7583E7
0	2404	3162	5	0	1.7584E7
0	2404	3162	5	0	1.7585E7
0	2404	3162	5	0	1.7586E7
0	2404	3162	5	0	1.7587E7
0	2404	3162	5	0	1.7588E7
0	2404	3162	5	0	1.7589E7
0	2404	3162	5	0	1.759E7
0	2403	3162	5	2	1.7591E7
0	2400	3161	5	4	1.7592E7
0	2394	3159	5	6	1.7593E7
0	2387	3158	5	8	1.7594E7
0	2378	3155	5	10	1.7595E7
0	2367	3153	5	12	1.7596E7
0	2354	3150	5	13	1.7597E7
0	2341	3147	5	13	1.7598E7
0	2328	3144	5	13	1.7599E7
0	2315	3140	5	13	1.76E7
0	2302	3137	5	13	1.7601E7
0	2288	3134	5	13	1.7602E7
0	2275	3130	5	13	1.7603E7
0	2262	3127	5	13	1.7604E7
0	2249	3124	5	13	1.7605E7
0	2236	3120	5	13	1.7606E7
0	2223	3117	5	13	1.7607E7
0	2209	3114	5	13	1.7608E7
0	2196	3111	5	13	1.7609E7
0	2183	3108	5	13	1.761E7
0	2170	3105	5	13	1.7611E7
0	2156	3103	5	13	1.7612E7
0	2143	3100	5	13	1.7613E7
0	2130	3098	5	13	1.7614E7
0	2116	3096	5	13	1.7615E7
0	2103	3094	5	13	1.7616E7
0	2089	3092	5	13	1.7617E7
0	2076	3091	5	13	1.7618E7
0	2062	3090	5	13	1.7619E7
0	2049	3090	5	13	1.762E7
0	2038	3089	5	9	1.7621E7
0	2029	3088	5	6	1.7622E7
0	2024	3088	5	4	1.7623E7
0	2021	3088	5	1	1.7624E7
0	2021	3088	5	0	1.7625E7
0	2021	3088	5	0	1.7626E7
0	2021	3088	5	0	1.7627E7
0	2021	3088	5	0	1.7628E7
0	2021	3088	5	0	1.7629E7
0	2021	3088	5	0	1.763E7
0	2021	3088	5	0	1.7631E7
0	2021	3088	5	0	1.7632E7
0	2021	3088	5	0	1.7633E7
0	2021	3088	5	0	1.7634E7
0	2021	3088	5	0	1.7635E7
0	2021	3088	5	0	1.7636E7
0	2021	3088	5	0	1.7637E7
0	2021	3088	5	0	1.7638E7
0	2021	3088	5	0	1.7639E7
0	2021	3088	5	0	1.764E7
0	2021	3088	5	0	1.7641E7
0	2021	3088	5	0	1.7642E7
0	2021	3088	5	0	1.7643E7
0	2021	3088	5	0	1.7644E7
0	2019	3088	5	2	1.7645E7
0	2016	3088	5	4	1.7646E7
0	2010	3087	5	6	1.7647E7
0	2003	3087	5	8	1.7648E7
0	1994	3087	5	9	1.7649E7
0	1983	3086	5	11	1.765E7
0	1971	3086	5	13	1.7651E7
0	1957	3085	5	13	1.7652E7
0	1944	3085	5	13	1.7653E7
0	1930	3085	5	13	1.7654E7
0	1916	3084	5	13	1.7655E7
0	1903	3084	5	13	1.7656E7
0	1889	3084	5	13	1.7657E7
0	1876	3083	5	13	1.7658E7
0	1862	3083	5	13	1.7659E7
0	1849	3083	5	13	1.766E7
0	1835	3083	5	13	1.7661E7
0	1822	3083	5	13	1.7662E7
0	1808	3083	5	13	1.7663E7
0	1794	3083	5	13	1.7664E7
0	1781	3083	5	13	1.7665E7
0	1767	3083	5	13	1.7666E7
0	1754	3082	5	13	1.7667E7
0	1740	3082	5	13	1.7668E7
0	1726	3082	5	13	1.7669E7
0	1713	3083	5	13	1.767E7
0	1699	3085	5	13	1.7671E7
0	1686	3087	5	13	1.7672E7
0	1680	3081	4	13	1.7673E7
0	1669	3071	4	13	1.7674E7
0	1655	3065	5	13	1.7675E7
0	1640	3066	5	13	1.7676E7
0	1627	3074	6	13	1.7677E7
0	1619	3086	6	13	1.7678E7
0	1614	3094	6	14	1.7679E7
0	1598	3094	5	16	1.768E7
0	1580	3094	5	18	1.7681E7
0	1561	3094	5	19	1.7682E7
0	1542	3095	5	18	1.7683E7
0	1523	3097	5	18	1.7684E7
0	1504	3098	5	19	1.7685E7
0	1485	3099	5	18	1.7686E7
0	1469	3100	5	14	1.7687E7
0	1456	3100	5	11	1.7688E7
0	1446	3101	5	8	1.7689E7
0	1439	3101	5	5	1.769E7
0	1435	3101	5	3	1.7691E7
0	1434	3102	5	0	1.7692E7
0	1434	3102	5	0	1.7693E7
0	1434	3102	5	0	1.7694E7
0	1434	3102	5	0	1.7695E7
0	1434	3102	5	0	1.7696E7
0	1434	3102	5	0	1.7697E7
0	1434	3102	5	0	1.7698E7
0	1434	3102	5	0	1.7699E7
0	1434	3102	5	0	1.77E7
0	1434	3102	5	0	1.7701E7
0	1434	3102	5	0	1.7702E7
0	1434	3102	5	0	1.7703E7
0	1434	3102	5	0	1.7704E7
0	1434	3102	5	0	1.7705E7
0	1434	3102	5	0	1.7706E7
0	1434	3102	5	0	1.7707E7
0	1434	3102	5	0	1.7708E7
0	1434	3102	5	0	1.7709E7
0	1434	3102	5	0	1.771E7
0	1434	3102	5	0	1.7711E7
0	1433	3105	5	1	1.7712E7
0	1431	3108	5	3	1.7713E7
0	1427	3109	5	5	1.7714E7
0	1421	3109	5	7	1.7715E7
0	1412	3110	5	9	1.7716E7
0	1402	3110	5	11	1.7717E7
0	1390	3111	5	12	1.7718E7
0	1376	3112	5	14	1.7719E7
0	1361	3114	5	16	1.772E7
0	1354	3130	7	16	1.7721E7
0	1356	3146	7	16	1.7722E7
0	1359	3162	7	14	1.7723E7
0	1362	3174	7	11	1.7724E7
0	1364	3183	7	7	1.7725E7
0	1365	3189	7	5	1.7726E7
0	1366	3193	7	2	1.7727E7
0	1366	3194	7	0	1.7728E7
0	1366	3194	7	0	1.7729E7
0	1366	3194	7	0	1.773E7
0	1366	3194	7	0	1.7731E7
0	1366	3194	7	0	1.7732E7
0	1366	3194	7	0	1.7733E7
0	1366	3194	7	0	1.7734E7
0	1366	3194	7	0	1.7735E7
0	1366	3194	7	0	1.7736E7
0	1366	3194	7	0	1.7737E7
0	1366	3194	7	0	1.7738E7
0	1366	3194	7	0	1.7739E7
0	1366	3194	7	0	1.774E7
0	1366	3194	7	0	1.7741E7
0	1366	3194	7	0	1.7742E7
0	1366	3194	7	0	1.7743E7
0	1366	3194	7	0	1.7744E7
0	1366	3194	7	0	1.7745E7
0	1366	3194	7	0	1.7746E7
0	1366	3194	7	0	1.7747E7
0	1366	3195	7	1	1.7748E7
0	1367	3197	7	3	1.7749E7
0	1368	3202	7	5	1.775E7
0	1368	3209	7	7	1.7751E7
0	1368	3217	7	9	1.7752E7
0	1369	3225	7	6	1.7753E7
0	1369	3230	7	4	1.7754E7
0	1369	3233	7	2	1.7755E7
0	1369	3235	7	0	1.7756E7
0	1369	3235	7	0	1.7757E7
0	1369	3236	7	0	1.7758E7
0	1369	3236	7	0	1.7759E7
0	1369	3236	7	0	1.776E7
0	1369	3236	7	0	1.7761E7
0	1369	3236	7	0	1.7762E7
0	1369	3236	7	0	1.7763E7
0	1369	3236	7	0	1.7764E7
0	1369	3236	7	0	1.7765E7
0	1369	3236	7	0	1.7766E7
0	1369	3236	7	0	1.7767E7
0	1369	3236	7	0	1.7768E7
0	1369	3236	7	0	1.7769E7
0	1369	3236	7	0	1.777E7
0	1369	3236	7	0	1.7771E7
0	1369	3236	7	0	1.7772E7
0	1369	3236	7	0	1.7773E7
0	1369	3236	7	0	1.7774E7
0	1369	3236	7	0	1.7775E7
0	1369	3236	7	0	1.7776E7
0	1369	3236	7	0	1.7777E7
0	1369	3236	7	0	1.7778E7
0	1369	3236	7	0	1.7779E7
0	1369	3236	7	0	1.778E7
0	1369	3236	7	0	1.7781E7
0	1369	3236	7	0	1.7782E7
0	1369	3236	7	0	1.7783E7
0	1369	3236	7	0	1.7784E7
0	1369	3236	7	0	1.7785E7
0	1369	3236	7	0	1.7786E7
0	1369	3236	7	0	1.7787E7
0	1369	3236	7	0	1.7788E7
0	1369	3236	7	0	1.7789E7
0	1369	3236	7	0	1.779E7
0	1369	3236	7	0	1.7791E7
0	1369	3236	7	0	1.7792E7
0	1369	3236	7	0	1.7793E7
0	1369	3236	7	0	1.7794E7
0	1369	3236	7	0	1.7795E7
0	1369	3236	7	0	1.7796E7
0	1369	3236	7	0	1.7797E7
0	1369	3236	7	0	1.7798E7
0	1369	3236	7	0	1.7799E7
0	1369	3236	7	0	1.78E7
0	1369	3236	7	0	1.7801E7
0	1369	3236	7	0	1.7802E7
0	1369	3236	7	0	1.7803E7
0	1369	3237	7	2	1.7804E7
0	1369	3241	7	4	1.7805E7
0	1369	3246	7	6	1.7806E7
0	1369	3253	7	8	1.7807E7
0	1369	3262	7	10	1.7808E7
0	1369	3274	7	12	1.7809E7
0	1368	3287	7	13	1.781E7
0	1368	3302	7	15	1.7811E7
0	1368	3318	7	16	1.7812E7
0	1367	3334	7	16	1.7813E7
0	1367	3351	7	16	1.7814E7
0	1367	3367	7	16	1.7815E7
0	1366	3383	7	16	1.7816E7
0	1366	3399	7	16	1.7817E7
0	1366	3416	7	16	1.7818E7
0	1365	3432	7	16	1.7819E7
0	1365	3448	7	15	1.782E7
0	1366	3461	7	11	1.7821E7
0	1366	3471	7	8	1.7822E7
0	1366	3478	7	5	1.7823E7
0	1366	3482	7	3	1.7824E7
0	1366	3484	7	0	1.7825E7
0	1366	3484	7	0	1.7826E7
0	1366	3484	7	0	1.7827E7
0	1366	3484	7	0	1.7828E7
0	1366	3484	7	0	1.7829E7
0	1366	3484	7	0	1.783E7
0	1366	3484	7	0	1.7831E7
0	1366	3484	7	0	1.7832E7
0	1366	3484	7	0	1.7833E7
0	1366	3484	7	0	1.7834E7
0	1366	3484	7	0	1.7835E7
0	1366	3484	7	0	1.7836E7
0	1366	3484	7	0	1.7837E7
0	1366	3484	7	0	1.7838E7
0	1366	3484	7	0	1.7839E7
0	1366	3484	7	0	1.784E7
0	1366	3484	7	0	1.7841E7
0	1366	3484	7	0	1.7842E7
0	1366	3484	7	0	1.7843E7
0	1366	3484	7	0	1.7844E7
0	1366	3484	7	1	1.7845E7
0	1366	3487	7	3	1.7846E7
0	1369	3491	7	5	1.7847E7
0	1369	3497	7	7	1.7848E7
0	1369	3505	7	9	1.7849E7
0	1368	3516	7	11	1.785E7
0	1368	3528	7	12	1.7851E7
0	1368	3542	7	14	1.7852E7
0	1368	3557	7	16	1.7853E7
0	1367	3572	7	12	1.7854E7
0	1367	3582	7	9	1.7855E7
0	1367	3590	7	6	1.7856E7
0	1367	3595	7	3	1.7857E7
0	1368	3599	7	5	1.7858E7
0	1373	3602	8	7	1.7859E7
0	1382	3602	1	9	1.786E7
0	1392	3603	1	11	1.7861E7
0	1404	3603	1	13	1.7862E7
0	1418	3603	1	13	1.7863E7
0	1431	3603	1	13	1.7864E7
0	1445	3603	1	13	1.7865E7
0	1458	3603	1	13	1.7866E7
0	1472	3603	1	13	1.7867E7
0	1485	3603	1	13	1.7868E7
0	1499	3604	1	13	1.7869E7
0	1513	3604	1	13	1.787E7
0	1526	3604	1	13	1.7871E7
0	1540	3604	1	13	1.7872E7
0	1553	3604	1	13	1.7873E7
0	1567	3605	1	13	1.7874E7
0	1580	3606	1	13	1.7875E7
0	1594	3606	1	13	1.7876E7
0	1607	3606	1	13	1.7877E7
0	1621	3606	1	13	1.7878E7
0	1634	3606	1	13	1.7879E7
0	1648	3606	1	13	1.788E7
0	1661	3606	1	13	1.7881E7
0	1675	3604	1	13	1.7882E7
0	1688	3603	1	13	1.7883E7
0	1702	3601	1	13	1.7884E7
0	1715	3599	1	13	1.7885E7
0	1729	3597	1	13	1.7886E7
0	1742	3594	1	13	1.7887E7
0	1755	3590	1	13	1.7888E7
0	1768	3587	1	13	1.7889E7
0	1781	3585	1	13	1.789E7
0	1795	3582	1	13	1.7891E7
0	1808	3580	1	13	1.7892E7
0	1821	3578	1	13	1.7893E7
0	1835	3575	1	13	1.7894E7
0	1848	3573	1	13	1.7895E7
0	1861	3570	1	13	1.7896E7
0	1875	3568	1	13	1.7897E7
0	1888	3567	1	13	1.7898E7
0	1902	3565	1	13	1.7899E7
0	1915	3563	1	13	1.79E7
0	1928	3561	1	13	1.7901E7
0	1942	3559	1	13	1.7902E7
0	1955	3557	1	13	1.7903E7
0	1969	3555	1	13	1.7904E7
0	1982	3553	1	13	1.7905E7
0	1993	3552	1	10	1.7906E7
0	2002	3551	1	6	1.7907E7
0	2007	3550	1	4	1.7908E7
0	2010	3549	1	2	1.7909E7
0	2011	3549	1	0	1.791E7
0	2011	3549	1	0	1.7911E7
0	2011	3549	1	0	1.7912E7
0	2011	3549	1	0	1.7913E7
0	2011	3549	1	0	1.7914E7
0	2011	3549	1	0	1.7915E7
0	2011	3549	1	0	1.7916E7
0	2011	3549	1	0	1.7917E7
0	2011	3549	1	0	1.7918E7
0	2011	3549	1	0	1.7919E7
0	2011	3549	1	0	1.792E7
0	2011	3549	1	0	1.7921E7
0	2011	3549	1	0	1.7922E7
0	2011	3549	1	0	1.7923E7
0	2011	3549	1	0	1.7924E7
0	2011	3549	1	0	1.7925E7
0	2011	3549	1	0	1.7926E7
0	2011	3549	1	0	1.7927E7
0	2011	3549	1	0	1.7928E7
0	2011	3549	1	0	1.7929E7
0	2012	3549	1	2	1.793E7
0	2015	3549	1	4	1.7931E7
0	2020	3548	1	6	1.7932E7
0	2027	3547	1	7	1.7933E7
0	2036	3546	1	10	1.7934E7
0	2047	3545	1	11	1.7935E7
0	2060	3544	1	13	1.7936E7
0	2074	3542	1	13	1.7937E7
0	2087	3541	1	13	1.7938E7
0	2101	3539	1	13	1.7939E7
0	2114	3537	1	13	1.794E7
0	2127	3535	1	13	1.7941E7
0	2141	3533	1	13	1.7942E7
0	2154	3531	1	13	1.7943E7
0	2168	3529	1	13	1.7944E7
0	2181	3527	1	13	1.7945E7
0	2194	3526	1	13	1.7946E7
0	2208	3525	1	13	1.7947E7
0	2222	3525	1	13	1.7948E7
0	2235	3524	1	13	1.7949E7
0	2249	3524	1	13	1.795E7
0	2262	3524	1	13	1.7951E7
0	2276	3523	1	13	1.7952E7
0	2289	3523	1	13	1.7953E7
0	2303	3523	1	13	1.7954E7
0	2316	3522	1	13	1.7955E7
0	2330	3522	1	13	1.7956E7
0	2343	3522	1	13	1.7957E7
0	2357	3521	1	13	1.7958E7
0	2370	3521	1	13	1.7959E7
0	2384	3521	1	13	1.796E7
0	2396	3520	1	10	1.7961E7
0	2404	3520	1	7	1.7962E7
0	2410	3521	1	4	1.7963E7
0	2414	3522	1	4	1.7964E7
0	2419	3524	1	6	1.7965E7
0	2427	3525	1	8	1.7966E7
0	2437	3523	1	10	1.7967E7
0	2448	3520	1	12	1.7968E7
0	2461	3519	1	13	1.7969E7
0	2475	3518	1	12	1.797E7
0	2486	3517	1	9	1.7971E7
0	2493	3517	1	6	1.7972E7
0	2499	3516	1	4	1.7973E7
0	2502	3516	1	2	1.7974E7
0	2503	3516	1	1	1.7975E7
0	2506	3516	1	3	1.7976E7
0	2510	3516	1	5	1.7977E7
0	2517	3515	1	7	1.7978E7
0	2526	3515	1	9	1.7979E7
0	2536	3514	1	11	1.798E7
0	2546	3514	1	8	1.7981E7
0	2553	3513	1	5	1.7982E7
0	2558	3512	1	3	1.7983E7
0	2560	3512	1	0	1.7984E7
0	2560	3512	1	0	1.7985E7
0	2560	3512	1	0	1.7986E7
0	2560	3512	1	0	1.7987E7
0	2560	3512	1	0	1.7988E7
0	2560	3512	1	0	1.7989E7
0	2560	3512	1	0	1.799E7
0	2560	3512	1	0	1.7991E7
0	2560	3512	1	0	1.7992E7
0	2560	3512	1	0	1.7993E7
0	2560	3512	1	0	1.7994E7
0	2560	3512	1	0	1.7995E7
0	2560	3512	1	0	1.7996E7
0	2560	3512	1	0	1.7997E7
0	2560	3512	1	0	1.7998E7
0	2560	3512	1	0	1.7999E7
0	2560	3512	1	0	1.8E7
0	2560	3512	1	0	1.8001E7
0	2560	3512	1	0	1.8002E7
0	2560	3512	1	0	1.8003E7
0	2560	3512	1	1	1.8004E7
0	2562	3512	1	3	1.8005E7
0	2567	3511	1	5	1.8006E7
0	2573	3509	1	7	1.8007E7
0	2580	3506	1	8	1.8008E7
0	2589	3500	2	10	1.8009E7
0	2596	3490	2	12	1.801E7
0	2599	3477	3	13	1.8011E7
0	2599	3464	3	13	1.8012E7
0	2597	3450	3	13	1.8013E7
0	2595	3437	3	13	1.8014E7
0	2593	3424	3	13	1.8015E7
0	2591	3410	3	13	1.8016E7
0	2590	3397	3	13	1.8017E7
0	2588	3383	3	13	1.8018E7
0	2586	3370	3	13	1.8019E7
0	2584	3356	3	13	1.802E7
0	2582	3343	3	13	1.8021E7
0	2581	3329	3	13	1.8022E7
0	2579	3316	3	13	1.8023E7
0	2578	3302	3	13	1.8024E7
0	2578	3289	3	13	1.8025E7
0	2579	3275	3	13	1.8026E7
0	2579	3261	3	13	1.8027E7
0	2579	3250	3	10	1.8028E7
0	2580	3242	3	6	1.8029E7
0	2580	3236	3	4	1.803E7
0	2580	3233	3	2	1.8031E7
0	2580	3231	3	1	1.8032E7
0	2580	3231	3	0	1.8033E7
0	2580	3230	3	0	1.8034E7
0	2580	3230	3	0	1.8035E7
0	2580	3230	3	0	1.8036E7
0	2580	3230	3	0	1.8037E7
0	2580	3230	3	0	1.8038E7
0	2580	3230	3	0	1.8039E7
0	2580	3230	3	0	1.804E7
0	2580	3230	3	0	1.8041E7
0	2580	3230	3	0	1.8042E7
0	2580	3230	3	0	1.8043E7
0	2580	3230	3	0	1.8044E7
0	2580	3230	3	0	1.8045E7
0	2580	3230	3	0	1.8046E7
0	2580	3229	3	2	1.8047E7
0	2582	3226	3	4	1.8048E7
0	2588	3228	2	6	1.8049E7
0	2595	3229	1	8	1.805E7
0	2603	3232	1	9	1.8051E7
0	2614	3234	1	11	1.8052E7
0	2627	3238	1	13	1.8053E7
0	2640	3241	1	13	1.8054E7
0	2653	3244	1	13	1.8055E7
0	2666	3248	1	13	1.8056E7
0	2679	3251	1	13	1.8057E7
0	2692	3255	1	13	1.8058E7
0	2705	3258	1	13	1.8059E7
0	2718	3262	1	13	1.806E7
0	2731	3265	1	13	1.8061E7
0	2745	3268	1	13	1.8062E7
0	2758	3271	1	13	1.8063E7
0	2771	3275	1	13	1.8064E7
0	2784	3278	1	13	1.8065E7
0	2797	3281	1	13	1.8066E7
0	2810	3285	1	13	1.8067E7
0	2823	3288	1	13	1.8068E7
0	2837	3292	1	13	1.8069E7
0	2850	3295	1	13	1.807E7
0	2863	3298	1	13	1.8071E7
0	2876	3302	1	13	1.8072E7
0	2889	3305	1	13	1.8073E7
0	2902	3308	1	13	1.8074E7
0	2915	3312	1	13	1.8075E7
0	2928	3315	1	13	1.8076E7
0	2941	3319	1	12	1.8077E7
0	2952	3321	1	9	1.8078E7
0	2959	3323	1	6	1.8079E7
0	2964	3325	1	3	1.808E7
0	2967	3325	1	2	1.8081E7
0	2968	3326	1	0	1.8082E7
0	2969	3326	1	0	1.8083E7
0	2969	3326	1	0	1.8084E7
0	2969	3326	1	0	1.8085E7
0	2969	3326	1	0	1.8086E7
0	2969	3326	1	0	1.8087E7
0	2969	3326	1	0	1.8088E7
0	2969	3326	1	0	1.8089E7
0	2969	3326	1	0	1.809E7
0	2969	3326	1	0	1.8091E7
0	2971	3326	1	2	1.8092E7
0	2974	3328	1	4	1.8093E7
0	2978	3331	8	6	1.8094E7
0	2978	3338	7	8	1.8095E7
0	2978	3347	7	10	1.8096E7
0	2977	3358	7	12	1.8097E7
0	2976	3371	7	13	1.8098E7
0	2975	3385	7	13	1.8099E7
0	2974	3398	7	13	1.81E7
0	2973	3412	7	13	1.8101E7
0	2972	3425	7	13	1.8102E7
0	2971	3439	7	13	1.8103E7
0	2970	3451	7	10	1.8104E7
0	2969	3459	7	7	1.8105E7
0	2969	3465	7	4	1.8106E7
0	2968	3469	7	4	1.8107E7
0	2969	3475	7	6	1.8108E7
0	2975	3477	8	8	1.8109E7
0	2985	3477	1	10	1.811E7
0	2997	3478	1	12	1.8111E7
0	3010	3478	1	13	1.8112E7
0	3024	3479	1	13	1.8113E7
0	3037	3480	1	13	1.8114E7
0	3051	3480	1	13	1.8115E7
0	3064	3481	1	13	1.8116E7
0	3078	3482	1	13	1.8117E7
0	3091	3483	1	13	1.8118E7
0	3105	3484	1	12	1.8119E7
0	3115	3485	1	9	1.812E7
0	3123	3485	1	6	1.8121E7
0	3128	3486	1	3	1.8122E7
0	3130	3486	1	0	1.8123E7
0	3130	3486	1	0	1.8124E7
0	3130	3486	1	0	1.8125E7
0	3130	3486	1	0	1.8126E7
0	3130	3486	1	0	1.8127E7
0	3130	3486	1	0	1.8128E7
0	3130	3486	1	0	1.8129E7
0	3130	3486	1	0	1.813E7
0	3130	3486	1	0	1.8131E7
0	3130	3486	1	0	1.8132E7
0	3130	3486	1	0	1.8133E7
0	3130	3486	1	0	1.8134E7
0	3130	3486	1	0	1.8135E7
0	3130	3486	1	0	1.8136E7
0	3130	3486	1	0	1.8137E7
0	3130	3486	1	0	1.8138E7
0	3130	3486	1	0	1.8139E7
0	3130	3486	1	0	1.814E7
0	3130	3486	1	0	1.8141E7
0	3130	3486	1	0	1.8142E7
0	3131	3486	1	0	1.8143E7
0	3132	3486	1	2	1.8144E7
0	3137	3486	1	4	1.8145E7
0	3143	3486	1	7	1.8146E7
0	3151	3487	1	9	1.8147E7
0	3161	3487	1	10	1.8148E7
0	3173	3488	1	12	1.8149E7
0	3186	3489	1	13	1.815E7
0	3200	3491	1	13	1.8151E7
0	3213	3493	1	13	1.8152E7
0	3227	3495	1	13	1.8153E7
0	3240	3498	1	13	1.8154E7
0	3253	3500	1	13	1.8155E7
0	3267	3503	1	13	1.8156E7
0	3280	3505	1	13	1.8157E7
0	3293	3508	1	13	1.8158E7
0	3306	3511	1	13	1.8159E7
0	3320	3513	1	13	1.816E7
0	3333	3516	1	13	1.8161E7
0	3346	3518	1	13	1.8162E7
0	3360	3521	1	13	1.8163E7
0	3373	3523	1	13	1.8164E7
0	3386	3525	1	13	1.8165E7
0	3400	3526	1	13	1.8166E7
0	3413	3528	1	13	1.8167E7
0	3427	3529	1	13	1.8168E7
0	3440	3530	1	13	1.8169E7
0	3452	3532	1	10	1.817E7
0	3461	3534	1	7	1.8171E7
0	3467	3536	1	4	1.8172E7
0	3470	3537	1	4	1.8173E7
0	3476	3538	1	6	1.8174E7
0	3483	3541	1	8	1.8175E7
0	3492	3543	1	10	1.8176E7
0	3503	3547	1	12	1.8177E7
0	3515	3551	1	13	1.8178E7
0	3528	3555	1	13	1.8179E7
0	3541	3559	1	13	1.818E7
0	3554	3563	1	13	1.8181E7
0	3567	3567	1	12	1.8182E7
0	3577	3570	1	9	1.8183E7
0	3584	3572	1	6	1.8184E7
0	3589	3573	1	3	1.8185E7
0	3591	3574	1	0	1.8186E7
0	3591	3574	1	0	1.8187E7
0	3591	3574	1	0	1.8188E7
0	3591	3574	1	0	1.8189E7
0	3591	3574	1	0	1.819E7
0	3591	3574	1	0	1.8191E7
0	3591	3574	1	0	1.8192E7
0	3591	3574	1	0	1.8193E7
0	3591	3574	1	0	1.8194E7
0	3591	3574	1	0	1.8195E7
0	3591	3574	1	0	1.8196E7
0	3591	3574	1	0	1.8197E7
0	3591	3574	1	0	1.8198E7
0	3591	3574	1	0	1.8199E7
0	3591	3574	1	0	1.82E7
0	3591	3574	1	0	1.8201E7
0	3591	3574	1	0	1.8202E7
0	3591	3574	1	0	1.8203E7
0	3591	3574	1	0	1.8204E7
0	3591	3574	1	0	1.8205E7
0	3591	3574	1	0	1.8206E7
0	3593	3575	1	3	1.8207E7
0	3597	3576	1	5	1.8208E7
0	3603	3578	1	6	1.8209E7
0	3611	3580	1	8	1.821E7
0	3620	3583	1	11	1.8211E7
0	3632	3587	1	13	1.8212E7
0	3645	3590	1	13	1.8213E7
0	3658	3593	1	13	1.8214E7
0	3671	3597	1	13	1.8215E7
0	3684	3600	1	13	1.8216E7
0	3697	3604	1	13	1.8217E7
0	3710	3608	1	13	1.8218E7
0	3723	3612	1	13	1.8219E7
0	3736	3617	1	13	1.822E7
0	3748	3621	1	11	1.8221E7
0	3757	3624	1	8	1.8222E7
0	3764	3626	1	5	1.8223E7
0	3768	3628	1	3	1.8224E7
0	3769	3628	1	0	1.8225E7
0	3769	3628	1	0	1.8226E7
0	3769	3628	1	0	1.8227E7
0	3769	3628	1	0	1.8228E7
0	3769	3628	1	0	1.8229E7
0	3769	3628	1	0	1.823E7
0	3769	3628	1	0	1.8231E7
0	3769	3628	1	0	1.8232E7
0	3769	3628	1	0	1.8233E7
0	3769	3628	1	0	1.8234E7
0	3769	3628	1	0	1.8235E7
0	3769	3628	1	0	1.8236E7
0	3769	3628	1	0	1.8237E7
0	3769	3628	1	0	1.8238E7
0	3769	3628	1	0	1.8239E7
0	3769	3628	1	0	1.824E7
0	3769	3628	1	0	1.8241E7
0	3769	3628	1	0	1.8242E7
0	3769	3628	1	0	1.8243E7
0	3769	3628	1	0	1.8244E7
0	3770	3628	1	1	1.8245E7
0	3772	3629	1	3	1.8246E7
0	3776	3631	1	5	1.8247E7
0	3782	3633	1	6	1.8248E7
0	3789	3636	1	8	1.8249E7
0	3798	3640	1	10	1.825E7
0	3809	3644	8	12	1.8251E7
0	3821	3650	8	13	1.8252E7
0	3834	3655	8	13	1.8253E7
0	3846	3661	8	13	1.8254E7
0	3858	3667	8	13	1.8255E7
0	3871	3672	8	13	1.8256E7
0	3883	3677	1	13	1.8257E7
0	3896	3683	8	13	1.8258E7
0	3908	3688	8	13	1.8259E7
0	3920	3694	8	13	1.826E7
0	3932	3700	8	13	1.8261E7
0	3945	3705	8	13	1.8262E7
0	3957	3711	8	13	1.8263E7
0	3970	3716	8	13	1.8264E7
0	3982	3721	8	13	1.8265E7
0	3995	3727	8	13	1.8266E7
0	4007	3732	8	13	1.8267E7
0	4020	3737	1	13	1.8268E7
0	4032	3742	1	13	1.8269E7
0	4045	3746	1	13	1.827E7
0	4058	3751	1	13	1.8271E7
0	4071	3756	1	13	1.8272E7
0	4083	3760	1	13	1.8273E7
0	4096	3764	1	13	1.8274E7
0	4109	3768	1	13	1.8275E7
0	4122	3773	1	13	1.8276E7
0	4135	3777	1	13	1.8277E7
0	4148	3781	1	13	1.8278E7
0	4158	3785	1	9	1.8279E7
0	4166	3788	1	6	1.828E7
0	4171	3790	1	4	1.8281E7
0	4174	3791	1	1	1.8282E7
0	4174	3791	1	0	1.8283E7
0	4174	3791	1	0	1.8284E7
0	4174	3791	1	0	1.8285E7
0	4174	3791	1	0	1.8286E7
0	4174	3791	1	0	1.8287E7
0	4174	3791	1	0	1.8288E7
0	4174	3791	1	0	1.8289E7
0	4174	3791	1	0	1.829E7
0	4174	3791	1	0	1.8291E7
0	4174	3791	1	0	1.8292E7
0	4174	3791	1	0	1.8293E7
0	4174	3791	1	0	1.8294E7
0	4174	3791	1	0	1.8295E7
0	4174	3791	1	0	1.8296E7
0	4174	3791	1	0	1.8297E7
0	4174	3791	1	0	1.8298E7
0	4174	3791	1	0	1.8299E7
0	4174	3791	1	0	1.83E7
0	4174	3791	1	0	1.8301E7
0	4174	3791	1	0	1.8302E7
0	4175	3792	1	2	1.8303E7
0	4179	3793	1	4	1.8304E7
0	4184	3795	1	6	1.8305E7
0	4190	3797	1	8	1.8306E7
0	4199	3801	1	10	1.8307E7
0	4210	3805	1	12	1.8308E7
0	4223	3810	1	13	1.8309E7
0	4235	3815	1	13	1.831E7
0	4248	3820	1	13	1.8311E7
0	4261	3824	1	13	1.8312E7
0	4274	3828	1	13	1.8313E7
0	4286	3833	1	13	1.8314E7
0	4299	3837	1	13	1.8315E7
0	4312	3841	1	13	1.8316E7
0	4325	3846	1	13	1.8317E7
0	4338	3850	1	13	1.8318E7
0	4351	3854	1	13	1.8319E7
0	4363	3859	1	13	1.832E7
0	4376	3863	1	13	1.8321E7
0	4389	3867	1	13	1.8322E7
0	4400	3871	1	9	1.8323E7
0	4407	3873	1	6	1.8324E7
0	4412	3875	1	4	1.8325E7
0	4415	3876	1	1	1.8326E7
0	4415	3876	1	0	1.8327E7
0	4415	3876	1	0	1.8328E7
0	4415	3876	1	0	1.8329E7
0	4415	3876	1	0	1.833E7
0	4415	3876	1	0	1.8331E7
0	4415	3876	1	0	1.8332E7
0	4415	3876	1	0	1.8333E7
0	4415	3876	1	0	1.8334E7
0	4415	3876	1	0	1.8335E7
0	4415	3876	1	0	1.8336E7
0	4415	3876	1	0	1.8337E7
0	4415	3876	1	0	1.8338E7
0	4415	3876	1	0	1.8339E7
0	4415	3876	1	0	1.834E7
0	4415	3876	1	0	1.8341E7
0	4415	3876	1	0	1.8342E7
0	4415	3876	1	0	1.8343E7
0	4415	3876	1	0	1.8344E7
0	4415	3876	1	0	1.8345E7
0	4415	3876	1	0	1.8346E7
0	4417	3876	1	2	1.8347E7
0	4420	3877	1	4	1.8348E7
0	4425	3879	1	6	1.8349E7
0	4433	3881	1	8	1.835E7
0	4442	3884	1	10	1.8351E7
0	4453	3887	1	12	1.8352E7
0	4466	3891	1	13	1.8353E7
0	4479	3895	1	13	1.8354E7
0	4492	3899	1	13	1.8355E7
0	4505	3904	1	13	1.8356E7
0	4518	3908	1	13	1.8357E7
0	4530	3912	1	13	1.8358E7
0	4543	3916	1	13	1.8359E7
0	4556	3921	1	13	1.836E7
0	4569	3924	1	13	1.8361E7
0	4582	3928	1	13	1.8362E7
0	4595	3932	1	13	1.8363E7
0	4608	3935	1	13	1.8364E7
0	4621	3939	1	13	1.8365E7
0	4634	3943	1	13	1.8366E7
0	4647	3947	1	13	1.8367E7
0	4660	3951	1	13	1.8368E7
0	4673	3955	1	13	1.8369E7
0	4686	3959	1	13	1.837E7
0	4699	3964	1	13	1.8371E7
0	4711	3969	1	13	1.8372E7
0	4724	3973	1	13	1.8373E7
0	4736	3978	1	11	1.8374E7
0	4745	3982	8	8	1.8375E7
0	4751	3984	8	5	1.8376E7
0	4754	3986	8	3	1.8377E7
0	4755	3987	8	0	1.8378E7
0	4755	3987	8	0	1.8379E7
0	4755	3987	8	0	1.838E7
0	4755	3987	8	0	1.8381E7
0	4755	3987	8	0	1.8382E7
0	4755	3987	8	0	1.8383E7
0	4755	3987	8	0	1.8384E7
0	4755	3987	8	0	1.8385E7
0	4755	3987	8	0	1.8386E7
0	4755	3987	8	0	1.8387E7
0	4755	3987	8	0	1.8388E7
0	4755	3987	8	0	1.8389E7
0	4755	3987	8	0	1.839E7
0	4755	3987	8	0	1.8391E7
0	4755	3987	8	0	1.8392E7
0	4755	3987	8	0	1.8393E7
0	4755	3987	8	0	1.8394E7
0	4755	3987	8	0	1.8395E7
0	4755	3987	8	0	1.8396E7
0	4755	3987	8	0	1.8397E7
0	4756	3987	8	1	1.8398E7
0	4758	3988	8	3	1.8399E7
0	4762	3990	8	5	1.84E7
0	4768	3993	8	6	1.8401E7
0	4775	3996	8	8	1.8402E7
0	4783	4001	8	10	1.8403E7
0	4794	4007	8	12	1.8404E7
