1.6381003114307845E7
1.6381003114308968E7
1.6381006E7
1.6381016E7
1.6381026E7
1.6381036E7
1.6381046E7
1.6381056E7
1.6381066E7
1.6381076E7
1.6381086E7
1.6381096E7
1.6381106E7
1.6381116E7
1.6381126E7
1.6381136E7
1.6381146E7
1.6381156E7
1.6381166E7
1.6381176E7
1.6381186E7
1.6381196E7
1.6381206E7
1.6381216E7
1.6381226E7
1.6381236E7
1.6381246E7
1.6381256E7
1.6381266E7
1.6381276E7
1.6381286E7
1.6381296E7
1.6381306E7
1.6381316E7
1.6381326E7
1.6381336E7
1.6381346E7
1.6381356E7
1.6381366E7
1.6381376E7
1.6381386E7
1.6381396E7
1.6381406E7
1.6381416E7
1.6381426E7
1.6381436E7
1.6381446E7
1.6381456E7
1.6381466E7
1.6381476E7
1.6381486E7
1.6381496E7
1.6381506E7
1.6381516E7
1.6381526E7
1.6381536E7
1.6381546E7
1.6381556E7
1.6381566E7
1.6381576E7
1.6381586E7
1.6381596E7
1.6381606E7
1.6381616E7
1.6381626E7
1.6381636E7
1.6381646E7
1.6381656E7
1.6381666E7
1.6381676E7
1.6381686E7
1.6381696E7
1.6381706E7
1.6381716E7
1.6381726E7
1.6381736E7
1.6381746E7
1.6381756E7
1.6381766E7
1.6381776E7
1.6381786E7
1.6381796E7
1.6381806E7
1.6381816E7
1.6381826E7
1.6381836E7
1.6381846E7
1.6381856E7
1.6381866E7
1.6381876E7
1.6381886E7
1.6554006E7
1.6554016E7
1.6554026E7
1.6554036E7
1.6554046E7
1.6554056E7
1.6554066E7
1.6554073025326815E7
1.6554073025327938E7
1.6554076E7
1.6554086E7
1.6554096E7
1.6554106E7
1.6554116E7
1.6554126E7
1.6554136E7
1.6554146E7
1.6554156E7
1.6554166E7
1.6554176E7
1.6554186E7
1.6554196E7
1.6554206E7
1.6554216E7
1.6554226E7
1.6554236E7
1.6554246E7
1.6554256E7
1.6554266E7
1.6554276E7
1.6554286E7
1.6554296E7
1.6554306E7
1.6554316E7
1.6554326E7
1.6554336E7
1.6554346E7
1.6554356E7
1.6554366E7
1.6554376E7
1.6554386E7
1.6554396E7
1.6554406E7
1.6554416E7
1.6554426E7
1.6554436E7
1.6554446E7
1.6554456E7
1.6554466E7
1.6554476E7
1.6554486E7
1.6554496E7
1.6554506E7
1.6554516E7
1.6554526E7
1.6554536E7
1.6554546E7
1.6554556E7
1.6554566E7
1.6554576E7
1.6554586E7
1.6554596E7
1.6554606E7
1.6554616E7
1.6554626E7
1.6554636E7
1.6554646E7
1.6554656E7
1.6554666E7
1.6554676E7
1.6554686E7
1.6554696E7
1.6554706E7
1.6554716E7
1.6554726E7
1.6554736E7
1.6554746E7
1.6554756E7
1.6554766E7
1.6554776E7
1.6554786E7
1.6554796E7
1.6554806E7
1.6554816E7
1.6554826E7
1.6554836E7
1.6554846E7
1.6554856E7
1.6554866E7
1.6554876E7
1.6554886E7
1.6554896E7
1.6554906E7
1.6554916E7
1.6554926E7
1.6554936E7
1.6554946E7
1.6554956E7
1.6554966E7
1.6554976E7
1.6554986E7
1.6554996E7
1.6555006E7
1.6555016E7
1.6555026E7
1.6555036E7
1.6555046E7
1.6555056E7
1.6555066E7
1.6555076E7
1.6555086E7
1.6555096E7
1.6555106E7
1.6555116E7
1.6555126E7
1.6555136E7
1.6555146E7
1.6555156E7
1.680100296876594E7
1.680100296876706E7
1.6801006E7
1.6801016E7
1.6801026E7
1.6801036E7
1.6801046E7
1.6801056E7
1.6801066E7
1.6801076E7
1.6801086E7
1.6801096E7
1.6801106E7
1.6801116E7
1.6801126E7
1.6801136E7
1.6801146E7
1.6801156E7
1.6801166E7
1.6801176E7
1.6801186E7
1.6801196E7
1.6801206E7
1.6801216E7
1.6801226E7
1.6801236E7
1.6801246E7
1.6801256E7
1.6801266E7
1.6801276E7
1.6801286E7
1.6801296E7
1.6801306E7
1.6801316E7
1.6801326E7
1.6801336E7
1.6801346E7
1.6801356E7
1.6801366E7
1.6801376E7
1.6801386E7
1.6801396E7
1.6801406E7
1.6801416E7
1.6801426E7
1.6801436E7
1.6801446E7
1.6801456E7
1.6801466E7
1.6801476E7
1.6801486E7
1.6801496E7
1.6801506E7
1.6801516E7
1.6801526E7
1.6801536E7
1.6801546E7
1.6801556E7
1.6801566E7
1.6801576E7
1.6801586E7
1.6801596E7
1.6801606E7
1.6801616E7
1.6801626E7
1.6801636E7
1.6801646E7
1.6801656E7
1.6801666E7
1.6801676E7
1.6801686E7
1.6801696E7
1.6801706E7
1.6801716E7
1.6801726E7
1.6801736E7
1.6801746E7
1.6801756E7
1.6801766E7
1.6801776E7
1.6801786E7
1.6801796E7
1.6801806E7
1.6801816E7
1.6801826E7
1.6801836E7
1.6801846E7
1.6801856E7
1.6801866E7
1.6801876E7
1.6801886E7
1.6801896E7
1.6801906E7
1.6801916E7
1.6801926E7
1.6801936E7
1.6801946E7
1.6801956E7
1.6801966E7
1.6801976E7
1.6801986E7
1.6801996E7
1.6802006E7
1.6802016E7
1.6802026E7
1.6802036E7
1.6802046E7
1.6802056E7
1.6802066E7
1.6802076E7
1.6802086E7
1.6802096E7
1.6802106E7
1.6802116E7
1.6802126E7
1.6802136E7
1.6802146E7
1.6802156E7
1.6802166E7
1.6802176E7
1.6802186E7
1.7015006E7
1.7015016E7
1.7015026E7
1.7015036E7
1.7015044936898496E7
1.7015044936899617E7
1.7015046E7
1.7015056E7
1.7015066E7
1.7015076E7
1.7015086E7
1.7015096E7
1.7015106E7
1.7015116E7
1.7015126E7
1.7015136E7
1.7015146E7
1.7015156E7
1.7015166E7
1.7015176E7
1.7015186E7
1.7015196E7
1.7015206E7
1.7015216E7
1.7015226E7
1.7015236E7
1.7015246E7
1.7015256E7
1.7015266E7
1.7015276E7
1.7015286E7
1.7015296E7
1.7015306E7
1.7015316E7
1.7015326E7
1.7015336E7
1.7015346E7
1.7015356E7
1.7015366E7
1.7015376E7
1.7015386E7
1.7015396E7
1.7015406E7
1.7015416E7
1.7015426E7
1.7015436E7
1.7015446E7
1.7015456E7
1.7015466E7
1.7015476E7
1.7015486E7
1.7015496E7
1.7015506E7
1.7015516E7
1.7015526E7
1.7015536E7
1.7015546E7
1.7015556E7
1.7015566E7
1.7015576E7
1.7015586E7
1.7015596E7
1.7015606E7
1.7015616E7
1.7015626E7
1.7015636E7
1.7015646E7
1.7015656E7
1.7015666E7
1.7015676E7
1.7015686E7
1.7015696E7
1.7015706E7
1.7015716E7
1.7015726E7
1.7015736E7
1.7015746E7
1.7015756E7
1.7015766E7
1.7015776E7
1.7015786E7
1.7015796E7
1.7015806E7
1.7015816E7
1.7015826E7
1.7015836E7
1.7015846E7
1.7072003480455842E7
1.7072003480456963E7
1.7072006E7
1.7072016E7
1.7072026E7
1.7072036E7
1.7072046E7
1.7072056E7
1.7072066E7
1.7072076E7
1.7072086E7
1.7072096E7
1.7072106E7
1.7072116E7
1.7072126E7
1.7072136E7
1.7072146E7
1.7072156E7
1.7072166E7
1.7072176E7
1.7072186E7
1.7072196E7
1.7072206E7
1.7072216E7
1.7072226E7
1.7072236E7
1.7072246E7
1.7072256E7
1.7072266E7
1.7072276E7
1.7072286E7
1.7072296E7
1.7072306E7
1.7072316E7
1.7072326E7
1.7072336E7
1.7072346E7
1.7072356E7
1.7072366E7
1.7072376E7
1.7072386E7
1.7072396E7
1.7072406E7
1.7072416E7
1.7072426E7
1.7072436E7
1.7072446E7
1.7072456E7
1.7072466E7
1.7072476E7
1.7072486E7
1.7072496E7
1.7072506E7
1.7072516E7
1.7072526E7
1.7072536E7
1.7072546E7
1.7072556E7
1.7072566E7
1.7072576E7
1.7072586E7
1.7072596E7
1.7072606E7
1.7072616E7
1.7072626E7
1.7072636E7
1.7072646E7
1.7072656E7
1.7072666E7
1.7072676E7
1.7072686E7
1.7072696E7
1.7072706E7
1.7072716E7
1.7072726E7
1.7072736E7
1.7072746E7
1.7072756E7
1.7072766E7
1.7072776E7
1.7072786E7
1.7072796E7
1.7072806E7
1.7072816E7
1.7072826E7
1.7072836E7
1.7072846E7
1.7072856E7
1.7072866E7
1.7072876E7
1.7072886E7
1.7072896E7
1.7072906E7
1.7072916E7
1.7072926E7
1.7187006E7
1.7187016E7
1.7187026E7
1.7187036E7
1.7187046E7
1.7187056E7
1.7187066E7
1.7187076E7
1.7187086E7
1.7187096E7
1.7187106E7
1.7187116E7
1.7187126E7
1.7187136E7
1.7187146E7
1.7187156E7
1.7187166E7
1.7187176E7
1.7187186E7
1.7187196E7
1.7187206E7
1.7187216E7
1.7187226E7
1.7187236E7
1.7187246E7
1.7187256E7
1.7187266E7
1.7187276E7
1.7187286E7
1.7187296E7
1.7187306E7
1.7187316E7
1.7187326E7
1.7187336E7
1.7187346E7
1.7187356E7
1.7187366E7
1.7187376E7
1.7187386E7
1.7187396E7
1.7187406E7
1.7187416E7
1.7187426E7
1.7187436E7
1.7187446E7
1.7187456E7
1.7187466E7
1.7187476E7
1.7187486E7
1.7187496E7
1.7187506E7
1.7187516E7
1.7187526E7
1.7187536E7
1.7187546E7
1.7187556E7
1.7187566E7
1.7187576E7
1.7187586E7
1.7187596E7
1.7187606E7
1.7187616E7
1.7187626E7
1.7187636E7
1.718763924513748E7
1.71876392451386E7
1.7187646E7
1.7187656E7
1.7187666E7
1.7187676E7
1.7187686E7
1.7187696E7
1.7187706E7
1.7187716E7
1.7187726E7
1.7187736E7
1.7187746E7
1.7187756E7
1.7187766E7
1.7187776E7
1.7187786E7
1.7187796E7
1.7187806E7
1.7187816E7
1.7187826E7
1.7187836E7
1.7187846E7
1.7187856E7
1.7187866E7
1.7187876E7
1.7187886E7
1.7187896E7
1.7187906E7
1.7187916E7
1.7187926E7
1.7187936E7
1.7187946E7
1.7187956E7
1.7187966E7
1.7187976E7
1.7187986E7
1.7187996E7
1.7188006E7
1.7188016E7
1.7188026E7
1.7188036E7
1.7188046E7
1.7188056E7
1.7188066E7
1.7188076E7
1.7188086E7
1.7188096E7
1.7188106E7
1.7188116E7
1.7188126E7
