0	5307	5553	2	0	0.0
0	5307	5553	2	0	1.4402E7
0	5307	5552	2	2	1.4403E7
0	5309	5549	2	4	1.4404E7
0	5311	5544	2	6	1.4405E7
0	5315	5538	2	8	1.4406E7
0	5322	5532	2	10	1.4407E7
0	5331	5525	2	12	1.4408E7
0	5342	5518	2	14	1.4409E7
0	5354	5510	2	14	1.441E7
0	5365	5502	2	13	1.4411E7
0	5377	5495	2	14	1.4412E7
0	5389	5487	2	14	1.4413E7
0	5401	5480	2	14	1.4414E7
0	5413	5472	2	14	1.4415E7
0	5425	5465	2	13	1.4416E7
0	5437	5458	2	13	1.4417E7
0	5449	5451	2	12	1.4418E7
0	5457	5446	2	8	1.4419E7
0	5463	5442	2	6	1.442E7
0	5467	5439	2	3	1.4421E7
0	5469	5438	2	0	1.4422E7
0	5469	5438	2	0	1.4423E7
0	5469	5438	2	0	1.4424E7
0	5469	5438	2	0	1.4425E7
0	5469	5438	2	0	1.4426E7
0	5469	5438	2	0	1.4427E7
0	5469	5438	2	0	1.4428E7
0	5469	5438	2	0	1.4429E7
0	5469	5438	2	0	1.443E7
0	5469	5438	2	0	1.4431E7
0	5469	5438	2	0	1.4432E7
0	5469	5438	2	0	1.4433E7
0	5469	5438	2	0	1.4434E7
0	5469	5438	2	0	1.4435E7
0	5469	5438	2	0	1.4436E7
0	5469	5438	2	0	1.4437E7
0	5469	5438	2	0	1.4438E7
0	5469	5438	2	0	1.4439E7
0	5469	5438	2	0	1.444E7
0	5469	5438	2	0	1.4441E7
0	5469	5438	2	0	1.4442E7
0	5471	5436	2	3	1.4443E7
0	5475	5434	2	5	1.4444E7
0	5480	5431	2	7	1.4445E7
0	5486	5426	2	8	1.4446E7
0	5494	5420	2	10	1.4447E7
0	5501	5410	2	12	1.4448E7
0	5506	5398	3	13	1.4449E7
0	5507	5384	3	13	1.445E7
0	5506	5370	3	14	1.4451E7
0	5502	5356	3	14	1.4452E7
0	5501	5343	3	14	1.4453E7
0	5513	5337	2	14	1.4454E7
0	5526	5331	2	14	1.4455E7
0	5539	5325	2	13	1.4456E7
0	5551	5320	2	13	1.4457E7
0	5564	5314	2	14	1.4458E7
0	5577	5308	2	14	1.4459E7
0	5590	5302	2	13	1.446E7
0	5600	5297	2	10	1.4461E7
0	5608	5294	2	7	1.4462E7
0	5613	5291	2	4	1.4463E7
0	5616	5290	2	4	1.4464E7
0	5622	5287	2	6	1.4465E7
0	5629	5283	2	8	1.4466E7
0	5638	5279	2	10	1.4467E7
0	5648	5274	2	12	1.4468E7
0	5661	5268	2	13	1.4469E7
0	5673	5262	2	13	1.447E7
0	5686	5255	2	13	1.4471E7
0	5698	5249	2	14	1.4472E7
0	5711	5243	2	13	1.4473E7
0	5723	5237	2	13	1.4474E7
0	5736	5230	2	13	1.4475E7
0	5748	5224	2	14	1.4476E7
0	5761	5218	2	14	1.4477E7
0	5773	5212	2	13	1.4478E7
0	5786	5205	2	13	1.4479E7
0	5799	5199	2	13	1.448E7
0	5811	5193	2	14	1.4481E7
0	5824	5187	2	14	1.4482E7
0	5836	5181	2	12	1.4483E7
0	5845	5176	2	9	1.4484E7
0	5852	5172	2	6	1.4485E7
0	5857	5170	2	3	1.4486E7
0	5860	5168	2	5	1.4487E7
0	5866	5165	2	7	1.4488E7
0	5870	5156	2	9	1.4489E7
0	5865	5147	3	11	1.449E7
0	5860	5135	4	12	1.4491E7
0	5855	5126	4	9	1.4492E7
0	5851	5119	4	6	1.4493E7
0	5849	5114	4	4	1.4494E7
0	5848	5111	4	1	1.4495E7
0	5848	5111	4	0	1.4496E7
0	5848	5111	4	0	1.4497E7
0	5848	5111	4	0	1.4498E7
0	5848	5111	4	0	1.4499E7
0	5848	5111	4	0	1.45E7
0	5848	5111	4	0	1.4501E7
0	5848	5111	4	0	1.4502E7
0	5848	5111	4	0	1.4503E7
0	5848	5111	4	0	1.4504E7
0	5848	5111	4	0	1.4505E7
0	5848	5111	4	0	1.4506E7
0	5848	5111	4	0	1.4507E7
0	5848	5111	4	0	1.4508E7
0	5848	5111	4	0	1.4509E7
0	5848	5111	4	0	1.451E7
0	5848	5111	4	0	1.4511E7
0	5848	5111	4	0	1.4512E7
0	5848	5111	4	0	1.4513E7
0	5848	5111	4	0	1.4514E7
0	5848	5111	4	0	1.4515E7
0	5847	5110	4	2	1.4516E7
0	5846	5106	4	4	1.4517E7
0	5843	5101	4	6	1.4518E7
0	5837	5095	4	8	1.4519E7
0	5833	5087	4	10	1.452E7
0	5828	5077	4	12	1.4521E7
0	5822	5065	4	13	1.4522E7
0	5816	5052	4	13	1.4523E7
0	5810	5040	4	13	1.4524E7
0	5803	5027	4	13	1.4525E7
0	5797	5015	4	14	1.4526E7
0	5791	5002	4	13	1.4527E7
0	5785	4990	4	14	1.4528E7
0	5778	4977	4	14	1.4529E7
0	5772	4965	4	14	1.453E7
0	5765	4952	4	14	1.4531E7
0	5759	4940	4	13	1.4532E7
0	5754	4930	4	9	1.4533E7
0	5750	4923	4	6	1.4534E7
0	5748	4918	4	4	1.4535E7
0	5746	4915	4	2	1.4536E7
0	5744	4912	4	4	1.4537E7
0	5742	4906	4	6	1.4538E7
0	5739	4899	4	8	1.4539E7
0	5735	4891	4	10	1.454E7
0	5730	4880	4	12	1.4541E7
0	5724	4868	4	14	1.4542E7
0	5721	4855	4	14	1.4543E7
0	5714	4842	4	13	1.4544E7
0	5707	4830	4	14	1.4545E7
0	5700	4818	4	14	1.4546E7
0	5691	4807	4	14	1.4547E7
0	5683	4796	4	13	1.4548E7
0	5674	4784	4	13	1.4549E7
0	5666	4773	4	13	1.455E7
0	5657	4762	4	13	1.4551E7
0	5648	4752	4	14	1.4552E7
0	5638	4741	4	13	1.4553E7
0	5629	4731	4	13	1.4554E7
0	5620	4721	4	13	1.4555E7
0	5611	4711	4	10	1.4556E7
0	5606	4704	4	7	1.4557E7
0	5602	4699	4	5	1.4558E7
0	5599	4696	4	2	1.4559E7
0	5599	4696	4	0	1.456E7
0	5599	4696	4	0	1.4561E7
0	5599	4696	4	0	1.4562E7
0	5599	4696	4	0	1.4563E7
0	5599	4696	4	0	1.4564E7
0	5599	4696	4	0	1.4565E7
0	5599	4696	4	0	1.4566E7
0	5599	4696	4	0	1.4567E7
0	5599	4696	4	0	1.4568E7
0	5599	4696	4	0	1.4569E7
0	5599	4696	4	0	1.457E7
0	5599	4696	4	0	1.4571E7
0	5599	4696	4	0	1.4572E7
0	5599	4696	4	0	1.4573E7
0	5599	4696	4	0	1.4574E7
0	5599	4696	4	0	1.4575E7
0	5599	4696	4	0	1.4576E7
0	5599	4696	4	0	1.4577E7
0	5599	4696	4	0	1.4578E7
0	5599	4696	4	0	1.4579E7
0	5598	4695	4	1	1.458E7
0	5596	4693	4	3	1.4581E7
0	5593	4689	4	5	1.4582E7
0	5589	4683	4	7	1.4583E7
0	5583	4676	4	9	1.4584E7
0	5576	4668	4	11	1.4585E7
0	5568	4658	4	13	1.4586E7
0	5560	4647	4	14	1.4587E7
0	5551	4636	4	14	1.4588E7
0	5543	4626	4	11	1.4589E7
0	5537	4618	4	8	1.459E7
0	5532	4613	4	5	1.4591E7
0	5530	4610	4	3	1.4592E7
0	5527	4606	4	6	1.4593E7
0	5531	4601	3	8	1.4594E7
0	5538	4596	2	9	1.4595E7
0	5548	4591	2	11	1.4596E7
0	5558	4584	2	13	1.4597E7
0	5571	4578	2	14	1.4598E7
0	5583	4572	2	14	1.4599E7
0	5596	4568	1	11	1.46E7
0	5605	4565	1	8	1.4601E7
0	5612	4563	1	5	1.4602E7
0	5617	4562	1	3	1.4603E7
0	5618	4561	1	0	1.4604E7
0	5618	4561	1	0	1.4605E7
0	5618	4561	1	0	1.4606E7
0	5618	4561	1	0	1.4607E7
0	5618	4561	1	0	1.4608E7
0	5618	4561	1	0	1.4609E7
0	5618	4561	1	0	1.461E7
0	5618	4561	1	0	1.4611E7
0	5618	4561	1	0	1.4612E7
0	5618	4561	1	0	1.4613E7
0	5618	4561	1	0	1.4614E7
0	5618	4561	1	0	1.4615E7
0	5618	4561	1	0	1.4616E7
0	5618	4561	1	0	1.4617E7
0	5618	4561	1	0	1.4618E7
0	5618	4561	1	0	1.4619E7
0	5618	4561	1	0	1.462E7
0	5618	4561	1	0	1.4621E7
0	5618	4561	1	0	1.4622E7
0	5618	4561	1	0	1.4623E7
0	5619	4561	1	1	1.4624E7
0	5621	4560	1	3	1.4625E7
0	5625	4559	1	5	1.4626E7
0	5631	4558	1	7	1.4627E7
0	5639	4556	1	9	1.4628E7
0	5649	4554	1	11	1.4629E7
0	5660	4551	1	12	1.463E7
0	5674	4550	1	14	1.4631E7
0	5688	4549	1	14	1.4632E7
0	5702	4549	1	14	1.4633E7
0	5716	4549	1	14	1.4634E7
0	5730	4549	1	14	1.4635E7
0	5744	4550	1	14	1.4636E7
0	5758	4551	1	13	1.4637E7
0	5772	4552	1	14	1.4638E7
0	5786	4553	1	14	1.4639E7
0	5800	4554	1	14	1.464E7
0	5814	4556	1	14	1.4641E7
0	5828	4557	1	14	1.4642E7
0	5841	4559	1	13	1.4643E7
0	5855	4560	1	13	1.4644E7
0	5869	4562	1	14	1.4645E7
0	5883	4563	1	13	1.4646E7
0	5897	4564	1	13	1.4647E7
0	5911	4566	1	13	1.4648E7
0	5925	4567	1	14	1.4649E7
0	5939	4569	1	14	1.465E7
0	5953	4570	1	14	1.4651E7
0	5967	4572	1	14	1.4652E7
0	5981	4573	1	13	1.4653E7
0	5995	4574	1	14	1.4654E7
0	6008	4576	1	12	1.4655E7
0	6018	4577	1	8	1.4656E7
0	6025	4577	1	5	1.4657E7
0	6030	4578	1	3	1.4658E7
0	6032	4578	1	0	1.4659E7
0	6032	4578	1	0	1.466E7
0	6032	4578	1	0	1.4661E7
0	6032	4578	1	0	1.4662E7
0	6032	4578	1	0	1.4663E7
0	6032	4578	1	0	1.4664E7
0	6032	4578	1	0	1.4665E7
0	6032	4578	1	0	1.4666E7
0	6032	4578	1	0	1.4667E7
0	6032	4578	1	0	1.4668E7
0	6032	4578	1	0	1.4669E7
0	6032	4578	1	0	1.467E7
0	6032	4578	1	0	1.4671E7
0	6032	4578	1	0	1.4672E7
0	6032	4578	1	0	1.4673E7
0	6032	4578	1	0	1.4674E7
0	6032	4578	1	0	1.4675E7
0	6032	4578	1	0	1.4676E7
0	6032	4578	1	0	1.4677E7
0	6032	4578	1	0	1.4678E7
0	6032	4578	1	0	1.4679E7
0	6034	4578	1	3	1.468E7
0	6039	4579	1	5	1.4681E7
0	6045	4579	1	7	1.4682E7
0	6053	4580	1	9	1.4683E7
0	6063	4581	1	11	1.4684E7
0	6075	4582	1	13	1.4685E7
0	6089	4583	1	14	1.4686E7
0	6103	4584	1	13	1.4687E7
0	6117	4586	1	13	1.4688E7
0	6131	4587	1	14	1.4689E7
0	6145	4589	1	14	1.469E7
0	6159	4590	1	14	1.4691E7
0	6173	4591	1	14	1.4692E7
0	6187	4593	1	14	1.4693E7
0	6201	4594	1	14	1.4694E7
0	6215	4595	1	14	1.4695E7
0	6229	4597	1	14	1.4696E7
0	6243	4598	1	13	1.4697E7
0	6257	4599	1	13	1.4698E7
0	6271	4601	1	14	1.4699E7
0	6285	4602	1	14	1.47E7
0	6299	4603	1	13	1.4701E7
0	6313	4605	1	14	1.4702E7
0	6327	4606	1	14	1.4703E7
0	6340	4607	1	13	1.4704E7
0	6354	4609	1	13	1.4705E7
0	6368	4610	1	14	1.4706E7
0	6382	4609	1	13	1.4707E7
0	6396	4607	1	13	1.4708E7
0	6410	4606	1	14	1.4709E7
0	6424	4604	1	14	1.471E7
0	6438	4602	1	13	1.4711E7
0	6453	4609	8	14	1.4712E7
0	6458	4622	7	13	1.4713E7
0	6462	4634	7	11	1.4714E7
0	6466	4643	7	8	1.4715E7
0	6468	4649	7	5	1.4716E7
0	6470	4656	7	7	1.4717E7
0	6473	4662	8	5	1.4718E7
0	6476	4665	8	3	1.4719E7
0	6480	4667	8	5	1.472E7
0	6487	4668	1	7	1.4721E7
0	6497	4672	1	9	1.4722E7
0	6507	4669	1	11	1.4723E7
0	6520	4666	1	13	1.4724E7
0	6533	4663	1	14	1.4725E7
0	6547	4659	1	13	1.4726E7
0	6560	4656	1	14	1.4727E7
0	6574	4653	1	14	1.4728E7
0	6588	4650	1	14	1.4729E7
0	6601	4648	1	11	1.473E7
0	6611	4646	1	8	1.4731E7
0	6618	4645	1	5	1.4732E7
0	6622	4644	1	3	1.4733E7
0	6624	4644	1	0	1.4734E7
0	6624	4644	1	0	1.4735E7
0	6624	4644	1	0	1.4736E7
0	6624	4644	1	0	1.4737E7
0	6624	4644	1	0	1.4738E7
0	6624	4644	1	0	1.4739E7
0	6624	4644	1	0	1.474E7
0	6624	4644	1	0	1.4741E7
0	6624	4644	1	0	1.4742E7
0	6624	4644	1	0	1.4743E7
0	6624	4644	1	0	1.4744E7
0	6624	4644	1	0	1.4745E7
0	6624	4644	1	0	1.4746E7
0	6624	4644	1	0	1.4747E7
0	6624	4644	1	0	1.4748E7
0	6624	4644	1	0	1.4749E7
0	6624	4644	1	0	1.475E7
0	6624	4644	1	0	1.4751E7
0	6624	4644	1	0	1.4752E7
0	6624	4644	1	0	1.4753E7
0	6624	4644	1	0	1.4754E7
0	6626	4643	1	3	1.4755E7
0	6630	4643	1	4	1.4756E7
0	6636	4642	1	6	1.4757E7
0	6644	4640	1	8	1.4758E7
0	6653	4639	1	10	1.4759E7
0	6665	4636	1	12	1.476E7
0	6678	4634	1	13	1.4761E7
0	6692	4631	1	14	1.4762E7
0	6706	4629	1	14	1.4763E7
0	6720	4626	1	13	1.4764E7
0	6733	4624	1	13	1.4765E7
0	6747	4621	1	14	1.4766E7
0	6761	4619	1	13	1.4767E7
0	6775	4616	1	13	1.4768E7
0	6788	4614	1	13	1.4769E7
0	6802	4611	1	14	1.477E7
0	6814	4609	1	10	1.4771E7
0	6823	4608	1	7	1.4772E7
0	6829	4607	1	4	1.4773E7
0	6833	4606	1	2	1.4774E7
0	6835	4606	1	1	1.4775E7
0	6835	4605	1	0	1.4776E7
0	6836	4605	1	0	1.4777E7
0	6836	4605	1	0	1.4778E7
0	6836	4605	1	0	1.4779E7
0	6836	4605	1	0	1.478E7
0	6836	4605	1	0	1.4781E7
0	6836	4605	1	0	1.4782E7
0	6836	4605	1	0	1.4783E7
0	6836	4605	1	0	1.4784E7
0	6836	4605	1	0	1.4785E7
0	6836	4605	1	0	1.4786E7
0	6836	4605	1	0	1.4787E7
0	6836	4605	1	0	1.4788E7
0	6836	4605	1	0	1.4789E7
0	6836	4605	1	0	1.479E7
0	6836	4605	1	0	1.4791E7
0	6836	4605	1	0	1.4792E7
0	6836	4605	1	0	1.4793E7
0	6836	4605	1	0	1.4794E7
0	6836	4605	1	0	1.4795E7
0	6836	4605	1	0	1.4796E7
0	6836	4605	1	0	1.4797E7
0	6836	4605	1	0	1.4798E7
0	6836	4605	1	0	1.4799E7
0	6836	4605	1	0	1.48E7
0	6836	4605	1	0	1.4801E7
0	6837	4605	1	2	1.4802E7
0	6841	4605	1	4	1.4803E7
0	6846	4604	1	6	1.4804E7
0	6853	4603	1	8	1.4805E7
0	6863	4601	1	10	1.4806E7
0	6874	4599	1	12	1.4807E7
0	6887	4597	1	13	1.4808E7
0	6898	4596	1	9	1.4809E7
0	6907	4594	1	7	1.481E7
0	6912	4594	1	4	1.4811E7
0	6915	4593	1	2	1.4812E7
0	6916	4593	1	0	1.4813E7
0	6916	4593	1	0	1.4814E7
0	6916	4593	1	0	1.4815E7
0	6916	4593	1	0	1.4816E7
0	6916	4593	1	0	1.4817E7
0	6916	4593	1	0	1.4818E7
0	6916	4593	1	0	1.4819E7
0	6916	4593	1	0	1.482E7
0	6916	4593	1	0	1.4821E7
0	6916	4593	1	0	1.4822E7
0	6916	4593	1	0	1.4823E7
0	6916	4593	1	0	1.4824E7
0	6916	4593	1	0	1.4825E7
0	6916	4593	1	0	1.4826E7
0	6916	4593	1	0	1.4827E7
0	6916	4593	1	0	1.4828E7
0	6916	4593	1	0	1.4829E7
0	6916	4593	1	0	1.483E7
0	6916	4593	1	0	1.4831E7
0	6916	4593	1	0	1.4832E7
0	6916	4590	1	2	1.4833E7
0	6920	4589	1	4	1.4834E7
0	6925	4588	1	6	1.4835E7
0	6932	4587	1	8	1.4836E7
0	6941	4586	1	9	1.4837E7
0	6948	4585	1	4	1.4838E7
0	6952	4584	1	2	1.4839E7
0	6953	4584	1	1	1.484E7
0	6954	4584	1	0	1.4841E7
0	6954	4584	1	0	1.4842E7
0	6954	4584	1	0	1.4843E7
0	6954	4584	1	0	1.4844E7
0	6954	4584	1	0	1.4845E7
0	6954	4584	1	0	1.4846E7
0	6954	4584	1	0	1.4847E7
0	6954	4584	1	0	1.4848E7
0	6954	4584	1	0	1.4849E7
0	6954	4584	1	0	1.485E7
0	6954	4584	1	0	1.4851E7
0	6954	4584	1	0	1.4852E7
0	6954	4584	1	0	1.4853E7
0	6954	4584	1	0	1.4854E7
0	6954	4584	1	0	1.4855E7
0	6954	4584	1	0	1.4856E7
0	6954	4584	1	0	1.4857E7
0	6954	4584	1	0	1.4858E7
0	6954	4584	1	0	1.4859E7
0	6954	4584	1	0	1.486E7
0	6954	4584	1	0	1.4861E7
0	6954	4584	1	0	1.4862E7
0	6954	4584	1	0	1.4863E7
0	6954	4584	1	0	1.4864E7
0	6954	4584	1	0	1.4865E7
0	6954	4584	1	0	1.4866E7
0	6954	4584	1	0	1.4867E7
0	6954	4584	1	0	1.4868E7
0	6954	4584	1	0	1.4869E7
0	6954	4584	1	0	1.487E7
0	6954	4584	1	0	1.4871E7
0	6954	4584	1	0	1.4872E7
0	6954	4584	1	0	1.4873E7
0	6954	4584	1	0	1.4874E7
0	6954	4584	1	0	1.4875E7
0	6954	4584	1	0	1.4876E7
0	6954	4584	1	0	1.4877E7
0	6954	4584	1	0	1.4878E7
0	6954	4584	1	0	1.4879E7
0	6954	4584	1	0	1.488E7
0	6954	4584	1	0	1.4881E7
0	6954	4584	1	0	1.4882E7
0	6954	4584	1	0	1.4883E7
0	6954	4584	1	0	1.4884E7
0	6954	4584	1	0	1.4885E7
0	6954	4584	1	0	1.4886E7
0	6954	4584	1	0	1.4887E7
0	6954	4584	1	0	1.4888E7
0	6954	4584	1	0	1.4889E7
0	6954	4584	1	0	1.489E7
0	6954	4584	1	0	1.4891E7
0	6954	4584	1	0	1.4892E7
0	6954	4584	1	0	1.4893E7
0	6954	4584	1	0	1.4894E7
0	6954	4584	1	0	1.4895E7
0	6954	4584	1	0	1.4896E7
0	6956	4584	1	2	1.4897E7
0	6959	4583	1	4	1.4898E7
0	6965	4581	1	6	1.4899E7
0	6972	4579	1	8	1.49E7
0	6981	4580	1	9	1.4901E7
0	6992	4578	1	11	1.4902E7
0	7005	4576	1	13	1.4903E7
0	7018	4572	1	14	1.4904E7
0	7029	4564	2	11	1.4905E7
0	7033	4555	2	8	1.4906E7
0	7034	4548	3	5	1.4907E7
0	7034	4544	3	3	1.4908E7
0	7034	4542	3	1	1.4909E7
0	7034	4541	3	0	1.491E7
0	7033	4540	3	0	1.4911E7
0	7033	4540	3	0	1.4912E7
0	7033	4540	3	0	1.4913E7
0	7033	4540	3	0	1.4914E7
0	7033	4540	3	0	1.4915E7
0	7033	4540	3	0	1.4916E7
0	7033	4540	3	0	1.4917E7
0	7033	4540	3	0	1.4918E7
0	7033	4540	3	0	1.4919E7
0	7033	4540	3	0	1.492E7
0	7033	4540	3	0	1.4921E7
0	7033	4540	3	0	1.4922E7
0	7033	4540	3	1	1.4923E7
0	7033	4538	3	2	1.4924E7
0	7033	4535	3	4	1.4925E7
0	7033	4530	3	5	1.4926E7
0	7033	4526	3	3	1.4927E7
0	7033	4524	3	0	1.4928E7
0	7033	4524	3	0	1.4929E7
0	7033	4524	3	0	1.493E7
0	7033	4524	3	0	1.4931E7
0	7033	4524	3	0	1.4932E7
0	7033	4524	3	0	1.4933E7
0	7033	4524	3	0	1.4934E7
0	7033	4524	3	0	1.4935E7
0	7033	4524	3	0	1.4936E7
0	7033	4524	3	0	1.4937E7
0	7033	4524	3	0	1.4938E7
0	7033	4524	3	0	1.4939E7
0	7033	4524	3	0	1.494E7
0	7033	4524	3	0	1.4941E7
0	7033	4524	3	0	1.4942E7
0	7033	4524	3	0	1.4943E7
0	7033	4524	3	0	1.4944E7
0	7033	4524	3	0	1.4945E7
0	7033	4524	3	0	1.4946E7
0	7033	4524	3	0	1.4947E7
0	7033	4524	3	1	1.4948E7
0	7033	4521	3	3	1.4949E7
0	7033	4516	3	5	1.495E7
0	7032	4509	3	7	1.4951E7
0	7032	4501	3	9	1.4952E7
0	7031	4490	3	11	1.4953E7
0	7030	4478	3	13	1.4954E7
0	7029	4464	3	14	1.4955E7
0	7029	4450	3	13	1.4956E7
0	7028	4439	3	9	1.4957E7
0	7028	4430	3	6	1.4958E7
0	7028	4425	3	4	1.4959E7
0	7028	4422	3	2	1.496E7
0	7027	4420	3	1	1.4961E7
0	7027	4419	3	1	1.4962E7
0	7027	4417	3	3	1.4963E7
0	7027	4413	3	4	1.4964E7
0	7027	4407	3	6	1.4965E7
0	7027	4399	3	8	1.4966E7
0	7026	4389	3	10	1.4967E7
0	7026	4378	3	10	1.4968E7
0	7026	4367	3	11	1.4969E7
0	7025	4356	3	11	1.497E7
0	7025	4345	3	11	1.4971E7
0	7024	4334	3	11	1.4972E7
0	7024	4322	3	11	1.4973E7
0	7027	4312	3	11	1.4974E7
0	7037	4307	2	11	1.4975E7
0	7048	4304	1	11	1.4976E7
0	7059	4301	1	11	1.4977E7
0	7070	4298	1	11	1.4978E7
0	7079	4295	1	8	1.4979E7
0	7085	4293	1	5	1.498E7
0	7089	4292	1	3	1.4981E7
0	7091	4292	1	0	1.4982E7
0	7091	4292	1	0	1.4983E7
0	7091	4292	1	0	1.4984E7
0	7091	4292	1	0	1.4985E7
0	7091	4292	1	0	1.4986E7
0	7091	4292	1	0	1.4987E7
0	7091	4292	1	0	1.4988E7
0	7091	4292	1	0	1.4989E7
0	7091	4292	1	0	1.499E7
0	7091	4292	1	0	1.4991E7
0	7091	4292	1	0	1.4992E7
0	7091	4292	1	0	1.4993E7
0	7091	4292	1	0	1.4994E7
0	7091	4292	1	0	1.4995E7
0	7091	4292	1	0	1.4996E7
0	7091	4292	1	0	1.4997E7
0	7091	4292	1	0	1.4998E7
0	7091	4292	1	0	1.4999E7
0	7091	4292	1	0	1.5E7
0	7091	4292	1	0	1.5001E7
0	7090	4289	1	1	1.5002E7
0	7092	4288	1	3	1.5003E7
0	7097	4287	1	5	1.5004E7
0	7103	4285	1	7	1.5005E7
0	7109	4284	1	5	1.5006E7
0	7113	4282	1	3	1.5007E7
0	7117	4279	2	6	1.5008E7
0	7117	4272	3	7	1.5009E7
0	7114	4263	3	9	1.501E7
0	7111	4253	3	11	1.5011E7
0	7107	4240	3	13	1.5012E7
0	7103	4227	3	14	1.5013E7
0	7101	4211	3	16	1.5014E7
0	7097	4194	3	18	1.5015E7
0	7092	4178	3	15	1.5016E7
0	7088	4165	3	11	1.5017E7
0	7086	4156	3	8	1.5018E7
0	7084	4149	3	5	1.5019E7
0	7082	4145	3	3	1.502E7
0	7082	4143	3	1	1.5021E7
0	7081	4141	3	0	1.5022E7
0	7081	4141	3	0	1.5023E7
0	7081	4141	3	0	1.5024E7
0	7081	4141	3	0	1.5025E7
0	7081	4141	3	0	1.5026E7
0	7081	4141	3	0	1.5027E7
0	7081	4141	3	0	1.5028E7
0	7081	4141	3	0	1.5029E7
0	7081	4141	3	0	1.503E7
0	7081	4141	3	0	1.5031E7
0	7081	4141	3	0	1.5032E7
0	7081	4141	3	0	1.5033E7
0	7081	4141	3	0	1.5034E7
0	7081	4141	3	0	1.5035E7
0	7081	4141	3	0	1.5036E7
0	7081	4141	3	0	1.5037E7
0	7081	4141	3	0	1.5038E7
0	7081	4141	3	0	1.5039E7
0	7081	4141	3	0	1.504E7
0	7081	4141	3	0	1.5041E7
0	7081	4139	3	2	1.5042E7
0	7080	4136	3	4	1.5043E7
0	7078	4130	3	6	1.5044E7
0	7076	4123	3	8	1.5045E7
0	7074	4115	3	10	1.5046E7
0	7074	4103	3	12	1.5047E7
0	7070	4090	3	14	1.5048E7
0	7066	4075	3	16	1.5049E7
0	7061	4059	3	18	1.505E7
0	7055	4041	3	19	1.5051E7
0	7050	4022	3	19	1.5052E7
0	7045	4005	3	16	1.5053E7
0	7041	3991	3	12	1.5054E7
0	7037	3981	3	9	1.5055E7
0	7035	3974	3	6	1.5056E7
0	7034	3969	3	3	1.5057E7
0	7033	3966	3	0	1.5058E7
0	7033	3966	3	0	1.5059E7
0	7033	3966	3	0	1.506E7
0	7033	3966	3	0	1.5061E7
0	7033	3966	3	0	1.5062E7
0	7033	3966	3	0	1.5063E7
0	7033	3966	3	0	1.5064E7
0	7033	3966	3	0	1.5065E7
0	7033	3966	3	0	1.5066E7
0	7033	3966	3	0	1.5067E7
0	7033	3966	3	0	1.5068E7
0	7033	3966	3	0	1.5069E7
0	7033	3966	3	0	1.507E7
0	7033	3966	3	0	1.5071E7
0	7033	3966	3	0	1.5072E7
0	7033	3966	3	0	1.5073E7
0	7033	3966	3	0	1.5074E7
0	7033	3966	3	0	1.5075E7
0	7033	3966	3	0	1.5076E7
0	7033	3966	3	0	1.5077E7
0	7033	3966	3	0	1.5078E7
0	7032	3964	3	2	1.5079E7
0	7031	3961	3	4	1.508E7
0	7030	3955	3	6	1.5081E7
0	7027	3947	3	8	1.5082E7
0	7025	3938	3	10	1.5083E7
0	7022	3927	3	12	1.5084E7
0	7019	3914	3	14	1.5085E7
0	7016	3900	3	14	1.5086E7
0	7011	3887	3	14	1.5087E7
0	7019	3880	2	13	1.5088E7
0	7033	3876	1	14	1.5089E7
0	7047	3873	1	14	1.509E7
0	7060	3870	1	13	1.5091E7
0	7074	3866	1	14	1.5092E7
0	7087	3864	1	14	1.5093E7
0	7101	3861	1	14	1.5094E7
0	7115	3859	1	14	1.5095E7
0	7129	3856	1	14	1.5096E7
0	7143	3854	1	13	1.5097E7
0	7156	3851	1	13	1.5098E7
0	7170	3849	1	13	1.5099E7
0	7184	3846	1	13	1.51E7
0	7198	3844	1	13	1.5101E7
0	7212	3841	1	14	1.5102E7
0	7225	3839	1	13	1.5103E7
0	7239	3836	1	13	1.5104E7
0	7253	3834	1	14	1.5105E7
0	7267	3831	1	14	1.5106E7
0	7280	3829	1	13	1.5107E7
0	7293	3823	1	13	1.5108E7
0	7307	3821	1	13	1.5109E7
0	7321	3818	1	13	1.511E7
0	7335	3815	1	14	1.5111E7
0	7349	3813	1	14	1.5112E7
0	7362	3810	1	14	1.5113E7
0	7376	3808	1	13	1.5114E7
0	7390	3805	1	14	1.5115E7
0	7404	3803	1	14	1.5116E7
0	7417	3800	1	14	1.5117E7
0	7431	3798	1	14	1.5118E7
0	7445	3795	1	14	1.5119E7
0	7459	3792	1	14	1.512E7
0	7472	3790	1	13	1.5121E7
0	7486	3787	1	13	1.5122E7
0	7500	3785	1	14	1.5123E7
0	7514	3782	1	13	1.5124E7
0	7528	3780	1	14	1.5125E7
0	7541	3777	1	13	1.5126E7
0	7555	3774	1	14	1.5127E7
0	7569	3772	1	13	1.5128E7
0	7583	3769	1	14	1.5129E7
0	7596	3764	1	13	1.513E7
0	7609	3761	1	14	1.5131E7
0	7623	3758	1	14	1.5132E7
0	7637	3756	1	13	1.5133E7
0	7651	3753	1	14	1.5134E7
0	7664	3750	1	14	1.5135E7
0	7678	3748	1	14	1.5136E7
0	7692	3745	1	14	1.5137E7
0	7706	3742	1	13	1.5138E7
0	7719	3740	1	14	1.5139E7
0	7733	3737	1	14	1.514E7
0	7747	3734	1	14	1.5141E7
0	7761	3731	1	13	1.5142E7
0	7774	3729	1	14	1.5143E7
0	7788	3726	1	14	1.5144E7
0	7802	3723	1	13	1.5145E7
0	7815	3720	1	13	1.5146E7
0	7829	3717	1	14	1.5147E7
0	7843	3714	1	13	1.5148E7
0	7856	3711	1	14	1.5149E7
0	7870	3708	1	13	1.515E7
0	7882	3705	1	10	1.5151E7
0	7891	3703	1	7	1.5152E7
0	7897	3702	1	4	1.5153E7
0	7900	3700	1	4	1.5154E7
0	7904	3697	2	6	1.5155E7
0	7906	3689	2	8	1.5156E7
0	7905	3680	3	10	1.5157E7
0	7904	3669	3	12	1.5158E7
0	7905	3656	3	13	1.5159E7
0	7906	3642	3	13	1.516E7
0	7909	3628	3	13	1.5161E7
0	7917	3615	3	13	1.5162E7
0	7921	3601	3	13	1.5163E7
0	7926	3588	3	13	1.5164E7
0	7930	3575	3	14	1.5165E7
0	7935	3562	3	13	1.5166E7
0	7940	3549	3	14	1.5167E7
0	7945	3536	3	14	1.5168E7
0	7949	3523	3	14	1.5169E7
0	7954	3509	3	13	1.517E7
0	7959	3496	3	13	1.5171E7
0	7964	3483	3	13	1.5172E7
0	7968	3471	3	11	1.5173E7
0	7972	3462	3	8	1.5174E7
0	7974	3455	3	5	1.5175E7
0	7975	3451	3	3	1.5176E7
0	7976	3449	3	0	1.5177E7
0	7976	3449	3	0	1.5178E7
0	7976	3449	3	0	1.5179E7
0	7976	3449	3	0	1.518E7
0	7976	3449	3	0	1.5181E7
0	7976	3449	3	0	1.5182E7
0	7976	3449	3	0	1.5183E7
0	7976	3449	3	0	1.5184E7
0	7976	3449	3	0	1.5185E7
0	7976	3449	3	0	1.5186E7
0	7976	3449	3	0	1.5187E7
0	7976	3449	3	0	1.5188E7
0	7976	3449	3	0	1.5189E7
0	7976	3449	3	0	1.519E7
0	7976	3449	3	0	1.5191E7
0	7976	3449	3	0	1.5192E7
0	7976	3449	3	0	1.5193E7
0	7976	3449	3	0	1.5194E7
0	7976	3449	3	0	1.5195E7
0	7976	3449	3	0	1.5196E7
0	7976	3449	3	1	1.5197E7
0	7977	3447	3	3	1.5198E7
0	7978	3443	3	5	1.5199E7
0	7980	3437	3	7	1.52E7
0	7983	3429	3	9	1.5201E7
0	7987	3420	2	11	1.5202E7
0	7993	3409	2	13	1.5203E7
0	8000	3397	2	14	1.5204E7
0	8007	3385	2	14	1.5205E7
0	8015	3373	2	14	1.5206E7
0	8023	3362	2	14	1.5207E7
0	8032	3352	2	14	1.5208E7
0	8042	3342	2	13	1.5209E7
0	8052	3332	2	13	1.521E7
0	8063	3323	2	14	1.5211E7
0	8073	3314	2	14	1.5212E7
0	8084	3305	2	13	1.5213E7
0	8095	3295	2	13	1.5214E7
0	8105	3286	2	14	1.5215E7
0	8116	3278	2	13	1.5216E7
0	8128	3270	2	13	1.5217E7
0	8139	3261	2	14	1.5218E7
0	8150	3253	2	14	1.5219E7
0	8161	3244	2	13	1.522E7
0	8171	3235	2	14	1.5221E7
0	8182	3226	2	13	1.5222E7
0	8193	3218	2	13	1.5223E7
0	8204	3209	2	13	1.5224E7
0	8216	3201	2	13	1.5225E7
0	8227	3193	2	14	1.5226E7
0	8239	3185	2	14	1.5227E7
0	8250	3177	2	14	1.5228E7
0	8262	3170	2	13	1.5229E7
0	8274	3162	2	13	1.523E7
0	8286	3154	2	14	1.5231E7
0	8298	3147	2	14	1.5232E7
0	8310	3140	2	14	1.5233E7
0	8321	3132	2	14	1.5234E7
0	8333	3125	2	13	1.5235E7
0	8345	3118	2	13	1.5236E7
0	8357	3110	2	13	1.5237E7
0	8369	3103	2	13	1.5238E7
0	8381	3096	2	14	1.5239E7
0	8393	3088	2	13	1.524E7
0	8405	3081	2	13	1.5241E7
0	8417	3073	2	14	1.5242E7
0	8429	3066	2	14	1.5243E7
0	8441	3059	2	14	1.5244E7
0	8453	3052	2	13	1.5245E7
0	8465	3045	2	14	1.5246E7
0	8477	3037	2	14	1.5247E7
0	8487	3031	2	10	1.5248E7
0	8494	3026	2	7	1.5249E7
0	8499	3023	2	4	1.525E7
0	8502	3021	2	2	1.5251E7
0	8503	3020	2	0	1.5252E7
0	8503	3020	2	0	1.5253E7
0	8503	3020	2	0	1.5254E7
0	8503	3020	2	0	1.5255E7
0	8503	3020	2	0	1.5256E7
0	8503	3020	2	0	1.5257E7
0	8503	3020	2	0	1.5258E7
0	8503	3020	2	0	1.5259E7
0	8503	3020	2	0	1.526E7
0	8503	3020	2	0	1.5261E7
0	8503	3020	2	0	1.5262E7
0	8503	3020	2	0	1.5263E7
0	8503	3020	2	0	1.5264E7
0	8503	3020	2	0	1.5265E7
0	8503	3020	2	0	1.5266E7
0	8503	3020	2	0	1.5267E7
0	8503	3020	2	0	1.5268E7
0	8503	3020	2	0	1.5269E7
0	8503	3020	2	0	1.527E7
0	8503	3020	2	0	1.5271E7
0	8504	3020	2	1	1.5272E7
0	8506	3018	2	3	1.5273E7
0	8510	3015	2	5	1.5274E7
0	8516	3012	2	7	1.5275E7
0	8523	3007	2	9	1.5276E7
0	8531	3002	2	11	1.5277E7
0	8542	2995	2	13	1.5278E7
0	8554	2988	2	14	1.5279E7
0	8566	2981	2	14	1.528E7
0	8578	2973	2	14	1.5281E7
0	8590	2966	2	13	1.5282E7
0	8599	2969	8	13	1.5283E7
0	8606	2982	8	14	1.5284E7
0	8613	2994	8	14	1.5285E7
0	8620	3006	8	13	1.5286E7
0	8628	3018	8	14	1.5287E7
0	8635	3030	8	14	1.5288E7
0	8642	3042	8	14	1.5289E7
0	8649	3054	8	13	1.529E7
0	8656	3066	8	14	1.5291E7
0	8663	3078	8	14	1.5292E7
0	8670	3090	8	12	1.5293E7
0	8675	3099	8	8	1.5294E7
0	8678	3106	8	6	1.5295E7
0	8681	3110	8	3	1.5296E7
0	8682	3112	8	0	1.5297E7
0	8682	3112	8	0	1.5298E7
0	8682	3112	8	0	1.5299E7
0	8682	3112	8	0	1.53E7
0	8682	3112	8	0	1.5301E7
0	8682	3112	8	0	1.5302E7
0	8682	3112	8	0	1.5303E7
0	8682	3112	8	0	1.5304E7
0	8682	3112	8	0	1.5305E7
0	8682	3112	8	0	1.5306E7
0	8682	3112	8	0	1.5307E7
0	8682	3112	8	0	1.5308E7
0	8682	3112	8	0	1.5309E7
0	8682	3112	8	0	1.531E7
0	8682	3112	8	0	1.5311E7
0	8682	3112	8	0	1.5312E7
0	8682	3112	8	0	1.5313E7
0	8682	3112	8	0	1.5314E7
0	8682	3112	8	0	1.5315E7
0	8682	3112	8	0	1.5316E7
0	8682	3112	8	0	1.5317E7
0	8683	3114	8	3	1.5318E7
0	8685	3117	8	5	1.5319E7
0	8689	3122	8	6	1.532E7
0	8693	3129	8	8	1.5321E7
0	8697	3136	8	6	1.5322E7
0	8700	3140	8	4	1.5323E7
0	8702	3143	8	5	1.5324E7
0	8703	3149	8	7	1.5325E7
0	8702	3156	7	8	1.5326E7
0	8704	3169	7	10	1.5327E7
0	8717	3177	8	12	1.5328E7
0	8727	3187	8	13	1.5329E7
0	8734	3199	8	13	1.533E7
0	8742	3211	8	14	1.5331E7
0	8749	3223	8	14	1.5332E7
0	8756	3235	8	13	1.5333E7
0	8763	3247	8	14	1.5334E7
0	8770	3259	8	14	1.5335E7
0	8777	3271	8	13	1.5336E7
0	8785	3283	8	13	1.5337E7
0	8792	3295	8	13	1.5338E7
0	8799	3307	8	14	1.5339E7
0	8806	3319	8	14	1.534E7
0	8813	3331	8	13	1.5341E7
0	8820	3343	8	13	1.5342E7
0	8828	3355	8	13	1.5343E7
0	8836	3367	8	14	1.5344E7
0	8843	3378	8	11	1.5345E7
0	8849	3386	8	9	1.5346E7
0	8854	3394	8	10	1.5347E7
0	8861	3404	8	12	1.5348E7
0	8868	3416	8	14	1.5349E7
0	8875	3428	8	14	1.535E7
0	8881	3440	8	14	1.5351E7
0	8887	3453	8	13	1.5352E7
0	8894	3465	8	14	1.5353E7
0	8900	3478	8	13	1.5354E7
0	8907	3490	8	14	1.5355E7
0	8914	3502	8	14	1.5356E7
0	8921	3514	8	14	1.5357E7
0	8928	3526	8	14	1.5358E7
0	8934	3539	8	13	1.5359E7
0	8941	3551	8	14	1.536E7
0	8947	3564	8	13	1.5361E7
0	8955	3575	8	14	1.5362E7
0	8968	3571	1	14	1.5363E7
0	8981	3566	2	14	1.5364E7
0	8994	3560	2	14	1.5365E7
0	9005	3555	2	10	1.5366E7
0	9013	3551	2	7	1.5367E7
0	9019	3548	2	4	1.5368E7
0	9022	3547	2	2	1.5369E7
0	9023	3546	2	0	1.537E7
0	9023	3546	2	0	1.5371E7
0	9023	3546	2	0	1.5372E7
0	9023	3546	2	0	1.5373E7
0	9023	3546	2	0	1.5374E7
0	9023	3546	2	0	1.5375E7
0	9023	3546	2	0	1.5376E7
0	9023	3546	2	0	1.5377E7
0	9023	3546	2	0	1.5378E7
0	9023	3546	2	0	1.5379E7
0	9023	3546	2	0	1.538E7
0	9023	3546	2	0	1.5381E7
0	9023	3546	2	0	1.5382E7
0	9023	3546	2	0	1.5383E7
0	9023	3546	2	0	1.5384E7
0	9023	3546	2	0	1.5385E7
0	9023	3546	2	0	1.5386E7
0	9023	3546	2	0	1.5387E7
0	9023	3546	2	0	1.5388E7
0	9023	3546	2	0	1.5389E7
0	9024	3546	2	1	1.539E7
0	9026	3544	2	3	1.5391E7
0	9031	3542	2	5	1.5392E7
0	9037	3539	2	7	1.5393E7
0	9045	3534	2	9	1.5394E7
0	9054	3529	2	12	1.5395E7
0	9066	3523	2	13	1.5396E7
0	9078	3516	2	13	1.5397E7
0	9090	3509	2	13	1.5398E7
0	9102	3501	2	14	1.5399E7
0	9114	3494	2	14	1.54E7
0	9126	3487	2	14	1.5401E7
0	9138	3480	2	14	1.5402E7
0	9150	3472	2	14	1.5403E7
0	9162	3465	2	13	1.5404E7
0	9174	3458	2	13	1.5405E7
0	9186	3451	2	14	1.5406E7
0	9198	3443	2	14	1.5407E7
0	9210	3436	2	13	1.5408E7
0	9222	3429	2	14	1.5409E7
0	9234	3422	2	14	1.541E7
0	9246	3415	2	13	1.5411E7
0	9259	3408	2	14	1.5412E7
0	9271	3401	2	13	1.5413E7
0	9283	3394	2	13	1.5414E7
0	9295	3388	2	13	1.5415E7
0	9307	3381	2	14	1.5416E7
0	9319	3374	2	14	1.5417E7
0	9332	3367	2	14	1.5418E7
0	9344	3360	2	14	1.5419E7
0	9356	3353	2	13	1.542E7
0	9368	3346	2	13	1.5421E7
0	9378	3340	2	9	1.5422E7
0	9384	3335	2	6	1.5423E7
0	9389	3332	2	4	1.5424E7
0	9391	3330	2	1	1.5425E7
0	9392	3330	2	0	1.5426E7
0	9392	3330	2	0	1.5427E7
0	9392	3330	2	0	1.5428E7
0	9392	3330	2	0	1.5429E7
0	9392	3330	2	0	1.543E7
0	9392	3330	2	0	1.5431E7
0	9392	3330	2	0	1.5432E7
0	9392	3330	2	0	1.5433E7
0	9392	3330	2	0	1.5434E7
0	9392	3330	2	0	1.5435E7
0	9392	3330	2	0	1.5436E7
0	9392	3330	2	0	1.5437E7
0	9392	3330	2	0	1.5438E7
0	9392	3330	2	0	1.5439E7
0	9392	3330	2	0	1.544E7
0	9392	3330	2	0	1.5441E7
0	9392	3330	2	0	1.5442E7
0	9392	3330	2	0	1.5443E7
0	9392	3330	2	0	1.5444E7
0	9392	3330	2	0	1.5445E7
0	9393	3329	2	2	1.5446E7
0	9396	3327	2	4	1.5447E7
0	9401	3324	2	6	1.5448E7
0	9407	3320	2	8	1.5449E7
0	9415	3315	2	10	1.545E7
0	9424	3309	2	12	1.5451E7
0	9434	3300	2	13	1.5452E7
0	9445	3291	2	14	1.5453E7
0	9456	3282	2	13	1.5454E7
0	9466	3273	2	13	1.5455E7
0	9475	3265	2	10	1.5456E7
0	9482	3259	2	7	1.5457E7
0	9486	3255	2	4	1.5458E7
0	9489	3253	2	2	1.5459E7
0	9490	3253	2	0	1.546E7
0	9490	3253	2	0	1.5461E7
0	9490	3253	2	0	1.5462E7
0	9490	3253	2	0	1.5463E7
0	9490	3253	2	0	1.5464E7
0	9490	3253	2	0	1.5465E7
0	9490	3253	2	0	1.5466E7
0	9490	3253	2	0	1.5467E7
0	9490	3253	2	0	1.5468E7
0	9490	3253	2	0	1.5469E7
0	9490	3253	2	0	1.547E7
0	9490	3253	2	0	1.5471E7
0	9490	3253	2	0	1.5472E7
0	9490	3253	2	0	1.5473E7
0	9490	3253	2	0	1.5474E7
0	9490	3253	2	0	1.5475E7
0	9490	3253	2	0	1.5476E7
0	9490	3253	2	0	1.5477E7
0	9490	3253	2	0	1.5478E7
0	9490	3253	2	0	1.5479E7
0	9490	3252	2	2	1.548E7
0	9493	3250	2	4	1.5481E7
0	9497	3246	2	6	1.5482E7
0	9502	3241	2	7	1.5483E7
0	9508	3235	2	9	1.5484E7
0	9515	3228	2	8	1.5485E7
0	9520	3224	2	5	1.5486E7
0	9522	3220	2	3	1.5487E7
0	9526	3217	2	6	1.5488E7
0	9531	3211	2	8	1.5489E7
0	9538	3206	2	10	1.549E7
0	9547	3199	2	11	1.5491E7
0	9557	3191	2	13	1.5492E7
0	9568	3182	2	14	1.5493E7
0	9579	3173	2	14	1.5494E7
0	9588	3163	2	13	1.5495E7
0	9597	3152	2	14	1.5496E7
0	9607	3142	2	14	1.5497E7
0	9615	3131	2	13	1.5498E7
0	9622	3118	2	13	1.5499E7
0	9628	3106	2	14	1.55E7
0	9635	3093	2	14	1.5501E7
0	9641	3081	2	13	1.5502E7
0	9648	3069	2	14	1.5503E7
0	9654	3056	2	14	1.5504E7
0	9661	3044	2	13	1.5505E7
0	9667	3032	2	13	1.5506E7
0	9674	3019	2	13	1.5507E7
0	9681	3007	2	14	1.5508E7
0	9689	2995	2	13	1.5509E7
0	9698	2985	2	14	1.551E7
0	9706	2974	2	13	1.5511E7
0	9715	2963	2	14	1.5512E7
0	9724	2952	2	14	1.5513E7
0	9733	2941	2	13	1.5514E7
0	9741	2930	2	13	1.5515E7
0	9750	2919	2	13	1.5516E7
0	9758	2909	2	11	1.5517E7
0	9765	2902	2	8	1.5518E7
0	9769	2897	2	5	1.5519E7
0	9771	2894	2	3	1.552E7
0	9772	2892	2	0	1.5521E7
0	9772	2892	2	0	1.5522E7
0	9772	2892	2	0	1.5523E7
0	9772	2892	2	0	1.5524E7
0	9772	2892	2	0	1.5525E7
0	9772	2892	2	0	1.5526E7
0	9772	2892	2	0	1.5527E7
0	9772	2892	2	0	1.5528E7
0	9772	2892	2	0	1.5529E7
0	9772	2892	2	0	1.553E7
0	9772	2892	2	0	1.5531E7
0	9772	2892	2	0	1.5532E7
0	9772	2892	2	0	1.5533E7
0	9772	2892	2	0	1.5534E7
0	9772	2892	2	0	1.5535E7
0	9772	2892	2	0	1.5536E7
0	9772	2892	2	0	1.5537E7
0	9772	2892	2	0	1.5538E7
0	9772	2892	2	0	1.5539E7
0	9772	2892	2	0	1.554E7
0	9772	2892	2	1	1.5541E7
0	9774	2890	2	3	1.5542E7
0	9777	2886	2	5	1.5543E7
0	9781	2881	2	7	1.5544E7
0	9787	2874	2	9	1.5545E7
0	9793	2866	2	11	1.5546E7
0	9801	2857	2	12	1.5547E7
0	9809	2846	2	13	1.5548E7
0	9818	2835	2	14	1.5549E7
0	9827	2825	2	13	1.555E7
0	9836	2813	2	14	1.5551E7
0	9843	2802	2	14	1.5552E7
0	9850	2790	2	13	1.5553E7
0	9858	2778	2	13	1.5554E7
0	9865	2766	2	14	1.5555E7
0	9872	2754	2	13	1.5556E7
0	9880	2742	2	14	1.5557E7
0	9889	2731	2	14	1.5558E7
0	9899	2722	2	13	1.5559E7
0	9911	2714	2	13	1.556E7
0	9922	2706	2	14	1.5561E7
0	9934	2698	2	14	1.5562E7
0	9946	2691	2	14	1.5563E7
0	9957	2683	2	14	1.5564E7
0	9969	2675	2	13	1.5565E7
0	9979	2668	2	10	1.5566E7
0	9987	2664	2	7	1.5567E7
0	9992	2661	2	4	1.5568E7
0	9996	2660	2	4	1.5569E7
0	10001	2658	1	6	1.557E7
0	10008	2661	1	6	1.5571E7
0	10011	2663	8	3	1.5572E7
0	10015	2665	8	5	1.5573E7
0	10021	2665	1	7	1.5574E7
0	10029	2661	1	8	1.5575E7
0	10036	2655	2	10	1.5576E7
0	10043	2645	2	12	1.5577E7
0	10053	2637	2	14	1.5578E7
0	10062	2627	2	11	1.5579E7
0	10068	2619	2	8	1.558E7
0	10073	2614	2	5	1.5581E7
0	10076	2610	2	3	1.5582E7
0	10077	2609	2	0	1.5583E7
0	10077	2609	2	0	1.5584E7
0	10077	2609	2	0	1.5585E7
0	10077	2609	2	0	1.5586E7
0	10077	2609	2	0	1.5587E7
0	10077	2609	2	0	1.5588E7
0	10077	2609	2	0	1.5589E7
0	10077	2609	2	0	1.559E7
0	10077	2609	2	0	1.5591E7
0	10077	2609	2	0	1.5592E7
0	10077	2609	2	0	1.5593E7
0	10077	2609	2	0	1.5594E7
0	10077	2609	2	0	1.5595E7
0	10077	2609	2	0	1.5596E7
0	10077	2609	2	0	1.5597E7
0	10077	2609	2	0	1.5598E7
0	10077	2609	2	0	1.5599E7
0	10077	2609	2	0	1.56E7
0	10077	2609	2	0	1.5601E7
0	10077	2609	2	0	1.5602E7
0	10077	2608	2	1	1.5603E7
0	10078	2606	2	3	1.5604E7
0	10081	2603	2	5	1.5605E7
0	10084	2598	2	6	1.5606E7
0	10089	2591	2	8	1.5607E7
0	10094	2583	2	10	1.5608E7
0	10101	2573	2	13	1.5609E7
0	10109	2561	2	13	1.561E7
0	10116	2552	2	10	1.5611E7
0	10122	2545	2	7	1.5612E7
0	10126	2541	2	4	1.5613E7
0	10128	2538	2	4	1.5614E7
0	10133	2535	2	6	1.5615E7
0	10141	2536	1	8	1.5616E7
0	10149	2542	8	10	1.5617E7
0	10158	2550	8	12	1.5618E7
0	10169	2558	8	13	1.5619E7
0	10180	2567	8	13	1.562E7
0	10191	2575	8	14	1.5621E7
0	10202	2584	8	12	1.5622E7
0	10210	2590	8	9	1.5623E7
0	10216	2594	8	6	1.5624E7
0	10220	2597	8	3	1.5625E7
0	10224	2598	8	5	1.5626E7
0	10230	2596	1	7	1.5627E7
0	10236	2591	2	9	1.5628E7
0	10243	2584	2	11	1.5629E7
0	10253	2576	2	13	1.563E7
0	10263	2567	2	14	1.5631E7
0	10273	2557	2	14	1.5632E7
0	10284	2548	2	14	1.5633E7
0	10294	2539	2	13	1.5634E7
0	10305	2530	2	14	1.5635E7
0	10315	2520	2	14	1.5636E7
0	10326	2511	2	13	1.5637E7
0	10336	2502	2	12	1.5638E7
0	10344	2495	2	9	1.5639E7
0	10350	2489	2	6	1.564E7
0	10354	2486	2	4	1.5641E7
0	10356	2484	2	1	1.5642E7
0	10356	2484	2	0	1.5643E7
0	10356	2484	2	0	1.5644E7
0	10356	2484	2	0	1.5645E7
0	10356	2484	2	0	1.5646E7
0	10356	2484	2	0	1.5647E7
0	10356	2484	2	0	1.5648E7
0	10356	2484	2	0	1.5649E7
0	10356	2484	2	0	1.565E7
0	10356	2484	2	0	1.5651E7
0	10356	2484	2	0	1.5652E7
0	10356	2484	2	0	1.5653E7
0	10356	2484	2	0	1.5654E7
0	10356	2484	2	0	1.5655E7
0	10356	2484	2	0	1.5656E7
0	10356	2484	2	0	1.5657E7
0	10356	2484	2	0	1.5658E7
0	10356	2484	2	0	1.5659E7
0	10356	2484	2	0	1.566E7
0	10356	2484	2	0	1.5661E7
0	10356	2484	2	0	1.5662E7
0	10358	2482	2	2	1.5663E7
0	10361	2480	2	4	1.5664E7
0	10365	2476	2	6	1.5665E7
0	10371	2471	2	8	1.5666E7
0	10378	2465	2	10	1.5667E7
0	10386	2458	2	12	1.5668E7
0	10396	2449	2	14	1.5669E7
0	10407	2440	2	14	1.567E7
0	10417	2430	2	14	1.5671E7
0	10428	2421	2	14	1.5672E7
0	10438	2412	2	14	1.5673E7
0	10449	2403	2	14	1.5674E7
0	10459	2393	2	14	1.5675E7
0	10470	2384	2	14	1.5676E7
0	10480	2375	2	13	1.5677E7
0	10491	2365	2	14	1.5678E7
0	10502	2356	2	13	1.5679E7
0	10512	2347	2	13	1.568E7
0	10523	2338	2	13	1.5681E7
0	10533	2328	2	14	1.5682E7
0	10544	2319	2	14	1.5683E7
0	10554	2310	2	13	1.5684E7
0	10565	2301	2	14	1.5685E7
0	10575	2291	2	14	1.5686E7
0	10585	2283	2	12	1.5687E7
0	10593	2276	2	9	1.5688E7
0	10599	2271	2	6	1.5689E7
0	10603	2268	2	3	1.569E7
0	10605	2266	2	0	1.5691E7
0	10605	2266	2	0	1.5692E7
0	10605	2266	2	0	1.5693E7
0	10605	2266	2	0	1.5694E7
0	10605	2266	2	0	1.5695E7
0	10605	2266	2	0	1.5696E7
0	10605	2266	2	0	1.5697E7
0	10605	2266	2	0	1.5698E7
0	10605	2266	2	0	1.5699E7
0	10605	2266	2	0	1.57E7
0	10605	2266	2	0	1.5701E7
0	10605	2266	2	0	1.5702E7
0	10605	2266	2	0	1.5703E7
0	10605	2266	2	0	1.5704E7
0	10605	2266	2	0	1.5705E7
0	10605	2266	2	0	1.5706E7
0	10605	2266	2	0	1.5707E7
0	10605	2266	2	0	1.5708E7
0	10605	2266	2	0	1.5709E7
0	10605	2266	2	0	1.571E7
0	10605	2266	2	0	1.5711E7
0	10606	2265	2	2	1.5712E7
0	10609	2262	2	4	1.5713E7
0	10613	2259	2	6	1.5714E7
0	10619	2253	2	8	1.5715E7
0	10626	2247	2	10	1.5716E7
0	10634	2239	2	12	1.5717E7
0	10645	2230	2	13	1.5718E7
0	10655	2221	2	14	1.5719E7
0	10666	2212	2	14	1.572E7
0	10676	2202	2	14	1.5721E7
0	10687	2193	2	14	1.5722E7
0	10697	2184	2	14	1.5723E7
0	10708	2175	2	14	1.5724E7
0	10718	2165	2	14	1.5725E7
0	10728	2156	2	14	1.5726E7
0	10739	2147	2	14	1.5727E7
0	10750	2138	2	13	1.5728E7
0	10760	2129	2	14	1.5729E7
0	10771	2120	2	11	1.573E7
0	10780	2116	2	8	1.5731E7
0	10787	2113	2	5	1.5732E7
0	10791	2113	1	3	1.5733E7
0	10795	2112	1	5	1.5734E7
0	10802	2110	1	7	1.5735E7
0	10806	2104	2	9	1.5736E7
0	10807	2093	3	11	1.5737E7
0	10807	2081	3	13	1.5738E7
0	10807	2067	3	14	1.5739E7
0	10806	2054	3	14	1.574E7
0	10803	2040	3	14	1.5741E7
0	10796	2028	4	13	1.5742E7
0	10787	2017	4	13	1.5743E7
0	10779	2006	4	14	1.5744E7
0	10771	1996	4	11	1.5745E7
0	10765	1989	4	8	1.5746E7
0	10761	1984	4	5	1.5747E7
0	10759	1980	4	3	1.5748E7
0	10756	1976	4	6	1.5749E7
0	10758	1968	3	7	1.575E7
0	10764	1962	2	9	1.5751E7
0	10770	1953	2	11	1.5752E7
0	10772	1940	3	13	1.5753E7
0	10770	1928	3	10	1.5754E7
0	10766	1921	4	7	1.5755E7
0	10762	1916	4	4	1.5756E7
0	10759	1914	4	4	1.5757E7
0	10755	1910	4	6	1.5758E7
0	10749	1907	4	8	1.5759E7
0	10740	1906	5	10	1.576E7
0	10729	1905	5	9	1.5761E7
0	10721	1907	5	6	1.5762E7
0	10717	1910	5	4	1.5763E7
0	10713	1912	6	5	1.5764E7
0	10708	1910	5	7	1.5765E7
0	10702	1905	4	8	1.5766E7
0	10695	1897	4	10	1.5767E7
0	10687	1888	4	12	1.5768E7
0	10678	1878	4	14	1.5769E7
0	10669	1867	4	14	1.577E7
0	10660	1856	4	14	1.5771E7
0	10651	1845	4	14	1.5772E7
0	10643	1835	4	13	1.5773E7
0	10633	1824	4	13	1.5774E7
0	10623	1815	4	13	1.5775E7
0	10613	1805	4	13	1.5776E7
0	10602	1796	4	14	1.5777E7
0	10591	1788	4	14	1.5778E7
0	10578	1782	4	14	1.5779E7
0	10566	1776	4	14	1.578E7
0	10553	1770	4	14	1.5781E7
0	10540	1764	4	13	1.5782E7
0	10527	1759	4	13	1.5783E7
0	10515	1753	4	13	1.5784E7
0	10502	1747	4	14	1.5785E7
0	10489	1742	5	14	1.5786E7
0	10476	1736	5	14	1.5787E7
0	10463	1731	5	13	1.5788E7
0	10451	1726	5	14	1.5789E7
0	10437	1722	5	14	1.579E7
0	10424	1718	5	14	1.5791E7
0	10410	1717	5	14	1.5792E7
0	10396	1717	5	13	1.5793E7
0	10383	1721	5	13	1.5794E7
0	10371	1728	6	13	1.5795E7
0	10361	1737	6	13	1.5796E7
0	10350	1746	6	14	1.5797E7
0	10340	1755	6	14	1.5798E7
0	10329	1764	6	13	1.5799E7
0	10319	1773	6	13	1.58E7
0	10308	1782	6	13	1.5801E7
0	10298	1792	6	14	1.5802E7
0	10285	1799	6	14	1.5803E7
0	10275	1808	6	13	1.5804E7
0	10265	1818	6	14	1.5805E7
0	10254	1827	6	13	1.5806E7
0	10244	1837	6	13	1.5807E7
0	10234	1846	6	14	1.5808E7
0	10223	1856	6	14	1.5809E7
0	10213	1865	6	14	1.581E7
0	10203	1875	6	13	1.5811E7
0	10193	1884	6	13	1.5812E7
0	10182	1894	6	14	1.5813E7
0	10172	1903	6	13	1.5814E7
0	10164	1911	6	10	1.5815E7
0	10157	1917	6	6	1.5816E7
0	10153	1920	6	4	1.5817E7
0	10151	1922	6	2	1.5818E7
0	10151	1923	6	0	1.5819E7
0	10151	1923	6	0	1.582E7
0	10151	1923	6	0	1.5821E7
0	10151	1923	6	0	1.5822E7
0	10151	1923	6	0	1.5823E7
0	10151	1923	6	0	1.5824E7
0	10151	1923	6	0	1.5825E7
0	10151	1923	6	0	1.5826E7
0	10151	1923	6	0	1.5827E7
0	10151	1923	6	0	1.5828E7
0	10151	1923	6	0	1.5829E7
0	10151	1923	6	0	1.583E7
0	10151	1923	6	0	1.5831E7
0	10151	1923	6	0	1.5832E7
0	10151	1923	6	0	1.5833E7
0	10151	1923	6	0	1.5834E7
0	10151	1923	6	0	1.5835E7
0	10151	1923	6	0	1.5836E7
0	10151	1923	6	0	1.5837E7
0	10153	1925	6	0	1.5838E7
0	10152	1926	6	2	1.5839E7
0	10149	1928	6	4	1.584E7
0	10145	1932	6	6	1.5841E7
0	10139	1937	6	8	1.5842E7
0	10134	1942	6	5	1.5843E7
0	10131	1944	6	3	1.5844E7
0	10129	1949	6	5	1.5845E7
0	10132	1955	7	7	1.5846E7
0	10138	1962	8	9	1.5847E7
0	10145	1970	8	11	1.5848E7
0	10154	1980	8	13	1.5849E7
0	10163	1990	8	14	1.585E7
0	10172	2000	8	14	1.5851E7
0	10182	2011	8	14	1.5852E7
0	10191	2021	8	13	1.5853E7
0	10200	2032	8	13	1.5854E7
0	10209	2042	8	14	1.5855E7
0	10219	2053	8	14	1.5856E7
0	10228	2063	8	13	1.5857E7
0	10237	2074	8	13	1.5858E7
0	10247	2084	8	13	1.5859E7
0	10255	2094	8	12	1.586E7
0	10262	2102	8	9	1.5861E7
0	10267	2108	8	6	1.5862E7
0	10270	2112	8	3	1.5863E7
0	10272	2114	8	0	1.5864E7
0	10272	2114	8	0	1.5865E7
0	10272	2114	8	0	1.5866E7
0	10272	2114	8	0	1.5867E7
0	10272	2114	8	0	1.5868E7
0	10272	2114	8	0	1.5869E7
0	10272	2114	8	0	1.587E7
0	10272	2114	8	0	1.5871E7
0	10272	2114	8	0	1.5872E7
0	10272	2114	8	0	1.5873E7
0	10272	2114	8	0	1.5874E7
0	10272	2114	8	0	1.5875E7
0	10272	2114	8	0	1.5876E7
0	10272	2114	8	0	1.5877E7
0	10272	2114	8	0	1.5878E7
0	10272	2114	8	0	1.5879E7
0	10272	2114	8	0	1.588E7
0	10272	2114	8	0	1.5881E7
0	10272	2114	8	0	1.5882E7
0	10272	2114	8	0	1.5883E7
0	10272	2114	8	0	1.5884E7
0	10273	2115	8	2	1.5885E7
0	10276	2118	8	4	1.5886E7
0	10280	2122	8	6	1.5887E7
0	10285	2128	8	8	1.5888E7
0	10291	2135	8	10	1.5889E7
0	10299	2144	8	12	1.589E7
0	10308	2154	8	14	1.5891E7
0	10317	2165	8	14	1.5892E7
0	10327	2175	8	14	1.5893E7
