9424002.149139846
9424002.149140969
9424006.0
9424016.0
9424026.0
9424036.0
9424046.0
9424056.0
9424066.0
9424076.0
9424086.0
9424096.0
9424106.0
9424116.0
9424126.0
9424136.0
9424146.0
9424156.0
9424166.0
9424176.0
9424186.0
9424196.0
9424206.0
9424216.0
9424226.0
9424236.0
9424246.0
9424256.0
9424266.0
9424276.0
9424286.0
9424296.0
9424298.814814355
9424298.814815478
9424306.0
9424316.0
9424326.0
9424336.0
9424346.0
9424356.0
9424366.0
9424376.0
9424386.0
9424396.0
9424406.0
9424416.0
9424426.0
9424436.0
9424446.0
9424456.0
9424466.0
9424476.0
9424486.0
9424496.0
9424506.0
9424516.0
9424526.0
9424536.0
9424546.0
9424556.0
9424566.0
9424576.0
9424586.0
9424596.0
9424606.0
9424616.0
9424626.0
9424636.0
9424646.0
9424656.0
9424666.0
9424676.0
9424686.0
9424696.0
9424706.0
9424716.0
9424726.0
9424730.814814355
9424730.814815478
9424736.0
9622000.410240615
9622000.410241738
9622006.0
9622010.410240615
9622010.410241738
9622016.0
9622020.410240615
9622020.410241738
9622026.0
9622036.0
9622046.0
9622056.0
9622066.0
9622076.0
9622086.0
9622096.0
9622106.0
9622116.0
9622126.0
9622136.0
9622146.0
9622156.0
9622166.0
9622176.0
9622186.0
9622196.0
9622206.0
9622216.0
9622226.0
9622236.0
9622246.0
9622256.0
9622266.0
9622276.0
9622286.0
9622296.0
9622306.0
9622308.94536474
9622308.945365863
9622316.0
9622326.0
9622336.0
9622346.0
9622356.0
9622366.0
9622376.0
9622386.0
9622396.0
9622406.0
9622416.0
9622426.0
9622436.0
9622446.0
9622456.0
9622466.0
9622476.0
9622486.0
9622496.0
9622506.0
9622516.0
9622526.0
9622536.0
9622546.0
9622556.0
9622566.0
9622576.0
9622586.0
9622596.0
9622606.0
9622616.0
9622626.0
9622636.0
9622646.0
9622656.0
9622666.0
9622676.0
9622686.0
9622696.0
9622706.0
9622716.0
9622726.0
9622736.0
9622746.0
9622756.0
9622766.0
9622776.0
9770006.0
9770013.844280686
9770015.122901274
9770016.0
9770023.844280686
9770026.0
9770033.844280686
9770036.0
9770043.844280686
9770046.0
9770056.0
9770066.0
9770076.0
9770086.0
9770096.0
9770106.0
9770116.0
9770126.0
9770136.0
9770146.0
9770156.0
9770166.0
9770176.0
9770186.0
9770196.0
9770206.0
9770216.0
9770226.0
9770236.0
9770246.0
9770256.0
9770266.0
9770276.0
9770286.0
9770296.0
9770306.0
9770316.0
9770326.0
9770336.0
9770346.0
9770356.0
9770366.0
9770376.0
9770386.0
9770396.0
9770406.0
9770416.0
9770426.0
9770436.0
9770446.0
9770456.0
9770466.0
9770476.0
9770486.0
9770496.0
9770506.0
9770516.0
9770526.0
9770536.0
9770546.0
9770556.0
9770566.0
9770576.0
9770586.0
9770596.0
9770606.0
9770616.0
9770626.0
9770636.0
9770646.0
9770656.0
9770666.0
9770676.0
9770686.0
9770696.0
9770706.0
9770716.0
9770726.0
9770736.0
9770746.0
9770756.0
9770766.0
9770776.0
9770786.0
9770796.0
9770806.0
9770816.0
9770826.0
9770836.0
9770846.0
9770856.0
9770866.0
1.0052006E7
1.0052009740303483E7
1.0052016E7
1.0052019740303483E7
1.0052026E7
1.0052029740303483E7
1.0052036E7
1.0052046E7
1.0052056E7
1.0052066E7
1.0052076E7
1.0052086E7
1.0052096E7
1.0052106E7
1.0052116E7
1.0052126E7
1.0052136E7
1.0052146E7
1.0052156E7
1.0052166E7
1.0052176E7
1.0052186E7
1.0052196E7
1.0052206E7
1.0052216E7
1.0052226E7
1.0052236E7
1.0052246E7
1.0052256E7
1.0052266E7
1.0052276E7
1.0052286E7
1.0052296E7
1.0052306E7
1.0052316E7
1.0052326E7
1.0052336E7
1.0052346E7
1.0052356E7
1.0052366E7
1.0052376E7
1.0052386E7
1.0052396E7
1.0052406E7
1.0052416E7
1.0052426E7
1.0052436E7
1.0052446E7
1.0052456E7
1.0052466E7
1.0052476E7
1.0052486E7
1.0052496E7
1.0052506E7
1.0052516E7
1.0052526E7
1.0052536E7
1.0052546E7
1.0052556E7
1.0052566E7
1.0052576E7
1.0052586E7
1.0052596E7
1.0052606E7
1.0052616E7
1.0052626E7
1.0052636E7
1.0052646E7
1.0052656E7
1.0052666E7
1.0052676E7
1.0052686E7
1.0052696E7
1.0052706E7
1.0052716E7
1.0052726E7
1.0052736E7
1.0052746E7
1.0052756E7
1.0052766E7
1.0052776E7
1.0052786E7
1.0052796E7
1.0052806E7
1.0052816E7
1.0052826E7
1.0052836E7
1.0052846E7
1.0052856E7
1.0052866E7
1.0052876E7
1.0052886E7
1.0052896E7
1.0052906E7
1.0052916E7
1.0052926E7
1.0052936E7
1.0052937070912672E7
1.0052946E7
1.0052956E7
1.0052966E7
1.0052976E7
1.0052986E7
1.0052996E7
1.0053006E7
1.0053016E7
1.0053026E7
1.0053036E7
1.0053046E7
1.0053056E7
1.0053066E7
1.0053076E7
1.0053086E7
1.0053096E7
1.0053106E7
1.0053116E7
1.0053126E7
1.0280002936456176E7
1.0280006E7
1.0280016E7
1.0280026E7
1.0280036E7
1.0280046E7
1.0280056E7
1.0280066E7
1.0280076E7
1.0280086E7
1.0280096E7
1.0280106E7
1.0280116E7
1.0280126E7
1.0280136E7
1.0280146E7
1.0280156E7
1.0280166E7
1.0280176E7
1.0280186E7
1.0280196E7
1.0280206E7
1.0280216E7
1.0280226E7
1.0280236E7
1.0280246E7
1.0280256E7
1.0280266E7
1.0280276E7
1.0280286E7
1.0280296E7
1.0280306E7
1.0280316E7
1.0280326E7
1.0280336E7
1.0280346E7
1.0280356E7
1.0280366E7
1.0280376E7
1.0280386E7
1.0280396E7
1.0280406E7
1.0280416E7
1.0280426E7
1.0280436E7
1.0280446E7
1.0280456E7
1.0280466E7
1.0280476E7
1.0280486E7
1.0280496E7
1.0280506E7
1.0280516E7
1.0280526E7
1.0280536E7
1.0280546E7
1.0280556E7
1.0280566E7
1.0280576E7
1.0280586E7
1.0280596E7
1.0280606E7
1.0280616E7
1.0280626E7
1.0280636E7
1.0280646E7
1.0280656E7
1.0280666E7
1.0280676E7
1.0280686E7
1.0280696E7
1.0280706E7
1.0280716E7
1.0280726E7
1.0280736E7
1.0280746E7
1.0280756E7
1.0280766E7
1.0280776E7
1.0280786E7
1.0280796E7
1.0280806E7
1.0280816E7
1.0280826E7
1.0280836E7
1.0280846E7
1.0280856E7
1.0280866E7
1.0531004235486956E7
1.0531006E7
1.0531016E7
1.0531026E7
1.0531036E7
1.0531046E7
1.0531056E7
1.0531066E7
1.0531076E7
1.0531086E7
1.0531096E7
1.0531106E7
1.0531116E7
1.0531126E7
1.0531136E7
1.0531146E7
1.0531156E7
1.0531166E7
1.0531176E7
1.0531186E7
1.0531196E7
1.0531206E7
1.0531216E7
1.0531226E7
1.0531236E7
1.0531246E7
1.0531256E7
1.0531266E7
1.0531276E7
1.0531286E7
1.0531296E7
1.0531306E7
1.0531316E7
1.0531326E7
1.0531336E7
1.0531346E7
1.0531356E7
1.0531366E7
1.0531376E7
1.0531386E7
1.0531396E7
1.0531406E7
1.0531416E7
1.0531426E7
1.0531436E7
1.0531446E7
1.0531456E7
1.0531466E7
1.0531476E7
1.0531486E7
1.0531496E7
1.0531506E7
1.0531516E7
1.0531526E7
1.0531536E7
1.0531546E7
1.0531556E7
1.0531566E7
1.0531576E7
1.0531586E7
1.0531596E7
1.0531606E7
1.0531616E7
1.0531626E7
1.0531636E7
1.0531646E7
1.0531656E7
1.0531666E7
1.0531676E7
1.0531686E7
1.0531696E7
1.0531706E7
1.0531716E7
1.0531726E7
1.0531736E7
1.0531746E7
1.0531756E7
1.0531766E7
1.0531776E7
1.0531786E7
1.0531796E7
1.0531806E7
1.0531816E7
1.0795003843496533E7
1.0795006E7
1.0795016E7
1.0795026E7
1.0795036E7
1.0795046E7
1.0795056E7
1.0795066E7
1.0795076E7
1.0795086E7
1.0795096E7
1.0795106E7
1.0795116E7
1.0795126E7
1.0795136E7
1.0795146E7
1.0795156E7
1.0795166E7
1.0795176E7
1.0795186E7
1.0795196E7
1.0795206E7
1.0795216E7
1.0795226E7
1.0795236E7
1.0795246E7
1.0795256E7
1.0795266E7
1.0795276E7
1.0795286E7
1.0795296E7
1.0795306E7
1.0795316E7
1.0795326E7
1.0795336E7
1.0795346E7
1.0795356E7
1.0795366E7
1.0795376E7
1.0795386E7
1.0795396E7
1.0795406E7
1.0795416E7
1.0795426E7
1.0795436E7
1.0795446E7
1.0795456E7
1.0795466E7
1.0795476E7
1.0795486E7
1.0795496E7
1.0795506E7
1.0795516E7
1.0795526E7
1.0795536E7
1.0795546E7
1.0795556E7
1.0795566E7
1.0795576E7
1.0795586E7
1.0795596E7
1.0795606E7
1.0795616E7
1.0795626E7
1.0795636E7
1.0795646E7
1.0795656E7
1.0795666E7
1.0795676E7
1.0795686E7
1.0795696E7
1.0795706E7
1.0795716E7
1.0795726E7
1.0795736E7
1.0795746E7
1.0795756E7
1.0795766E7
1.0795776E7
