0	10325	2826	2	0	0.0
0	10325	2826	2	0	1.625E7
0	10327	2826	1	2	1.6251E7
0	10330	2827	1	3	1.6252E7
0	10334	2829	1	5	1.6253E7
0	10341	2829	1	7	1.6254E7
0	10350	2828	1	9	1.6255E7
0	10359	2824	1	11	1.6256E7
0	10369	2815	2	13	1.6257E7
0	10379	2806	2	13	1.6258E7
0	10390	2797	2	13	1.6259E7
0	10400	2787	2	13	1.626E7
0	10410	2779	2	11	1.6261E7
0	10418	2772	2	8	1.6262E7
0	10423	2767	2	5	1.6263E7
0	10427	2764	2	3	1.6264E7
0	10428	2763	2	0	1.6265E7
0	10428	2763	2	0	1.6266E7
0	10428	2763	2	0	1.6267E7
0	10428	2763	2	0	1.6268E7
0	10428	2763	2	0	1.6269E7
0	10428	2763	2	0	1.627E7
0	10428	2763	2	0	1.6271E7
0	10428	2763	2	0	1.6272E7
0	10428	2763	2	0	1.6273E7
0	10428	2763	2	0	1.6274E7
0	10428	2763	2	0	1.6275E7
0	10428	2763	2	0	1.6276E7
0	10428	2763	2	0	1.6277E7
0	10428	2763	2	0	1.6278E7
0	10428	2763	2	0	1.6279E7
0	10428	2763	2	0	1.628E7
0	10428	2763	2	0	1.6281E7
0	10428	2763	2	0	1.6282E7
0	10428	2763	2	0	1.6283E7
0	10428	2763	2	0	1.6284E7
0	10428	2763	2	0	1.6285E7
0	10430	2762	2	3	1.6286E7
0	10433	2759	2	4	1.6287E7
0	10437	2755	2	6	1.6288E7
0	10444	2750	2	8	1.6289E7
0	10451	2743	2	10	1.629E7
0	10461	2736	2	12	1.6291E7
0	10471	2728	2	13	1.6292E7
0	10483	2720	2	13	1.6293E7
0	10494	2712	2	13	1.6294E7
0	10506	2705	2	13	1.6295E7
0	10517	2696	2	13	1.6296E7
0	10526	2686	2	12	1.6297E7
0	10531	2677	2	8	1.6298E7
0	10535	2671	2	6	1.6299E7
0	10536	2667	2	3	1.63E7
0	10536	2662	3	5	1.6301E7
0	10534	2656	3	7	1.6302E7
0	10526	2653	4	9	1.6303E7
0	10515	2653	5	11	1.6304E7
0	10502	2653	5	13	1.6305E7
0	10489	2652	5	13	1.6306E7
0	10475	2652	5	13	1.6307E7
0	10461	2651	5	13	1.6308E7
0	10447	2651	5	13	1.6309E7
0	10433	2650	5	13	1.631E7
0	10419	2649	5	13	1.6311E7
0	10405	2648	5	13	1.6312E7
0	10392	2643	5	13	1.6313E7
0	10378	2642	5	13	1.6314E7
0	10364	2641	5	13	1.6315E7
0	10351	2640	5	13	1.6316E7
0	10337	2639	5	13	1.6317E7
0	10323	2638	5	13	1.6318E7
0	10309	2637	5	13	1.6319E7
0	10296	2634	5	13	1.632E7
0	10283	2629	5	13	1.6321E7
0	10271	2623	4	13	1.6322E7
0	10259	2616	4	13	1.6323E7
0	10247	2608	4	13	1.6324E7
0	10236	2600	4	13	1.6325E7
0	10236	2591	3	12	1.6326E7
0	10244	2584	2	9	1.6327E7
0	10249	2579	2	6	1.6328E7
0	10253	2575	2	3	1.6329E7
0	10255	2572	2	5	1.633E7
0	10253	2566	3	7	1.6331E7
0	10247	2559	4	9	1.6332E7
0	10240	2551	4	11	1.6333E7
0	10232	2542	4	13	1.6334E7
0	10223	2532	4	13	1.6335E7
0	10222	2522	3	13	1.6336E7
0	10233	2513	2	13	1.6337E7
0	10243	2503	2	13	1.6338E7
0	10254	2494	2	13	1.6339E7
0	10264	2485	2	13	1.634E7
0	10274	2476	2	13	1.6341E7
0	10285	2484	8	13	1.6342E7
0	10294	2494	8	12	1.6343E7
0	10301	2502	8	9	1.6344E7
0	10306	2507	8	6	1.6345E7
0	10309	2511	8	3	1.6346E7
0	10312	2514	8	5	1.6347E7
0	10312	2519	7	7	1.6348E7
0	10306	2525	6	9	1.6349E7
0	10298	2532	6	11	1.635E7
0	10288	2540	6	13	1.6351E7
0	10278	2549	6	13	1.6352E7
0	10268	2558	6	13	1.6353E7
0	10257	2567	6	13	1.6354E7
0	10248	2576	6	11	1.6355E7
0	10241	2582	6	7	1.6356E7
0	10236	2586	6	5	1.6357E7
0	10233	2589	6	3	1.6358E7
0	10229	2592	6	6	1.6359E7
0	10226	2599	6	8	1.636E7
0	10232	2606	8	10	1.6361E7
0	10241	2612	8	12	1.6362E7
0	10252	2620	8	13	1.6363E7
0	10264	2626	8	13	1.6364E7
0	10276	2633	8	13	1.6365E7
0	10288	2639	8	13	1.6366E7
0	10302	2642	1	13	1.6367E7
0	10315	2644	1	13	1.6368E7
0	10329	2645	1	13	1.6369E7
0	10343	2646	1	13	1.637E7
0	10356	2650	1	13	1.6371E7
0	10370	2651	1	13	1.6372E7
0	10384	2652	1	13	1.6373E7
0	10398	2654	1	13	1.6374E7
0	10411	2655	1	13	1.6375E7
0	10425	2656	1	13	1.6376E7
0	10439	2657	1	13	1.6377E7
0	10453	2657	1	13	1.6378E7
0	10467	2658	1	13	1.6379E7
0	10481	2659	1	13	1.638E7
0	10495	2659	1	13	1.6381E7
0	10509	2660	1	13	1.6382E7
0	10522	2659	1	13	1.6383E7
0	10532	2665	8	13	1.6384E7
0	10528	2677	6	13	1.6385E7
0	10520	2688	6	13	1.6386E7
0	10510	2698	6	13	1.6387E7
0	10498	2706	6	13	1.6388E7
0	10487	2713	6	13	1.6389E7
0	10475	2721	6	13	1.639E7
0	10464	2729	6	13	1.6391E7
0	10453	2738	6	13	1.6392E7
0	10442	2747	6	13	1.6393E7
0	10432	2755	6	12	1.6394E7
0	10424	2762	6	9	1.6395E7
0	10419	2767	6	6	1.6396E7
0	10415	2770	6	3	1.6397E7
0	10413	2772	6	0	1.6398E7
0	10413	2772	6	0	1.6399E7
0	10413	2772	6	0	1.64E7
0	10413	2772	6	0	1.6401E7
0	10413	2772	6	0	1.6402E7
0	10413	2772	6	0	1.6403E7
0	10413	2772	6	0	1.6404E7
0	10413	2772	6	0	1.6405E7
0	10413	2772	6	0	1.6406E7
0	10413	2772	6	0	1.6407E7
0	10413	2772	6	0	1.6408E7
0	10413	2772	6	0	1.6409E7
0	10413	2772	6	0	1.641E7
0	10413	2772	6	0	1.6411E7
0	10413	2772	6	0	1.6412E7
0	10413	2772	6	0	1.6413E7
0	10413	2772	6	0	1.6414E7
0	10413	2772	6	0	1.6415E7
0	10413	2772	6	0	1.6416E7
0	10413	2772	6	0	1.6417E7
0	10413	2772	6	0	1.6418E7
0	10412	2773	6	2	1.6419E7
0	10409	2776	6	4	1.642E7
0	10404	2779	6	6	1.6421E7
0	10399	2784	6	8	1.6422E7
0	10391	2791	6	10	1.6423E7
0	10383	2798	6	12	1.6424E7
0	10373	2807	6	13	1.6425E7
0	10362	2817	6	13	1.6426E7
0	10352	2824	6	11	1.6427E7
0	10342	2826	5	8	1.6428E7
0	10335	2826	5	5	1.6429E7
0	10331	2824	5	3	1.643E7
0	10327	2823	5	5	1.6431E7
0	10320	2823	5	7	1.6432E7
0	10313	2828	6	9	1.6433E7
0	10305	2835	6	11	1.6434E7
0	10292	2835	5	13	1.6435E7
0	10279	2831	5	13	1.6436E7
0	10269	2822	4	13	1.6437E7
0	10266	2809	3	13	1.6438E7
0	10268	2796	3	13	1.6439E7
0	10275	2784	2	13	1.644E7
0	10288	2779	1	13	1.6441E7
0	10301	2778	1	13	1.6442E7
0	10314	2783	1	13	1.6443E7
0	10321	2795	8	12	1.6444E7
0	10324	2805	7	9	1.6445E7
0	10322	2813	7	6	1.6446E7
0	10321	2818	7	4	1.6447E7
0	10321	2822	7	5	1.6448E7
0	10325	2826	7	7	1.6449E7
0	10333	2829	1	9	1.645E7
0	10343	2829	1	11	1.6451E7
0	10356	2827	1	13	1.6452E7
0	10366	2818	2	13	1.6453E7
0	10376	2808	2	13	1.6454E7
0	10387	2799	2	13	1.6455E7
0	10397	2790	2	13	1.6456E7
0	10408	2781	2	13	1.6457E7
0	10418	2772	2	13	1.6458E7
0	10429	2763	2	13	1.6459E7
0	10439	2753	2	13	1.646E7
0	10450	2745	2	13	1.6461E7
0	10461	2736	2	13	1.6462E7
0	10471	2728	2	13	1.6463E7
0	10483	2720	2	13	1.6464E7
0	10495	2712	2	13	1.6465E7
0	10506	2705	2	13	1.6466E7
0	10517	2696	2	13	1.6467E7
0	10526	2686	2	12	1.6468E7
0	10531	2677	2	8	1.6469E7
0	10535	2671	2	5	1.647E7
0	10536	2667	2	3	1.6471E7
0	10536	2662	3	5	1.6472E7
0	10540	2659	2	7	1.6473E7
0	10549	2659	1	9	1.6474E7
0	10559	2655	1	11	1.6475E7
0	10572	2655	1	13	1.6476E7
0	10586	2654	1	13	1.6477E7
0	10599	2651	1	13	1.6478E7
0	10613	2648	1	13	1.6479E7
0	10626	2645	1	13	1.648E7
0	10640	2642	1	13	1.6481E7
0	10653	2638	1	13	1.6482E7
0	10665	2633	1	13	1.6483E7
0	10678	2626	2	13	1.6484E7
0	10690	2620	2	13	1.6485E7
0	10701	2611	2	13	1.6486E7
0	10711	2603	2	13	1.6487E7
0	10721	2593	2	13	1.6488E7
0	10730	2583	2	13	1.6489E7
0	10737	2571	2	13	1.649E7
0	10744	2559	2	13	1.6491E7
0	10752	2548	2	13	1.6492E7
0	10758	2535	2	13	1.6493E7
0	10762	2522	3	13	1.6494E7
0	10767	2509	3	13	1.6495E7
0	10771	2496	3	13	1.6496E7
0	10773	2482	3	13	1.6497E7
0	10776	2469	3	13	1.6498E7
0	10778	2455	3	13	1.6499E7
0	10779	2441	3	13	1.65E7
0	10780	2427	3	13	1.6501E7
0	10781	2414	3	13	1.6502E7
0	10782	2400	3	13	1.6503E7
0	10783	2386	3	13	1.6504E7
0	10784	2372	3	13	1.6505E7
0	10785	2358	3	13	1.6506E7
0	10786	2344	3	13	1.6507E7
0	10788	2331	3	13	1.6508E7
0	10789	2317	3	13	1.6509E7
0	10791	2303	3	13	1.651E7
0	10792	2289	3	13	1.6511E7
0	10793	2275	3	13	1.6512E7
0	10794	2262	3	13	1.6513E7
0	10795	2248	3	13	1.6514E7
0	10796	2234	3	13	1.6515E7
0	10797	2220	3	13	1.6516E7
0	10798	2206	3	13	1.6517E7
0	10799	2192	3	13	1.6518E7
0	10800	2179	3	13	1.6519E7
0	10801	2165	3	13	1.652E7
0	10802	2151	3	13	1.6521E7
0	10804	2137	3	13	1.6522E7
0	10805	2123	3	13	1.6523E7
0	10806	2110	3	13	1.6524E7
0	10807	2096	3	13	1.6525E7
0	10807	2082	3	13	1.6526E7
0	10807	2068	3	13	1.6527E7
0	10806	2055	3	13	1.6528E7
0	10803	2041	3	13	1.6529E7
0	10796	2029	4	13	1.653E7
0	10788	2019	4	13	1.6531E7
0	10780	2008	4	13	1.6532E7
0	10772	1997	4	11	1.6533E7
0	10766	1990	4	8	1.6534E7
0	10762	1984	4	5	1.6535E7
0	10759	1981	4	3	1.6536E7
0	10756	1977	4	5	1.6537E7
0	10757	1969	3	7	1.6538E7
0	10763	1963	2	9	1.6539E7
0	10769	1954	2	11	1.654E7
0	10772	1942	3	13	1.6541E7
0	10770	1929	3	10	1.6542E7
0	10766	1921	3	7	1.6543E7
0	10762	1917	4	5	1.6544E7
0	10759	1914	4	3	1.6545E7
0	10758	1908	4	6	1.6546E7
0	10750	1903	4	8	1.6547E7
0	10740	1902	5	10	1.6548E7
0	10728	1902	5	12	1.6549E7
0	10715	1907	5	13	1.655E7
0	10704	1902	4	13	1.6551E7
0	10694	1892	4	13	1.6552E7
0	10685	1881	4	13	1.6553E7
0	10677	1870	4	13	1.6554E7
0	10668	1860	4	13	1.6555E7
0	10659	1849	4	13	1.6556E7
0	10650	1838	4	13	1.6557E7
0	10641	1828	4	13	1.6558E7
0	10631	1818	4	13	1.6559E7
0	10621	1808	4	13	1.656E7
0	10611	1799	4	13	1.6561E7
0	10600	1790	4	13	1.6562E7
0	10588	1783	4	13	1.6563E7
0	10575	1777	4	13	1.6564E7
0	10563	1771	4	13	1.6565E7
0	10550	1765	4	13	1.6566E7
0	10538	1760	4	13	1.6567E7
0	10525	1754	4	13	1.6568E7
0	10512	1748	4	13	1.6569E7
0	10500	1742	4	13	1.657E7
0	10487	1737	5	13	1.6571E7
0	10474	1732	5	13	1.6572E7
0	10461	1726	5	13	1.6573E7
0	10448	1721	5	13	1.6574E7
0	10434	1717	5	13	1.6575E7
0	10421	1714	5	13	1.6576E7
0	10407	1714	5	13	1.6577E7
0	10393	1714	5	13	1.6578E7
0	10380	1719	5	13	1.6579E7
0	10368	1726	6	13	1.658E7
0	10357	1735	6	13	1.6581E7
0	10347	1744	6	13	1.6582E7
0	10336	1754	6	13	1.6583E7
0	10325	1763	6	13	1.6584E7
0	10315	1772	6	13	1.6585E7
0	10305	1763	4	13	1.6586E7
0	10296	1753	4	13	1.6587E7
0	10286	1743	4	13	1.6588E7
0	10275	1734	4	13	1.6589E7
0	10265	1725	4	13	1.659E7
0	10254	1717	4	12	1.6591E7
0	10245	1711	4	9	1.6592E7
0	10238	1708	4	6	1.6593E7
0	10233	1706	4	3	1.6594E7
0	10231	1705	4	0	1.6595E7
0	10231	1705	4	0	1.6596E7
0	10231	1705	4	0	1.6597E7
0	10231	1705	4	0	1.6598E7
0	10231	1705	4	0	1.6599E7
0	10231	1705	4	0	1.66E7
0	10231	1705	4	0	1.6601E7
0	10231	1705	4	0	1.6602E7
0	10231	1705	4	0	1.6603E7
0	10231	1705	4	0	1.6604E7
0	10231	1705	4	0	1.6605E7
0	10231	1705	4	0	1.6606E7
0	10231	1705	4	0	1.6607E7
0	10231	1705	4	0	1.6608E7
0	10231	1705	4	0	1.6609E7
0	10231	1705	4	0	1.661E7
0	10231	1705	4	0	1.6611E7
0	10231	1705	4	0	1.6612E7
0	10231	1705	4	0	1.6613E7
0	10231	1705	4	0	1.6614E7
0	10231	1705	4	0	1.6615E7
0	10229	1704	4	2	1.6616E7
0	10226	1703	4	4	1.6617E7
0	10220	1701	5	6	1.6618E7
0	10212	1699	5	8	1.6619E7
0	10203	1696	5	10	1.662E7
0	10191	1693	5	12	1.6621E7
0	10178	1691	5	13	1.6622E7
0	10164	1688	5	13	1.6623E7
0	10150	1686	5	13	1.6624E7
0	10137	1685	5	13	1.6625E7
0	10123	1684	5	13	1.6626E7
0	10109	1683	5	13	1.6627E7
0	10095	1683	5	13	1.6628E7
0	10081	1683	5	13	1.6629E7
0	10067	1683	5	13	1.663E7
0	10053	1683	5	13	1.6631E7
0	10039	1684	5	13	1.6632E7
0	10026	1685	5	13	1.6633E7
0	10012	1686	5	13	1.6634E7
0	9998	1688	5	13	1.6635E7
0	9984	1690	5	13	1.6636E7
0	9970	1692	5	13	1.6637E7
0	9957	1695	5	13	1.6638E7
0	9943	1698	5	13	1.6639E7
0	9931	1700	5	10	1.664E7
0	9923	1702	5	7	1.6641E7
0	9917	1703	5	4	1.6642E7
0	9914	1704	5	2	1.6643E7
0	9913	1704	5	0	1.6644E7
0	9913	1704	5	0	1.6645E7
0	9913	1704	5	0	1.6646E7
0	9913	1704	5	0	1.6647E7
0	9913	1704	5	0	1.6648E7
0	9913	1704	5	0	1.6649E7
0	9913	1704	5	0	1.665E7
0	9913	1704	5	0	1.6651E7
0	9913	1704	5	0	1.6652E7
0	9913	1704	5	0	1.6653E7
0	9913	1704	5	0	1.6654E7
0	9913	1704	5	0	1.6655E7
0	9913	1704	5	0	1.6656E7
0	9913	1704	5	0	1.6657E7
0	9913	1704	5	0	1.6658E7
0	9913	1704	5	0	1.6659E7
0	9913	1704	5	0	1.666E7
0	9913	1704	5	0	1.6661E7
0	9913	1704	5	0	1.6662E7
0	9913	1704	5	0	1.6663E7
0	9912	1704	5	2	1.6664E7
0	9909	1705	5	4	1.6665E7
0	9904	1706	5	5	1.6666E7
0	9898	1708	5	7	1.6667E7
0	9889	1710	5	9	1.6668E7
0	9879	1713	5	11	1.6669E7
0	9867	1717	5	13	1.667E7
0	9854	1722	5	13	1.6671E7
0	9841	1726	5	13	1.6672E7
0	9828	1731	5	13	1.6673E7
0	9815	1737	5	13	1.6674E7
0	9802	1742	5	13	1.6675E7
0	9789	1747	5	13	1.6676E7
0	9776	1752	5	13	1.6677E7
0	9764	1758	5	13	1.6678E7
0	9751	1763	5	13	1.6679E7
0	9738	1769	6	13	1.668E7
0	9726	1775	6	13	1.6681E7
0	9713	1782	6	13	1.6682E7
0	9701	1789	6	13	1.6683E7
0	9689	1795	6	13	1.6684E7
0	9677	1802	6	13	1.6685E7
0	9665	1810	6	13	1.6686E7
0	9653	1817	6	13	1.6687E7
0	9642	1826	6	13	1.6688E7
0	9631	1834	6	13	1.6689E7
0	9621	1843	6	13	1.669E7
0	9610	1852	6	13	1.6691E7
0	9599	1861	6	13	1.6692E7
0	9588	1870	6	13	1.6693E7
0	9578	1879	6	13	1.6694E7
0	9568	1889	6	13	1.6695E7
0	9558	1898	6	13	1.6696E7
0	9548	1908	6	13	1.6697E7
0	9538	1918	6	13	1.6698E7
0	9529	1928	6	13	1.6699E7
0	9520	1939	6	13	1.67E7
0	9511	1950	6	13	1.6701E7
0	9502	1961	6	13	1.6702E7
0	9494	1972	6	13	1.6703E7
0	9487	1984	6	13	1.6704E7
0	9479	1996	6	13	1.6705E7
0	9472	2008	6	13	1.6706E7
0	9466	2020	6	13	1.6707E7
0	9460	2033	6	13	1.6708E7
0	9456	2046	7	13	1.6709E7
0	9452	2059	7	13	1.671E7
0	9451	2073	7	13	1.6711E7
0	9449	2087	7	13	1.6712E7
0	9449	2101	7	13	1.6713E7
0	9451	2115	7	13	1.6714E7
0	9453	2128	7	13	1.6715E7
0	9457	2142	7	13	1.6716E7
0	9462	2155	7	13	1.6717E7
0	9469	2167	8	13	1.6718E7
0	9475	2179	8	13	1.6719E7
0	9482	2191	8	13	1.672E7
0	9490	2203	8	13	1.6721E7
0	9499	2213	8	13	1.6722E7
0	9509	2223	8	13	1.6723E7
0	9519	2233	8	13	1.6724E7
0	9529	2243	8	13	1.6725E7
0	9538	2253	8	13	1.6726E7
0	9544	2264	7	13	1.6727E7
0	9534	2274	6	13	1.6728E7
0	9526	2283	6	11	1.6729E7
0	9520	2290	6	7	1.673E7
0	9516	2295	6	5	1.6731E7
0	9514	2299	6	2	1.6732E7
0	9513	2299	6	0	1.6733E7
0	9513	2299	6	0	1.6734E7
0	9513	2299	6	0	1.6735E7
0	9513	2299	6	0	1.6736E7
0	9513	2299	6	0	1.6737E7
0	9513	2299	6	0	1.6738E7
0	9513	2299	6	0	1.6739E7
0	9513	2299	6	0	1.674E7
0	9513	2299	6	0	1.6741E7
0	9513	2299	6	0	1.6742E7
0	9513	2299	6	0	1.6743E7
0	9513	2299	6	0	1.6744E7
0	9513	2299	6	0	1.6745E7
0	9513	2299	6	0	1.6746E7
0	9513	2299	6	0	1.6747E7
0	9513	2299	6	0	1.6748E7
0	9513	2299	6	0	1.6749E7
0	9513	2299	6	0	1.675E7
0	9513	2299	6	0	1.6751E7
0	9513	2299	6	0	1.6752E7
0	9512	2300	6	1	1.6753E7
0	9511	2302	6	3	1.6754E7
0	9508	2306	6	5	1.6755E7
0	9504	2311	6	7	1.6756E7
0	9499	2318	6	9	1.6757E7
0	9493	2326	6	11	1.6758E7
0	9485	2336	6	13	1.6759E7
0	9477	2347	6	13	1.676E7
0	9469	2358	6	13	1.6761E7
0	9461	2370	6	13	1.6762E7
0	9452	2381	6	13	1.6763E7
0	9444	2392	6	13	1.6764E7
0	9436	2403	6	13	1.6765E7
0	9428	2414	6	13	1.6766E7
0	9419	2425	6	13	1.6767E7
0	9411	2436	6	13	1.6768E7
0	9403	2447	6	13	1.6769E7
0	9394	2458	6	13	1.677E7
0	9384	2468	6	13	1.6771E7
0	9375	2478	6	13	1.6772E7
0	9365	2488	6	13	1.6773E7
0	9354	2497	6	13	1.6774E7
0	9343	2505	6	13	1.6775E7
0	9333	2513	6	11	1.6776E7
0	9325	2519	6	8	1.6777E7
0	9319	2523	6	5	1.6778E7
0	9315	2526	6	3	1.6779E7
0	9313	2527	6	1	1.678E7
0	9313	2528	6	0	1.6781E7
0	9312	2528	6	0	1.6782E7
0	9312	2529	6	0	1.6783E7
0	9312	2529	6	0	1.6784E7
0	9312	2529	6	0	1.6785E7
0	9312	2529	6	0	1.6786E7
0	9312	2529	6	0	1.6787E7
0	9312	2529	6	0	1.6788E7
0	9312	2529	6	0	1.6789E7
0	9312	2529	6	0	1.679E7
0	9312	2529	6	0	1.6791E7
0	9312	2529	6	0	1.6792E7
0	9312	2529	6	0	1.6793E7
0	9312	2529	6	0	1.6794E7
0	9312	2529	6	0	1.6795E7
0	9312	2529	6	0	1.6796E7
0	9312	2529	6	0	1.6797E7
0	9312	2529	6	0	1.6798E7
0	9312	2529	6	0	1.6799E7
0	9312	2529	6	0	1.68E7
0	9312	2529	6	0	1.6801E7
0	9311	2529	6	2	1.6802E7
0	9308	2531	6	4	1.6803E7
0	9303	2534	6	6	1.6804E7
0	9297	2539	6	8	1.6805E7
0	9289	2543	6	9	1.6806E7
0	9280	2549	6	11	1.6807E7
0	9269	2556	6	13	1.6808E7
0	9258	2563	6	12	1.6809E7
0	9249	2568	6	8	1.681E7
0	9242	2572	6	5	1.6811E7
0	9238	2574	6	3	1.6812E7
0	9237	2575	6	0	1.6813E7
0	9237	2575	6	0	1.6814E7
0	9237	2575	6	0	1.6815E7
0	9237	2575	6	0	1.6816E7
0	9237	2575	6	0	1.6817E7
0	9237	2575	6	0	1.6818E7
0	9237	2575	6	0	1.6819E7
0	9237	2575	6	0	1.682E7
0	9237	2575	6	0	1.6821E7
0	9237	2575	6	0	1.6822E7
0	9237	2575	6	0	1.6823E7
0	9237	2575	6	0	1.6824E7
0	9237	2575	6	0	1.6825E7
0	9237	2575	6	0	1.6826E7
0	9237	2575	6	0	1.6827E7
0	9237	2575	6	0	1.6828E7
0	9237	2575	6	0	1.6829E7
0	9237	2575	6	0	1.683E7
0	9237	2575	6	0	1.6831E7
0	9237	2575	6	0	1.6832E7
0	9236	2576	6	0	1.6833E7
0	9234	2577	6	3	1.6834E7
0	9231	2579	6	5	1.6835E7
0	9225	2582	6	7	1.6836E7
0	9220	2589	6	9	1.6837E7
0	9211	2594	6	11	1.6838E7
0	9200	2600	6	13	1.6839E7
0	9188	2606	6	13	1.684E7
0	9176	2613	6	13	1.6841E7
0	9164	2620	6	13	1.6842E7
0	9152	2627	6	13	1.6843E7
0	9140	2634	6	13	1.6844E7
0	9128	2641	6	13	1.6845E7
0	9116	2648	6	13	1.6846E7
0	9104	2654	6	13	1.6847E7
0	9092	2661	6	13	1.6848E7
0	9080	2668	6	13	1.6849E7
0	9068	2675	6	13	1.685E7
0	9056	2683	6	13	1.6851E7
0	9044	2690	6	13	1.6852E7
0	9031	2694	5	13	1.6853E7
0	9018	2701	6	13	1.6854E7
0	9007	2708	6	13	1.6855E7
0	8995	2715	6	13	1.6856E7
0	8983	2722	6	13	1.6857E7
0	8970	2729	6	13	1.6858E7
0	8958	2735	6	13	1.6859E7
0	8946	2743	6	13	1.686E7
0	8935	2749	6	11	1.6861E7
0	8927	2754	6	8	1.6862E7
0	8921	2758	6	5	1.6863E7
0	8917	2760	6	3	1.6864E7
0	8915	2761	6	0	1.6865E7
0	8915	2761	6	0	1.6866E7
0	8915	2761	6	0	1.6867E7
0	8915	2761	6	0	1.6868E7
0	8915	2761	6	0	1.6869E7
0	8915	2761	6	0	1.687E7
0	8915	2761	6	0	1.6871E7
0	8915	2761	6	0	1.6872E7
0	8915	2761	6	0	1.6873E7
0	8915	2761	6	0	1.6874E7
0	8915	2761	6	0	1.6875E7
0	8915	2761	6	0	1.6876E7
0	8915	2761	6	0	1.6877E7
0	8915	2761	6	0	1.6878E7
0	8915	2761	6	0	1.6879E7
0	8915	2761	6	0	1.688E7
0	8915	2761	6	0	1.6881E7
0	8915	2761	6	0	1.6882E7
0	8915	2761	6	0	1.6883E7
0	8915	2761	6	0	1.6884E7
0	8915	2761	6	1	1.6885E7
0	8913	2762	6	3	1.6886E7
0	8909	2764	6	5	1.6887E7
0	8904	2767	6	7	1.6888E7
0	8897	2771	6	8	1.6889E7
0	8888	2776	6	10	1.689E7
0	8879	2782	6	12	1.6891E7
0	8867	2789	6	13	1.6892E7
0	8855	2796	6	13	1.6893E7
0	8843	2803	6	13	1.6894E7
0	8831	2811	6	13	1.6895E7
0	8820	2818	6	13	1.6896E7
0	8808	2825	6	13	1.6897E7
0	8796	2832	6	13	1.6898E7
0	8784	2839	6	13	1.6899E7
0	8772	2846	6	13	1.69E7
0	8760	2853	6	13	1.6901E7
0	8748	2861	6	13	1.6902E7
0	8736	2868	6	13	1.6903E7
0	8725	2875	6	13	1.6904E7
0	8713	2882	6	13	1.6905E7
0	8701	2890	6	13	1.6906E7
0	8689	2897	6	13	1.6907E7
0	8677	2904	6	13	1.6908E7
0	8665	2911	6	13	1.6909E7
0	8653	2918	6	13	1.691E7
0	8641	2925	6	13	1.6911E7
0	8629	2932	6	13	1.6912E7
0	8617	2938	6	13	1.6913E7
0	8605	2945	6	13	1.6914E7
0	8593	2952	6	13	1.6915E7
0	8581	2960	6	13	1.6916E7
0	8569	2967	6	13	1.6917E7
0	8558	2974	6	13	1.6918E7
0	8546	2981	6	13	1.6919E7
0	8534	2989	6	13	1.692E7
0	8522	2996	6	13	1.6921E7
0	8510	3003	6	13	1.6922E7
0	8500	3010	6	11	1.6923E7
0	8492	3016	6	7	1.6924E7
0	8487	3019	6	5	1.6925E7
0	8483	3021	6	3	1.6926E7
0	8482	3022	6	0	1.6927E7
0	8482	3022	6	0	1.6928E7
0	8482	3022	6	0	1.6929E7
0	8482	3022	6	0	1.693E7
0	8482	3022	6	0	1.6931E7
0	8482	3022	6	0	1.6932E7
0	8482	3022	6	0	1.6933E7
0	8482	3022	6	0	1.6934E7
0	8482	3022	6	0	1.6935E7
0	8482	3022	6	0	1.6936E7
0	8482	3022	6	0	1.6937E7
0	8482	3022	6	0	1.6938E7
0	8482	3022	6	0	1.6939E7
0	8482	3022	6	0	1.694E7
0	8482	3022	6	0	1.6941E7
0	8482	3022	6	0	1.6942E7
0	8482	3022	6	0	1.6943E7
0	8482	3022	6	0	1.6944E7
0	8482	3022	6	0	1.6945E7
0	8482	3022	6	0	1.6946E7
0	8482	3022	6	1	1.6947E7
0	8479	3024	6	3	1.6948E7
0	8475	3026	6	5	1.6949E7
0	8470	3030	6	7	1.695E7
0	8463	3034	6	9	1.6951E7
0	8454	3039	6	11	1.6952E7
0	8444	3045	6	11	1.6953E7
0	8436	3050	6	7	1.6954E7
0	8430	3054	6	5	1.6955E7
0	8427	3056	6	2	1.6956E7
0	8425	3057	6	1	1.6957E7
0	8424	3057	6	0	1.6958E7
0	8424	3057	6	0	1.6959E7
0	8424	3057	6	0	1.696E7
0	8424	3057	6	0	1.6961E7
0	8424	3057	6	0	1.6962E7
0	8424	3057	6	0	1.6963E7
0	8424	3057	6	0	1.6964E7
0	8424	3057	6	0	1.6965E7
0	8424	3057	6	0	1.6966E7
0	8424	3057	6	0	1.6967E7
0	8424	3057	6	0	1.6968E7
0	8424	3057	6	0	1.6969E7
0	8424	3057	6	0	1.697E7
0	8424	3057	6	0	1.6971E7
0	8424	3057	6	0	1.6972E7
0	8424	3057	6	0	1.6973E7
0	8424	3057	6	0	1.6974E7
0	8424	3057	6	0	1.6975E7
0	8424	3057	6	0	1.6976E7
0	8424	3057	6	0	1.6977E7
0	8424	3057	6	0	1.6978E7
0	8424	3057	6	0	1.6979E7
0	8424	3057	6	0	1.698E7
0	8424	3057	6	0	1.6981E7
0	8424	3057	6	0	1.6982E7
0	8424	3057	6	0	1.6983E7
0	8424	3057	6	0	1.6984E7
0	8424	3057	6	0	1.6985E7
0	8424	3057	6	0	1.6986E7
0	8424	3057	6	0	1.6987E7
0	8424	3057	6	0	1.6988E7
0	8424	3057	6	0	1.6989E7
0	8424	3057	6	0	1.699E7
0	8424	3057	6	0	1.6991E7
0	8424	3057	6	0	1.6992E7
0	8424	3057	6	0	1.6993E7
0	8424	3057	6	0	1.6994E7
0	8424	3057	6	0	1.6995E7
0	8424	3057	6	0	1.6996E7
0	8424	3057	6	0	1.6997E7
0	8424	3057	6	0	1.6998E7
0	8424	3057	6	0	1.6999E7
0	8424	3057	6	0	1.7E7
0	8424	3057	6	0	1.7001E7
0	8424	3057	6	0	1.7002E7
0	8424	3057	6	0	1.7003E7
0	8424	3057	6	0	1.7004E7
0	8424	3057	6	0	1.7005E7
0	8424	3057	6	0	1.7006E7
0	8424	3057	6	0	1.7007E7
0	8424	3057	6	0	1.7008E7
0	8424	3057	6	0	1.7009E7
0	8424	3057	6	0	1.701E7
0	8424	3057	6	0	1.7011E7
0	8423	3058	6	2	1.7012E7
0	8420	3060	6	4	1.7013E7
0	8415	3063	6	6	1.7014E7
0	8408	3067	6	8	1.7015E7
0	8400	3072	6	10	1.7016E7
0	8390	3079	6	12	1.7017E7
0	8378	3086	6	13	1.7018E7
0	8366	3093	6	13	1.7019E7
0	8354	3101	6	13	1.702E7
0	8342	3108	6	13	1.7021E7
0	8331	3115	6	13	1.7022E7
0	8319	3122	6	13	1.7023E7
0	8307	3130	6	13	1.7024E7
0	8295	3137	6	13	1.7025E7
0	8283	3144	6	13	1.7026E7
0	8272	3152	6	13	1.7027E7
0	8260	3159	6	13	1.7028E7
0	8248	3167	6	13	1.7029E7
0	8237	3174	6	13	1.703E7
0	8225	3182	6	13	1.7031E7
0	8214	3190	6	13	1.7032E7
0	8202	3198	6	13	1.7033E7
0	8191	3206	6	13	1.7034E7
0	8181	3215	6	13	1.7035E7
0	8170	3224	6	13	1.7036E7
0	8159	3232	6	13	1.7037E7
0	8148	3241	6	13	1.7038E7
0	8137	3250	6	13	1.7039E7
0	8126	3258	6	13	1.704E7
0	8115	3267	6	13	1.7041E7
0	8104	3274	6	13	1.7042E7
0	8093	3284	6	13	1.7043E7
0	8083	3293	6	13	1.7044E7
0	8072	3302	6	13	1.7045E7
0	8062	3311	6	13	1.7046E7
0	8051	3320	6	13	1.7047E7
0	8041	3329	6	13	1.7048E7
0	8031	3339	6	13	1.7049E7
0	8021	3349	6	13	1.705E7
0	8013	3360	6	13	1.7051E7
0	8004	3371	6	13	1.7052E7
0	7997	3383	6	13	1.7053E7
0	7989	3395	6	13	1.7054E7
0	7983	3407	6	13	1.7055E7
0	7977	3419	6	13	1.7056E7
0	7972	3432	7	13	1.7057E7
0	7967	3445	7	12	1.7058E7
0	7963	3455	7	9	1.7059E7
0	7961	3462	7	6	1.706E7
0	7959	3467	7	3	1.7061E7
0	7958	3469	7	0	1.7062E7
0	7958	3469	7	0	1.7063E7
0	7958	3469	7	0	1.7064E7
0	7958	3469	7	0	1.7065E7
0	7958	3469	7	0	1.7066E7
0	7958	3469	7	0	1.7067E7
0	7958	3469	7	0	1.7068E7
0	7958	3469	7	0	1.7069E7
0	7958	3469	7	0	1.707E7
0	7958	3469	7	0	1.7071E7
0	7958	3469	7	0	1.7072E7
0	7958	3469	7	0	1.7073E7
0	7958	3469	7	0	1.7074E7
0	7958	3469	7	0	1.7075E7
0	7958	3469	7	0	1.7076E7
0	7958	3469	7	0	1.7077E7
0	7958	3469	7	0	1.7078E7
0	7958	3469	7	0	1.7079E7
0	7958	3469	7	0	1.708E7
0	7958	3469	7	0	1.7081E7
0	7958	3469	7	0	1.7082E7
0	7957	3471	7	2	1.7083E7
0	7956	3475	7	4	1.7084E7
0	7954	3481	7	6	1.7085E7
0	7951	3488	7	8	1.7086E7
0	7948	3497	7	10	1.7087E7
0	7944	3508	7	12	1.7088E7
0	7940	3521	7	13	1.7089E7
0	7935	3534	7	13	1.709E7
0	7930	3547	7	13	1.7091E7
0	7925	3560	7	13	1.7092E7
0	7921	3573	7	13	1.7093E7
0	7916	3586	7	13	1.7094E7
0	7911	3599	7	13	1.7095E7
0	7907	3613	7	13	1.7096E7
0	7903	3626	7	13	1.7097E7
0	7899	3639	7	13	1.7098E7
0	7898	3653	7	13	1.7099E7
0	7898	3667	7	13	1.71E7
0	7899	3681	7	13	1.7101E7
0	7895	3692	6	13	1.7102E7
0	7881	3695	5	13	1.7103E7
0	7868	3698	5	13	1.7104E7
0	7854	3701	5	13	1.7105E7
0	7841	3705	5	13	1.7106E7
0	7827	3708	5	13	1.7107E7
0	7813	3711	5	13	1.7108E7
0	7800	3713	5	13	1.7109E7
0	7786	3716	5	13	1.711E7
0	7773	3719	5	13	1.7111E7
0	7759	3722	5	13	1.7112E7
0	7745	3724	5	13	1.7113E7
0	7732	3727	5	13	1.7114E7
0	7718	3730	5	13	1.7115E7
0	7705	3733	5	13	1.7116E7
0	7691	3735	5	13	1.7117E7
0	7677	3738	5	13	1.7118E7
0	7664	3740	5	13	1.7119E7
0	7650	3743	5	13	1.712E7
0	7636	3746	5	13	1.7121E7
0	7623	3748	5	13	1.7122E7
0	7610	3754	5	13	1.7123E7
0	7596	3757	5	13	1.7124E7
0	7583	3759	5	13	1.7125E7
0	7569	3762	5	13	1.7126E7
0	7555	3764	5	13	1.7127E7
0	7542	3767	5	13	1.7128E7
0	7528	3769	5	13	1.7129E7
0	7515	3772	5	13	1.713E7
0	7501	3774	5	13	1.7131E7
0	7487	3777	5	13	1.7132E7
0	7474	3780	5	13	1.7133E7
0	7460	3782	5	13	1.7134E7
0	7446	3785	5	13	1.7135E7
0	7433	3787	5	13	1.7136E7
0	7419	3790	5	13	1.7137E7
0	7405	3792	5	13	1.7138E7
0	7392	3795	5	13	1.7139E7
0	7378	3797	5	13	1.714E7
0	7365	3800	5	13	1.7141E7
0	7351	3802	5	13	1.7142E7
0	7337	3805	5	13	1.7143E7
0	7324	3807	5	13	1.7144E7
0	7311	3813	5	13	1.7145E7
0	7297	3816	5	13	1.7146E7
0	7284	3818	5	13	1.7147E7
0	7270	3821	5	13	1.7148E7
0	7256	3823	5	13	1.7149E7
0	7243	3826	5	13	1.715E7
0	7229	3828	5	13	1.7151E7
0	7215	3831	5	13	1.7152E7
0	7202	3833	5	13	1.7153E7
0	7188	3835	5	13	1.7154E7
0	7174	3838	5	13	1.7155E7
0	7161	3840	5	13	1.7156E7
0	7147	3843	5	13	1.7157E7
0	7133	3845	5	13	1.7158E7
0	7120	3848	5	13	1.7159E7
0	7106	3850	5	13	1.716E7
0	7092	3853	5	13	1.7161E7
0	7079	3855	5	13	1.7162E7
0	7065	3858	5	13	1.7163E7
0	7052	3862	5	13	1.7164E7
0	7039	3865	5	12	1.7165E7
0	7028	3867	5	9	1.7166E7
0	7021	3869	5	6	1.7167E7
0	7016	3870	5	3	1.7168E7
0	7013	3871	5	2	1.7169E7
0	7012	3871	5	0	1.717E7
0	7011	3872	5	0	1.7171E7
0	7011	3872	5	0	1.7172E7
0	7011	3872	5	0	1.7173E7
0	7011	3872	5	0	1.7174E7
0	7011	3872	5	0	1.7175E7
0	7011	3872	5	0	1.7176E7
0	7011	3872	5	0	1.7177E7
0	7011	3872	5	0	1.7178E7
0	7011	3872	5	0	1.7179E7
0	7011	3872	5	0	1.718E7
0	7011	3872	5	0	1.7181E7
0	7011	3872	5	0	1.7182E7
0	7011	3872	5	0	1.7183E7
0	7011	3872	5	0	1.7184E7
0	7011	3872	5	0	1.7185E7
0	7011	3872	5	0	1.7186E7
0	7011	3872	5	0	1.7187E7
0	7011	3872	5	0	1.7188E7
0	7011	3872	5	0	1.7189E7
0	7011	3872	5	0	1.719E7
0	7011	3872	5	0	1.7191E7
0	7010	3872	5	2	1.7192E7
0	7006	3873	5	3	1.7193E7
0	7002	3876	6	6	1.7194E7
0	7000	3882	6	7	1.7195E7
0	6996	3894	7	9	1.7196E7
0	6999	3904	7	11	1.7197E7
0	7002	3916	7	13	1.7198E7
0	7006	3930	7	13	1.7199E7
0	7009	3943	7	13	1.72E7
0	7013	3956	7	13	1.7201E7
0	7017	3969	7	12	1.7202E7
0	7020	3979	7	9	1.7203E7
0	7022	3987	7	6	1.7204E7
0	7023	3991	7	3	1.7205E7
0	7024	3994	7	0	1.7206E7
0	7024	3994	7	0	1.7207E7
0	7024	3994	7	0	1.7208E7
0	7024	3994	7	0	1.7209E7
0	7024	3994	7	0	1.721E7
0	7024	3994	7	0	1.7211E7
0	7024	3994	7	0	1.7212E7
0	7024	3994	7	0	1.7213E7
0	7024	3994	7	0	1.7214E7
0	7024	3994	7	0	1.7215E7
0	7024	3994	7	0	1.7216E7
0	7024	3994	7	0	1.7217E7
0	7024	3994	7	0	1.7218E7
0	7024	3994	7	0	1.7219E7
0	7024	3994	7	0	1.722E7
0	7024	3994	7	0	1.7221E7
0	7024	3994	7	0	1.7222E7
0	7024	3994	7	0	1.7223E7
0	7024	3994	7	0	1.7224E7
0	7024	3994	7	0	1.7225E7
0	7024	3994	7	0	1.7226E7
0	7025	3996	7	2	1.7227E7
0	7026	4000	7	4	1.7228E7
0	7028	4005	7	6	1.7229E7
0	7033	4012	7	8	1.723E7
0	7036	4021	7	10	1.7231E7
0	7039	4032	7	12	1.7232E7
0	7043	4045	7	13	1.7233E7
0	7047	4058	7	13	1.7234E7
0	7051	4071	7	13	1.7235E7
0	7055	4085	7	13	1.7236E7
0	7058	4098	7	13	1.7237E7
0	7062	4110	7	11	1.7238E7
0	7065	4119	7	7	1.7239E7
0	7066	4125	7	5	1.724E7
0	7068	4129	7	2	1.7241E7
0	7068	4131	7	1	1.7242E7
0	7068	4132	7	0	1.7243E7
0	7068	4132	7	0	1.7244E7
0	7069	4132	7	0	1.7245E7
0	7069	4132	7	0	1.7246E7
0	7069	4132	7	0	1.7247E7
0	7069	4132	7	0	1.7248E7
0	7069	4132	7	0	1.7249E7
0	7069	4132	7	0	1.725E7
0	7069	4132	7	0	1.7251E7
0	7069	4132	7	0	1.7252E7
0	7069	4132	7	0	1.7253E7
0	7069	4132	7	0	1.7254E7
0	7069	4132	7	0	1.7255E7
0	7069	4132	7	0	1.7256E7
0	7069	4132	7	0	1.7257E7
0	7069	4132	7	0	1.7258E7
0	7069	4132	7	0	1.7259E7
0	7069	4132	7	0	1.726E7
0	7069	4132	7	0	1.7261E7
0	7069	4132	7	0	1.7262E7
0	7069	4132	7	0	1.7263E7
0	7069	4132	7	0	1.7264E7
0	7069	4132	7	0	1.7265E7
0	7069	4132	7	0	1.7266E7
0	7069	4132	7	0	1.7267E7
0	7069	4132	7	0	1.7268E7
0	7069	4132	7	0	1.7269E7
0	7069	4132	7	0	1.727E7
0	7069	4132	7	0	1.7271E7
0	7069	4132	7	0	1.7272E7
0	7069	4132	7	0	1.7273E7
0	7069	4132	7	0	1.7274E7
0	7069	4132	7	0	1.7275E7
0	7069	4132	7	0	1.7276E7
0	7069	4132	7	0	1.7277E7
0	7069	4132	7	0	1.7278E7
0	7069	4132	7	0	1.7279E7
0	7069	4132	7	0	1.728E7
0	7069	4132	7	0	1.7281E7
0	7069	4134	7	2	1.7282E7
0	7070	4137	7	4	1.7283E7
0	7072	4143	7	6	1.7284E7
0	7074	4150	7	8	1.7285E7
0	7076	4159	7	10	1.7286E7
0	7079	4170	7	12	1.7287E7
0	7083	4183	7	12	1.7288E7
0	7086	4193	7	9	1.7289E7
0	7088	4201	7	6	1.729E7
0	7090	4206	7	3	1.7291E7
0	7090	4208	7	2	1.7292E7
0	7091	4210	7	0	1.7293E7
0	7091	4210	7	0	1.7294E7
0	7091	4211	7	0	1.7295E7
0	7091	4211	7	0	1.7296E7
0	7091	4211	7	0	1.7297E7
0	7091	4211	7	0	1.7298E7
0	7091	4211	7	0	1.7299E7
0	7091	4211	7	0	1.73E7
0	7091	4211	7	0	1.7301E7
0	7091	4211	7	0	1.7302E7
0	7091	4211	7	0	1.7303E7
0	7091	4211	7	0	1.7304E7
0	7091	4211	7	0	1.7305E7
0	7091	4211	7	0	1.7306E7
0	7091	4211	7	0	1.7307E7
0	7091	4211	7	0	1.7308E7
0	7091	4211	7	0	1.7309E7
0	7091	4211	7	0	1.731E7
0	7091	4211	7	0	1.7311E7
0	7091	4211	7	0	1.7312E7
0	7091	4211	7	0	1.7313E7
0	7091	4211	7	0	1.7314E7
0	7091	4211	7	0	1.7315E7
0	7091	4211	7	0	1.7316E7
0	7091	4211	7	0	1.7317E7
0	7091	4211	7	0	1.7318E7
0	7091	4211	7	0	1.7319E7
0	7091	4211	7	0	1.732E7
0	7091	4211	7	0	1.7321E7
0	7091	4211	7	0	1.7322E7
0	7091	4211	7	0	1.7323E7
0	7091	4211	7	0	1.7324E7
0	7091	4211	7	0	1.7325E7
0	7091	4211	7	0	1.7326E7
0	7091	4212	7	2	1.7327E7
0	7093	4215	7	4	1.7328E7
0	7095	4221	7	6	1.7329E7
0	7098	4227	8	8	1.733E7
0	7099	4237	7	10	1.7331E7
0	7102	4247	7	12	1.7332E7
0	7105	4257	7	8	1.7333E7
0	7108	4264	7	5	1.7334E7
0	7109	4269	7	3	1.7335E7
0	7110	4273	7	5	1.7336E7
0	7107	4277	7	7	1.7337E7
0	7098	4280	5	9	1.7338E7
0	7088	4283	5	11	1.7339E7
0	7077	4285	5	9	1.734E7
0	7069	4288	5	6	1.7341E7
0	7064	4289	5	4	1.7342E7
0	7061	4290	5	1	1.7343E7
0	7061	4290	5	0	1.7344E7
0	7061	4290	5	0	1.7345E7
0	7061	4290	5	0	1.7346E7
0	7061	4290	5	0	1.7347E7
0	7061	4290	5	0	1.7348E7
0	7061	4290	5	0	1.7349E7
0	7061	4290	5	0	1.735E7
0	7061	4290	5	0	1.7351E7
0	7061	4290	5	0	1.7352E7
0	7061	4290	5	0	1.7353E7
0	7061	4290	5	0	1.7354E7
0	7061	4290	5	0	1.7355E7
0	7061	4290	5	0	1.7356E7
0	7061	4290	5	0	1.7357E7
0	7061	4290	5	0	1.7358E7
0	7061	4290	5	0	1.7359E7
0	7061	4290	5	0	1.736E7
0	7061	4290	5	0	1.7361E7
0	7061	4290	5	0	1.7362E7
0	7061	4290	5	0	1.7363E7
0	7060	4290	5	2	1.7364E7
0	7056	4291	5	4	1.7365E7
0	7051	4293	5	6	1.7366E7
0	7044	4295	5	8	1.7367E7
0	7035	4297	5	10	1.7368E7
0	7024	4300	5	12	1.7369E7
0	7016	4311	6	13	1.737E7
0	7014	4324	7	13	1.7371E7
0	7014	4338	7	13	1.7372E7
0	7015	4352	7	13	1.7373E7
0	7016	4366	7	13	1.7374E7
0	7016	4380	7	13	1.7375E7
0	7017	4394	7	13	1.7376E7
0	7017	4408	7	13	1.7377E7
0	7018	4422	7	13	1.7378E7
0	7018	4435	7	13	1.7379E7
0	7019	4449	7	13	1.738E7
0	7019	4463	7	13	1.7381E7
0	7020	4477	7	13	1.7382E7
0	7021	4490	7	13	1.7383E7
0	7022	4504	7	13	1.7384E7
0	7023	4517	7	10	1.7385E7
0	7023	4526	7	7	1.7386E7
0	7023	4532	7	5	1.7387E7
0	7023	4536	7	2	1.7388E7
0	7023	4537	7	0	1.7389E7
0	7023	4537	7	0	1.739E7
0	7023	4537	7	0	1.7391E7
0	7023	4537	7	0	1.7392E7
0	7023	4537	7	0	1.7393E7
0	7023	4537	7	0	1.7394E7
0	7023	4537	7	0	1.7395E7
0	7023	4537	7	0	1.7396E7
0	7023	4537	7	0	1.7397E7
0	7023	4537	7	0	1.7398E7
0	7023	4537	7	0	1.7399E7
0	7023	4537	7	0	1.74E7
0	7023	4537	7	0	1.7401E7
0	7023	4537	7	0	1.7402E7
0	7023	4537	7	0	1.7403E7
0	7023	4537	7	0	1.7404E7
0	7023	4537	7	0	1.7405E7
0	7023	4537	7	0	1.7406E7
0	7023	4537	7	0	1.7407E7
0	7023	4537	7	0	1.7408E7
0	7027	4539	7	1	1.7409E7
0	7027	4542	7	3	1.741E7
0	7027	4546	7	5	1.7411E7
0	7027	4553	7	7	1.7412E7
0	7023	4561	7	9	1.7413E7
0	7014	4567	6	9	1.7414E7
0	7006	4570	5	6	1.7415E7
0	7001	4570	5	4	1.7416E7
0	6997	4571	5	3	1.7417E7
0	6993	4571	5	3	1.7418E7
0	6989	4572	5	5	1.7419E7
0	6982	4573	5	7	1.742E7
0	6974	4574	5	9	1.7421E7
0	6964	4573	5	10	1.7422E7
0	6952	4571	5	12	1.7423E7
0	6939	4573	5	13	1.7424E7
0	6926	4575	5	13	1.7425E7
0	6913	4577	5	11	1.7426E7
0	6903	4578	5	8	1.7427E7
0	6896	4579	5	5	1.7428E7
0	6892	4580	5	3	1.7429E7
0	6890	4580	5	0	1.743E7
0	6890	4580	5	0	1.7431E7
0	6890	4580	5	0	1.7432E7
0	6890	4580	5	0	1.7433E7
0	6890	4580	5	0	1.7434E7
0	6890	4580	5	0	1.7435E7
0	6890	4580	5	0	1.7436E7
0	6890	4580	5	0	1.7437E7
0	6890	4580	5	0	1.7438E7
0	6890	4580	5	0	1.7439E7
0	6890	4580	5	0	1.744E7
0	6890	4580	5	0	1.7441E7
0	6890	4580	5	0	1.7442E7
0	6890	4580	5	0	1.7443E7
0	6890	4580	5	0	1.7444E7
0	6890	4580	5	0	1.7445E7
0	6890	4580	5	0	1.7446E7
0	6890	4580	5	0	1.7447E7
0	6890	4580	5	0	1.7448E7
0	6890	4580	5	0	1.7449E7
0	6890	4580	5	1	1.745E7
0	6888	4581	5	3	1.7451E7
0	6883	4581	5	4	1.7452E7
0	6878	4582	5	6	1.7453E7
0	6870	4583	5	8	1.7454E7
0	6860	4585	5	10	1.7455E7
0	6848	4587	5	12	1.7456E7
0	6835	4589	5	13	1.7457E7
0	6821	4591	5	13	1.7458E7
0	6807	4594	5	13	1.7459E7
0	6794	4596	5	13	1.746E7
0	6780	4599	5	13	1.7461E7
0	6766	4601	5	13	1.7462E7
0	6753	4604	5	13	1.7463E7
0	6739	4606	5	13	1.7464E7
0	6725	4609	5	13	1.7465E7
0	6712	4611	5	13	1.7466E7
0	6698	4614	5	13	1.7467E7
0	6685	4616	5	13	1.7468E7
0	6671	4619	5	13	1.7469E7
0	6657	4621	5	13	1.747E7
0	6645	4623	5	10	1.7471E7
0	6636	4625	5	7	1.7472E7
0	6630	4626	5	5	1.7473E7
0	6626	4627	5	2	1.7474E7
0	6624	4627	5	1	1.7475E7
0	6623	4627	5	0	1.7476E7
0	6623	4627	5	0	1.7477E7
0	6623	4627	5	0	1.7478E7
0	6623	4627	5	0	1.7479E7
0	6623	4627	5	0	1.748E7
0	6623	4627	5	0	1.7481E7
0	6623	4627	5	0	1.7482E7
0	6623	4627	5	0	1.7483E7
0	6623	4627	5	0	1.7484E7
0	6622	4627	5	1	1.7485E7
0	6620	4628	5	2	1.7486E7
0	6617	4628	5	4	1.7487E7
0	6612	4629	5	5	1.7488E7
0	6608	4630	5	3	1.7489E7
0	6607	4630	5	0	1.749E7
0	6607	4630	5	0	1.7491E7
0	6607	4630	5	0	1.7492E7
0	6607	4630	5	0	1.7493E7
0	6607	4630	5	0	1.7494E7
0	6607	4630	5	0	1.7495E7
0	6607	4630	5	0	1.7496E7
0	6607	4630	5	0	1.7497E7
0	6607	4630	5	0	1.7498E7
0	6607	4630	5	0	1.7499E7
0	6607	4630	5	0	1.75E7
0	6607	4630	5	0	1.7501E7
0	6607	4630	5	0	1.7502E7
0	6607	4630	5	0	1.7503E7
0	6607	4630	5	0	1.7504E7
0	6607	4630	5	0	1.7505E7
0	6607	4630	5	0	1.7506E7
0	6607	4630	5	0	1.7507E7
0	6607	4630	5	0	1.7508E7
0	6607	4630	5	0	1.7509E7
0	6607	4633	5	1	1.751E7
0	6604	4634	5	3	1.7511E7
0	6600	4638	5	5	1.7512E7
0	6594	4639	5	7	1.7513E7
0	6585	4641	5	9	1.7514E7
0	6577	4642	5	6	1.7515E7
0	6572	4643	5	3	1.7516E7
0	6569	4644	5	2	1.7517E7
0	6568	4644	5	0	1.7518E7
0	6567	4644	5	0	1.7519E7
0	6567	4644	5	0	1.752E7
0	6567	4644	5	0	1.7521E7
0	6566	4644	5	2	1.7522E7
0	6562	4645	5	4	1.7523E7
0	6557	4646	5	6	1.7524E7
0	6549	4648	5	8	1.7525E7
0	6540	4651	5	10	1.7526E7
0	6529	4653	5	12	1.7527E7
0	6517	4657	5	13	1.7528E7
0	6506	4659	5	9	1.7529E7
0	6498	4661	5	6	1.753E7
0	6493	4663	5	4	1.7531E7
0	6490	4663	5	2	1.7532E7
0	6489	4664	5	1	1.7533E7
0	6488	4664	5	0	1.7534E7
0	6488	4664	5	0	1.7535E7
0	6488	4664	5	0	1.7536E7
0	6488	4664	5	0	1.7537E7
0	6488	4664	5	0	1.7538E7
0	6488	4664	5	0	1.7539E7
0	6488	4664	5	0	1.754E7
0	6488	4664	5	0	1.7541E7
0	6488	4664	5	0	1.7542E7
0	6488	4664	5	0	1.7543E7
0	6488	4664	5	0	1.7544E7
0	6488	4664	5	0	1.7545E7
0	6488	4664	5	0	1.7546E7
0	6488	4664	5	0	1.7547E7
0	6488	4664	5	0	1.7548E7
0	6488	4664	5	0	1.7549E7
0	6488	4664	5	0	1.755E7
0	6488	4664	5	0	1.7551E7
0	6486	4664	5	2	1.7552E7
0	6483	4666	5	3	1.7553E7
0	6479	4669	6	6	1.7554E7
0	6477	4676	6	8	1.7555E7
0	6475	4686	7	10	1.7556E7
0	6477	4697	7	12	1.7557E7
0	6479	4710	7	13	1.7558E7
0	6481	4723	7	13	1.7559E7
0	6483	4737	7	13	1.756E7
0	6482	4751	7	13	1.7561E7
0	6485	4765	7	13	1.7562E7
0	6487	4779	7	13	1.7563E7
0	6489	4792	7	13	1.7564E7
0	6491	4806	7	13	1.7565E7
0	6493	4820	7	13	1.7566E7
0	6496	4833	7	13	1.7567E7
0	6498	4847	7	13	1.7568E7
0	6500	4861	7	13	1.7569E7
0	6503	4874	7	13	1.757E7
0	6502	4887	7	13	1.7571E7
0	6500	4901	7	12	1.7572E7
0	6500	4912	7	9	1.7573E7
0	6499	4919	7	6	1.7574E7
0	6499	4924	7	4	1.7575E7
0	6499	4927	7	1	1.7576E7
0	6499	4927	7	0	1.7577E7
0	6499	4927	7	0	1.7578E7
0	6499	4927	7	0	1.7579E7
0	6499	4927	7	0	1.758E7
0	6499	4927	7	0	1.7581E7
0	6499	4927	7	0	1.7582E7
0	6499	4927	7	0	1.7583E7
0	6499	4927	7	0	1.7584E7
0	6499	4927	7	0	1.7585E7
0	6499	4927	7	0	1.7586E7
0	6499	4927	7	0	1.7587E7
0	6499	4927	7	0	1.7588E7
0	6499	4927	7	0	1.7589E7
0	6499	4927	7	0	1.759E7
0	6499	4927	7	0	1.7591E7
0	6499	4927	7	0	1.7592E7
0	6499	4927	7	0	1.7593E7
0	6499	4927	7	0	1.7594E7
0	6499	4927	7	0	1.7595E7
0	6499	4927	7	0	1.7596E7
0	6498	4929	7	2	1.7597E7
0	6498	4933	7	4	1.7598E7
0	6497	4938	7	6	1.7599E7
0	6496	4946	7	8	1.76E7
0	6495	4956	7	10	1.7601E7
0	6495	4967	7	12	1.7602E7
0	6494	4981	7	13	1.7603E7
0	6493	4994	7	13	1.7604E7
0	6487	5005	6	13	1.7605E7
0	6474	5003	5	13	1.7606E7
0	6461	5000	5	13	1.7607E7
0	6447	4996	5	13	1.7608E7
0	6435	4993	5	10	1.7609E7
0	6427	4991	5	7	1.761E7
0	6421	4989	5	4	1.7611E7
0	6417	4989	5	2	1.7612E7
0	6417	4988	5	0	1.7613E7
0	6417	4988	5	0	1.7614E7
0	6417	4988	5	0	1.7615E7
0	6417	4988	5	0	1.7616E7
0	6417	4988	5	0	1.7617E7
0	6417	4988	5	0	1.7618E7
0	6417	4988	5	0	1.7619E7
0	6417	4988	5	0	1.762E7
0	6417	4988	5	0	1.7621E7
0	6417	4988	5	0	1.7622E7
0	6417	4988	5	0	1.7623E7
0	6417	4988	5	0	1.7624E7
0	6417	4988	5	0	1.7625E7
0	6417	4988	5	0	1.7626E7
0	6417	4988	5	0	1.7627E7
0	6417	4988	5	0	1.7628E7
0	6417	4988	5	0	1.7629E7
0	6417	4988	5	0	1.763E7
0	6417	4988	5	0	1.7631E7
0	6417	4988	5	0	1.7632E7
0	6416	4988	5	1	1.7633E7
0	6413	4987	5	4	1.7634E7
0	6408	4986	5	6	1.7635E7
0	6401	4984	5	8	1.7636E7
0	6392	4982	5	9	1.7637E7
0	6385	4979	5	6	1.7638E7
0	6380	4978	5	3	1.7639E7
0	6377	4977	5	2	1.764E7
0	6376	4977	5	0	1.7641E7
0	6375	4977	5	0	1.7642E7
0	6375	4977	5	0	1.7643E7
0	6375	4977	5	0	1.7644E7
0	6375	4977	5	0	1.7645E7
0	6375	4977	5	0	1.7646E7
0	6375	4977	5	0	1.7647E7
0	6375	4977	5	0	1.7648E7
0	6375	4977	5	0	1.7649E7
0	6375	4977	5	0	1.765E7
0	6375	4977	5	0	1.7651E7
0	6375	4977	5	0	1.7652E7
0	6375	4977	5	0	1.7653E7
0	6375	4977	5	0	1.7654E7
0	6375	4977	5	0	1.7655E7
0	6375	4977	5	0	1.7656E7
0	6375	4977	5	0	1.7657E7
0	6375	4977	5	0	1.7658E7
0	6375	4977	5	0	1.7659E7
0	6375	4977	5	0	1.766E7
0	6375	4977	5	0	1.7661E7
0	6375	4977	5	0	1.7662E7
0	6375	4977	5	0	1.7663E7
0	6375	4977	5	0	1.7664E7
0	6375	4977	5	0	1.7665E7
0	6375	4977	5	0	1.7666E7
0	6375	4977	5	0	1.7667E7
0	6375	4977	5	0	1.7668E7
0	6375	4977	5	0	1.7669E7
0	6375	4977	5	0	1.767E7
0	6375	4977	5	0	1.7671E7
0	6375	4977	5	0	1.7672E7
0	6375	4977	5	0	1.7673E7
0	6375	4977	5	0	1.7674E7
0	6375	4977	5	0	1.7675E7
0	6375	4977	5	0	1.7676E7
0	6375	4977	5	0	1.7677E7
0	6375	4977	5	0	1.7678E7
0	6375	4977	5	0	1.7679E7
0	6375	4977	5	0	1.768E7
0	6375	4977	5	0	1.7681E7
0	6373	4976	5	2	1.7682E7
0	6370	4975	5	4	1.7683E7
0	6365	4974	5	6	1.7684E7
0	6358	4972	5	8	1.7685E7
0	6349	4969	5	10	1.7686E7
0	6338	4965	5	11	1.7687E7
0	6326	4962	5	13	1.7688E7
0	6312	4957	5	13	1.7689E7
0	6299	4953	5	13	1.769E7
0	6286	4949	5	13	1.7691E7
0	6273	4945	5	13	1.7692E7
0	6260	4940	5	13	1.7693E7
0	6247	4936	5	13	1.7694E7
0	6234	4931	5	13	1.7695E7
0	6221	4926	5	13	1.7696E7
0	6208	4921	5	13	1.7697E7
0	6195	4916	5	13	1.7698E7
0	6182	4912	5	12	1.7699E7
0	6173	4908	5	8	1.77E7
0	6166	4906	5	5	1.7701E7
0	6162	4904	5	3	1.7702E7
0	6159	4903	5	1	1.7703E7
0	6158	4903	5	0	1.7704E7
0	6158	4903	5	0	1.7705E7
0	6157	4902	5	0	1.7706E7
0	6157	4902	5	0	1.7707E7
0	6157	4902	5	0	1.7708E7
0	6157	4902	5	0	1.7709E7
0	6157	4902	5	0	1.771E7
0	6157	4902	5	0	1.7711E7
0	6157	4902	5	0	1.7712E7
0	6157	4902	5	0	1.7713E7
0	6157	4902	5	0	1.7714E7
0	6157	4902	5	0	1.7715E7
0	6157	4902	5	0	1.7716E7
0	6157	4902	5	0	1.7717E7
0	6157	4902	5	0	1.7718E7
0	6157	4902	5	0	1.7719E7
0	6157	4902	5	0	1.772E7
0	6157	4902	5	0	1.7721E7
0	6157	4902	5	0	1.7722E7
0	6157	4902	5	0	1.7723E7
0	6157	4902	5	0	1.7724E7
0	6157	4902	5	0	1.7725E7
0	6157	4902	5	0	1.7726E7
0	6157	4902	5	0	1.7727E7
0	6157	4902	5	0	1.7728E7
0	6157	4902	5	0	1.7729E7
0	6157	4902	5	0	1.773E7
0	6157	4902	5	0	1.7731E7
0	6156	4902	5	2	1.7732E7
0	6153	4901	5	4	1.7733E7
0	6148	4899	5	6	1.7734E7
0	6141	4896	5	8	1.7735E7
0	6132	4893	5	10	1.7736E7
0	6122	4888	5	12	1.7737E7
0	6112	4885	5	8	1.7738E7
0	6106	4882	5	5	1.7739E7
0	6101	4881	5	3	1.774E7
0	6099	4880	5	0	1.7741E7
0	6099	4880	5	0	1.7742E7
0	6099	4880	5	0	1.7743E7
0	6099	4880	5	0	1.7744E7
0	6099	4880	5	0	1.7745E7
0	6099	4880	5	0	1.7746E7
0	6099	4880	5	0	1.7747E7
0	6099	4880	5	0	1.7748E7
0	6099	4880	5	0	1.7749E7
0	6099	4880	5	0	1.775E7
0	6099	4880	5	0	1.7751E7
0	6099	4880	5	0	1.7752E7
0	6099	4880	5	0	1.7753E7
0	6099	4880	5	0	1.7754E7
0	6099	4880	5	0	1.7755E7
0	6099	4880	5	0	1.7756E7
0	6099	4880	5	0	1.7757E7
0	6099	4880	5	0	1.7758E7
0	6099	4880	5	0	1.7759E7
0	6099	4880	5	0	1.776E7
0	6099	4880	5	0	1.7761E7
0	6096	4882	5	3	1.7762E7
0	6092	4880	5	4	1.7763E7
0	6085	4881	5	6	1.7764E7
0	6078	4878	5	8	1.7765E7
0	6069	4875	5	10	1.7766E7
0	6058	4870	5	12	1.7767E7
0	6046	4865	4	13	1.7768E7
0	6033	4860	4	13	1.7769E7
0	6020	4854	4	13	1.777E7
0	6007	4849	4	13	1.7771E7
0	5995	4843	4	13	1.7772E7
0	5984	4839	4	10	1.7773E7
0	5976	4835	4	7	1.7774E7
0	5971	4832	4	4	1.7775E7
0	5968	4830	4	2	1.7776E7
0	5965	4828	4	4	1.7777E7
0	5959	4826	4	6	1.7778E7
0	5954	4823	4	4	1.7779E7
0	5950	4822	5	4	1.778E7
0	5945	4821	5	6	1.7781E7
0	5937	4821	5	8	1.7782E7
0	5926	4818	5	10	1.7783E7
0	5915	4823	6	12	1.7784E7
0	5903	4828	6	13	1.7785E7
0	5890	4833	6	13	1.7786E7
0	5877	4838	5	13	1.7787E7
0	5864	4844	5	13	1.7788E7
0	5851	4849	5	13	1.7789E7
0	5839	4854	5	11	1.779E7
0	5830	4858	6	8	1.7791E7
0	5823	4860	5	5	1.7792E7
0	5819	4862	5	3	1.7793E7
0	5817	4863	5	0	1.7794E7
0	5817	4863	5	0	1.7795E7
0	5817	4863	5	0	1.7796E7
0	5817	4863	5	0	1.7797E7
0	5817	4863	5	0	1.7798E7
0	5817	4863	5	0	1.7799E7
0	5817	4863	5	0	1.78E7
0	5817	4863	5	0	1.7801E7
0	5817	4863	5	0	1.7802E7
0	5817	4863	5	0	1.7803E7
0	5817	4863	5	0	1.7804E7
0	5817	4863	5	0	1.7805E7
0	5817	4863	5	0	1.7806E7
0	5817	4863	5	0	1.7807E7
0	5817	4863	5	0	1.7808E7
0	5817	4863	5	0	1.7809E7
0	5817	4863	5	0	1.781E7
0	5817	4863	5	0	1.7811E7
0	5817	4863	5	0	1.7812E7
0	5817	4863	5	0	1.7813E7
0	5817	4863	5	0	1.7814E7
0	5815	4863	5	2	1.7815E7
0	5811	4865	5	4	1.7816E7
0	5805	4867	5	6	1.7817E7
0	5798	4870	5	8	1.7818E7
0	5789	4874	5	11	1.7819E7
0	5778	4878	5	10	1.782E7
0	5770	4881	5	7	1.7821E7
0	5764	4883	5	5	1.7822E7
0	5759	4885	5	5	1.7823E7
0	5754	4887	5	6	1.7824E7
0	5747	4889	5	7	1.7825E7
0	5739	4892	5	9	1.7826E7
0	5729	4896	5	11	1.7827E7
0	5718	4901	6	12	1.7828E7
0	5707	4906	6	12	1.7829E7
0	5695	4911	6	12	1.783E7
0	5683	4916	6	12	1.7831E7
0	5671	4921	5	12	1.7832E7
0	5659	4925	5	12	1.7833E7
0	5647	4930	5	12	1.7834E7
0	5635	4935	5	13	1.7835E7
0	5623	4940	5	12	1.7836E7
0	5611	4945	5	13	1.7837E7
0	5599	4950	5	13	1.7838E7
0	5587	4954	5	11	1.7839E7
0	5577	4958	5	9	1.784E7
0	5569	4961	5	7	1.7841E7
0	5564	4964	5	5	1.7842E7
0	5559	4965	5	3	1.7843E7
0	5556	4966	5	2	1.7844E7
0	5555	4967	5	1	1.7845E7
0	5554	4967	5	0	1.7846E7
0	5553	4968	5	0	1.7847E7
0	5553	4968	5	0	1.7848E7
0	5553	4968	5	0	1.7849E7
0	5553	4968	5	0	1.785E7
0	5553	4968	5	0	1.7851E7
0	5553	4968	5	1	1.7852E7
0	5551	4969	5	2	1.7853E7
0	5547	4970	5	4	1.7854E7
0	5542	4972	5	6	1.7855E7
0	5535	4976	6	8	1.7856E7
0	5526	4980	6	10	1.7857E7
0	5516	4985	6	12	1.7858E7
0	5504	4991	6	13	1.7859E7
0	5491	4993	5	12	1.786E7
0	5479	4997	5	12	1.7861E7
0	5467	5001	5	12	1.7862E7
0	5457	5005	5	10	1.7863E7
0	5448	5007	5	8	1.7864E7
0	5441	5008	5	6	1.7865E7
0	5437	5009	5	3	1.7866E7
0	5434	5010	5	2	1.7867E7
0	5433	5010	5	0	1.7868E7
0	5432	5010	5	0	1.7869E7
0	5432	5010	5	0	1.787E7
0	5432	5010	5	0	1.7871E7
0	5432	5010	5	0	1.7872E7
0	5432	5010	5	0	1.7873E7
0	5432	5010	5	0	1.7874E7
0	5432	5010	5	0	1.7875E7
0	5432	5010	5	0	1.7876E7
0	5432	5010	5	0	1.7877E7
0	5432	5010	5	0	1.7878E7
0	5432	5010	5	0	1.7879E7
0	5432	5010	5	0	1.788E7
0	5432	5010	5	0	1.7881E7
0	5432	5010	5	0	1.7882E7
0	5432	5010	5	0	1.7883E7
0	5432	5010	5	0	1.7884E7
0	5432	5010	5	0	1.7885E7
0	5432	5010	5	0	1.7886E7
0	5430	5010	5	1	1.7887E7
0	5427	5010	5	3	1.7888E7
0	5423	5011	5	5	1.7889E7
0	5418	5012	5	3	1.789E7
0	5416	5012	5	0	1.7891E7
0	5416	5012	5	0	1.7892E7
0	5416	5012	5	0	1.7893E7
0	5416	5012	5	0	1.7894E7
0	5416	5012	5	0	1.7895E7
0	5416	5012	5	0	1.7896E7
0	5416	5012	5	0	1.7897E7
0	5416	5012	5	0	1.7898E7
0	5416	5012	5	0	1.7899E7
0	5416	5012	5	0	1.79E7
0	5416	5012	5	0	1.7901E7
0	5416	5012	5	0	1.7902E7
0	5416	5012	5	0	1.7903E7
0	5416	5012	5	0	1.7904E7
0	5416	5012	5	0	1.7905E7
0	5416	5012	5	0	1.7906E7
0	5416	5012	5	0	1.7907E7
0	5416	5012	5	0	1.7908E7
0	5416	5012	5	0	1.7909E7
0	5416	5012	5	0	1.791E7
0	5416	5012	5	0	1.7911E7
0	5414	5012	5	2	1.7912E7
0	5410	5013	5	5	1.7913E7
0	5404	5013	5	7	1.7914E7
0	5395	5014	5	9	1.7915E7
0	5385	5015	5	10	1.7916E7
0	5374	5016	5	13	1.7917E7
0	5360	5017	5	13	1.7918E7
0	5346	5019	5	13	1.7919E7
0	5332	5020	5	13	1.792E7
0	5319	5022	5	13	1.7921E7
0	5305	5023	5	13	1.7922E7
0	5291	5025	5	13	1.7923E7
0	5278	5026	5	12	1.7924E7
0	5265	5027	5	12	1.7925E7
0	5253	5029	5	12	1.7926E7
0	5240	5030	5	13	1.7927E7
0	5226	5032	5	13	1.7928E7
0	5214	5033	5	11	1.7929E7
0	5204	5034	5	9	1.793E7
0	5196	5035	5	7	1.7931E7
0	5190	5035	5	4	1.7932E7
0	5186	5036	5	2	1.7933E7
0	5184	5036	5	1	1.7934E7
0	5184	5036	5	0	1.7935E7
0	5183	5036	5	0	1.7936E7
0	5183	5036	5	0	1.7937E7
0	5183	5036	5	0	1.7938E7
0	5183	5036	5	0	1.7939E7
0	5183	5036	5	0	1.794E7
0	5183	5036	5	0	1.7941E7
0	5183	5036	5	0	1.7942E7
0	5183	5036	5	0	1.7943E7
0	5183	5036	5	0	1.7944E7
0	5183	5036	5	0	1.7945E7
0	5183	5036	5	0	1.7946E7
0	5183	5036	5	0	1.7947E7
0	5183	5036	5	0	1.7948E7
0	5183	5036	5	0	1.7949E7
0	5183	5036	5	0	1.795E7
0	5183	5036	5	0	1.7951E7
0	5183	5036	5	0	1.7952E7
0	5182	5036	5	1	1.7953E7
0	5180	5036	5	3	1.7954E7
0	5175	5037	5	5	1.7955E7
0	5170	5037	5	4	1.7956E7
0	5167	5038	5	1	1.7957E7
0	5167	5038	5	0	1.7958E7
0	5167	5038	5	0	1.7959E7
0	5167	5038	5	0	1.796E7
0	5167	5038	5	0	1.7961E7
0	5167	5038	5	0	1.7962E7
0	5167	5038	5	0	1.7963E7
0	5167	5038	5	0	1.7964E7
0	5167	5038	5	0	1.7965E7
0	5167	5038	5	0	1.7966E7
0	5167	5038	5	0	1.7967E7
0	5167	5038	5	0	1.7968E7
0	5167	5038	5	0	1.7969E7
0	5167	5038	5	0	1.797E7
0	5167	5038	5	0	1.7971E7
0	5167	5038	5	0	1.7972E7
0	5167	5038	5	0	1.7973E7
0	5167	5038	5	0	1.7974E7
0	5167	5038	5	0	1.7975E7
0	5167	5038	5	0	1.7976E7
0	5167	5038	5	0	1.7977E7
0	5166	5038	5	2	1.7978E7
0	5162	5038	5	4	1.7979E7
0	5157	5039	5	6	1.798E7
0	5150	5040	5	8	1.7981E7
0	5140	5041	5	10	1.7982E7
0	5129	5042	5	12	1.7983E7
0	5116	5043	5	13	1.7984E7
0	5102	5045	5	13	1.7985E7
0	5088	5046	5	13	1.7986E7
0	5075	5048	5	13	1.7987E7
0	5061	5049	5	13	1.7988E7
0	5047	5051	5	13	1.7989E7
0	5033	5052	5	13	1.799E7
0	5020	5053	5	13	1.7991E7
0	5006	5055	5	13	1.7992E7
0	4992	5055	5	13	1.7993E7
0	4978	5056	5	13	1.7994E7
0	4964	5058	5	12	1.7995E7
0	4954	5059	5	9	1.7996E7
0	4946	5060	5	6	1.7997E7
0	4941	5061	5	3	1.7998E7
0	4938	5061	5	2	1.7999E7
0	4937	5061	5	0	1.8E7
0	4936	5061	5	0	1.8001E7
0	4936	5062	5	1	1.8002E7
0	4933	5062	5	2	1.8003E7
0	4929	5062	5	4	1.8004E7
0	4924	5063	5	6	1.8005E7
0	4916	5064	5	8	1.8006E7
0	4907	5066	5	10	1.8007E7
0	4895	5067	5	12	1.8008E7
0	4883	5069	5	12	1.8009E7
0	4871	5072	5	10	1.801E7
0	4861	5073	5	8	1.8011E7
0	4854	5075	5	6	1.8012E7
0	4848	5076	5	4	1.8013E7
0	4845	5076	5	2	1.8014E7
0	4843	5076	5	1	1.8015E7
0	4842	5077	5	0	1.8016E7
0	4842	5077	5	0	1.8017E7
0	4842	5077	5	0	1.8018E7
0	4842	5077	5	0	1.8019E7
0	4842	5077	5	0	1.802E7
0	4842	5077	5	0	1.8021E7
0	4842	5077	5	0	1.8022E7
0	4842	5077	5	0	1.8023E7
0	4842	5077	5	0	1.8024E7
0	4842	5077	5	0	1.8025E7
0	4842	5077	5	0	1.8026E7
0	4842	5077	5	0	1.8027E7
0	4842	5077	5	0	1.8028E7
0	4842	5077	5	0	1.8029E7
0	4842	5077	5	0	1.803E7
0	4842	5077	5	0	1.8031E7
0	4842	5077	5	0	1.8032E7
0	4842	5077	5	0	1.8033E7
0	4841	5077	5	1	1.8034E7
0	4839	5077	5	2	1.8035E7
0	4835	5077	5	4	1.8036E7
0	4830	5078	5	4	1.8037E7
0	4827	5079	5	2	1.8038E7
0	4826	5079	5	0	1.8039E7
0	4826	5079	5	0	1.804E7
0	4826	5079	5	0	1.8041E7
0	4826	5079	5	0	1.8042E7
0	4826	5079	5	0	1.8043E7
0	4826	5079	5	0	1.8044E7
0	4826	5079	5	0	1.8045E7
0	4826	5079	5	0	1.8046E7
0	4826	5079	5	0	1.8047E7
0	4826	5079	5	0	1.8048E7
0	4826	5079	5	0	1.8049E7
0	4826	5079	5	0	1.805E7
0	4826	5079	5	0	1.8051E7
0	4826	5079	5	0	1.8052E7
0	4826	5079	5	0	1.8053E7
0	4826	5079	5	0	1.8054E7
0	4826	5079	5	0	1.8055E7
0	4826	5079	5	0	1.8056E7
0	4826	5079	5	0	1.8057E7
0	4826	5079	5	0	1.8058E7
0	4825	5079	5	2	1.8059E7
0	4822	5080	5	4	1.806E7
0	4817	5080	5	6	1.8061E7
0	4810	5082	5	7	1.8062E7
0	4801	5083	5	9	1.8063E7
0	4790	5085	5	12	1.8064E7
0	4777	5087	5	13	1.8065E7
0	4763	5089	5	13	1.8066E7
0	4749	5091	5	13	1.8067E7
0	4735	5093	5	13	1.8068E7
0	4721	5095	5	13	1.8069E7
0	4708	5098	5	13	1.807E7
0	4696	5103	6	11	1.8071E7
0	4687	5107	6	7	1.8072E7
0	4681	5109	6	5	1.8073E7
0	4678	5112	6	3	1.8074E7
0	4676	5113	6	1	1.8075E7
0	4676	5113	6	0	1.8076E7
0	4675	5113	6	0	1.8077E7
0	4675	5113	6	0	1.8078E7
0	4675	5114	6	0	1.8079E7
0	4675	5114	6	0	1.808E7
0	4675	5114	6	0	1.8081E7
0	4674	5114	6	2	1.8082E7
0	4671	5116	6	4	1.8083E7
0	4666	5120	6	6	1.8084E7
0	4660	5124	6	8	1.8085E7
0	4653	5129	6	10	1.8086E7
0	4644	5136	6	12	1.8087E7
0	4633	5143	6	13	1.8088E7
0	4621	5151	6	13	1.8089E7
0	4610	5159	6	13	1.809E7
0	4599	5168	6	13	1.8091E7
0	4588	5176	6	13	1.8092E7
0	4577	5184	6	13	1.8093E7
0	4566	5193	6	13	1.8094E7
0	4555	5201	6	13	1.8095E7
0	4544	5209	6	13	1.8096E7
0	4532	5217	6	13	1.8097E7
0	4521	5225	6	13	1.8098E7
0	4510	5233	6	13	1.8099E7
0	4499	5241	6	12	1.81E7
0	4491	5247	6	9	1.8101E7
0	4485	5252	6	6	1.8102E7
0	4481	5255	6	3	1.8103E7
0	4479	5256	6	0	1.8104E7
0	4479	5256	6	0	1.8105E7
0	4479	5256	6	0	1.8106E7
0	4479	5256	6	0	1.8107E7
0	4479	5256	6	0	1.8108E7
0	4479	5256	6	0	1.8109E7
0	4479	5256	6	0	1.811E7
0	4479	5256	6	0	1.8111E7
0	4479	5256	6	0	1.8112E7
0	4479	5256	6	0	1.8113E7
0	4479	5256	6	0	1.8114E7
0	4479	5256	6	0	1.8115E7
0	4479	5256	6	0	1.8116E7
0	4479	5256	6	0	1.8117E7
0	4479	5256	6	0	1.8118E7
0	4479	5256	6	0	1.8119E7
0	4479	5256	6	0	1.812E7
0	4479	5256	6	0	1.8121E7
0	4479	5256	6	0	1.8122E7
0	4479	5256	6	0	1.8123E7
0	4479	5256	6	0	1.8124E7
0	4478	5257	6	2	1.8125E7
0	4474	5260	6	4	1.8126E7
0	4470	5264	6	6	1.8127E7
0	4463	5269	6	8	1.8128E7
0	4455	5275	6	10	1.8129E7
0	4446	5281	6	11	1.813E7
0	4437	5286	6	8	1.8131E7
0	4430	5289	6	5	1.8132E7
0	4426	5291	6	3	1.8133E7
0	4424	5292	6	1	1.8134E7
0	4423	5292	6	0	1.8135E7
0	4423	5293	6	0	1.8136E7
0	4422	5293	6	0	1.8137E7
0	4422	5293	6	0	1.8138E7
0	4422	5293	6	0	1.8139E7
0	4422	5293	6	0	1.814E7
0	4422	5293	6	0	1.8141E7
0	4422	5293	6	0	1.8142E7
0	4422	5293	6	0	1.8143E7
0	4422	5293	6	0	1.8144E7
0	4422	5293	6	0	1.8145E7
0	4422	5293	6	0	1.8146E7
0	4422	5293	6	0	1.8147E7
0	4422	5293	6	0	1.8148E7
0	4422	5293	6	0	1.8149E7
0	4422	5293	6	0	1.815E7
0	4422	5293	6	0	1.8151E7
0	4422	5293	6	0	1.8152E7
0	4422	5293	6	0	1.8153E7
0	4422	5293	6	0	1.8154E7
0	4422	5293	6	0	1.8155E7
0	4422	5293	6	0	1.8156E7
0	4422	5293	6	0	1.8157E7
0	4422	5293	6	0	1.8158E7
0	4422	5293	6	0	1.8159E7
0	4422	5293	6	0	1.816E7
0	4422	5293	6	0	1.8161E7
0	4422	5293	6	0	1.8162E7
0	4422	5293	6	0	1.8163E7
0	4422	5293	6	0	1.8164E7
0	4422	5293	6	0	1.8165E7
0	4422	5293	6	0	1.8166E7
0	4422	5293	6	0	1.8167E7
0	4422	5293	6	0	1.8168E7
0	4422	5293	6	0	1.8169E7
0	4422	5293	6	0	1.817E7
0	4422	5293	6	0	1.8171E7
0	4422	5293	6	0	1.8172E7
0	4422	5293	6	0	1.8173E7
0	4422	5293	6	0	1.8174E7
0	4422	5293	6	0	1.8175E7
0	4422	5293	6	0	1.8176E7
0	4422	5293	6	0	1.8177E7
0	4422	5293	6	0	1.8178E7
0	4422	5293	6	0	1.8179E7
0	4422	5293	6	0	1.818E7
0	4422	5293	6	0	1.8181E7
0	4421	5293	6	2	1.8182E7
0	4418	5295	6	4	1.8183E7
0	4414	5296	6	6	1.8184E7
0	4407	5297	5	8	1.8185E7
0	4398	5298	5	10	1.8186E7
0	4387	5299	5	12	1.8187E7
0	4374	5300	5	13	1.8188E7
0	4360	5301	5	13	1.8189E7
0	4346	5303	5	13	1.819E7
0	4332	5304	5	13	1.8191E7
0	4319	5305	5	13	1.8192E7
0	4305	5304	5	13	1.8193E7
0	4291	5304	5	13	1.8194E7
0	4277	5303	5	13	1.8195E7
0	4263	5302	5	13	1.8196E7
0	4251	5301	5	11	1.8197E7
0	4241	5300	5	8	1.8198E7
0	4234	5300	5	5	1.8199E7
0	4230	5299	5	3	1.82E7
0	4229	5299	5	0	1.8201E7
0	4229	5299	5	0	1.8202E7
0	4229	5299	5	0	1.8203E7
0	4229	5299	5	0	1.8204E7
0	4229	5299	5	0	1.8205E7
0	4229	5299	5	0	1.8206E7
0	4229	5299	5	0	1.8207E7
0	4229	5299	5	0	1.8208E7
0	4229	5299	5	0	1.8209E7
0	4229	5299	5	0	1.821E7
0	4229	5299	5	0	1.8211E7
0	4229	5299	5	0	1.8212E7
0	4229	5299	5	0	1.8213E7
0	4229	5299	5	0	1.8214E7
0	4229	5299	5	0	1.8215E7
0	4229	5299	5	0	1.8216E7
0	4229	5299	5	0	1.8217E7
0	4229	5299	5	0	1.8218E7
0	4229	5299	5	0	1.8219E7
0	4229	5299	5	0	1.822E7
0	4228	5299	5	1	1.8221E7
0	4226	5299	5	3	1.8222E7
0	4221	5298	5	5	1.8223E7
0	4215	5297	5	7	1.8224E7
0	4206	5296	5	9	1.8225E7
0	4196	5293	5	11	1.8226E7
0	4184	5290	5	13	1.8227E7
0	4170	5286	5	13	1.8228E7
0	4157	5283	5	13	1.8229E7
0	4143	5280	5	13	1.823E7
0	4130	5277	5	13	1.8231E7
0	4116	5274	5	13	1.8232E7
0	4103	5271	5	13	1.8233E7
0	4089	5268	5	13	1.8234E7
0	4076	5264	5	13	1.8235E7
0	4062	5261	5	13	1.8236E7
0	4049	5258	5	13	1.8237E7
0	4036	5255	5	13	1.8238E7
0	4024	5254	5	9	1.8239E7
0	4016	5252	5	7	1.824E7
0	4011	5251	5	4	1.8241E7
0	4008	5251	5	1	1.8242E7
0	4007	5251	5	0	1.8243E7
0	4007	5251	5	0	1.8244E7
0	4007	5251	5	0	1.8245E7
0	4007	5251	5	0	1.8246E7
0	4007	5251	5	0	1.8247E7
0	4007	5251	5	0	1.8248E7
0	4007	5251	5	0	1.8249E7
0	4007	5251	5	0	1.825E7
0	4007	5251	5	0	1.8251E7
0	4007	5251	5	0	1.8252E7
0	4007	5251	5	0	1.8253E7
0	4007	5251	5	0	1.8254E7
0	4007	5251	5	0	1.8255E7
0	4007	5251	5	0	1.8256E7
0	4007	5251	5	0	1.8257E7
0	4007	5251	5	0	1.8258E7
0	4007	5251	5	0	1.8259E7
0	4007	5251	5	0	1.826E7
0	4007	5251	5	0	1.8261E7
0	4007	5251	5	0	1.8262E7
0	4006	5251	5	2	1.8263E7
0	4002	5250	5	4	1.8264E7
0	3997	5249	5	6	1.8265E7
0	3989	5248	5	8	1.8266E7
0	3979	5247	5	10	1.8267E7
0	3968	5245	5	12	1.8268E7
0	3955	5244	5	13	1.8269E7
0	3941	5242	5	13	1.827E7
0	3927	5240	5	13	1.8271E7
0	3913	5238	5	13	1.8272E7
0	3899	5236	5	13	1.8273E7
0	3885	5234	5	13	1.8274E7
0	3871	5232	5	13	1.8275E7
0	3857	5230	5	12	1.8276E7
0	3847	5231	5	8	1.8277E7
0	3840	5234	5	6	1.8278E7
0	3836	5237	6	3	1.8279E7
0	3834	5238	6	1	1.828E7
0	3833	5239	6	0	1.8281E7
0	3833	5239	6	0	1.8282E7
0	3833	5239	6	0	1.8283E7
0	3833	5239	6	0	1.8284E7
0	3833	5239	6	0	1.8285E7
0	3833	5239	6	0	1.8286E7
0	3833	5239	6	0	1.8287E7
0	3833	5239	6	0	1.8288E7
0	3833	5239	6	0	1.8289E7
0	3833	5239	6	0	1.829E7
0	3833	5239	6	0	1.8291E7
0	3833	5239	6	0	1.8292E7
0	3833	5239	6	0	1.8293E7
0	3833	5239	6	0	1.8294E7
0	3833	5239	6	0	1.8295E7
0	3833	5239	6	0	1.8296E7
0	3833	5239	6	0	1.8297E7
0	3833	5239	6	0	1.8298E7
0	3833	5239	6	0	1.8299E7
0	3833	5239	6	0	1.83E7
0	3833	5239	6	0	1.8301E7
0	3833	5239	6	0	1.8302E7
0	3833	5239	6	0	1.8303E7
0	3833	5239	6	0	1.8304E7
0	3833	5239	6	0	1.8305E7
0	3833	5239	6	0	1.8306E7
0	3833	5239	6	0	1.8307E7
0	3833	5239	6	0	1.8308E7
0	3833	5239	6	0	1.8309E7
0	3833	5239	6	0	1.831E7
0	3833	5239	6	0	1.8311E7
0	3833	5239	6	0	1.8312E7
0	3833	5239	6	0	1.8313E7
0	3833	5239	6	0	1.8314E7
0	3833	5239	6	0	1.8315E7
0	3833	5239	6	0	1.8316E7
0	3833	5239	6	0	1.8317E7
0	3833	5239	6	0	1.8318E7
0	3833	5239	6	0	1.8319E7
0	3833	5239	6	0	1.832E7
0	3832	5239	6	0	1.8321E7
0	3831	5240	6	2	1.8322E7
0	3828	5242	6	4	1.8323E7
0	3824	5245	6	6	1.8324E7
0	3818	5250	6	8	1.8325E7
0	3810	5255	6	10	1.8326E7
0	3800	5258	5	11	1.8327E7
0	3787	5257	5	13	1.8328E7
0	3774	5252	5	13	1.8329E7
0	3761	5247	4	13	1.833E7
0	3749	5242	4	13	1.8331E7
0	3736	5237	5	13	1.8332E7
0	3723	5231	5	13	1.8333E7
0	3711	5226	5	13	1.8334E7
0	3698	5221	5	13	1.8335E7
0	3685	5216	5	13	1.8336E7
0	3672	5213	5	13	1.8337E7
0	3658	5209	5	13	1.8338E7
0	3645	5207	5	13	1.8339E7
0	3631	5205	5	13	1.834E7
0	3618	5203	5	13	1.8341E7
0	3604	5201	5	13	1.8342E7
0	3590	5200	5	13	1.8343E7
0	3577	5198	5	13	1.8344E7
0	3563	5196	5	13	1.8345E7
0	3549	5195	5	13	1.8346E7
0	3536	5193	5	13	1.8347E7
0	3522	5191	5	13	1.8348E7
0	3508	5189	5	13	1.8349E7
0	3495	5187	5	13	1.835E7
0	3481	5184	5	13	1.8351E7
0	3475	5174	3	15	1.8352E7
0	3465	5160	4	16	1.8353E7
0	3452	5149	4	16	1.8354E7
0	3439	5138	4	16	1.8355E7
0	3427	5126	4	16	1.8356E7
0	3415	5115	4	16	1.8357E7
0	3403	5103	4	16	1.8358E7
0	3391	5092	4	16	1.8359E7
0	3379	5080	4	16	1.836E7
0	3366	5069	4	16	1.8361E7
0	3354	5058	4	15	1.8362E7
0	3344	5048	4	12	1.8363E7
0	3336	5041	4	9	1.8364E7
0	3331	5036	4	6	1.8365E7
0	3327	5033	4	3	1.8366E7
0	3325	5031	4	0	1.8367E7
0	3325	5031	4	0	1.8368E7
0	3325	5031	4	0	1.8369E7
0	3325	5031	4	0	1.837E7
0	3325	5031	4	0	1.8371E7
0	3325	5031	4	0	1.8372E7
0	3325	5031	4	0	1.8373E7
0	3325	5031	4	0	1.8374E7
0	3325	5031	4	0	1.8375E7
0	3325	5031	4	0	1.8376E7
0	3325	5031	4	0	1.8377E7
0	3325	5031	4	0	1.8378E7
0	3325	5031	4	0	1.8379E7
0	3325	5031	4	0	1.838E7
0	3325	5031	4	0	1.8381E7
0	3325	5031	4	0	1.8382E7
0	3325	5031	4	0	1.8383E7
0	3325	5031	4	0	1.8384E7
0	3325	5031	4	0	1.8385E7
0	3325	5031	4	0	1.8386E7
0	3325	5031	4	0	1.8387E7
0	3323	5030	4	2	1.8388E7
0	3321	5027	4	4	1.8389E7
0	3316	5024	4	6	1.839E7
0	3310	5019	4	8	1.8391E7
0	3302	5012	4	10	1.8392E7
0	3293	5005	4	12	1.8393E7
0	3283	4996	4	14	1.8394E7
0	3270	4986	4	16	1.8395E7
0	3258	4975	4	16	1.8396E7
0	3245	4964	4	16	1.8397E7
0	3233	4953	4	16	1.8398E7
0	3221	4942	4	16	1.8399E7
0	3208	4931	4	16	1.84E7
0	3195	4920	4	16	1.8401E7
0	3182	4910	4	16	1.8402E7
0	3169	4899	4	16	1.8403E7
0	3157	4889	4	16	1.8404E7
0	3144	4878	4	16	1.8405E7
0	3131	4868	4	16	1.8406E7
0	3117	4858	4	16	1.8407E7
0	3103	4849	4	16	1.8408E7
0	3089	4840	4	16	1.8409E7
0	3074	4833	4	16	1.841E7
0	3059	4826	4	16	1.8411E7
0	3043	4820	5	16	1.8412E7
0	3027	4816	5	16	1.8413E7
0	3011	4811	5	16	1.8414E7
0	2995	4807	5	16	1.8415E7
0	2979	4803	5	16	1.8416E7
0	2964	4798	5	13	1.8417E7
0	2953	4795	5	10	1.8418E7
0	2945	4792	5	7	1.8419E7
0	2940	4790	5	4	1.842E7
0	2936	4789	5	2	1.8421E7
0	2936	4788	5	0	1.8422E7
0	2936	4788	5	0	1.8423E7
0	2936	4788	5	0	1.8424E7
0	2936	4788	5	0	1.8425E7
0	2936	4788	5	0	1.8426E7
0	2936	4788	5	0	1.8427E7
0	2936	4788	5	0	1.8428E7
0	2936	4788	5	0	1.8429E7
0	2936	4788	5	0	1.843E7
0	2936	4788	5	0	1.8431E7
0	2936	4788	5	0	1.8432E7
0	2936	4788	5	0	1.8433E7
0	2936	4788	5	0	1.8434E7
0	2936	4788	5	0	1.8435E7
0	2936	4788	5	0	1.8436E7
0	2936	4788	5	0	1.8437E7
0	2936	4788	5	0	1.8438E7
0	2936	4788	5	0	1.8439E7
0	2936	4788	5	0	1.844E7
0	2936	4788	5	0	1.8441E7
0	2935	4788	5	2	1.8442E7
0	2932	4787	4	4	1.8443E7
0	2927	4784	4	6	1.8444E7
0	2921	4781	4	7	1.8445E7
0	2912	4778	4	9	1.8446E7
0	2903	4773	4	11	1.8447E7
0	2891	4767	4	13	1.8448E7
0	2878	4761	4	15	1.8449E7
0	2863	4754	4	16	1.845E7
0	2848	4747	4	16	1.8451E7
0	2833	4740	4	16	1.8452E7
0	2818	4733	4	16	1.8453E7
0	2803	4726	4	16	1.8454E7
0	2788	4719	4	16	1.8455E7
0	2773	4711	4	16	1.8456E7
0	2758	4704	4	16	1.8457E7
0	2743	4696	4	16	1.8458E7
0	2728	4688	4	16	1.8459E7
0	2714	4680	4	16	1.846E7
0	2699	4673	4	16	1.8461E7
0	2684	4665	4	16	1.8462E7
0	2669	4657	4	16	1.8463E7
0	2655	4650	4	16	1.8464E7
0	2640	4642	4	16	1.8465E7
0	2625	4634	4	16	1.8466E7
0	2612	4624	4	16	1.8467E7
0	2599	4613	4	16	1.8468E7
0	2588	4601	4	16	1.8469E7
0	2577	4588	4	16	1.847E7
0	2567	4575	4	16	1.8471E7
0	2556	4562	4	16	1.8472E7
0	2546	4549	4	16	1.8473E7
0	2536	4536	4	15	1.8474E7
0	2527	4526	4	12	1.8475E7
0	2519	4519	4	8	1.8476E7
0	2515	4513	4	6	1.8477E7
0	2511	4510	4	3	1.8478E7
0	2510	4508	4	0	1.8479E7
0	2510	4508	4	0	1.848E7
0	2510	4508	4	0	1.8481E7
0	2510	4508	4	0	1.8482E7
0	2510	4508	4	0	1.8483E7
0	2510	4508	4	0	1.8484E7
0	2510	4508	4	0	1.8485E7
0	2510	4508	4	0	1.8486E7
0	2510	4508	4	0	1.8487E7
0	2510	4508	4	0	1.8488E7
0	2510	4508	4	0	1.8489E7
0	2510	4508	4	0	1.849E7
0	2510	4508	4	0	1.8491E7
0	2510	4508	4	0	1.8492E7
0	2510	4508	4	0	1.8493E7
0	2510	4508	4	0	1.8494E7
0	2510	4508	4	0	1.8495E7
0	2510	4508	4	0	1.8496E7
0	2510	4508	4	0	1.8497E7
0	2510	4508	4	0	1.8498E7
0	2510	4508	4	0	1.8499E7
0	2508	4507	4	3	1.85E7
0	2505	4504	4	5	1.8501E7
0	2501	4499	4	7	1.8502E7
0	2495	4494	4	8	1.8503E7
0	2488	4487	4	10	1.8504E7
0	2479	4479	4	12	1.8505E7
0	2469	4470	4	14	1.8506E7
0	2457	4460	4	16	1.8507E7
0	2443	4450	4	16	1.8508E7
0	2430	4440	4	16	1.8509E7
0	2416	4431	4	16	1.851E7
0	2403	4421	4	16	1.8511E7
0	2389	4411	4	16	1.8512E7
0	2376	4402	4	16	1.8513E7
0	2362	4392	4	16	1.8514E7
0	2348	4383	4	16	1.8515E7
0	2334	4373	4	16	1.8516E7
0	2321	4364	4	16	1.8517E7
0	2307	4355	4	16	1.8518E7
0	2293	4345	4	16	1.8519E7
0	2279	4336	4	16	1.852E7
0	2265	4327	4	16	1.8521E7
0	2252	4318	4	15	1.8522E7
0	2241	4310	4	11	1.8523E7
0	2233	4304	4	8	1.8524E7
0	2227	4300	4	5	1.8525E7
0	2224	4297	4	3	1.8526E7
0	2220	4295	4	5	1.8527E7
0	2219	4290	4	7	1.8528E7
0	2222	4281	3	9	1.8529E7
0	2223	4270	3	11	1.853E7
0	2221	4259	3	8	1.8531E7
0	2217	4252	4	5	1.8532E7
0	2214	4247	4	3	1.8533E7
0	2210	4244	4	5	1.8534E7
0	2205	4240	4	7	1.8535E7
0	2197	4236	4	9	1.8536E7
0	2186	4233	5	11	1.8537E7
0	2172	4235	5	13	1.8538E7
0	2159	4242	6	13	1.8539E7
0	2149	4253	6	13	1.854E7
0	2136	4251	5	15	1.8541E7
0	2124	4245	4	12	1.8542E7
0	2115	4240	4	8	1.8543E7
0	2108	4237	4	5	1.8544E7
0	2104	4236	5	3	1.8545E7
0	2102	4235	5	0	1.8546E7
0	2102	4235	5	0	1.8547E7
0	2102	4235	5	0	1.8548E7
0	2102	4235	5	0	1.8549E7
0	2102	4235	5	0	1.855E7
0	2102	4235	5	0	1.8551E7
0	2102	4235	5	0	1.8552E7
0	2102	4235	5	0	1.8553E7
0	2102	4235	5	0	1.8554E7
0	2102	4235	5	0	1.8555E7
0	2102	4235	5	0	1.8556E7
0	2102	4235	5	0	1.8557E7
0	2102	4235	5	0	1.8558E7
0	2102	4235	5	0	1.8559E7
0	2102	4235	5	0	1.856E7
0	2102	4235	5	0	1.8561E7
0	2102	4235	5	0	1.8562E7
0	2102	4235	5	0	1.8563E7
0	2102	4235	5	0	1.8564E7
0	2102	4235	5	0	1.8565E7
0	2101	4235	5	0	1.8566E7
0	2099	4234	5	3	1.8567E7
0	2095	4233	5	4	1.8568E7
0	2089	4232	5	6	1.8569E7
0	2081	4232	5	8	1.857E7
0	2071	4233	5	10	1.8571E7
0	2059	4234	5	12	1.8572E7
0	2046	4235	5	14	1.8573E7
0	2030	4237	5	16	1.8574E7
0	2013	4238	5	16	1.8575E7
0	1997	4240	5	16	1.8576E7
0	1980	4241	5	16	1.8577E7
0	1964	4243	5	16	1.8578E7
0	1947	4245	5	16	1.8579E7
0	1931	4248	5	16	1.858E7
0	1914	4251	5	16	1.8581E7
0	1898	4255	5	16	1.8582E7
0	1882	4260	5	16	1.8583E7
0	1866	4264	5	16	1.8584E7
0	1851	4272	5	16	1.8585E7
0	1835	4276	5	16	1.8586E7
0	1818	4278	5	16	1.8587E7
0	1801	4280	5	16	1.8588E7
0	1785	4281	5	16	1.8589E7
0	1768	4282	5	16	1.859E7
0	1751	4283	5	16	1.8591E7
0	1735	4285	5	16	1.8592E7
0	1719	4287	5	16	1.8593E7
0	1702	4291	5	16	1.8594E7
0	1686	4295	5	16	1.8595E7
0	1670	4298	5	16	1.8596E7
0	1653	4302	5	16	1.8597E7
0	1637	4305	5	16	1.8598E7
0	1621	4309	5	16	1.8599E7
0	1605	4313	5	16	1.86E7
0	1588	4316	5	16	1.8601E7
0	1575	4324	6	16	1.8602E7
0	1561	4334	6	16	1.8603E7
0	1548	4344	6	16	1.8604E7
0	1533	4353	6	15	1.8605E7
0	1520	4355	5	11	1.8606E7
0	1510	4353	5	8	1.8607E7
0	1503	4352	5	5	1.8608E7
0	1499	4352	5	3	1.8609E7
0	1494	4352	5	6	1.861E7
0	1490	4357	6	7	1.8611E7
0	1487	4367	7	10	1.8612E7
0	1487	4378	7	11	1.8613E7
0	1489	4391	7	13	1.8614E7
0	1490	4403	7	11	1.8615E7
0	1490	4413	7	8	1.8616E7
0	1490	4419	7	5	1.8617E7
0	1490	4424	7	3	1.8618E7
0	1490	4425	7	0	1.8619E7
0	1490	4425	7	0	1.862E7
0	1490	4425	7	0	1.8621E7
0	1490	4425	7	0	1.8622E7
0	1490	4425	7	0	1.8623E7
0	1490	4425	7	0	1.8624E7
0	1490	4425	7	0	1.8625E7
0	1490	4425	7	0	1.8626E7
0	1490	4425	7	0	1.8627E7
0	1490	4425	7	0	1.8628E7
0	1490	4425	7	0	1.8629E7
0	1490	4425	7	0	1.863E7
0	1490	4425	7	0	1.8631E7
0	1490	4425	7	0	1.8632E7
0	1490	4425	7	0	1.8633E7
0	1490	4425	7	0	1.8634E7
0	1490	4425	7	0	1.8635E7
0	1490	4425	7	0	1.8636E7
0	1490	4425	7	0	1.8637E7
0	1490	4425	7	0	1.8638E7
0	1490	4425	7	1	1.8639E7
0	1490	4428	7	3	1.864E7
0	1490	4433	7	5	1.8641E7
0	1490	4439	7	7	1.8642E7
0	1491	4447	7	8	1.8643E7
0	1491	4457	7	10	1.8644E7
