0	5758	7859	2	0	0.0
0	5758	7859	2	0	1.8059E7
0	5759	7858	2	2	1.806E7
0	5761	7856	2	4	1.8061E7
0	5764	7852	2	5	1.8062E7
0	5768	7846	2	7	1.8063E7
0	5773	7839	2	9	1.8064E7
0	5780	7831	2	11	1.8065E7
0	5788	7821	2	13	1.8066E7
0	5796	7809	2	14	1.8067E7
0	5803	7796	2	14	1.8068E7
0	5809	7784	2	14	1.8069E7
0	5816	7771	2	13	1.807E7
0	5821	7760	2	10	1.8071E7
0	5825	7753	2	7	1.8072E7
0	5827	7748	2	4	1.8073E7
0	5828	7745	2	2	1.8074E7
0	5829	7744	2	0	1.8075E7
0	5829	7744	2	0	1.8076E7
0	5829	7744	2	0	1.8077E7
0	5829	7744	2	0	1.8078E7
0	5829	7744	2	0	1.8079E7
0	5829	7744	2	0	1.808E7
0	5829	7744	2	0	1.8081E7
0	5829	7744	2	0	1.8082E7
0	5829	7744	2	0	1.8083E7
0	5829	7744	2	0	1.8084E7
0	5829	7744	2	0	1.8085E7
0	5829	7744	2	0	1.8086E7
0	5829	7744	2	0	1.8087E7
0	5829	7744	2	0	1.8088E7
0	5829	7744	2	0	1.8089E7
0	5829	7744	2	0	1.809E7
0	5829	7744	2	0	1.8091E7
0	5829	7744	2	0	1.8092E7
0	5829	7744	2	0	1.8093E7
0	5829	7744	2	0	1.8094E7
0	5829	7743	2	2	1.8095E7
0	5831	7740	2	3	1.8096E7
0	5833	7736	2	5	1.8097E7
0	5835	7729	2	7	1.8098E7
0	5839	7721	3	9	1.8099E7
0	5843	7711	3	11	1.81E7
0	5847	7699	3	13	1.8101E7
0	5853	7686	3	14	1.8102E7
0	5858	7672	3	14	1.8103E7
0	5862	7659	3	14	1.8104E7
0	5867	7645	3	14	1.8105E7
0	5871	7631	3	14	1.8106E7
0	5875	7617	3	14	1.8107E7
0	5880	7603	3	14	1.8108E7
0	5883	7589	3	14	1.8109E7
0	5886	7575	3	14	1.811E7
0	5889	7561	3	14	1.8111E7
0	5894	7547	3	14	1.8112E7
0	5901	7534	2	14	1.8113E7
0	5915	7533	1	14	1.8114E7
0	5929	7532	1	14	1.8115E7
0	5944	7534	1	14	1.8116E7
0	5958	7538	1	14	1.8117E7
0	5972	7542	1	14	1.8118E7
0	5986	7545	1	14	1.8119E7
0	5999	7549	1	12	1.812E7
0	6010	7551	1	9	1.8121E7
0	6017	7552	1	6	1.8122E7
0	6022	7553	1	3	1.8123E7
0	6024	7553	1	0	1.8124E7
0	6024	7553	1	0	1.8125E7
0	6024	7553	1	0	1.8126E7
0	6024	7553	1	0	1.8127E7
0	6024	7553	1	0	1.8128E7
0	6024	7553	1	0	1.8129E7
0	6024	7553	1	0	1.813E7
0	6024	7553	1	0	1.8131E7
0	6024	7553	1	0	1.8132E7
0	6024	7553	1	0	1.8133E7
0	6024	7553	1	0	1.8134E7
0	6024	7553	1	0	1.8135E7
0	6024	7553	1	0	1.8136E7
0	6024	7553	1	0	1.8137E7
0	6024	7553	1	0	1.8138E7
0	6024	7553	1	0	1.8139E7
0	6024	7553	1	0	1.814E7
0	6024	7553	1	0	1.8141E7
0	6024	7553	1	0	1.8142E7
0	6024	7553	1	0	1.8143E7
0	6025	7553	1	0	1.8144E7
0	6026	7554	1	2	1.8145E7
0	6030	7555	1	4	1.8146E7
0	6036	7556	1	6	1.8147E7
0	6043	7557	1	8	1.8148E7
0	6052	7559	1	10	1.8149E7
0	6063	7560	1	12	1.815E7
0	6072	7573	8	14	1.8151E7
0	6069	7588	7	14	1.8152E7
0	6067	7602	7	14	1.8153E7
0	6065	7616	7	14	1.8154E7
0	6062	7631	7	14	1.8155E7
0	6060	7645	7	14	1.8156E7
0	6058	7659	7	14	1.8157E7
0	6055	7674	7	14	1.8158E7
0	6053	7688	7	14	1.8159E7
0	6049	7702	7	14	1.816E7
0	6045	7716	7	14	1.8161E7
0	6040	7730	7	14	1.8162E7
0	6036	7744	7	14	1.8163E7
0	6031	7758	7	14	1.8164E7
0	6026	7771	7	14	1.8165E7
0	6021	7785	7	14	1.8166E7
0	6015	7798	7	14	1.8167E7
0	6010	7812	7	14	1.8168E7
0	6003	7825	6	14	1.8169E7
0	5997	7838	6	13	1.817E7
0	5992	7848	6	10	1.8171E7
0	5988	7855	6	7	1.8172E7
0	5985	7860	6	4	1.8173E7
0	5984	7864	6	4	1.8174E7
0	5986	7869	7	6	1.8175E7
0	5992	7873	8	8	1.8176E7
0	6001	7877	8	10	1.8177E7
0	6011	7882	8	12	1.8178E7
0	6024	7888	8	14	1.8179E7
0	6037	7894	8	14	1.818E7
0	6051	7899	1	14	1.8181E7
0	6064	7904	1	14	1.8182E7
0	6078	7909	1	14	1.8183E7
0	6092	7912	1	14	1.8184E7
0	6106	7915	1	14	1.8185E7
0	6120	7918	1	14	1.8186E7
0	6135	7920	1	14	1.8187E7
0	6149	7923	1	13	1.8188E7
0	6161	7924	1	10	1.8189E7
0	6169	7925	1	7	1.819E7
0	6175	7926	1	4	1.8191E7
0	6178	7926	1	2	1.8192E7
0	6179	7927	1	0	1.8193E7
0	6179	7927	1	0	1.8194E7
0	6179	7927	1	0	1.8195E7
0	6179	7927	1	0	1.8196E7
0	6179	7927	1	0	1.8197E7
0	6179	7927	1	0	1.8198E7
0	6179	7927	1	0	1.8199E7
0	6179	7927	1	0	1.82E7
0	6179	7927	1	0	1.8201E7
0	6179	7927	1	0	1.8202E7
0	6179	7927	1	0	1.8203E7
0	6179	7927	1	0	1.8204E7
0	6179	7927	1	0	1.8205E7
0	6179	7927	1	0	1.8206E7
0	6179	7927	1	0	1.8207E7
0	6179	7927	1	0	1.8208E7
0	6179	7927	1	0	1.8209E7
0	6179	7927	1	0	1.821E7
0	6179	7927	1	0	1.8211E7
0	6179	7927	1	0	1.8212E7
0	6180	7927	1	2	1.8213E7
0	6183	7927	1	4	1.8214E7
0	6188	7928	1	5	1.8215E7
0	6195	7929	1	7	1.8216E7
0	6204	7931	1	9	1.8217E7
0	6214	7932	1	10	1.8218E7
0	6223	7933	1	7	1.8219E7
0	6229	7934	1	4	1.822E7
0	6233	7934	1	4	1.8221E7
0	6237	7931	1	6	1.8222E7
0	6238	7923	3	8	1.8223E7
0	6240	7914	3	10	1.8224E7
0	6243	7902	3	12	1.8225E7
0	6245	7889	3	14	1.8226E7
0	6248	7875	3	14	1.8227E7
0	6250	7860	3	14	1.8228E7
0	6253	7846	3	14	1.8229E7
0	6255	7832	3	14	1.823E7
0	6257	7818	3	14	1.8231E7
0	6260	7803	3	14	1.8232E7
0	6262	7789	3	14	1.8233E7
0	6264	7775	3	14	1.8234E7
0	6267	7760	3	14	1.8235E7
0	6270	7746	3	14	1.8236E7
0	6273	7732	3	14	1.8237E7
0	6275	7718	3	14	1.8238E7
0	6278	7703	3	14	1.8239E7
0	6281	7689	3	14	1.824E7
0	6284	7675	3	14	1.8241E7
0	6286	7661	3	14	1.8242E7
0	6289	7646	3	14	1.8243E7
0	6291	7632	3	14	1.8244E7
0	6294	7618	3	14	1.8245E7
0	6296	7603	3	14	1.8246E7
0	6298	7589	3	14	1.8247E7
0	6300	7575	3	14	1.8248E7
0	6303	7560	3	14	1.8249E7
0	6305	7546	3	14	1.825E7
0	6307	7532	3	14	1.8251E7
0	6310	7517	3	14	1.8252E7
0	6312	7503	3	14	1.8253E7
0	6314	7490	3	11	1.8254E7
0	6316	7480	3	8	1.8255E7
0	6316	7473	3	5	1.8256E7
0	6317	7468	3	3	1.8257E7
0	6318	7466	3	0	1.8258E7
0	6318	7466	3	0	1.8259E7
0	6318	7466	3	0	1.826E7
0	6318	7466	3	0	1.8261E7
0	6318	7466	3	0	1.8262E7
0	6318	7466	3	0	1.8263E7
0	6318	7466	3	0	1.8264E7
0	6318	7466	3	0	1.8265E7
0	6318	7466	3	0	1.8266E7
0	6318	7466	3	0	1.8267E7
0	6318	7466	3	0	1.8268E7
0	6318	7466	3	0	1.8269E7
0	6318	7466	3	0	1.827E7
0	6318	7466	3	0	1.8271E7
0	6318	7466	3	0	1.8272E7
0	6318	7466	3	0	1.8273E7
0	6318	7466	3	0	1.8274E7
0	6318	7466	3	0	1.8275E7
0	6318	7466	3	0	1.8276E7
0	6318	7466	3	0	1.8277E7
0	6318	7466	3	1	1.8278E7
0	6318	7464	3	3	1.8279E7
0	6319	7459	3	5	1.828E7
0	6320	7453	3	6	1.8281E7
0	6321	7445	3	8	1.8282E7
0	6323	7435	3	10	1.8283E7
0	6324	7424	3	12	1.8284E7
0	6327	7410	3	14	1.8285E7
0	6332	7397	2	14	1.8286E7
0	6340	7385	2	14	1.8287E7
0	6352	7377	2	14	1.8288E7
0	6364	7368	2	15	1.8289E7
0	6358	7353	4	16	1.829E7
0	6345	7342	4	17	1.8291E7
0	6332	7330	4	17	1.8292E7
0	6321	7320	4	13	1.8293E7
0	6312	7312	4	10	1.8294E7
0	6306	7306	4	7	1.8295E7
0	6302	7302	4	4	1.8296E7
0	6299	7300	4	2	1.8297E7
0	6299	7300	4	0	1.8298E7
0	6299	7300	4	0	1.8299E7
0	6299	7300	4	0	1.83E7
0	6299	7300	4	0	1.8301E7
0	6299	7300	4	0	1.8302E7
0	6299	7300	4	0	1.8303E7
0	6299	7300	4	0	1.8304E7
0	6299	7300	4	0	1.8305E7
0	6299	7300	4	0	1.8306E7
0	6299	7300	4	0	1.8307E7
0	6299	7300	4	0	1.8308E7
0	6299	7300	4	0	1.8309E7
0	6299	7300	4	0	1.831E7
0	6299	7300	4	0	1.8311E7
0	6299	7300	4	0	1.8312E7
0	6299	7300	4	0	1.8313E7
0	6299	7300	4	0	1.8314E7
0	6299	7300	4	0	1.8315E7
0	6299	7300	4	0	1.8316E7
0	6299	7300	4	0	1.8317E7
0	6298	7299	4	2	1.8318E7
0	6296	7297	4	3	1.8319E7
0	6292	7293	4	5	1.832E7
0	6287	7289	4	7	1.8321E7
0	6280	7283	4	9	1.8322E7
0	6272	7276	4	11	1.8323E7
0	6263	7267	4	13	1.8324E7
0	6252	7257	4	15	1.8325E7
0	6239	7246	4	17	1.8326E7
0	6227	7235	4	14	1.8327E7
0	6218	7226	4	11	1.8328E7
0	6210	7219	4	8	1.8329E7
0	6206	7215	4	5	1.833E7
0	6202	7212	4	3	1.8331E7
0	6199	7209	4	6	1.8332E7
0	6197	7204	4	7	1.8333E7
0	6200	7195	3	10	1.8334E7
0	6202	7184	3	12	1.8335E7
0	6203	7170	3	14	1.8336E7
0	6201	7155	3	14	1.8337E7
0	6194	7141	4	14	1.8338E7
0	6185	7129	4	14	1.8339E7
0	6174	7119	4	14	1.834E7
0	6170	7105	3	14	1.8341E7
0	6171	7090	3	14	1.8342E7
0	6172	7076	3	14	1.8343E7
0	6174	7061	3	14	1.8344E7
0	6175	7047	3	14	1.8345E7
0	6176	7032	3	14	1.8346E7
0	6177	7018	3	14	1.8347E7
0	6178	7003	3	14	1.8348E7
0	6179	6989	3	14	1.8349E7
0	6180	6974	3	14	1.835E7
0	6182	6960	3	14	1.8351E7
0	6183	6945	3	14	1.8352E7
0	6184	6931	3	14	1.8353E7
0	6185	6916	3	14	1.8354E7
0	6186	6902	3	12	1.8355E7
0	6187	6891	3	9	1.8356E7
0	6187	6884	3	6	1.8357E7
0	6188	6878	3	4	1.8358E7
0	6188	6875	3	2	1.8359E7
0	6188	6874	3	0	1.836E7
0	6188	6873	3	0	1.8361E7
0	6188	6871	3	2	1.8362E7
0	6189	6868	3	4	1.8363E7
0	6189	6862	3	6	1.8364E7
0	6190	6854	3	8	1.8365E7
0	6191	6845	3	10	1.8366E7
0	6192	6833	3	12	1.8367E7
0	6194	6820	3	14	1.8368E7
0	6196	6805	3	14	1.8369E7
0	6198	6791	3	14	1.837E7
0	6200	6778	3	11	1.8371E7
0	6202	6768	3	8	1.8372E7
0	6203	6761	3	5	1.8373E7
0	6203	6756	3	3	1.8374E7
0	6204	6754	3	0	1.8375E7
0	6204	6754	3	0	1.8376E7
0	6204	6754	3	0	1.8377E7
0	6204	6754	3	0	1.8378E7
0	6204	6754	3	0	1.8379E7
0	6204	6754	3	0	1.838E7
0	6204	6754	3	0	1.8381E7
0	6204	6754	3	0	1.8382E7
0	6204	6754	3	0	1.8383E7
0	6204	6754	3	0	1.8384E7
0	6204	6754	3	0	1.8385E7
0	6204	6754	3	0	1.8386E7
0	6204	6754	3	0	1.8387E7
0	6204	6754	3	0	1.8388E7
0	6204	6754	3	0	1.8389E7
0	6204	6754	3	0	1.839E7
0	6204	6754	3	0	1.8391E7
0	6204	6754	3	0	1.8392E7
0	6204	6754	3	0	1.8393E7
0	6204	6754	3	0	1.8394E7
0	6204	6754	3	1	1.8395E7
0	6204	6752	3	3	1.8396E7
0	6205	6747	3	5	1.8397E7
0	6205	6741	3	6	1.8398E7
0	6207	6733	3	9	1.8399E7
0	6208	6723	3	11	1.84E7
0	6210	6711	3	13	1.8401E7
0	6212	6697	3	14	1.8402E7
0	6214	6683	3	14	1.8403E7
0	6216	6669	3	14	1.8404E7
0	6218	6654	3	14	1.8405E7
0	6221	6640	3	14	1.8406E7
0	6223	6626	3	14	1.8407E7
0	6225	6611	3	14	1.8408E7
0	6227	6597	3	14	1.8409E7
0	6229	6583	3	14	1.841E7
0	6231	6568	3	14	1.8411E7
0	6233	6554	3	14	1.8412E7
0	6235	6539	3	14	1.8413E7
0	6237	6525	3	14	1.8414E7
0	6239	6511	3	14	1.8415E7
0	6242	6496	3	14	1.8416E7
0	6244	6482	3	14	1.8417E7
0	6246	6470	3	10	1.8418E7
0	6248	6461	3	7	1.8419E7
0	6249	6455	3	5	1.842E7
0	6249	6451	3	2	1.8421E7
0	6250	6450	3	0	1.8422E7
0	6250	6450	3	0	1.8423E7
0	6250	6450	3	0	1.8424E7
0	6250	6450	3	0	1.8425E7
0	6250	6450	3	0	1.8426E7
0	6250	6450	3	0	1.8427E7
0	6250	6450	3	0	1.8428E7
0	6250	6450	3	0	1.8429E7
0	6250	6450	3	0	1.843E7
0	6250	6450	3	0	1.8431E7
0	6250	6450	3	0	1.8432E7
0	6250	6450	3	0	1.8433E7
0	6250	6450	3	0	1.8434E7
0	6250	6450	3	0	1.8435E7
0	6250	6450	3	0	1.8436E7
0	6250	6450	3	0	1.8437E7
0	6250	6450	3	0	1.8438E7
0	6250	6450	3	0	1.8439E7
0	6250	6450	3	0	1.844E7
0	6250	6450	3	0	1.8441E7
0	6250	6449	3	1	1.8442E7
0	6250	6447	3	3	1.8443E7
0	6251	6442	3	5	1.8444E7
0	6252	6436	3	7	1.8445E7
0	6253	6428	3	9	1.8446E7
0	6255	6418	3	11	1.8447E7
0	6257	6406	3	10	1.8448E7
0	6258	6397	3	7	1.8449E7
0	6259	6391	3	4	1.845E7
0	6260	6388	3	2	1.8451E7
0	6260	6386	3	1	1.8452E7
0	6261	6385	3	0	1.8453E7
0	6261	6385	3	0	1.8454E7
0	6261	6384	3	0	1.8455E7
0	6261	6384	3	0	1.8456E7
0	6261	6384	3	0	1.8457E7
0	6261	6384	3	0	1.8458E7
0	6261	6384	3	0	1.8459E7
0	6261	6384	3	0	1.846E7
0	6261	6384	3	0	1.8461E7
0	6261	6384	3	0	1.8462E7
0	6261	6384	3	0	1.8463E7
0	6261	6384	3	0	1.8464E7
0	6261	6384	3	0	1.8465E7
0	6261	6384	3	0	1.8466E7
0	6261	6384	3	0	1.8467E7
0	6261	6384	3	0	1.8468E7
0	6261	6384	3	0	1.8469E7
0	6261	6384	3	0	1.847E7
0	6261	6384	3	0	1.8471E7
0	6261	6384	3	0	1.8472E7
0	6261	6384	3	0	1.8473E7
0	6261	6384	3	0	1.8474E7
0	6261	6384	3	0	1.8475E7
0	6261	6384	3	0	1.8476E7
0	6261	6384	3	0	1.8477E7
0	6261	6384	3	0	1.8478E7
0	6261	6384	3	0	1.8479E7
0	6261	6384	3	0	1.848E7
0	6261	6384	3	0	1.8481E7
0	6261	6383	3	2	1.8482E7
0	6262	6379	3	4	1.8483E7
0	6262	6374	3	6	1.8484E7
0	6264	6367	3	8	1.8485E7
0	6265	6357	3	10	1.8486E7
0	6267	6346	3	12	1.8487E7
0	6269	6332	3	14	1.8488E7
0	6271	6318	3	14	1.8489E7
0	6273	6304	3	14	1.849E7
0	6275	6289	3	14	1.8491E7
0	6277	6275	3	14	1.8492E7
0	6279	6261	3	14	1.8493E7
0	6282	6246	3	14	1.8494E7
0	6284	6232	3	14	1.8495E7
0	6286	6218	3	14	1.8496E7
0	6288	6203	3	14	1.8497E7
0	6290	6189	3	14	1.8498E7
0	6292	6175	3	14	1.8499E7
0	6294	6160	3	14	1.85E7
0	6297	6146	3	14	1.8501E7
0	6299	6132	3	14	1.8502E7
0	6302	6117	3	13	1.8503E7
0	6304	6106	3	10	1.8504E7
0	6305	6097	3	7	1.8505E7
0	6306	6091	3	4	1.8506E7
0	6307	6088	3	2	1.8507E7
0	6307	6086	3	1	1.8508E7
0	6307	6086	3	0	1.8509E7
0	6307	6085	3	0	1.851E7
0	6307	6085	3	0	1.8511E7
0	6307	6085	3	0	1.8512E7
0	6307	6085	3	0	1.8513E7
0	6307	6085	3	0	1.8514E7
0	6307	6085	3	0	1.8515E7
0	6307	6085	3	0	1.8516E7
0	6307	6085	3	0	1.8517E7
0	6307	6085	3	0	1.8518E7
0	6307	6085	3	0	1.8519E7
0	6307	6085	3	0	1.852E7
0	6307	6085	3	0	1.8521E7
0	6307	6084	3	1	1.8522E7
0	6308	6081	3	3	1.8523E7
0	6308	6077	3	5	1.8524E7
0	6309	6072	3	3	1.8525E7
0	6310	6070	3	1	1.8526E7
0	6310	6069	3	0	1.8527E7
0	6310	6069	3	0	1.8528E7
0	6310	6069	3	0	1.8529E7
0	6310	6069	3	0	1.853E7
0	6310	6069	3	0	1.8531E7
0	6310	6069	3	0	1.8532E7
0	6310	6069	3	0	1.8533E7
0	6310	6069	3	0	1.8534E7
0	6310	6069	3	0	1.8535E7
0	6310	6069	3	0	1.8536E7
0	6310	6069	3	0	1.8537E7
0	6310	6069	3	0	1.8538E7
0	6310	6069	3	0	1.8539E7
0	6310	6069	3	0	1.854E7
0	6310	6069	3	0	1.8541E7
0	6310	6069	3	0	1.8542E7
0	6310	6069	3	0	1.8543E7
0	6310	6069	3	0	1.8544E7
0	6310	6069	3	0	1.8545E7
0	6310	6069	3	0	1.8546E7
0	6310	6068	3	2	1.8547E7
0	6311	6064	3	4	1.8548E7
0	6312	6058	3	5	1.8549E7
0	6312	6054	3	3	1.855E7
0	6312	6052	3	1	1.8551E7
0	6313	6051	3	0	1.8552E7
0	6313	6051	3	0	1.8553E7
0	6313	6051	3	0	1.8554E7
0	6313	6051	3	0	1.8555E7
0	6313	6051	3	0	1.8556E7
0	6313	6051	3	0	1.8557E7
0	6313	6051	3	0	1.8558E7
0	6309	6050	3	0	1.8559E7
0	6310	6049	3	2	1.856E7
0	6310	6045	3	4	1.8561E7
0	6311	6040	3	6	1.8562E7
0	6312	6032	3	8	1.8563E7
0	6313	6023	3	10	1.8564E7
0	6314	6011	3	12	1.8565E7
0	6316	5998	3	14	1.8566E7
0	6317	5983	3	14	1.8567E7
0	6319	5969	3	14	1.8568E7
0	6324	5955	3	14	1.8569E7
0	6327	5941	3	14	1.857E7
0	6329	5926	3	14	1.8571E7
0	6332	5912	3	14	1.8572E7
0	6336	5898	3	14	1.8573E7
0	6340	5885	3	14	1.8574E7
0	6345	5871	3	14	1.8575E7
0	6349	5857	3	14	1.8576E7
0	6360	5849	2	16	1.8577E7
0	6377	5849	1	17	1.8578E7
0	6394	5850	1	17	1.8579E7
0	6411	5850	1	15	1.858E7
0	6425	5851	1	12	1.8581E7
0	6435	5851	1	8	1.8582E7
0	6442	5851	1	6	1.8583E7
0	6447	5851	1	3	1.8584E7
0	6449	5851	1	0	1.8585E7
0	6449	5851	1	0	1.8586E7
0	6449	5851	1	0	1.8587E7
0	6449	5851	1	0	1.8588E7
0	6449	5851	1	0	1.8589E7
0	6449	5851	1	0	1.859E7
0	6449	5851	1	0	1.8591E7
0	6449	5851	1	0	1.8592E7
0	6449	5851	1	0	1.8593E7
0	6449	5851	1	0	1.8594E7
0	6449	5851	1	0	1.8595E7
0	6449	5851	1	0	1.8596E7
0	6449	5851	1	0	1.8597E7
0	6449	5851	1	0	1.8598E7
0	6449	5851	1	0	1.8599E7
0	6449	5851	1	0	1.86E7
0	6449	5851	1	0	1.8601E7
0	6449	5851	1	0	1.8602E7
0	6449	5851	1	0	1.8603E7
0	6449	5851	1	0	1.8604E7
0	6450	5851	1	0	1.8605E7
0	6452	5851	1	3	1.8606E7
0	6456	5851	1	5	1.8607E7
0	6462	5851	1	7	1.8608E7
0	6471	5850	1	9	1.8609E7
0	6481	5849	1	11	1.861E7
0	6493	5850	1	13	1.8611E7
0	6508	5850	1	15	1.8612E7
0	6524	5850	1	17	1.8613E7
0	6541	5850	1	17	1.8614E7
0	6559	5850	1	17	1.8615E7
0	6576	5850	1	17	1.8616E7
0	6594	5850	1	17	1.8617E7
0	6611	5851	1	17	1.8618E7
0	6628	5846	1	17	1.8619E7
0	6645	5841	1	17	1.862E7
0	6656	5846	8	14	1.8621E7
0	6664	5858	8	14	1.8622E7
0	6677	5865	8	14	1.8623E7
0	6691	5869	1	14	1.8624E7
0	6706	5871	1	14	1.8625E7
0	6720	5874	1	14	1.8626E7
0	6735	5877	1	14	1.8627E7
0	6749	5880	1	14	1.8628E7
0	6764	5882	1	14	1.8629E7
0	6779	5885	1	14	1.863E7
0	6793	5887	1	14	1.8631E7
0	6808	5890	1	14	1.8632E7
0	6822	5893	1	14	1.8633E7
0	6837	5896	1	14	1.8634E7
0	6851	5899	1	14	1.8635E7
0	6864	5901	1	11	1.8636E7
0	6873	5903	1	8	1.8637E7
0	6880	5905	1	5	1.8638E7
0	6884	5906	1	3	1.8639E7
0	6886	5906	1	0	1.864E7
0	6886	5906	1	0	1.8641E7
0	6886	5906	1	0	1.8642E7
0	6886	5906	1	0	1.8643E7
0	6886	5906	1	0	1.8644E7
0	6886	5906	1	0	1.8645E7
0	6886	5906	1	0	1.8646E7
0	6886	5906	1	0	1.8647E7
0	6886	5906	1	0	1.8648E7
0	6886	5906	1	0	1.8649E7
0	6886	5906	1	0	1.865E7
0	6886	5906	1	0	1.8651E7
0	6886	5906	1	0	1.8652E7
0	6886	5906	1	0	1.8653E7
0	6886	5906	1	0	1.8654E7
0	6886	5906	1	0	1.8655E7
0	6886	5906	1	0	1.8656E7
0	6886	5906	1	0	1.8657E7
0	6886	5906	1	0	1.8658E7
0	6886	5906	1	0	1.8659E7
0	6886	5906	1	1	1.866E7
0	6889	5906	1	3	1.8661E7
0	6893	5907	1	5	1.8662E7
0	6899	5909	1	7	1.8663E7
0	6908	5910	1	9	1.8664E7
0	6918	5912	1	11	1.8665E7
0	6930	5915	1	13	1.8666E7
0	6944	5918	1	14	1.8667E7
0	6958	5921	1	14	1.8668E7
0	6973	5924	1	14	1.8669E7
0	6987	5927	1	14	1.867E7
0	7001	5930	1	14	1.8671E7
0	7015	5932	1	14	1.8672E7
0	7029	5935	1	14	1.8673E7
0	7044	5938	1	14	1.8674E7
0	7058	5941	1	14	1.8675E7
0	7072	5944	1	14	1.8676E7
0	7086	5947	1	14	1.8677E7
0	7101	5950	1	14	1.8678E7
0	7115	5953	1	14	1.8679E7
0	7129	5956	1	14	1.868E7
0	7143	5959	1	14	1.8681E7
0	7158	5962	1	14	1.8682E7
0	7172	5965	1	14	1.8683E7
0	7184	5967	1	10	1.8684E7
0	7193	5969	1	7	1.8685E7
0	7199	5970	1	5	1.8686E7
0	7203	5971	1	2	1.8687E7
0	7204	5971	1	0	1.8688E7
0	7204	5971	1	0	1.8689E7
0	7204	5971	1	0	1.869E7
0	7204	5971	1	0	1.8691E7
0	7204	5971	1	0	1.8692E7
0	7204	5971	1	0	1.8693E7
0	7204	5971	1	0	1.8694E7
0	7204	5971	1	0	1.8695E7
0	7204	5971	1	0	1.8696E7
0	7204	5971	1	0	1.8697E7
0	7204	5971	1	0	1.8698E7
0	7204	5971	1	0	1.8699E7
0	7204	5971	1	0	1.87E7
0	7204	5971	1	0	1.8701E7
0	7204	5971	1	0	1.8702E7
0	7204	5971	1	0	1.8703E7
0	7204	5971	1	0	1.8704E7
0	7204	5971	1	0	1.8705E7
0	7204	5971	1	0	1.8706E7
0	7204	5971	1	0	1.8707E7
0	7205	5971	1	1	1.8708E7
0	7207	5972	1	3	1.8709E7
0	7212	5970	1	5	1.871E7
0	7219	5971	1	7	1.8711E7
0	7227	5973	1	9	1.8712E7
0	7237	5974	1	8	1.8713E7
0	7244	5975	1	5	1.8714E7
0	7248	5976	1	3	1.8715E7
0	7251	5977	1	1	1.8716E7
0	7252	5977	1	0	1.8717E7
0	7252	5977	1	0	1.8718E7
0	7252	5977	1	0	1.8719E7
0	7252	5977	1	0	1.872E7
0	7253	5977	1	0	1.8721E7
0	7254	5977	1	2	1.8722E7
0	7258	5977	1	4	1.8723E7
0	7263	5978	1	6	1.8724E7
0	7271	5979	1	8	1.8725E7
0	7280	5980	1	10	1.8726E7
0	7292	5981	1	12	1.8727E7
0	7305	5981	1	14	1.8728E7
0	7319	5980	1	12	1.8729E7
0	7330	5977	1	9	1.873E7
0	7338	5976	1	6	1.8731E7
0	7343	5975	1	4	1.8732E7
0	7346	5974	1	2	1.8733E7
0	7347	5974	1	1	1.8734E7
0	7348	5974	1	0	1.8735E7
0	7348	5974	1	0	1.8736E7
0	7348	5974	1	0	1.8737E7
0	7348	5974	1	0	1.8738E7
0	7348	5974	1	0	1.8739E7
0	7348	5974	1	0	1.874E7
0	7348	5974	1	0	1.8741E7
0	7348	5974	1	0	1.8742E7
0	7348	5974	1	0	1.8743E7
0	7348	5974	1	0	1.8744E7
0	7348	5974	1	0	1.8745E7
0	7348	5974	1	0	1.8746E7
0	7348	5974	1	0	1.8747E7
0	7348	5974	1	0	1.8748E7
0	7348	5974	1	0	1.8749E7
0	7348	5974	1	0	1.875E7
0	7348	5974	1	0	1.8751E7
0	7348	5974	1	0	1.8752E7
0	7348	5974	1	0	1.8753E7
0	7348	5974	1	0	1.8754E7
0	7348	5974	1	0	1.8755E7
0	7348	5974	1	0	1.8756E7
0	7348	5974	1	0	1.8757E7
0	7348	5974	1	0	1.8758E7
0	7348	5974	1	0	1.8759E7
0	7348	5974	1	0	1.876E7
0	7348	5974	1	0	1.8761E7
0	7348	5974	1	0	1.8762E7
0	7348	5974	1	0	1.8763E7
0	7348	5974	1	0	1.8764E7
0	7348	5974	1	0	1.8765E7
0	7348	5974	1	0	1.8766E7
0	7350	5973	1	2	1.8767E7
0	7353	5972	1	4	1.8768E7
0	7359	5971	1	6	1.8769E7
0	7366	5967	2	8	1.877E7
0	7372	5960	2	10	1.8771E7
0	7376	5949	3	12	1.8772E7
0	7381	5937	3	14	1.8773E7
0	7385	5923	3	14	1.8774E7
0	7390	5909	3	14	1.8775E7
0	7399	5897	3	14	1.8776E7
0	7404	5884	3	14	1.8777E7
0	7410	5870	3	14	1.8778E7
0	7414	5858	3	11	1.8779E7
0	7418	5850	3	8	1.878E7
0	7420	5844	3	5	1.8781E7
0	7422	5840	3	3	1.8782E7
0	7422	5838	3	1	1.8783E7
0	7423	5837	3	0	1.8784E7
0	7423	5837	3	0	1.8785E7
0	7423	5837	3	0	1.8786E7
0	7423	5837	3	0	1.8787E7
0	7423	5837	3	0	1.8788E7
0	7423	5837	3	0	1.8789E7
0	7423	5837	3	0	1.879E7
0	7423	5837	3	0	1.8791E7
0	7423	5837	3	0	1.8792E7
0	7423	5837	3	0	1.8793E7
0	7423	5837	3	0	1.8794E7
0	7423	5837	3	0	1.8795E7
0	7423	5837	3	0	1.8796E7
0	7423	5837	3	0	1.8797E7
0	7423	5837	3	0	1.8798E7
0	7423	5837	3	0	1.8799E7
0	7423	5837	3	0	1.88E7
0	7423	5837	3	0	1.8801E7
0	7423	5837	3	0	1.8802E7
0	7423	5837	3	0	1.8803E7
0	7423	5837	3	0	1.8804E7
0	7423	5837	3	0	1.8805E7
0	7423	5837	3	0	1.8806E7
0	7423	5837	3	0	1.8807E7
0	7423	5837	3	0	1.8808E7
0	7423	5837	3	0	1.8809E7
0	7423	5837	3	0	1.881E7
0	7423	5837	3	0	1.8811E7
0	7423	5837	3	0	1.8812E7
0	7423	5837	3	0	1.8813E7
0	7423	5837	3	0	1.8814E7
0	7423	5837	3	0	1.8815E7
0	7423	5837	3	0	1.8816E7
0	7423	5837	3	0	1.8817E7
0	7424	5835	3	2	1.8818E7
0	7425	5832	3	4	1.8819E7
0	7427	5826	3	6	1.882E7
0	7430	5820	3	8	1.8821E7
0	7433	5813	3	7	1.8822E7
0	7436	5804	3	10	1.8823E7
0	7441	5794	3	12	1.8824E7
0	7446	5782	3	14	1.8825E7
0	7451	5768	3	14	1.8826E7
0	7457	5755	3	14	1.8827E7
0	7460	5740	3	14	1.8828E7
0	7463	5726	3	14	1.8829E7
0	7462	5711	3	14	1.883E7
0	7462	5698	3	10	1.8831E7
0	7460	5689	3	7	1.8832E7
0	7458	5683	3	5	1.8833E7
0	7457	5679	3	2	1.8834E7
0	7457	5678	3	0	1.8835E7
0	7457	5678	3	0	1.8836E7
0	7457	5678	3	0	1.8837E7
0	7457	5678	3	0	1.8838E7
0	7457	5678	3	0	1.8839E7
0	7457	5678	3	0	1.884E7
0	7457	5678	3	0	1.8841E7
0	7457	5678	3	0	1.8842E7
0	7457	5678	3	0	1.8843E7
0	7457	5678	3	0	1.8844E7
0	7457	5678	3	0	1.8845E7
0	7457	5678	3	0	1.8846E7
0	7457	5678	3	0	1.8847E7
0	7457	5678	3	0	1.8848E7
0	7457	5678	3	0	1.8849E7
0	7457	5678	3	0	1.885E7
0	7457	5678	3	0	1.8851E7
0	7457	5678	3	0	1.8852E7
0	7457	5678	3	0	1.8853E7
0	7457	5678	3	0	1.8854E7
0	7456	5678	3	1	1.8855E7
0	7455	5675	3	3	1.8856E7
0	7454	5670	3	5	1.8857E7
0	7451	5664	3	7	1.8858E7
0	7447	5656	4	9	1.8859E7
0	7442	5646	4	11	1.886E7
0	7436	5635	4	13	1.8861E7
0	7430	5623	4	11	1.8862E7
0	7426	5614	4	8	1.8863E7
0	7423	5608	4	5	1.8864E7
0	7421	5604	4	3	1.8865E7
0	7420	5602	4	1	1.8866E7
0	7419	5601	4	0	1.8867E7
0	7419	5601	4	0	1.8868E7
0	7419	5601	4	0	1.8869E7
0	7419	5601	4	0	1.887E7
0	7419	5601	4	0	1.8871E7
0	7419	5601	4	0	1.8872E7
0	7419	5601	4	0	1.8873E7
0	7419	5601	4	0	1.8874E7
0	7419	5601	4	0	1.8875E7
0	7419	5601	4	0	1.8876E7
0	7419	5601	4	0	1.8877E7
0	7419	5601	4	0	1.8878E7
0	7419	5601	4	0	1.8879E7
0	7419	5601	4	0	1.888E7
0	7419	5601	4	0	1.8881E7
0	7419	5601	4	0	1.8882E7
0	7419	5601	4	0	1.8883E7
0	7419	5601	4	0	1.8884E7
0	7419	5601	4	0	1.8885E7
0	7419	5601	4	0	1.8886E7
0	7419	5601	4	0	1.8887E7
0	7419	5601	4	0	1.8888E7
0	7419	5601	4	0	1.8889E7
0	7419	5601	4	0	1.889E7
0	7419	5601	4	0	1.8891E7
0	7419	5601	4	0	1.8892E7
0	7419	5601	4	0	1.8893E7
0	7419	5601	4	0	1.8894E7
0	7419	5601	4	0	1.8895E7
0	7419	5601	4	0	1.8896E7
0	7419	5601	4	0	1.8897E7
0	7419	5601	4	0	1.8898E7
0	7419	5601	4	0	1.8899E7
0	7419	5601	4	0	1.89E7
0	7419	5600	4	0	1.8901E7
0	7418	5599	4	2	1.8902E7
0	7416	5596	4	4	1.8903E7
0	7414	5591	4	6	1.8904E7
0	7411	5584	4	8	1.8905E7
0	7407	5576	4	9	1.8906E7
0	7402	5566	4	10	1.8907E7
0	7398	5558	4	9	1.8908E7
0	7393	5549	4	9	1.8909E7
0	7389	5540	4	10	1.891E7
0	7384	5530	4	10	1.8911E7
0	7379	5520	4	11	1.8912E7
0	7374	5510	4	11	1.8913E7
0	7369	5499	4	11	1.8914E7
0	7364	5489	4	12	1.8915E7
0	7359	5478	4	11	1.8916E7
0	7353	5467	4	12	1.8917E7
0	7348	5457	4	10	1.8918E7
0	7344	5448	4	8	1.8919E7
0	7340	5441	4	6	1.892E7
0	7338	5436	4	4	1.8921E7
0	7336	5432	4	3	1.8922E7
0	7335	5430	4	2	1.8923E7
0	7334	5429	4	1	1.8924E7
0	7334	5428	4	0	1.8925E7
0	7334	5428	4	0	1.8926E7
0	7334	5428	4	0	1.8927E7
0	7334	5428	4	0	1.8928E7
0	7334	5428	4	0	1.8929E7
0	7334	5427	4	0	1.893E7
0	7334	5427	4	0	1.8931E7
0	7334	5427	4	0	1.8932E7
0	7334	5427	4	0	1.8933E7
0	7334	5427	4	0	1.8934E7
0	7334	5427	4	0	1.8935E7
0	7334	5427	4	0	1.8936E7
0	7334	5427	4	0	1.8937E7
0	7334	5427	4	0	1.8938E7
0	7334	5427	4	0	1.8939E7
0	7334	5427	4	0	1.894E7
0	7334	5427	4	0	1.8941E7
0	7334	5427	4	0	1.8942E7
0	7334	5427	4	0	1.8943E7
0	7334	5427	4	0	1.8944E7
0	7334	5427	4	0	1.8945E7
0	7334	5427	4	0	1.8946E7
0	7334	5427	4	0	1.8947E7
0	7334	5427	4	0	1.8948E7
0	7334	5427	4	0	1.8949E7
0	7334	5427	4	0	1.895E7
0	7334	5427	4	0	1.8951E7
0	7334	5427	4	0	1.8952E7
0	7334	5427	4	0	1.8953E7
0	7334	5427	4	0	1.8954E7
0	7334	5427	4	0	1.8955E7
0	7334	5427	4	0	1.8956E7
0	7334	5427	4	0	1.8957E7
0	7334	5427	4	0	1.8958E7
0	7334	5427	4	0	1.8959E7
0	7334	5427	4	0	1.896E7
0	7334	5427	4	0	1.8961E7
0	7333	5427	4	1	1.8962E7
0	7332	5425	4	3	1.8963E7
0	7331	5421	4	4	1.8964E7
0	7329	5418	4	3	1.8965E7
0	7328	5416	4	1	1.8966E7
0	7327	5415	4	0	1.8967E7
0	7327	5414	4	0	1.8968E7
0	7327	5414	4	0	1.8969E7
0	7327	5414	4	0	1.897E7
0	7327	5414	4	0	1.8971E7
0	7327	5414	4	0	1.8972E7
0	7327	5414	4	0	1.8973E7
0	7327	5414	4	0	1.8974E7
0	7327	5414	4	0	1.8975E7
0	7327	5414	4	0	1.8976E7
0	7327	5414	4	0	1.8977E7
0	7327	5414	4	0	1.8978E7
0	7327	5414	4	0	1.8979E7
0	7327	5414	4	0	1.898E7
0	7327	5414	4	0	1.8981E7
0	7327	5414	4	0	1.8982E7
0	7327	5414	4	0	1.8983E7
0	7327	5414	4	1	1.8984E7
0	7326	5411	4	3	1.8985E7
0	7324	5407	4	5	1.8986E7
0	7321	5401	4	7	1.8987E7
0	7317	5393	4	9	1.8988E7
0	7313	5385	4	8	1.8989E7
0	7310	5378	4	5	1.899E7
0	7308	5374	4	3	1.8991E7
0	7307	5372	4	1	1.8992E7
0	7306	5371	4	0	1.8993E7
0	7306	5371	4	0	1.8994E7
0	7306	5370	4	0	1.8995E7
0	7306	5370	4	0	1.8996E7
0	7306	5370	4	0	1.8997E7
0	7306	5370	4	0	1.8998E7
0	7306	5370	4	0	1.8999E7
0	7306	5370	4	0	1.9E7
0	7306	5370	4	0	1.9001E7
0	7306	5370	4	0	1.9002E7
0	7306	5370	4	0	1.9003E7
0	7306	5370	4	0	1.9004E7
0	7306	5370	4	0	1.9005E7
0	7306	5370	4	0	1.9006E7
0	7306	5370	4	0	1.9007E7
0	7306	5370	4	0	1.9008E7
0	7306	5370	4	1	1.9009E7
0	7305	5368	4	2	1.901E7
0	7303	5366	4	2	1.9011E7
0	7302	5363	4	2	1.9012E7
0	7302	5362	4	1	1.9013E7
0	7301	5361	4	0	1.9014E7
0	7301	5360	4	0	1.9015E7
0	7301	5360	4	0	1.9016E7
0	7301	5360	4	0	1.9017E7
0	7301	5360	4	0	1.9018E7
0	7301	5360	4	0	1.9019E7
0	7301	5360	4	0	1.902E7
0	7301	5360	4	0	1.9021E7
0	7301	5360	4	0	1.9022E7
0	7301	5360	4	0	1.9023E7
0	7301	5360	4	0	1.9024E7
0	7301	5360	4	0	1.9025E7
0	7301	5360	4	0	1.9026E7
0	7301	5360	4	0	1.9027E7
0	7301	5360	4	0	1.9028E7
0	7301	5360	4	0	1.9029E7
0	7301	5360	4	0	1.903E7
0	7301	5360	4	0	1.9031E7
0	7301	5360	4	0	1.9032E7
0	7301	5360	4	0	1.9033E7
0	7301	5360	4	0	1.9034E7
0	7301	5360	4	0	1.9035E7
0	7301	5360	4	0	1.9036E7
0	7301	5360	4	0	1.9037E7
0	7301	5360	4	0	1.9038E7
0	7301	5360	4	0	1.9039E7
0	7301	5360	4	0	1.904E7
0	7301	5360	4	0	1.9041E7
0	7300	5359	4	1	1.9042E7
0	7299	5357	4	2	1.9043E7
0	7299	5356	4	0	1.9044E7
0	7299	5356	4	0	1.9045E7
0	7299	5356	4	0	1.9046E7
0	7299	5356	4	0	1.9047E7
0	7299	5356	4	0	1.9048E7
0	7299	5356	4	0	1.9049E7
0	7299	5356	4	0	1.905E7
0	7299	5356	4	0	1.9051E7
0	7299	5356	4	0	1.9052E7
0	7299	5356	4	0	1.9053E7
0	7299	5356	4	0	1.9054E7
0	7299	5356	4	0	1.9055E7
0	7299	5356	4	0	1.9056E7
0	7299	5356	4	0	1.9057E7
0	7299	5356	4	0	1.9058E7
0	7299	5356	4	0	1.9059E7
0	7299	5356	4	0	1.906E7
0	7299	5356	4	0	1.9061E7
0	7299	5356	4	0	1.9062E7
0	7299	5356	4	0	1.9063E7
0	7299	5355	4	1	1.9064E7
0	7297	5353	4	3	1.9065E7
0	7295	5349	4	5	1.9066E7
0	7292	5342	4	7	1.9067E7
0	7289	5335	4	9	1.9068E7
0	7284	5325	4	11	1.9069E7
0	7278	5314	4	13	1.907E7
0	7272	5301	4	14	1.9071E7
0	7266	5288	4	14	1.9072E7
0	7261	5278	4	9	1.9073E7
0	7257	5269	4	10	1.9074E7
0	7251	5259	4	12	1.9075E7
0	7245	5247	4	14	1.9076E7
0	7239	5234	4	14	1.9077E7
0	7232	5221	4	14	1.9078E7
0	7226	5208	4	14	1.9079E7
0	7219	5195	4	14	1.908E7
0	7213	5182	4	14	1.9081E7
0	7206	5169	4	14	1.9082E7
0	7200	5156	4	14	1.9083E7
0	7193	5143	4	14	1.9084E7
0	7187	5131	4	14	1.9085E7
0	7180	5118	4	14	1.9086E7
0	7174	5106	4	12	1.9087E7
0	7169	5096	4	10	1.9088E7
0	7165	5088	4	8	1.9089E7
0	7162	5082	4	5	1.909E7
0	7160	5078	4	3	1.9091E7
0	7159	5076	4	1	1.9092E7
0	7158	5075	4	0	1.9093E7
0	7158	5075	4	0	1.9094E7
0	7158	5075	4	0	1.9095E7
0	7158	5075	4	0	1.9096E7
0	7158	5075	4	0	1.9097E7
0	7158	5075	4	0	1.9098E7
0	7158	5075	4	0	1.9099E7
0	7158	5075	4	0	1.91E7
0	7158	5075	4	0	1.9101E7
0	7158	5075	4	0	1.9102E7
0	7158	5075	4	0	1.9103E7
0	7158	5075	4	0	1.9104E7
0	7158	5075	4	0	1.9105E7
0	7158	5075	4	0	1.9106E7
0	7158	5075	4	0	1.9107E7
0	7158	5075	4	0	1.9108E7
0	7158	5075	4	0	1.9109E7
0	7158	5074	4	0	1.911E7
0	7157	5073	4	2	1.9111E7
0	7156	5070	4	4	1.9112E7
0	7153	5065	4	5	1.9113E7
0	7152	5062	4	2	1.9114E7
0	7151	5060	4	0	1.9115E7
0	7151	5060	4	0	1.9116E7
0	7151	5060	4	0	1.9117E7
0	7151	5060	4	0	1.9118E7
0	7151	5060	4	0	1.9119E7
0	7151	5060	4	0	1.912E7
0	7151	5060	4	0	1.9121E7
0	7151	5060	4	0	1.9122E7
0	7151	5060	4	0	1.9123E7
0	7151	5060	4	0	1.9124E7
0	7151	5060	4	0	1.9125E7
0	7151	5060	4	0	1.9126E7
0	7151	5060	4	0	1.9127E7
0	7151	5060	4	0	1.9128E7
0	7151	5060	4	0	1.9129E7
0	7151	5060	4	0	1.913E7
0	7151	5060	4	0	1.9131E7
0	7151	5060	4	0	1.9132E7
0	7151	5060	4	0	1.9133E7
0	7151	5060	4	0	1.9134E7
0	7151	5060	4	1	1.9135E7
0	7149	5057	4	3	1.9136E7
0	7147	5053	4	5	1.9137E7
0	7144	5048	4	7	1.9138E7
0	7141	5040	4	9	1.9139E7
0	7136	5031	4	11	1.914E7
0	7130	5020	4	13	1.9141E7
0	7124	5008	4	14	1.9142E7
0	7117	4995	4	14	1.9143E7
0	7110	4982	4	14	1.9144E7
0	7103	4969	4	14	1.9145E7
0	7096	4956	4	14	1.9146E7
0	7089	4944	4	14	1.9147E7
0	7083	4931	4	14	1.9148E7
0	7077	4918	4	14	1.9149E7
0	7072	4904	3	14	1.915E7
0	7066	4891	3	14	1.9151E7
0	7061	4877	3	14	1.9152E7
0	7055	4864	3	14	1.9153E7
0	7050	4850	3	14	1.9154E7
0	7044	4837	3	14	1.9155E7
0	7039	4824	3	14	1.9156E7
0	7033	4810	3	14	1.9157E7
0	7028	4797	3	14	1.9158E7
0	7023	4783	3	14	1.9159E7
0	7017	4770	3	14	1.916E7
0	7012	4756	3	14	1.9161E7
0	7007	4744	3	11	1.9162E7
0	7003	4735	3	8	1.9163E7
0	7000	4729	3	5	1.9164E7
0	6999	4725	3	3	1.9165E7
0	6998	4723	3	1	1.9166E7
0	6998	4722	3	0	1.9167E7
0	6997	4721	3	0	1.9168E7
0	6997	4721	3	0	1.9169E7
0	6997	4721	3	0	1.917E7
0	6997	4721	3	0	1.9171E7
0	6997	4721	3	1	1.9172E7
0	6996	4719	3	3	1.9173E7
0	6995	4716	3	2	1.9174E7
0	6994	4713	3	3	1.9175E7
0	6993	4710	3	3	1.9176E7
0	6991	4707	3	4	1.9177E7
0	6990	4702	3	5	1.9178E7
0	6988	4695	3	7	1.9179E7
0	6985	4688	3	8	1.918E7
0	6983	4679	3	9	1.9181E7
0	6982	4669	3	10	1.9182E7
0	6980	4659	3	10	1.9183E7
0	6979	4648	3	11	1.9184E7
0	6978	4637	3	11	1.9185E7
0	6978	4626	3	11	1.9186E7
0	6977	4614	3	11	1.9187E7
0	6976	4602	3	11	1.9188E7
0	6976	4590	3	12	1.9189E7
0	6980	4580	3	12	1.919E7
0	6992	4578	1	12	1.9191E7
0	7003	4577	1	10	1.9192E7
0	7013	4575	1	9	1.9193E7
0	7021	4571	2	7	1.9194E7
0	7027	4567	2	5	1.9195E7
0	7030	4563	2	4	1.9196E7
0	7032	4560	2	2	1.9197E7
0	7032	4558	2	1	1.9198E7
0	7033	4556	2	0	1.9199E7
0	7033	4556	2	0	1.92E7
0	7033	4556	2	0	1.9201E7
0	7033	4555	2	0	1.9202E7
0	7033	4555	2	0	1.9203E7
0	7033	4555	2	0	1.9204E7
0	7033	4555	2	0	1.9205E7
0	7033	4555	2	0	1.9206E7
0	7033	4555	2	0	1.9207E7
0	7033	4555	2	0	1.9208E7
0	7033	4555	2	0	1.9209E7
0	7033	4555	2	0	1.921E7
0	7033	4555	2	0	1.9211E7
0	7033	4555	2	0	1.9212E7
0	7033	4555	2	0	1.9213E7
0	7033	4555	2	0	1.9214E7
0	7033	4555	2	0	1.9215E7
0	7033	4555	2	0	1.9216E7
0	7033	4553	3	2	1.9217E7
0	7034	4550	3	3	1.9218E7
0	7034	4546	3	3	1.9219E7
0	7034	4543	3	2	1.922E7
0	7034	4541	3	0	1.9221E7
0	7033	4541	3	0	1.9222E7
0	7033	4540	3	0	1.9223E7
0	7033	4540	3	0	1.9224E7
0	7033	4540	3	0	1.9225E7
0	7033	4540	3	0	1.9226E7
0	7033	4540	3	0	1.9227E7
0	7033	4540	3	0	1.9228E7
0	7033	4540	3	0	1.9229E7
0	7033	4540	3	0	1.923E7
0	7033	4540	3	0	1.9231E7
0	7033	4540	3	0	1.9232E7
0	7033	4540	3	0	1.9233E7
0	7033	4540	3	0	1.9234E7
0	7033	4540	3	0	1.9235E7
0	7033	4540	3	0	1.9236E7
0	7033	4540	3	0	1.9237E7
0	7033	4540	3	0	1.9238E7
0	7033	4540	3	0	1.9239E7
0	7033	4540	3	0	1.924E7
0	7033	4539	3	1	1.9241E7
0	7033	4536	3	3	1.9242E7
0	7033	4532	3	5	1.9243E7
0	7033	4527	3	3	1.9244E7
0	7033	4524	3	0	1.9245E7
0	7033	4524	3	0	1.9246E7
0	7033	4524	3	0	1.9247E7
0	7033	4524	3	0	1.9248E7
0	7033	4524	3	0	1.9249E7
0	7033	4524	3	0	1.925E7
0	7033	4524	3	0	1.9251E7
0	7033	4524	3	0	1.9252E7
0	7033	4524	3	0	1.9253E7
0	7033	4524	3	0	1.9254E7
0	7033	4524	3	0	1.9255E7
0	7033	4524	3	0	1.9256E7
0	7033	4524	3	0	1.9257E7
0	7033	4524	3	0	1.9258E7
0	7033	4524	3	0	1.9259E7
0	7033	4524	3	0	1.926E7
0	7033	4524	3	0	1.9261E7
0	7033	4524	3	0	1.9262E7
0	7033	4524	3	0	1.9263E7
0	7033	4524	3	0	1.9264E7
0	7033	4524	3	0	1.9265E7
0	7033	4522	3	2	1.9266E7
0	7029	4517	3	4	1.9267E7
0	7029	4511	3	6	1.9268E7
0	7029	4504	3	8	1.9269E7
0	7028	4494	3	10	1.927E7
0	7027	4482	3	12	1.9271E7
0	7026	4469	3	14	1.9272E7
0	7025	4454	3	14	1.9273E7
0	7025	4440	3	14	1.9274E7
0	7024	4427	3	11	1.9275E7
0	7024	4418	3	7	1.9276E7
0	7024	4412	3	5	1.9277E7
0	7024	4408	3	2	1.9278E7
0	7024	4406	3	1	1.9279E7
0	7024	4405	3	0	1.928E7
0	7024	4405	3	0	1.9281E7
0	7023	4403	3	2	1.9282E7
0	7023	4400	3	2	1.9283E7
0	7022	4399	3	0	1.9284E7
0	7022	4398	3	0	1.9285E7
0	7021	4397	3	2	1.9286E7
0	7018	4395	4	4	1.9287E7
0	7013	4394	4	6	1.9288E7
0	7005	4392	5	8	1.9289E7
0	6996	4391	5	10	1.929E7
0	6986	4390	5	8	1.9291E7
0	6979	4389	5	5	1.9292E7
0	6975	4388	5	3	1.9293E7
0	6972	4388	5	1	1.9294E7
0	6971	4388	5	0	1.9295E7
0	6971	4388	5	0	1.9296E7
0	6971	4387	5	0	1.9297E7
0	6971	4387	5	0	1.9298E7
0	6971	4387	5	0	1.9299E7
0	6971	4387	5	0	1.93E7
0	6971	4387	5	0	1.9301E7
0	6971	4387	5	0	1.9302E7
0	6971	4387	5	0	1.9303E7
0	6971	4387	5	0	1.9304E7
0	6971	4387	5	0	1.9305E7
0	6970	4387	5	0	1.9306E7
0	6969	4387	5	2	1.9307E7
0	6966	4386	5	4	1.9308E7
0	6960	4385	5	6	1.9309E7
0	6954	4382	5	8	1.931E7
0	6945	4380	5	9	1.9311E7
0	6934	4379	5	11	1.9312E7
0	6921	4377	5	13	1.9313E7
0	6906	4375	5	15	1.9314E7
0	6890	4369	5	16	1.9315E7
0	6875	4367	5	13	1.9316E7
0	6864	4366	5	9	1.9317E7
0	6856	4365	5	6	1.9318E7
0	6850	4364	5	4	1.9319E7
0	6847	4363	5	2	1.932E7
0	6846	4363	5	1	1.9321E7
0	6845	4363	5	0	1.9322E7
0	6845	4363	5	0	1.9323E7
0	6845	4363	5	0	1.9324E7
0	6845	4363	5	0	1.9325E7
0	6845	4363	5	0	1.9326E7
0	6845	4363	5	0	1.9327E7
0	6845	4363	5	0	1.9328E7
0	6845	4363	5	0	1.9329E7
0	6845	4363	5	0	1.933E7
0	6845	4363	5	0	1.9331E7
0	6845	4363	5	0	1.9332E7
0	6845	4363	5	0	1.9333E7
0	6845	4363	5	0	1.9334E7
0	6845	4363	5	0	1.9335E7
0	6845	4363	5	0	1.9336E7
0	6845	4363	5	0	1.9337E7
0	6845	4363	5	0	1.9338E7
0	6845	4363	5	0	1.9339E7
0	6845	4363	5	0	1.934E7
0	6845	4363	5	0	1.9341E7
0	6845	4363	5	0	1.9342E7
0	6845	4363	5	0	1.9343E7
0	6845	4363	5	0	1.9344E7
0	6845	4363	5	0	1.9345E7
0	6845	4363	5	0	1.9346E7
0	6845	4363	5	0	1.9347E7
0	6845	4363	5	0	1.9348E7
0	6845	4363	5	0	1.9349E7
0	6845	4363	5	0	1.935E7
0	6845	4363	5	0	1.9351E7
0	6845	4363	5	0	1.9352E7
0	6845	4363	5	0	1.9353E7
0	6845	4363	5	0	1.9354E7
0	6845	4363	5	0	1.9355E7
0	6845	4363	5	0	1.9356E7
0	6845	4363	5	0	1.9357E7
0	6845	4363	5	0	1.9358E7
0	6845	4363	5	0	1.9359E7
0	6845	4363	5	0	1.936E7
0	6845	4363	5	0	1.9361E7
0	6843	4363	5	2	1.9362E7
0	6840	4362	5	4	1.9363E7
0	6835	4362	5	6	1.9364E7
0	6828	4361	5	7	1.9365E7
0	6819	4359	5	9	1.9366E7
0	6808	4358	5	11	1.9367E7
0	6795	4356	5	13	1.9368E7
0	6781	4354	5	15	1.9369E7
0	6764	4352	5	17	1.937E7
0	6747	4349	5	17	1.9371E7
0	6730	4347	5	16	1.9372E7
0	6716	4343	5	13	1.9373E7
0	6705	4340	5	9	1.9374E7
0	6697	4338	5	6	1.9375E7
0	6692	4336	5	4	1.9376E7
0	6689	4335	5	1	1.9377E7
0	6689	4335	5	0	1.9378E7
0	6689	4335	5	0	1.9379E7
0	6689	4335	5	0	1.938E7
0	6689	4335	5	0	1.9381E7
0	6689	4335	5	0	1.9382E7
0	6689	4335	5	0	1.9383E7
0	6689	4335	5	0	1.9384E7
0	6689	4335	5	0	1.9385E7
0	6689	4335	5	0	1.9386E7
0	6689	4335	5	0	1.9387E7
0	6689	4335	5	0	1.9388E7
0	6689	4335	5	0	1.9389E7
0	6689	4335	5	0	1.939E7
0	6689	4335	5	0	1.9391E7
0	6689	4335	5	0	1.9392E7
0	6689	4335	5	0	1.9393E7
0	6689	4335	5	0	1.9394E7
0	6689	4335	5	0	1.9395E7
0	6689	4335	5	0	1.9396E7
0	6689	4335	5	0	1.9397E7
0	6687	4335	5	2	1.9398E7
0	6684	4333	5	4	1.9399E7
0	6679	4331	5	6	1.94E7
0	6672	4328	4	8	1.9401E7
0	6664	4324	4	10	1.9402E7
0	6654	4318	4	12	1.9403E7
0	6643	4312	4	14	1.9404E7
0	6631	4305	4	11	1.9405E7
0	6622	4300	4	8	1.9406E7
0	6616	4297	4	5	1.9407E7
0	6612	4294	4	3	1.9408E7
0	6610	4293	4	1	1.9409E7
0	6609	4293	4	0	1.941E7
0	6609	4292	4	0	1.9411E7
0	6609	4292	4	0	1.9412E7
0	6609	4292	4	0	1.9413E7
0	6609	4292	4	0	1.9414E7
0	6608	4292	4	0	1.9415E7
0	6608	4292	4	0	1.9416E7
0	6608	4292	4	0	1.9417E7
0	6608	4292	4	0	1.9418E7
0	6608	4292	4	0	1.9419E7
0	6608	4292	4	0	1.942E7
0	6608	4292	4	0	1.9421E7
0	6608	4292	4	0	1.9422E7
0	6608	4292	4	0	1.9423E7
0	6608	4292	4	0	1.9424E7
0	6608	4292	4	0	1.9425E7
0	6608	4292	4	0	1.9426E7
0	6608	4292	4	0	1.9427E7
0	6608	4292	4	0	1.9428E7
0	6608	4292	4	0	1.9429E7
0	6608	4292	4	0	1.943E7
0	6608	4292	4	0	1.9431E7
0	6608	4292	4	0	1.9432E7
0	6608	4292	4	0	1.9433E7
0	6608	4292	4	0	1.9434E7
0	6608	4292	4	0	1.9435E7
0	6608	4292	4	0	1.9436E7
0	6608	4292	4	0	1.9437E7
0	6608	4292	4	0	1.9438E7
0	6608	4292	4	0	1.9439E7
0	6608	4292	4	0	1.944E7
0	6608	4292	4	0	1.9441E7
0	6607	4291	4	2	1.9442E7
0	6604	4290	4	4	1.9443E7
0	6599	4287	4	6	1.9444E7
0	6593	4283	4	7	1.9445E7
0	6585	4279	4	9	1.9446E7
0	6576	4273	4	11	1.9447E7
0	6565	4267	4	11	1.9448E7
0	6557	4262	4	8	1.9449E7
0	6551	4258	4	5	1.945E7
0	6547	4256	4	3	1.9451E7
0	6545	4255	4	1	1.9452E7
0	6544	4254	4	0	1.9453E7
0	6544	4254	4	0	1.9454E7
0	6544	4254	4	0	1.9455E7
0	6544	4254	4	0	1.9456E7
0	6544	4254	4	0	1.9457E7
0	6544	4254	4	0	1.9458E7
0	6544	4254	4	0	1.9459E7
0	6544	4254	4	0	1.946E7
0	6544	4254	4	0	1.9461E7
0	6544	4254	4	0	1.9462E7
0	6544	4254	4	0	1.9463E7
0	6544	4254	4	0	1.9464E7
0	6544	4254	4	0	1.9465E7
0	6544	4254	4	0	1.9466E7
0	6544	4254	4	0	1.9467E7
0	6544	4254	4	0	1.9468E7
0	6544	4254	4	0	1.9469E7
0	6544	4254	4	0	1.947E7
0	6544	4254	4	0	1.9471E7
0	6544	4254	4	0	1.9472E7
0	6544	4254	4	0	1.9473E7
0	6544	4254	4	0	1.9474E7
0	6544	4254	4	0	1.9475E7
0	6544	4254	4	0	1.9476E7
0	6544	4254	4	0	1.9477E7
0	6544	4254	4	0	1.9478E7
0	6544	4254	4	0	1.9479E7
0	6544	4254	4	0	1.948E7
0	6544	4254	4	0	1.9481E7
0	6544	4254	4	0	1.9482E7
0	6544	4254	4	0	1.9483E7
0	6544	4254	4	0	1.9484E7
0	6544	4254	4	0	1.9485E7
0	6544	4254	4	0	1.9486E7
0	6544	4254	4	0	1.9487E7
0	6544	4254	4	0	1.9488E7
0	6544	4254	4	0	1.9489E7
0	6544	4254	4	0	1.949E7
0	6544	4254	4	0	1.9491E7
0	6544	4254	4	0	1.9492E7
0	6544	4254	4	0	1.9493E7
0	6544	4254	4	0	1.9494E7
0	6544	4254	4	0	1.9495E7
0	6544	4254	4	0	1.9496E7
0	6544	4254	4	0	1.9497E7
0	6544	4254	4	0	1.9498E7
0	6544	4254	4	0	1.9499E7
0	6544	4254	4	0	1.95E7
0	6544	4254	4	0	1.9501E7
0	6542	4253	4	2	1.9502E7
0	6539	4252	4	4	1.9503E7
0	6535	4250	4	6	1.9504E7
0	6528	4247	4	7	1.9505E7
0	6519	4244	5	10	1.9506E7
0	6508	4241	5	11	1.9507E7
0	6496	4238	5	13	1.9508E7
0	6482	4234	5	14	1.9509E7
0	6468	4231	5	14	1.951E7
0	6454	4227	5	14	1.9511E7
0	6440	4223	5	14	1.9512E7
0	6426	4220	5	14	1.9513E7
0	6412	4216	5	14	1.9514E7
0	6397	4212	5	14	1.9515E7
0	6383	4209	5	14	1.9516E7
0	6369	4205	5	14	1.9517E7
0	6365	4195	3	14	1.9518E7
0	6368	4181	3	14	1.9519E7
0	6372	4167	3	14	1.952E7
0	6374	4152	3	14	1.9521E7
0	6375	4138	3	14	1.9522E7
0	6376	4123	3	14	1.9523E7
0	6374	4108	3	14	1.9524E7
0	6372	4094	3	14	1.9525E7
0	6365	4081	4	14	1.9526E7
0	6356	4069	4	14	1.9527E7
0	6346	4059	4	14	1.9528E7
0	6334	4050	4	14	1.9529E7
0	6321	4043	4	14	1.953E7
0	6308	4038	5	12	1.9531E7
0	6298	4036	5	9	1.9532E7
0	6291	4034	5	6	1.9533E7
0	6286	4033	5	3	1.9534E7
0	6283	4033	5	0	1.9535E7
0	6283	4033	5	0	1.9536E7
0	6283	4033	5	0	1.9537E7
0	6283	4033	5	0	1.9538E7
0	6283	4033	5	0	1.9539E7
0	6283	4033	5	0	1.954E7
0	6283	4033	5	0	1.9541E7
0	6283	4033	5	0	1.9542E7
0	6283	4033	5	0	1.9543E7
0	6283	4033	5	0	1.9544E7
0	6283	4033	5	0	1.9545E7
0	6283	4033	5	0	1.9546E7
0	6283	4033	5	0	1.9547E7
0	6283	4033	5	0	1.9548E7
0	6283	4033	5	0	1.9549E7
0	6283	4033	5	0	1.955E7
0	6283	4033	5	0	1.9551E7
0	6283	4033	5	0	1.9552E7
0	6283	4033	5	0	1.9553E7
0	6283	4033	5	0	1.9554E7
0	6283	4033	5	0	1.9555E7
0	6281	4032	5	2	1.9556E7
0	6277	4031	5	4	1.9557E7
0	6272	4029	5	6	1.9558E7
0	6265	4025	4	8	1.9559E7
0	6256	4020	4	10	1.956E7
0	6247	4013	4	12	1.9561E7
0	6239	4001	4	14	1.9562E7
0	6231	3989	4	14	1.9563E7
0	6225	3976	4	14	1.9564E7
0	6219	3962	4	14	1.9565E7
0	6216	3948	3	14	1.9566E7
0	6213	3934	3	14	1.9567E7
0	6212	3919	3	14	1.9568E7
0	6214	3904	3	14	1.9569E7
0	6215	3890	3	14	1.957E7
0	6217	3875	3	14	1.9571E7
0	6216	3861	3	14	1.9572E7
0	6214	3846	3	14	1.9573E7
0	6208	3833	4	14	1.9574E7
0	6200	3821	4	14	1.9575E7
0	6190	3811	4	14	1.9576E7
0	6177	3805	4	14	1.9577E7
0	6162	3800	5	14	1.9578E7
0	6148	3797	5	14	1.9579E7
0	6133	3795	5	14	1.958E7
0	6119	3792	5	14	1.9581E7
0	6105	3789	5	13	1.9582E7
0	6094	3787	5	9	1.9583E7
0	6087	3785	5	6	1.9584E7
0	6081	3784	5	4	1.9585E7
0	6078	3784	5	1	1.9586E7
0	6078	3784	5	0	1.9587E7
0	6078	3784	5	0	1.9588E7
0	6078	3784	5	0	1.9589E7
0	6078	3784	5	0	1.959E7
0	6078	3784	5	0	1.9591E7
0	6078	3784	5	0	1.9592E7
0	6078	3784	5	0	1.9593E7
0	6078	3784	5	0	1.9594E7
0	6078	3784	5	0	1.9595E7
0	6078	3784	5	0	1.9596E7
0	6078	3784	5	0	1.9597E7
0	6078	3784	5	0	1.9598E7
0	6078	3784	5	0	1.9599E7
0	6078	3784	5	0	1.96E7
0	6078	3784	5	0	1.9601E7
0	6078	3784	5	0	1.9602E7
0	6078	3784	5	0	1.9603E7
0	6078	3784	5	0	1.9604E7
0	6078	3784	5	0	1.9605E7
0	6078	3784	5	0	1.9606E7
0	6077	3784	5	2	1.9607E7
0	6073	3783	5	4	1.9608E7
0	6068	3782	5	6	1.9609E7
0	6060	3781	5	8	1.961E7
0	6051	3779	5	10	1.9611E7
0	6040	3777	5	11	1.9612E7
0	6028	3774	5	13	1.9613E7
0	6013	3772	5	14	1.9614E7
0	5999	3769	5	14	1.9615E7
0	5986	3764	5	14	1.9616E7
0	5973	3757	4	14	1.9617E7
0	5961	3749	4	14	1.9618E7
0	5950	3739	4	14	1.9619E7
0	5941	3728	4	14	1.962E7
0	5931	3717	4	14	1.9621E7
0	5923	3708	4	11	1.9622E7
0	5917	3701	4	7	1.9623E7
0	5913	3696	4	5	1.9624E7
0	5911	3693	4	2	1.9625E7
0	5910	3692	4	0	1.9626E7
0	5910	3692	4	0	1.9627E7
0	5910	3692	4	0	1.9628E7
0	5910	3692	4	0	1.9629E7
0	5910	3692	4	0	1.963E7
0	5910	3692	4	0	1.9631E7
0	5910	3692	4	0	1.9632E7
0	5910	3692	4	0	1.9633E7
0	5910	3692	4	0	1.9634E7
0	5910	3692	4	0	1.9635E7
0	5910	3692	4	0	1.9636E7
0	5910	3692	4	0	1.9637E7
0	5910	3692	4	0	1.9638E7
0	5910	3692	4	0	1.9639E7
0	5910	3692	4	0	1.964E7
0	5910	3692	4	0	1.9641E7
0	5910	3692	4	0	1.9642E7
0	5910	3692	4	0	1.9643E7
0	5910	3692	4	0	1.9644E7
0	5910	3692	4	0	1.9645E7
0	5910	3691	4	1	1.9646E7
0	5908	3689	4	3	1.9647E7
0	5905	3685	4	5	1.9648E7
0	5900	3680	4	7	1.9649E7
0	5895	3674	4	9	1.965E7
0	5888	3666	4	11	1.9651E7
0	5879	3656	4	13	1.9652E7
0	5870	3645	4	14	1.9653E7
0	5861	3634	4	14	1.9654E7
0	5851	3623	4	14	1.9655E7
0	5842	3612	4	14	1.9656E7
0	5832	3602	4	14	1.9657E7
0	5820	3593	4	14	1.9658E7
0	5807	3588	5	14	1.9659E7
0	5792	3586	5	14	1.966E7
0	5778	3584	5	14	1.9661E7
0	5764	3582	5	14	1.9662E7
0	5749	3580	5	14	1.9663E7
0	5735	3578	5	14	1.9664E7
0	5721	3576	5	14	1.9665E7
0	5708	3575	5	10	1.9666E7
0	5699	3573	5	7	1.9667E7
0	5693	3572	5	5	1.9668E7
0	5689	3572	5	2	1.9669E7
0	5688	3571	5	0	1.967E7
0	5688	3571	5	0	1.9671E7
0	5688	3571	5	0	1.9672E7
0	5688	3571	5	0	1.9673E7
0	5688	3571	5	0	1.9674E7
0	5688	3571	5	0	1.9675E7
0	5688	3571	5	0	1.9676E7
0	5688	3571	5	0	1.9677E7
0	5688	3571	5	0	1.9678E7
0	5688	3571	5	0	1.9679E7
0	5688	3571	5	0	1.968E7
0	5688	3571	5	0	1.9681E7
0	5688	3571	5	0	1.9682E7
0	5688	3571	5	0	1.9683E7
0	5688	3571	5	0	1.9684E7
0	5688	3571	5	0	1.9685E7
0	5688	3571	5	0	1.9686E7
0	5688	3571	5	0	1.9687E7
0	5688	3571	5	0	1.9688E7
0	5688	3571	5	0	1.9689E7
0	5687	3571	5	1	1.969E7
0	5685	3571	5	3	1.9691E7
0	5680	3570	5	5	1.9692E7
0	5673	3568	5	7	1.9693E7
0	5665	3565	5	9	1.9694E7
0	5656	3560	4	11	1.9695E7
0	5645	3554	4	13	1.9696E7
0	5633	3547	4	14	1.9697E7
0	5622	3538	4	14	1.9698E7
0	5612	3528	4	14	1.9699E7
0	5602	3517	4	14	1.97E7
0	5593	3506	4	14	1.9701E7
0	5585	3494	4	14	1.9702E7
0	5576	3483	4	14	1.9703E7
0	5568	3471	4	14	1.9704E7
0	5562	3459	4	14	1.9705E7
0	5557	3445	3	14	1.9706E7
0	5554	3431	3	14	1.9707E7
0	5552	3417	3	14	1.9708E7
0	5552	3403	3	14	1.9709E7
0	5552	3388	3	14	1.971E7
0	5552	3374	3	14	1.9711E7
0	5552	3359	3	14	1.9712E7
0	5552	3345	3	14	1.9713E7
0	5553	3330	3	14	1.9714E7
0	5553	3315	3	14	1.9715E7
0	5554	3301	3	14	1.9716E7
0	5554	3286	3	14	1.9717E7
0	5554	3273	3	11	1.9718E7
0	5555	3264	3	8	1.9719E7
0	5555	3257	3	5	1.972E7
0	5555	3253	3	3	1.9721E7
0	5555	3251	3	0	1.9722E7
0	5555	3251	3	0	1.9723E7
0	5555	3251	3	0	1.9724E7
0	5555	3251	3	0	1.9725E7
0	5555	3251	3	0	1.9726E7
0	5555	3251	3	0	1.9727E7
0	5555	3251	3	0	1.9728E7
0	5555	3251	3	0	1.9729E7
0	5555	3251	3	0	1.973E7
0	5555	3251	3	0	1.9731E7
0	5555	3251	3	0	1.9732E7
0	5555	3251	3	0	1.9733E7
0	5555	3251	3	0	1.9734E7
0	5555	3251	3	0	1.9735E7
0	5555	3251	3	0	1.9736E7
0	5555	3251	3	0	1.9737E7
0	5555	3251	3	0	1.9738E7
0	5555	3251	3	0	1.9739E7
0	5555	3251	3	0	1.974E7
0	5555	3251	3	0	1.9741E7
0	5555	3251	3	1	1.9742E7
0	5555	3248	3	3	1.9743E7
0	5556	3244	3	5	1.9744E7
0	5556	3237	3	7	1.9745E7
0	5556	3229	3	9	1.9746E7
0	5556	3219	3	11	1.9747E7
0	5557	3207	3	13	1.9748E7
0	5557	3192	3	14	1.9749E7
0	5558	3178	3	14	1.975E7
0	5558	3163	3	14	1.9751E7
0	5559	3149	3	14	1.9752E7
0	5559	3134	3	14	1.9753E7
0	5560	3120	3	14	1.9754E7
0	5560	3105	3	14	1.9755E7
0	5560	3091	3	14	1.9756E7
0	5558	3076	3	14	1.9757E7
0	5555	3062	3	14	1.9758E7
0	5552	3048	3	14	1.9759E7
0	5547	3034	3	14	1.976E7
0	5543	3021	3	12	1.9761E7
0	5537	3008	4	14	1.9762E7
0	5530	2995	4	14	1.9763E7
0	5522	2982	4	14	1.9764E7
0	5513	2971	4	14	1.9765E7
0	5503	2961	4	14	1.9766E7
0	5492	2951	4	14	1.9767E7
0	5483	2943	4	10	1.9768E7
0	5476	2937	4	7	1.9769E7
0	5471	2933	4	5	1.977E7
0	5469	2930	4	2	1.9771E7
0	5468	2930	4	0	1.9772E7
0	5468	2930	4	0	1.9773E7
0	5468	2930	4	0	1.9774E7
0	5468	2930	4	0	1.9775E7
0	5468	2930	4	0	1.9776E7
0	5468	2930	4	0	1.9777E7
0	5468	2930	4	0	1.9778E7
0	5468	2930	4	0	1.9779E7
0	5468	2930	4	0	1.978E7
0	5468	2930	4	0	1.9781E7
0	5468	2930	4	0	1.9782E7
0	5468	2930	4	0	1.9783E7
0	5468	2930	4	0	1.9784E7
0	5468	2930	4	0	1.9785E7
0	5468	2930	4	0	1.9786E7
0	5468	2930	4	0	1.9787E7
0	5468	2930	4	0	1.9788E7
0	5468	2930	4	0	1.9789E7
0	5468	2930	4	0	1.979E7
0	5468	2930	4	0	1.9791E7
0	5467	2929	4	1	1.9792E7
0	5466	2927	4	3	1.9793E7
0	5463	2923	4	5	1.9794E7
0	5459	2918	4	7	1.9795E7
0	5454	2911	4	8	1.9796E7
0	5451	2905	4	5	1.9797E7
0	5450	2902	4	3	1.9798E7
0	5449	2900	4	1	1.9799E7
0	5448	2899	4	0	1.98E7
0	5448	2898	4	0	1.9801E7
0	5448	2898	4	0	1.9802E7
0	5448	2898	4	0	1.9803E7
0	5448	2898	4	0	1.9804E7
0	5448	2898	4	0	1.9805E7
0	5448	2898	4	0	1.9806E7
0	5448	2898	4	0	1.9807E7
0	5448	2898	4	0	1.9808E7
0	5448	2898	4	0	1.9809E7
0	5448	2898	4	0	1.981E7
0	5448	2898	4	0	1.9811E7
0	5448	2898	4	0	1.9812E7
0	5448	2898	4	0	1.9813E7
0	5448	2898	4	0	1.9814E7
0	5448	2898	4	0	1.9815E7
0	5448	2898	4	0	1.9816E7
0	5448	2898	4	0	1.9817E7
0	5448	2898	4	0	1.9818E7
0	5448	2898	4	0	1.9819E7
0	5448	2898	4	0	1.982E7
0	5448	2898	4	0	1.9821E7
0	5448	2898	4	0	1.9822E7
0	5448	2898	4	0	1.9823E7
0	5448	2898	4	0	1.9824E7
0	5448	2898	4	0	1.9825E7
0	5448	2898	4	0	1.9826E7
0	5448	2898	4	0	1.9827E7
0	5448	2898	4	0	1.9828E7
0	5448	2898	4	0	1.9829E7
0	5448	2898	4	0	1.983E7
0	5448	2898	4	0	1.9831E7
0	5448	2898	4	0	1.9832E7
0	5448	2898	4	0	1.9833E7
0	5448	2898	4	0	1.9834E7
0	5448	2898	4	0	1.9835E7
0	5448	2898	4	0	1.9836E7
0	5448	2898	4	0	1.9837E7
0	5448	2898	4	0	1.9838E7
0	5448	2898	4	0	1.9839E7
0	5448	2898	4	0	1.984E7
0	5448	2898	4	0	1.9841E7
0	5447	2897	4	2	1.9842E7
0	5446	2893	4	4	1.9843E7
0	5444	2888	4	6	1.9844E7
0	5441	2881	3	8	1.9845E7
0	5439	2871	3	10	1.9846E7
0	5438	2859	3	12	1.9847E7
0	5437	2846	3	14	1.9848E7
0	5437	2831	3	14	1.9849E7
0	5437	2817	3	14	1.985E7
0	5438	2803	3	14	1.9851E7
0	5441	2788	3	14	1.9852E7
0	5443	2774	3	14	1.9853E7
0	5446	2760	3	14	1.9854E7
0	5448	2746	3	14	1.9855E7
0	5450	2732	3	14	1.9856E7
0	5453	2718	3	14	1.9857E7
0	5455	2703	3	14	1.9858E7
0	5458	2689	3	14	1.9859E7
0	5462	2676	3	14	1.986E7
0	5468	2663	2	14	1.9861E7
0	5474	2651	2	14	1.9862E7
0	5483	2639	2	14	1.9863E7
0	5493	2629	2	14	1.9864E7
0	5504	2620	2	14	1.9865E7
0	5515	2611	2	14	1.9866E7
0	5527	2604	2	14	1.9867E7
0	5540	2597	2	14	1.9868E7
0	5553	2592	2	14	1.9869E7
0	5566	2587	1	14	1.987E7
0	5581	2584	1	14	1.9871E7
0	5594	2581	1	11	1.9872E7
0	5604	2579	1	8	1.9873E7
0	5611	2578	1	5	1.9874E7
0	5615	2577	1	3	1.9875E7
0	5617	2577	1	0	1.9876E7
0	5617	2577	1	0	1.9877E7
0	5617	2577	1	0	1.9878E7
0	5617	2577	1	0	1.9879E7
0	5617	2577	1	0	1.988E7
0	5617	2577	1	0	1.9881E7
0	5617	2577	1	0	1.9882E7
0	5617	2577	1	0	1.9883E7
0	5617	2577	1	0	1.9884E7
0	5617	2577	1	0	1.9885E7
0	5617	2577	1	0	1.9886E7
0	5617	2577	1	0	1.9887E7
0	5617	2577	1	0	1.9888E7
0	5617	2577	1	0	1.9889E7
0	5617	2577	1	0	1.989E7
0	5617	2577	1	0	1.9891E7
0	5617	2577	1	0	1.9892E7
0	5617	2577	1	0	1.9893E7
0	5617	2577	1	0	1.9894E7
0	5617	2577	1	0	1.9895E7
0	5617	2577	1	1	1.9896E7
0	5619	2576	1	3	1.9897E7
0	5623	2576	1	4	1.9898E7
0	5629	2575	1	6	1.9899E7
0	5637	2574	1	8	1.99E7
0	5647	2574	1	10	1.9901E7
0	5659	2573	1	12	1.9902E7
0	5673	2572	1	14	1.9903E7
0	5687	2571	1	14	1.9904E7
0	5701	2569	1	14	1.9905E7
0	5716	2568	1	14	1.9906E7
0	5730	2567	1	14	1.9907E7
0	5745	2565	1	14	1.9908E7
0	5759	2565	1	14	1.9909E7
0	5774	2565	1	14	1.991E7
0	5788	2565	1	14	1.9911E7
0	5802	2567	1	14	1.9912E7
0	5817	2569	1	14	1.9913E7
0	5831	2572	1	14	1.9914E7
0	5845	2575	1	14	1.9915E7
0	5859	2577	1	14	1.9916E7
0	5874	2579	1	14	1.9917E7
0	5888	2582	1	14	1.9918E7
0	5902	2585	1	14	1.9919E7
0	5916	2588	1	14	1.992E7
0	5930	2590	1	14	1.9921E7
0	5945	2593	1	14	1.9922E7
0	5959	2594	1	14	1.9923E7
0	5974	2596	1	14	1.9924E7
0	5988	2596	1	14	1.9925E7
0	6003	2596	1	14	1.9926E7
0	6018	2595	1	14	1.9927E7
0	6032	2593	1	14	1.9928E7
0	6046	2590	1	14	1.9929E7
0	6060	2586	1	14	1.993E7
0	6072	2582	1	10	1.9931E7
0	6081	2580	1	7	1.9932E7
0	6087	2578	1	5	1.9933E7
0	6091	2577	1	2	1.9934E7
0	6092	2577	1	0	1.9935E7
0	6092	2577	1	0	1.9936E7
0	6092	2577	1	0	1.9937E7
0	6092	2577	1	0	1.9938E7
0	6092	2577	1	0	1.9939E7
0	6092	2577	1	0	1.994E7
0	6092	2577	1	0	1.9941E7
0	6092	2577	1	0	1.9942E7
0	6092	2577	1	0	1.9943E7
0	6092	2577	1	0	1.9944E7
0	6092	2577	1	0	1.9945E7
0	6092	2577	1	0	1.9946E7
0	6092	2577	1	0	1.9947E7
0	6092	2577	1	0	1.9948E7
0	6092	2577	1	0	1.9949E7
0	6092	2577	1	0	1.995E7
0	6092	2577	1	0	1.9951E7
0	6092	2577	1	0	1.9952E7
0	6092	2577	1	0	1.9953E7
0	6092	2577	1	0	1.9954E7
0	6093	2576	1	1	1.9955E7
0	6095	2576	1	3	1.9956E7
0	6100	2574	1	5	1.9957E7
0	6107	2572	1	7	1.9958E7
0	6115	2570	1	9	1.9959E7
0	6123	2567	1	6	1.996E7
0	6128	2566	1	4	1.9961E7
0	6131	2565	1	2	1.9962E7
0	6132	2565	1	1	1.9963E7
0	6133	2564	1	0	1.9964E7
0	6133	2564	1	0	1.9965E7
0	6133	2564	1	0	1.9966E7
0	6133	2564	1	0	1.9967E7
0	6133	2564	1	0	1.9968E7
0	6133	2564	1	0	1.9969E7
0	6133	2564	1	0	1.997E7
0	6133	2564	1	0	1.9971E7
0	6133	2564	1	0	1.9972E7
0	6133	2564	1	0	1.9973E7
0	6133	2564	1	0	1.9974E7
0	6133	2564	1	0	1.9975E7
0	6133	2564	1	0	1.9976E7
0	6133	2564	1	0	1.9977E7
0	6133	2564	1	0	1.9978E7
0	6133	2564	1	0	1.9979E7
0	6133	2564	1	0	1.998E7
0	6133	2564	1	0	1.9981E7
0	6135	2564	1	2	1.9982E7
0	6138	2563	1	4	1.9983E7
0	6143	2561	1	6	1.9984E7
0	6150	2559	1	8	1.9985E7
0	6159	2557	1	10	1.9986E7
0	6170	2553	1	11	1.9987E7
0	6182	2550	1	13	1.9988E7
0	6196	2546	1	14	1.9989E7
0	6210	2542	1	14	1.999E7
0	6224	2538	1	14	1.9991E7
0	6238	2533	1	14	1.9992E7
0	6252	2529	1	14	1.9993E7
0	6266	2525	1	14	1.9994E7
0	6280	2521	1	14	1.9995E7
0	6294	2517	1	14	1.9996E7
0	6308	2513	1	14	1.9997E7
0	6322	2509	1	14	1.9998E7
0	6336	2505	1	14	1.9999E7
0	6350	2501	1	14	2.0E7
0	6364	2497	1	14	2.0001E7
0	6377	2493	1	14	2.0002E7
0	6391	2489	1	14	2.0003E7
0	6405	2485	1	14	2.0004E7
0	6419	2480	1	14	2.0005E7
0	6433	2476	1	14	2.0006E7
0	6447	2472	1	14	2.0007E7
0	6461	2469	1	14	2.0008E7
0	6475	2466	1	14	2.0009E7
0	6489	2464	1	14	2.001E7
0	6503	2463	1	14	2.0011E7
0	6518	2464	1	14	2.0012E7
0	6532	2465	1	14	2.0013E7
0	6546	2468	1	14	2.0014E7
0	6560	2472	1	14	2.0015E7
0	6573	2477	1	14	2.0016E7
0	6586	2482	1	14	2.0017E7
0	6599	2489	8	14	2.0018E7
0	6612	2496	8	14	2.0019E7
0	6624	2503	8	14	2.002E7
0	6636	2510	8	14	2.0021E7
0	6648	2518	8	14	2.0022E7
0	6660	2526	8	14	2.0023E7
0	6671	2535	8	14	2.0024E7
0	6682	2544	8	14	2.0025E7
0	6693	2554	8	14	2.0026E7
0	6703	2564	8	14	2.0027E7
0	6713	2575	8	14	2.0028E7
0	6723	2586	8	14	2.0029E7
0	6732	2597	8	14	2.003E7
0	6740	2608	8	12	2.0031E7
0	6747	2617	8	9	2.0032E7
0	6751	2624	8	6	2.0033E7
0	6754	2628	8	3	2.0034E7
0	6755	2630	8	1	2.0035E7
0	6755	2630	8	0	2.0036E7
0	6755	2630	8	0	2.0037E7
0	6755	2630	8	0	2.0038E7
0	6755	2630	8	0	2.0039E7
0	6755	2630	8	0	2.004E7
0	6755	2630	8	0	2.0041E7
0	6755	2630	8	0	2.0042E7
0	6755	2630	8	0	2.0043E7
0	6755	2630	8	0	2.0044E7
0	6755	2630	8	0	2.0045E7
0	6755	2630	8	0	2.0046E7
0	6755	2630	8	0	2.0047E7
0	6755	2630	8	0	2.0048E7
0	6755	2630	8	0	2.0049E7
0	6755	2630	8	0	2.005E7
0	6755	2630	8	0	2.0051E7
0	6755	2630	8	0	2.0052E7
0	6755	2630	8	0	2.0053E7
0	6755	2630	8	0	2.0054E7
0	6755	2631	8	0	2.0055E7
0	6756	2632	8	2	2.0056E7
0	6758	2635	8	4	2.0057E7
0	6761	2640	8	6	2.0058E7
0	6765	2647	8	8	2.0059E7
0	6770	2655	8	10	2.006E7
0	6776	2665	8	12	2.0061E7
0	6784	2676	8	14	2.0062E7
0	6793	2688	8	14	2.0063E7
0	6803	2698	8	14	2.0064E7
0	6813	2708	8	14	2.0065E7
0	6825	2717	8	14	2.0066E7
0	6836	2726	8	14	2.0067E7
0	6848	2735	8	14	2.0068E7
0	6859	2743	8	14	2.0069E7
0	6871	2752	8	14	2.007E7
0	6883	2761	8	14	2.0071E7
0	6895	2769	8	14	2.0072E7
0	6908	2776	8	14	2.0073E7
0	6922	2781	1	14	2.0074E7
0	6936	2786	1	14	2.0075E7
0	6950	2789	1	14	2.0076E7
0	6965	2791	1	14	2.0077E7
0	6979	2791	1	14	2.0078E7
0	6994	2792	1	14	2.0079E7
0	7009	2791	1	14	2.008E7
0	7023	2791	1	14	2.0081E7
0	7038	2791	1	14	2.0082E7
0	7053	2791	1	14	2.0083E7
0	7067	2789	1	14	2.0084E7
0	7081	2785	1	14	2.0085E7
0	7095	2781	1	14	2.0086E7
0	7109	2777	1	14	2.0087E7
0	7122	2773	1	13	2.0088E7
0	7133	2769	1	9	2.0089E7
0	7140	2767	1	6	2.009E7
0	7146	2766	1	4	2.0091E7
0	7148	2766	1	1	2.0092E7
0	7149	2766	1	0	2.0093E7
0	7149	2766	1	0	2.0094E7
0	7149	2766	1	0	2.0095E7
0	7149	2766	1	0	2.0096E7
0	7149	2766	1	0	2.0097E7
0	7149	2766	1	0	2.0098E7
0	7149	2766	1	0	2.0099E7
0	7149	2766	1	0	2.01E7
0	7149	2766	1	0	2.0101E7
0	7149	2766	1	0	2.0102E7
0	7149	2766	1	0	2.0103E7
0	7149	2766	1	0	2.0104E7
0	7149	2766	1	0	2.0105E7
0	7149	2766	1	0	2.0106E7
0	7149	2766	1	0	2.0107E7
0	7149	2766	1	0	2.0108E7
0	7149	2766	1	0	2.0109E7
0	7149	2766	1	0	2.011E7
0	7149	2766	1	0	2.0111E7
0	7149	2766	1	0	2.0112E7
0	7150	2765	1	2	2.0113E7
0	7153	2762	1	4	2.0114E7
0	7159	2761	1	6	2.0115E7
0	7166	2761	1	8	2.0116E7
0	7176	2760	1	10	2.0117E7
0	7187	2760	1	12	2.0118E7
0	7200	2760	1	14	2.0119E7
0	7215	2759	1	14	2.012E7
0	7229	2758	1	14	2.0121E7
0	7244	2757	1	14	2.0122E7
0	7258	2755	1	14	2.0123E7
0	7271	2753	1	11	2.0124E7
0	7281	2752	1	8	2.0125E7
0	7288	2751	1	6	2.0126E7
0	7295	2750	1	7	2.0127E7
0	7304	2747	1	10	2.0128E7
0	7313	2739	2	11	2.0129E7
0	7318	2726	3	13	2.013E7
0	7318	2714	3	10	2.0131E7
0	7320	2706	3	7	2.0132E7
0	7321	2701	3	4	2.0133E7
0	7323	2697	3	2	2.0134E7
0	7323	2697	3	0	2.0135E7
0	7323	2697	3	0	2.0136E7
0	7323	2697	3	0	2.0137E7
0	7323	2697	3	0	2.0138E7
0	7323	2697	3	0	2.0139E7
0	7323	2697	3	0	2.014E7
0	7323	2697	3	0	2.0141E7
0	7323	2697	3	0	2.0142E7
0	7323	2697	3	0	2.0143E7
0	7323	2697	3	0	2.0144E7
0	7323	2697	3	0	2.0145E7
0	7323	2697	3	0	2.0146E7
0	7323	2697	3	0	2.0147E7
0	7323	2697	3	0	2.0148E7
0	7323	2697	3	0	2.0149E7
0	7323	2697	3	0	2.015E7
0	7323	2697	3	0	2.0151E7
0	7323	2697	3	0	2.0152E7
0	7323	2697	3	0	2.0153E7
0	7323	2697	3	0	2.0154E7
0	7323	2696	3	2	2.0155E7
0	7324	2693	3	3	2.0156E7
0	7326	2689	2	5	2.0157E7
0	7330	2682	2	8	2.0158E7
0	7334	2675	2	10	2.0159E7
0	7341	2666	2	11	2.016E7
0	7349	2656	2	13	2.0161E7
0	7358	2645	2	14	2.0162E7
0	7366	2633	2	14	2.0163E7
0	7374	2622	2	14	2.0164E7
