1.3023006E7
1.3023016E7
1.3023026E7
1.3023036E7
1.3023046E7
1.3023056E7
1.3023066E7
1.3023076E7
1.3023086E7
1.3023096E7
1.3023106E7
1.3023116E7
1.3023126E7
1.3023136E7
1.3023146E7
1.3023156E7
1.3023166E7
1.3023176E7
1.3023186E7
1.3023196E7
1.3023206E7
1.3023216E7
1.3023226E7
1.3023236E7
1.3023246E7
1.3023256E7
1.3023266E7
1.3023276E7
1.3023286E7
1.3023296E7
1.3023306E7
1.3023316E7
1.3023326E7
1.3023336E7
1.3023346E7
1.3023356E7
1.3023366E7
1.3023376E7
1.3023386E7
1.3023396E7
1.3023406E7
1.3023416E7
1.3023426E7
1.3023436E7
1.3023446E7
1.3023456E7
1.3023466E7
1.3023476E7
1.3023486E7
1.3023496E7
1.3023506E7
1.3023516E7
1.3023526E7
1.3023536E7
1.3023546E7
1.3023556E7
1.3023566E7
1.3023576E7
1.3023586E7
1.3023596E7
1.3023606E7
1.3023616E7
1.3023626E7
1.3023636E7
1.3023646E7
1.3023656E7
1.3023666E7
1.3023676E7
1.3023686E7
1.3023696E7
1.3023706E7
1.3023716E7
1.3023726E7
1.3023736E7
1.3023746E7
1.3023756E7
1.3023766E7
1.3023776E7
1.3023786E7
1.3023796E7
1.3023806E7
1.3023816E7
1.3023826E7
1.3023836E7
1.3023846E7
1.3023856E7
1.3023866E7
1.3023876E7
1.3023886E7
1.3023896E7
1.3023906E7
1.3023916E7
1.3023926E7
1.3023936E7
1.3023946E7
1.3023956E7
1.3023966E7
1.3023976E7
1.3023986E7
1.3023996E7
1.3024006E7
1.3024016E7
1.3248006E7
1.3248009078255141E7
1.3248009078256264E7
1.3248016E7
1.3248019078255141E7
1.3248019078256264E7
1.3248026E7
1.3248036E7
1.3248046E7
1.3248056E7
1.3248066E7
1.3248076E7
1.3248086E7
1.3248096E7
1.3248106E7
1.3248116E7
1.3248126E7
1.3248136E7
1.3248146E7
1.3248156E7
1.3248166E7
1.3248176E7
1.3248186E7
1.3248196E7
1.3248206E7
1.3248216E7
1.3248226E7
1.3248236E7
1.3248246E7
1.3248256E7
1.3248266E7
1.3248276E7
1.3248286E7
1.3248296E7
1.3248306E7
1.3248316E7
1.3248326E7
1.3248336E7
1.3248346E7
1.3248356E7
1.3248366E7
1.3248376E7
1.3248386E7
1.3248396E7
1.3248406E7
1.3248416E7
1.3248426E7
1.3248436E7
1.3248446E7
1.3248456E7
1.3248466E7
1.3248476E7
1.3248486E7
1.3248496E7
1.3248506E7
1.3248516E7
1.3248526E7
1.3248536E7
1.3248546E7
1.3248556E7
1.3248566E7
1.3248576E7
1.3248586E7
1.3248596E7
1.3248606E7
1.3248616E7
1.3248626E7
1.3248636E7
1.3248646E7
1.3248656E7
1.3248666E7
1.3248669279372003E7
1.3248669279373126E7
1.3248676E7
1.3248686E7
1.3248696E7
1.3248706E7
1.3248716E7
1.3248726E7
1.3248736E7
1.3248746E7
1.3248756E7
1.3248766E7
1.3248776E7
1.3248786E7
1.3248796E7
1.3248806E7
1.3248816E7
1.3248826E7
1.3248836E7
1.3248846E7
1.3248856E7
1.3248866E7
1.3248876E7
1.3248886E7
1.3248896E7
1.3248906E7
1.3248916E7
1.3248926E7
1.3248936E7
1.3248946E7
1.3248956E7
1.3248966E7
1.3248976E7
1.3248986E7
1.3248996E7
1.3249006E7
1.3249016E7
1.3249026E7
1.3249036E7
1.3249046E7
1.3385006E7
1.3385009142128438E7
1.3385016E7
1.3385019142128438E7
1.3385026E7
1.3385029142128438E7
1.3385036E7
1.3385046E7
1.3385056E7
1.3385066E7
1.3385076E7
1.3385086E7
1.3385096E7
1.3385106E7
1.3385116E7
1.3385126E7
1.3385136E7
1.3385146E7
1.3385156E7
1.3385166E7
1.3385176E7
1.3385186E7
1.3385196E7
1.3385206E7
1.3385216E7
1.3385226E7
1.3385236E7
1.3385246E7
1.3385256E7
1.3385266E7
1.3385276E7
1.3385286E7
1.3385296E7
1.3385306E7
1.3385316E7
1.3385326E7
1.3385336E7
1.3385346E7
1.3385356E7
1.3385366E7
1.3385376E7
1.3385386E7
1.3385396E7
1.3385406E7
1.3385416E7
1.3385426E7
1.3385436E7
1.3385446E7
1.3385456E7
1.3385466E7
1.3385476E7
1.3385486E7
1.3385496E7
1.3385506E7
1.3385516E7
1.3385526E7
1.3385536E7
1.3385546E7
1.3385556E7
1.3385566E7
1.3385576E7
1.3385586E7
1.3385596E7
1.3385606E7
1.3385616E7
1.3385626E7
1.3385636E7
1.3385646E7
1.3385656E7
1.3385666E7
1.3385676E7
1.3385686E7
1.3385696E7
1.3385706E7
1.3385716E7
1.3385726E7
1.3385736E7
1.3385746E7
1.3385756E7
1.3385766E7
1.3385776E7
1.3385786E7
1.3385796E7
1.3385806E7
1.3385816E7
1.3385826E7
1.3385836E7
1.3385846E7
1.3385856E7
1.3385866E7
1.3385876E7
1.3385886E7
1.3385896E7
1.365200135447285E7
1.3652006E7
1.3652016E7
1.3652026E7
1.3652036E7
1.3652046E7
1.3652056E7
1.3652066E7
1.3652076E7
1.3652086E7
1.3652096E7
1.3652106E7
1.3652116E7
1.3652126E7
1.3652136E7
1.3652146E7
1.3652156E7
1.3652166E7
1.3652176E7
1.3652186E7
1.3652196E7
1.3652206E7
1.3652216E7
1.3652226E7
1.3652236E7
1.3652246E7
1.3652256E7
1.3652266E7
1.3652276E7
1.3652286E7
1.3652296E7
1.3652306E7
1.3652316E7
1.3652326E7
1.3652336E7
1.3652346E7
1.3652356E7
1.3652366E7
1.3652376E7
1.3652386E7
1.3652396E7
1.3652406E7
1.3652416E7
1.3652426E7
1.3652436E7
1.3652446E7
1.3652456E7
1.3652466E7
1.3652476E7
1.3652486E7
1.3652496E7
1.3652506E7
1.3652516E7
1.3652526E7
1.3652536E7
1.3652546E7
1.3652556E7
1.3652566E7
1.3652576E7
1.3652586E7
1.3652596E7
1.3652606E7
1.3652616E7
1.3652626E7
1.3652636E7
1.3652646E7
1.3652656E7
1.3652666E7
1.3652676E7
1.3652686E7
1.3652696E7
1.3652706E7
1.3652716E7
1.3652726E7
1.3652736E7
1.3652746E7
1.3652756E7
1.3652766E7
1.3652776E7
1.3652786E7
1.3652796E7
1.3652806E7
1.3652816E7
1.3652826E7
1.3652836E7
1.3652846E7
1.3652856E7
1.3652866E7
1.3652876E7
1.3652886E7
1.3652896E7
1.3652906E7
1.3652916E7
1.3652926E7
1.3652936E7
1.388000230760977E7
1.3880006E7
1.3880016E7
1.3880026E7
1.3880036E7
1.3880046E7
1.3880056E7
1.3880066E7
1.3880076E7
1.3880086E7
1.3880096E7
1.3880106E7
1.3880116E7
1.3880126E7
1.3880136E7
1.3880146E7
1.3880156E7
1.3880166E7
1.3880176E7
1.3880186E7
1.3880196E7
1.3880206E7
1.3880216E7
1.3880226E7
1.3880236E7
1.3880246E7
1.3880256E7
1.3880266E7
1.3880276E7
1.3880286E7
1.3880296E7
1.3880306E7
1.3880316E7
1.3880326E7
1.3880336E7
1.3880346E7
1.3880356E7
1.3880366E7
1.3880376E7
1.3880386E7
1.3880396E7
1.3880406E7
1.3880416E7
1.3880426E7
1.3880436E7
1.3880446E7
1.3880456E7
1.3880466E7
1.3880476E7
1.3880486E7
1.3880496E7
1.3880506E7
1.3880516E7
1.3880526E7
1.3880536E7
1.3880546E7
1.3880556E7
1.3880566E7
1.3880576E7
1.3880586E7
1.3880596E7
1.3880604511318898E7
1.3880606E7
1.3880616E7
1.3880626E7
1.3880636E7
1.3880646E7
1.3880656E7
1.3880666E7
1.3880676E7
1.3880686E7
1.3880696E7
1.3880706E7
1.3880716E7
1.3880726E7
1.3880736E7
1.3880746E7
1.3880756E7
1.3880766E7
1.3880776E7
1.3880786E7
1.3880796E7
1.3880806E7
1.3880816E7
1.3880826E7
1.3880836E7
1.3880846E7
1.3880856E7
1.3880866E7
1.3880876E7
1.3880886E7
1.3880896E7
1.3880906E7
1.3880916E7
1.3880926E7
1.3880936E7
1.3880946E7
1.3880956E7
1.3880966E7
1.3880976E7
1.3880986E7
1.3880996E7
1.3881006E7
1.4131001334075782E7
1.4131006E7
1.4131016E7
1.4131026E7
1.4131036E7
1.4131046E7
1.4131056E7
1.4131066E7
1.4131076E7
1.4131086E7
1.4131096E7
1.4131106E7
1.4131116E7
1.4131126E7
1.4131136E7
1.4131146E7
1.4131156E7
1.4131166E7
1.4131176E7
1.4131186E7
1.4131196E7
1.4131206E7
1.4131216E7
1.4131226E7
1.4131236E7
1.4131246E7
1.4131256E7
1.4131266E7
1.4131276E7
1.4131286E7
1.4131296E7
1.4131306E7
1.4131316E7
1.4131326E7
1.4131336E7
1.4131346E7
1.4131356E7
1.4131366E7
1.4131376E7
1.4131386E7
1.4131396E7
1.4131406E7
1.4131416E7
1.4131426E7
1.4131436E7
1.4131446E7
1.4131456E7
1.4131466E7
1.4131476E7
1.4131486E7
1.4131496E7
1.4131506E7
1.4131516E7
1.4131526E7
1.4131536E7
1.4131546E7
1.4131556E7
1.4131566E7
1.4131576E7
1.4131586E7
1.4131596E7
1.4131606E7
1.4131616E7
1.4131626E7
1.4131636E7
1.4131646E7
1.4131656E7
1.4131666E7
1.4131676E7
1.4131686E7
1.4131696E7
1.4131706E7
1.4131716E7
1.4131726E7
1.4131736E7
1.4131746E7
1.4131756E7
1.4131766E7
1.4131776E7
1.4131786E7
1.4131796E7
1.4131806E7
1.4131816E7
1.4131821024551904E7
1.4131826E7
1.4131836E7
1.4131846E7
1.4131856E7
1.4131866E7
1.4131876E7
1.4131886E7
1.4131896E7
1.4131906E7
1.4131916E7
1.4131926E7
1.4131936E7
1.4131946E7
1.4131956E7
1.4131966E7
1.4131976E7
1.4131986E7
1.4131996E7
1.4132006E7
1.4132016E7
1.4132026E7
1.4419002674894545E7
1.4419006E7
1.4419016E7
1.4419026E7
1.4419036E7
1.4419046E7
1.4419056E7
1.4419066E7
1.4419076E7
1.4419086E7
1.4419096E7
1.4419106E7
1.4419116E7
1.4419126E7
1.4419136E7
1.4419146E7
1.4419156E7
1.4419166E7
1.4419176E7
1.4419186E7
1.4419196E7
1.4419206E7
1.4419216E7
1.4419226E7
1.4419236E7
1.4419246E7
1.4419256E7
1.4419266E7
1.4419276E7
1.4419286E7
1.4419296E7
1.4419306E7
1.4419316E7
1.4419326E7
1.4419336E7
1.4419346E7
1.4419356E7
1.4419366E7
1.4419376E7
1.4419386E7
1.4419396E7
1.4419406E7
1.4419416E7
1.4419426E7
1.4419436E7
1.4419446E7
1.4419456E7
1.4419466E7
1.4419476E7
1.4419486E7
1.4419496E7
1.4419506E7
1.4419516E7
1.4419526E7
1.4419536E7
1.4419546E7
1.4419556E7
1.4419566E7
1.4419576E7
1.4419586E7
1.4419596E7
1.4419606E7
1.4419616E7
1.4419623694961285E7
1.4419626E7
1.4419636E7
1.4419646E7
1.4419656E7
1.4419666E7
1.4419676E7
1.4419686E7
1.4419696E7
1.4419706E7
1.4419716E7
1.4419726E7
1.4419736E7
1.4419746E7
