1.4907001867880827E7
1.4907001867888547E7
1.4907006E7
1.4907016E7
1.4907026E7
1.4907036E7
1.4907046E7
1.4907056E7
1.4907066E7
1.4907076E7
1.4907086E7
1.4907096E7
1.4907106E7
1.4907116E7
1.4907126E7
1.4907136E7
1.4907146E7
1.4907156E7
1.4907166E7
1.4907170674188145E7
1.4907170674195865E7
1.4907176E7
1.4907186E7
1.4907196E7
1.4907206E7
1.4907216E7
1.4907226E7
1.4907236E7
1.4907246E7
1.4907256E7
1.4907266E7
1.4907276E7
1.4907286E7
1.4907296E7
1.4907306E7
1.4907316E7
1.4907326E7
1.4907336E7
1.4907346E7
1.4907356E7
1.4907366E7
1.4907376E7
1.4907386E7
1.4907396E7
1.4907406E7
1.4907416E7
1.4907426E7
1.4907436E7
1.4907446E7
1.4907456E7
1.4907466E7
1.4907476E7
1.4907486E7
1.4907496E7
1.4907506E7
1.4907516E7
1.4907526E7
1.4907536E7
1.4907546E7
1.4907556E7
1.4907566E7
1.4907576E7
1.4907586E7
1.4907596E7
1.4907606E7
1.4907616E7
1.4907626E7
1.4907636E7
1.4907646E7
1.4907656E7
1.4907666E7
1.4907676E7
1.4907686E7
1.4907696E7
1.4907706E7
1.4907716E7
1.4907726E7
1.4907736E7
1.4907746E7
1.4907756E7
1.4907766E7
1.4907776E7
1.4907786E7
1.4907796E7
1.4907806E7
1.4907816E7
1.4907826E7
1.5022002415361172E7
1.5022002415368892E7
1.5022006E7
1.5022016E7
1.5022026E7
1.5022036E7
1.5022046E7
1.5022056E7
1.5022066E7
1.5022076E7
1.5022086E7
1.5022096E7
1.5022106E7
1.5022116E7
1.5022126E7
1.5022136E7
1.5022146E7
1.5022156E7
1.5022166E7
1.5022176E7
1.5022186E7
1.5022196E7
1.5022206E7
1.5022216E7
1.5022226E7
1.5022236E7
1.5022246E7
1.5022256E7
1.5022266E7
1.5022276E7
1.5022286E7
1.5022296E7
1.5022306E7
1.5022316E7
1.5022326E7
1.5022336E7
1.5022346E7
1.5022356E7
1.5022366E7
1.5022376E7
1.5022386E7
1.5022396E7
1.5022406E7
1.5022416E7
1.5022426E7
1.5022436E7
1.5022446E7
1.5022456E7
1.5022466E7
1.5022476E7
1.5022486E7
1.5022496E7
1.5022506E7
1.5022516E7
1.5022526E7
1.5022536E7
1.5022546E7
1.5022556E7
1.5022566E7
1.5022576E7
1.5022586E7
1.5022596E7
1.5022606E7
1.5022616E7
1.5022626E7
1.5022636E7
1.5022646E7
1.5022656E7
1.5022666E7
1.5022676E7
1.5022686E7
1.5022696E7
1.5022706E7
1.5022716E7
1.5022726E7
1.5022736E7
1.5022746E7
1.5022756E7
1.5022766E7
1.5022776E7
1.5022786E7
1.5022796E7
1.5022806E7
1.5022816E7
1.5022826E7
1.5022836E7
1.5022846E7
1.5022856E7
1.5022866E7
1.5022876E7
1.5022886E7
1.5022896E7
1.5022906E7
1.5022916E7
1.5022926E7
1.5022936E7
1.5022946E7
1.5022956E7
1.5022966E7
1.5022976E7
1.5022986E7
1.5022996E7
1.5023006E7
1.5023016E7
1.5023026E7
1.5023036E7
1.5023046E7
1.5023056E7
1.5023066E7
1.5023076E7
1.5023086E7
1.5023096E7
1.5023106E7
1.5023116E7
1.5023126E7
1.5023136E7
1.5023146E7
1.5023156E7
1.5023166E7
1.5023176E7
1.5023186E7
1.5109002927629357E7
1.5109002927637078E7
1.5109006E7
1.5109016E7
1.5109026E7
1.5109036E7
1.5109046E7
1.5109056E7
1.5109066E7
1.5109076E7
1.5109086E7
1.5109096E7
1.5109106E7
1.5109116E7
1.5109126E7
1.5109136E7
1.5109146E7
1.5109156E7
1.5109166E7
1.5109176E7
1.5109186E7
1.5109196E7
1.5109206E7
1.5109216E7
1.5109226E7
1.5109236E7
1.5109246E7
1.5109256E7
1.5109266E7
1.5109276E7
1.5109286E7
1.5109296E7
1.5109306E7
1.5109316E7
1.5109326E7
1.5109336E7
1.5109346E7
1.5109356E7
1.5109366E7
1.5109376E7
1.5109386E7
1.5109396E7
1.5109406E7
1.5109416E7
1.5109426E7
1.5109436E7
1.5109446E7
1.5109456E7
1.5109466E7
1.5109476E7
1.5109486E7
1.5109496E7
1.5109506E7
1.5109516E7
1.5109526E7
1.5109536E7
1.5109546E7
1.5109556E7
1.5109566E7
1.5109576E7
1.5109586E7
1.5109596E7
1.5109606E7
1.510960820406241E7
1.510960820407013E7
1.5109616E7
1.5109626E7
1.5109636E7
1.5109646E7
1.5109656E7
1.5109666E7
1.5109676E7
1.5109686E7
1.5109696E7
1.5109706E7
1.5109716E7
1.5109726E7
1.5109736E7
1.5109746E7
1.5109756E7
1.5109766E7
1.5109776E7
1.5109786E7
1.5109796E7
1.5109806E7
1.5109816E7
1.5109826E7
1.5109836E7
1.5109846E7
1.5109856E7
1.5109866E7
1.5109876E7
1.5109886E7
1.5109896E7
1.5109906E7
1.5109916E7
1.5109926E7
1.5109936E7
1.5109946E7
1.5109956E7
1.5109966E7
