1.8139001857517056E7
1.81390018575247E7
1.8139006E7
1.8139016E7
1.8139026E7
1.8139036E7
1.8139046E7
1.8139056E7
1.8139066E7
1.8139076E7
1.8139086E7
1.8139096E7
1.8139106E7
1.8139116E7
1.8139126E7
1.8139136E7
1.8139146E7
1.8139156E7
1.8139166E7
1.8139176E7
1.8139186E7
1.8139196E7
1.8139206E7
1.8139216E7
1.8139226E7
1.8139236E7
1.8139246E7
1.8139256E7
1.8139266E7
1.8139276E7
1.8139286E7
1.8139296E7
1.8139306E7
1.8139316E7
1.8139326E7
1.8139336E7
1.8139346E7
1.8139356E7
1.8139366E7
1.8139376E7
1.8139386E7
1.8139396E7
1.8139406E7
1.8139416E7
1.8139426E7
1.8139436E7
1.8139446E7
1.8139456E7
1.8139466E7
1.8139476E7
1.8139486E7
1.8139496E7
1.8139506E7
1.8139516E7
1.8139526E7
1.8139536E7
1.8139546E7
1.8139556E7
1.8139566E7
1.8139576E7
1.8139586E7
1.8139596E7
1.8139606E7
1.8139616E7
1.8139626E7
1.8139636E7
1.8139646E7
1.8139656E7
1.8139666E7
1.8139676E7
1.8139686E7
1.8139696E7
1.8139706E7
1.8139716E7
1.8139726E7
1.8139736E7
1.8139746E7
1.8139756E7
1.8139766E7
1.8139776E7
1.8139786E7
1.8139796E7
1.8139806E7
1.8139816E7
1.8139826E7
1.8280001801012926E7
1.828000180102057E7
1.8280006E7
1.8280016E7
1.8280026E7
1.8280036E7
1.8280046E7
1.8280056E7
1.8280066E7
1.8280076E7
1.8280086E7
1.8280096E7
1.8280106E7
1.8280116E7
1.8280126E7
1.8280136E7
1.8280146E7
1.8280156E7
1.8280166E7
1.8280176E7
1.8280186E7
1.8280196E7
1.8280206E7
1.8280216E7
1.8280226E7
1.8280236E7
1.8280246E7
1.8280256E7
1.8280266E7
1.8280276E7
1.8280286E7
1.8280296E7
1.8280306E7
1.8280307640754156E7
1.82803076407618E7
1.8280316E7
1.8280326E7
1.8280336E7
1.8280346E7
1.8280356E7
1.8280366E7
1.8280376E7
1.8280386E7
1.8280396E7
1.8280406E7
1.8280416E7
1.8280426E7
1.8280436E7
1.8280446E7
1.8280456E7
1.8280466E7
1.8280476E7
1.8280486E7
1.8280496E7
1.8280506E7
1.8280516E7
1.8280526E7
1.8280536E7
1.8280546E7
1.8280556E7
1.8280566E7
1.8280576E7
1.8280586E7
1.8280596E7
1.8280606E7
1.8280616E7
1.8280626E7
1.8280636E7
1.8280646E7
1.8280656E7
1.8280666E7
1.8280676E7
1.8280686E7
1.8280696E7
1.8280706E7
1.8280716E7
1.8280726E7
1.8280736E7
1.8280746E7
1.8280756E7
1.8280766E7
1.8280776E7
1.8280786E7
1.8280796E7
1.8280806E7
1.8280816E7
1.8280826E7
1.8280836E7
1.8280846E7
1.8280856E7
1.8280866E7
1.8280876E7
1.8280886E7
1.8280896E7
1.8280906E7
1.8280916E7
1.8280926E7
1.8280936E7
1.8280946E7
1.8280956E7
1.8280966E7
1.8280976E7
1.8280986E7
1.8280996E7
1.8281006E7
1.8281016E7
1.8299006E7
1.829900615984278E7
1.8299006159850426E7
1.8299016E7
1.829901615984278E7
1.8299016159850426E7
1.8299026E7
1.829902615984278E7
1.8299026159850426E7
1.8299036E7
1.829903615984278E7
1.8299036159850426E7
1.8299046E7
1.829904615984278E7
1.8299046159850426E7
1.8299056E7
1.829905615984278E7
1.8299056159850426E7
1.8299066E7
1.829906615984278E7
1.8299066159850426E7
1.8299076E7
1.829907615984278E7
1.8299076159850426E7
1.8299086E7
1.829908615984278E7
1.8299086159850426E7
1.8299096E7
1.829909615984278E7
1.8299096159850426E7
1.8299106E7
1.829910615984278E7
1.8299106159850426E7
1.8299116E7
1.829911615984278E7
1.8299116159850426E7
1.8299126E7
1.8299136E7
1.8299146E7
1.8299156E7
1.8299166E7
1.8299176E7
1.8299186E7
1.8299196E7
1.8299206E7
1.8299216E7
1.8299226E7
1.8299236E7
1.8299246E7
1.8299256E7
1.8299266E7
1.8299276E7
1.8299286E7
1.8299296E7
1.8299306E7
1.8299316E7
1.8299326E7
1.8299336E7
1.8299346E7
1.8299356E7
1.8299366E7
1.8299376E7
1.8299386E7
1.8299396E7
1.8299406E7
1.8299416E7
1.8299426E7
1.8299436E7
1.8299446E7
1.8299456E7
1.8299466E7
1.8299476E7
1.8299486E7
1.8299496E7
1.8299506E7
1.8299516E7
1.8299526E7
1.8299536E7
1.8299546E7
1.8299556E7
1.8299566E7
1.8299576E7
1.8299586E7
1.8299596E7
1.8299606E7
1.8299616E7
1.8299626E7
1.8299636E7
1.8299646E7
1.8299656E7
1.8299666E7
1.8299676E7
1.8299686E7
1.8299696E7
1.8299706E7
1.8299716E7
1.8299726E7
1.8299736E7
1.8299746E7
1.8299756E7
1.8299766E7
1.8299776E7
1.8299786E7
1.8299796E7
1.8299806E7
1.8299816E7
1.8299826E7
1.8299836E7
1.8299846E7
1.8299856E7
1.8299866E7
1.8299876E7
1.8299881820169084E7
1.8299881820176728E7
1.8299886E7
1.8299896E7
1.8299906E7
1.8299916E7
1.8299926E7
1.8299936E7
1.8299946E7
1.8299956E7
1.8299966E7
1.8299976E7
1.8299986E7
1.8299996E7
1.8460006E7
1.8460007140418343E7
1.8460007140425988E7
1.8460016E7
1.8460017140418343E7
1.8460017140425988E7
1.8460026E7
1.8460027140418343E7
1.8460027140425988E7
1.8460036E7
1.8460037140418343E7
1.8460037140425988E7
1.8460046E7
1.8460047140418343E7
1.8460047140425988E7
1.8460056E7
1.8460057140418343E7
1.8460057140425988E7
1.8460066E7
1.8460067140418343E7
1.8460067140425988E7
1.8460076E7
1.8460077140418343E7
1.8460077140425988E7
1.8460086E7
1.8460087140418343E7
1.8460087140425988E7
1.8460096E7
1.8460097140418343E7
1.8460097140425988E7
1.8460106E7
1.8460107140418343E7
1.8460107140425988E7
1.8460116E7
1.8460117140418343E7
1.8460117140425988E7
1.8460126E7
1.8460127140418343E7
1.8460127140425988E7
1.8460136E7
1.8460137140418343E7
1.8460137140425988E7
1.8460146E7
1.8460156E7
1.8460157140418343E7
1.8460157140425988E7
1.8460166E7
1.8460167140418343E7
1.8460167140425988E7
1.8460176E7
1.8460186E7
1.8460187140418343E7
1.8460187140425988E7
1.8460196E7
1.8460197140418343E7
1.8460197140425988E7
1.8460206E7
1.8460207140418343E7
1.8460207140425988E7
1.8460216E7
1.8460217140418343E7
1.8460217140425988E7
1.8460226E7
1.8460227140418343E7
1.8460227140425988E7
1.8460236E7
1.8460237140418343E7
1.8460237140425988E7
1.8460246E7
1.8460247140418343E7
1.8460247140425988E7
1.8460256E7
1.8460257140418343E7
1.8460257140425988E7
1.8460266E7
1.8460267140418343E7
1.8460267140425988E7
1.8460276E7
1.8460277140418343E7
1.8460277140425988E7
1.8460286E7
1.8460296E7
1.8460297140418343E7
1.8460297140425988E7
1.8460306E7
1.8460307140418343E7
1.8460307140425988E7
1.8460316E7
1.8460326E7
1.8460327140418343E7
1.8460327140425988E7
1.8460336E7
1.8460337140418343E7
1.8460337140425988E7
1.8460346E7
1.8460347140418343E7
1.8460347140425988E7
1.8460356E7
1.8460357140418343E7
1.8460357140425988E7
1.8460366E7
1.8460367140418343E7
1.8460367140425988E7
1.8460376E7
1.8460377140418343E7
1.8460377140425988E7
1.8460386E7
1.8460387140418343E7
1.8460387140425988E7
1.8460396E7
1.8460397140418343E7
1.8460397140425988E7
1.8460406E7
1.8460407140418343E7
1.8460407140425988E7
1.8460416E7
1.8460417140418343E7
1.8460417140425988E7
1.8460426E7
1.8460427140418343E7
1.8460427140425988E7
1.8460436E7
1.8460446E7
1.8460447140418343E7
1.8460447140425988E7
1.8460456E7
1.8460457140418343E7
1.8460457140425988E7
1.8460466E7
1.8460467140418343E7
1.8460467140425988E7
1.8460476E7
1.8460477140418343E7
1.8460477140425988E7
1.8460486E7
1.8460496E7
1.8460497140418343E7
1.8460497140425988E7
1.8460506E7
1.8460507140418343E7
1.8460507140425988E7
1.8460516E7
1.8460517140418343E7
1.8460517140425988E7
1.8460526E7
1.8460527140418343E7
1.8460527140425988E7
1.8460536E7
1.8460537140418343E7
1.8460537140425988E7
1.8460546E7
1.8460547140418343E7
1.8460547140425988E7
1.8460556E7
1.8460566E7
1.8460567140418343E7
1.8460567140425988E7
1.8460576E7
1.8460577140418343E7
1.8460577140425988E7
1.8460586E7
1.8460587140418343E7
1.8460587140425988E7
1.8460596E7
1.8460597140418343E7
1.8460597140425988E7
1.8460606E7
1.8460607140418343E7
1.8460607140425988E7
1.8460616E7
1.8460617140418343E7
1.8460617140425988E7
1.8460626E7
1.8460636E7
1.8460637140418343E7
1.8460637140425988E7
1.8460646E7
1.8460647140418343E7
1.8460647140425988E7
1.8460656E7
1.8460657140418343E7
1.8460657140425988E7
1.8460666E7
1.8460676E7
1.8460677140418343E7
1.8460677140425988E7
1.8460686E7
1.8460687140418343E7
1.8460687140425988E7
1.8460696E7
1.8460697140418343E7
1.8460697140425988E7
1.8460706E7
1.8460707140418343E7
1.8460707140425988E7
1.8460716E7
1.8460717140418343E7
1.8460717140425988E7
1.8460726E7
1.8460727140418343E7
1.8460727140425988E7
1.8460736E7
1.8460737140418343E7
1.8460737140425988E7
1.8460746E7
1.8460756E7
1.8460757140418343E7
1.8460757140425988E7
1.8460766E7
1.8460767140418343E7
1.8460767140425988E7
1.8460776E7
1.8460777140418343E7
1.8460777140425988E7
1.8460786E7
1.8460787140418343E7
1.8460787140425988E7
1.8460796E7
1.8460797140418343E7
1.8460797140425988E7
1.8460806E7
1.8460807140418343E7
1.8460807140425988E7
1.8460816E7
1.8460817140418343E7
1.8460817140425988E7
1.8460826E7
1.8460827140418343E7
1.8460827140425988E7
1.8460836E7
1.8460837140418343E7
1.8460837140425988E7
1.8460846E7
1.8460847140418343E7
1.8460847140425988E7
1.8460856E7
1.8460857140418343E7
1.8460857140425988E7
1.8460866E7
1.8460876E7
1.8460886E7
