5727003.349186474
5727003.349194363
5727006.0
5727016.0
5727026.0
5727036.0
5727046.0
5727056.0
5727066.0
5727076.0
5727086.0
5727096.0
5727106.0
5727116.0
5727126.0
5727136.0
5727146.0
5727156.0
5727166.0
5727176.0
5727186.0
5727196.0
5727206.0
5727216.0
5727226.0
5727236.0
5727246.0
5727256.0
5727266.0
5727276.0
5727286.0
5727296.0
5727306.0
5727316.0
5727326.0
5727336.0
5727346.0
5727356.0
5727366.0
5727376.0
5727386.0
5727396.0
5727406.0
5727416.0
5727426.0
5727436.0
5727446.0
5727456.0
5727466.0
5727476.0
5727486.0
5727496.0
5727506.0
5727516.0
5727526.0
5727536.0
5727546.0
5727556.0
5727566.0
5727576.0
5727586.0
5727596.0
5727606.0
5727616.0
5727626.0
5727636.0
5727646.0
5727656.0
5727666.0
5727676.0
5727686.0
5727696.0
5727706.0
5727716.0
5727726.0
5727736.0
5727746.0
5727756.0
5727766.0
5727776.0
5727786.0
5727796.0
5727805.414841052
5727805.41484894
5727806.0
5727816.0
5727826.0
5727836.0
5873006.0
5873006.653274113
5873006.653282002
5873016.0
5873016.653274113
5873016.653282002
5873026.0
5873026.653274113
5873026.653282002
5873036.0
5873036.653274113
5873036.653282002
5873046.0
5873046.653274113
5873046.653282002
5873056.0
5873066.0
5873076.0
5873076.653274113
5873076.653282002
5873086.0
5873096.0
5873106.0
5873106.653274113
5873106.653282002
5873116.0
5873116.653274113
5873116.653282002
5873126.0
5873136.0
5873146.0
5873156.0
5873166.0
5873176.0
5873177.066884872
5873177.06689276
5873186.0
5873196.0
5873206.0
5873216.0
5873226.0
5873236.0
5873246.0
5873256.0
5873266.0
5873276.0
5873286.0
5873296.0
5873306.0
5873316.0
5873326.0
5873336.0
5873346.0
5873356.0
5873366.0
5873376.0
5873386.0
5873396.0
5873406.0
5873416.0
5873426.0
5873436.0
5873446.0
5873456.0
5873466.0
5873476.0
5873486.0
5873496.0
5873506.0
5873516.0
5873526.0
5873536.0
5873546.0
5873556.0
5873566.0
5873576.0
5873586.0
5873596.0
5873606.0
5873616.0
5873626.0
5873636.0
5873646.0
5873656.0
5873666.0
5873676.0
5873686.0
5873696.0
5873706.0
5873716.0
5873726.0
5873736.0
5873746.0
6280006.0
6280016.0
6280026.0
6280036.0
6280046.0
6280056.0
6280066.0
6280076.0
6280086.0
6280096.0
6280106.0
6280116.0
6280126.0
6280136.0
6280146.0
6280156.0
6280166.0
6280176.0
6280186.0
6280196.0
6280206.0
6280216.0
6280226.0
6280236.0
6280246.0
6280256.0
6280266.0
6280276.0
6280286.0
6280296.0
6280306.0
6280316.0
6280326.0
6280336.0
6280346.0
6280356.0
6280366.0
6280376.0
6280386.0
6280396.0
6280406.0
6280416.0
6280426.0
6280436.0
6280446.0
6280456.0
6280466.0
6280476.0
6280486.0
6280496.0
6280506.0
6280516.0
6280526.0
6280536.0
6280546.0
6280556.0
6280566.0
6280576.0
6280586.0
6280596.0
6280606.0
6280616.0
6280626.0
6280636.0
6280646.0
6280656.0
6280666.0
6280676.0
6280686.0
6280696.0
6280706.0
6280716.0
6280726.0
6280736.0
6280746.0
6280756.0
6280766.0
6280776.0
6280786.0
6280796.0
6280806.0
6280816.0
6280826.0
6280836.0
6280846.0
6280856.0
6280866.0
6280876.0
6280886.0
6280896.0
6280906.0
6280916.0
6280926.0
6280936.0
6280946.0
6280956.0
6280966.0
6280976.0
6280986.0
6280996.0
6487004.861548671
6487006.0
6487014.861548671
6487016.0
6487024.861548671
6487026.0
6487034.861548671
6487036.0
6487044.861548671
6487046.0
6487054.861548671
6487056.0
6487064.861548671
6487066.0
6487074.861548671
6487076.0
6487084.861548671
6487086.0
6487094.861548671
6487096.0
6487104.861548671
6487106.0
6487114.861548671
6487116.0
6487124.861548671
6487126.0
6487136.0
6487144.861548671
6487146.0
6487154.861548671
6487156.0
6487164.861548671
6487166.0
6487174.861548671
6487176.0
6487184.861548671
6487186.0
6487194.861548671
6487196.0
6487204.861548671
6487206.0
6487216.0
6487224.861548671
6487226.0
6487234.861548671
6487236.0
6487244.861548671
6487246.0
6487254.861548671
6487256.0
6487264.861548671
6487266.0
6487274.861548671
6487276.0
6487284.861548671
6487286.0
6487294.861548671
6487296.0
6487304.861548671
6487306.0
6487314.861548671
6487316.0
6487324.861548671
6487326.0
6487334.861548671
6487336.0
6487344.861548671
6487346.0
6487354.861548671
6487356.0
6487364.861548671
6487366.0
6487374.861548671
6487376.0
6487386.0
6487394.861548671
6487396.0
6487404.861548671
6487406.0
6487416.0
6487424.861548671
6487426.0
6487434.861548671
6487436.0
6487446.0
6487456.0
6487464.861548671
6487465.155965862
6487466.0
6487474.861548671
6487476.0
6487484.861548671
6487486.0
6487494.861548671
6487496.0
6487504.861548671
6487506.0
6487514.861548671
6487516.0
6487524.861548671
6487526.0
6487534.861548671
6487536.0
6487544.861548671
6487546.0
6487554.861548671
6487556.0
6487564.861548671
6487566.0
6487574.861548671
6487576.0
6487584.861548671
6487586.0
6487594.861548671
6487596.0
6487604.861548671
6487606.0
6487616.0
6487624.861548671
6487626.0
6487634.861548671
6487636.0
6487644.861548671
6487646.0
6487654.861548671
6487656.0
6487664.861548671
6487666.0
6487674.861548671
6487676.0
6487684.861548671
6487686.0
6487694.861548671
6487696.0
6487704.861548671
6487706.0
6487714.861548671
6487716.0
6487724.861548671
6487726.0
6487734.861548671
6487736.0
6487746.0
6487756.0
6487766.0
6487776.0
6487786.0
6487796.0
6487806.0
6487816.0
6487826.0
6487836.0
6487846.0
6487856.0
6487866.0
6487876.0
6487886.0
6487896.0
6487906.0
6487916.0
6487926.0
6487936.0
6487946.0
6487956.0
6487966.0
6487976.0
6487986.0
6487996.0
6488006.0
6488016.0
6488026.0
6488036.0
6488046.0
6488056.0
6488066.0
6488076.0
6488086.0
6488096.0
6488106.0
6488116.0
6488126.0
6488136.0
6488146.0
6488156.0
6540006.0
6540016.0
6540016.993811854
6540026.0
6540026.993811854
6540036.0
6540036.993811854
6540046.0
6540046.993811854
6540056.0
6540056.993811854
6540066.0
6540076.0
6540076.993811854
6540086.0
6540086.993811854
6540096.0
6540106.0
6540106.993811854
6540116.0
6540126.0
6540126.993811854
6540136.0
6540136.993811854
6540146.0
6540146.993811854
6540156.0
6540166.0
6540166.993811854
6540176.0
6540186.0
6540196.0
6540206.0
6540206.993811854
6540216.0
6540216.993811854
6540226.0
6540226.993811854
6540236.0
6540236.993811854
6540246.0
6540246.993811854
6540256.0
6540256.993811854
6540266.0
6540266.993811854
6540276.0
6540276.993811854
6540286.0
6540286.993811854
6540296.0
6540296.993811854
6540306.0
6540306.993811854
6540316.0
6540316.993811854
6540326.0
6540336.0
6540336.993811854
6540346.0
6540346.993811854
6540356.0
6540356.993811854
6540366.0
6540366.993811854
6540376.0
6540376.993811854
6540386.0
6540386.993811854
6540396.0
6540406.0
6540406.993811854
6540416.0
6540426.0
6540426.993811854
6540436.0
6540436.993811854
6540446.0
6540446.993811854
6540456.0
6540466.0
6540466.993811854
6540476.0
6540476.993811854
6540486.0
6540486.993811854
6540496.0
6540496.993811854
6540506.0
6540506.993811854
6540516.0
6540516.993811854
6540526.0
6540526.993811854
6540536.0
6540536.993811854
6540546.0
6540546.993811854
6540556.0
6540556.993811854
6540566.0
6540566.993811854
6540576.0
6540576.993811854
6540586.0
6540586.993811854
6540596.0
6540596.993811854
6540606.0
6540616.0
6540616.993811854
6540626.0
6540626.993811854
6540636.0
6540646.0
6540646.993811854
6540656.0
6540656.993811854
6540666.0
6540666.993811854
6540676.0
6540676.993811854
6540686.0
6540686.993811854
6540696.0
6540696.993811854
6540706.0
6540706.993811854
6540716.0
6540716.993811854
6540726.0
6540726.993811854
6611002.70505254
6611006.0
6611016.0
6611026.0
6611036.0
6611046.0
6611056.0
6611066.0
6611076.0
6611086.0
6611096.0
6611106.0
6611116.0
6611126.0
6611136.0
6611146.0
6611156.0
6611166.0
6611176.0
6611186.0
6611196.0
6611206.0
6611216.0
6611226.0
6611236.0
6611246.0
6611256.0
6611266.0
6611276.0
6611286.0
6611296.0
6611306.0
6611316.0
6611326.0
6611336.0
6611346.0
6611356.0
6611366.0
6611376.0
6611386.0
6611396.0
6611406.0
6611416.0
6611426.0
6611436.0
6611446.0
6611456.0
6611466.0
6611476.0
6611486.0
6611496.0
6611506.0
6611516.0
6611526.0
6611536.0
6611546.0
6611556.0
6611566.0
6611576.0
6611586.0
6611596.0
6611606.0
6611616.0
6611626.0
6611636.0
6611646.0
6611656.0
6611666.0
6611676.0
6611686.0
6611696.0
6611706.0
6611716.0
6611726.0
6611736.0
6611746.0
6611756.0
6611766.0
6611776.0
6611786.0
6611796.0
6611806.0
6611816.0
6611826.0
6611836.0
6611846.0
6611856.0
6611866.0
6611876.0
6611886.0
6741003.460418627
6741006.0
6741016.0
6741026.0
6741036.0
6741046.0
6741056.0
6741066.0
6741076.0
6741086.0
6741096.0
6741106.0
6741116.0
6741126.0
6741136.0
6741146.0
6741156.0
6741166.0
6741176.0
6741186.0
6741196.0
6741206.0
6741216.0
6741226.0
6741236.0
6741246.0
6741256.0
6741266.0
6741276.0
6741286.0
6741296.0
6741306.0
6741316.0
6741326.0
6741336.0
6741346.0
6741356.0
6741366.0
6741376.0
6741386.0
6741396.0
6741406.0
6741416.0
6741426.0
6741436.0
6741446.0
6741456.0
6741466.0
6741476.0
6741486.0
6741496.0
6741506.0
6741516.0
6741526.0
6741536.0
6741546.0
6741556.0
6741566.0
6741576.0
6741586.0
6741596.0
6741606.0
6741616.0
6741626.0
6741636.0
6741646.0
6741656.0
6741666.0
6741676.0
6741686.0
6741696.0
6741706.0
6741716.0
6741726.0
6741736.0
6741746.0
6741756.0
6741766.0
6741776.0
6741786.0
6741796.0
6741806.0
6741816.0
6741826.0
6741836.0
6942003.220988676
6942006.0
6942016.0
6942026.0
6942034.391394049
6942036.0
6942046.0
6942056.0
6942066.0
6942076.0
6942086.0
6942096.0
6942106.0
6942116.0
6942126.0
6942136.0
6942146.0
6942156.0
6942166.0
6942176.0
6942186.0
6942196.0
6942206.0
6942216.0
6942226.0
6942236.0
6942246.0
6942256.0
6942266.0
6942276.0
6942286.0
6942296.0
6942306.0
6942316.0
6942326.0
6942336.0
6942346.0
6942356.0
6942366.0
6942376.0
6942386.0
6942396.0
6942406.0
6942416.0
6942426.0
6942436.0
6942446.0
6942456.0
6942466.0
6942476.0
6942486.0
6942496.0
6942506.0
6942516.0
6942526.0
6942536.0
6942546.0
6942556.0
6942566.0
6942576.0
6942586.0
6942596.0
6942606.0
6942616.0
6942626.0
6942636.0
6942646.0
6942656.0
6942666.0
6942676.0
6942686.0
6942696.0
6942706.0
6942716.0
6942726.0
6942736.0
6942746.0
6942756.0
6942766.0
6942776.0
6942786.0
6942796.0
6942806.0
6942816.0
6942826.0
6942836.0
6942846.0
6942856.0
6942866.0
6942876.0
6942886.0
6942896.0
6942906.0
6942916.0
6989006.0
6989006.109427087
6989016.0
6989016.104570355
6989026.0
6989026.067335412
6989036.0
6989036.115902729
6989046.0
6989046.096475802
6989056.0
6989056.112664908
6989066.0
6989066.114283819
6989076.0
6989076.083524518
6989086.0
6989086.0997136235
6989096.0
6989096.107808176
6989106.0
6989116.0
6989116.114283819
6989126.0
6989136.0
6989146.0
6989156.0
6989166.0
6989176.0
6989186.0
6989196.0
6989206.0
6989216.0
6989226.0
6989236.0
6989246.0
6989256.0
6989266.0
6989276.0
6989286.0
6989296.0
6989306.0
6989316.0
6989326.0
6989336.0
6989346.0
6989356.0
6989366.0
6989376.0
6989386.0
6989396.0
6989406.0
6989416.0
6989426.0
6989436.0
6989446.0
6989456.0
6989466.0
6989476.0
6989486.0
6989496.0
6989506.0
6989516.0
6989526.0
6989536.0
6989546.0
6989556.0
6989566.0
6989576.0
6989586.0
6989596.0
6989606.0
6989616.0
6989626.0
6989636.0
6989646.0
6989656.0
6989666.0
6989676.0
6989686.0
6989696.0
6989706.0
6989716.0
6989726.0
6989736.0
6989746.0
6989756.0
6989766.0
6989776.0
6989786.0
6989796.0
6989806.0
6989816.0
7120006.0
7120007.090492174
7120016.0
7120017.090492174
7120026.0
7120036.0
7120037.090492174
7120046.0
7120047.090492174
7120056.0
7120057.090492174
7120066.0
7120067.090492174
7120076.0
7120077.090492174
7120086.0
7120087.090492174
7120096.0
7120097.090492174
7120106.0
7120116.0
7120117.090492174
7120126.0
7120127.090492174
7120136.0
7120146.0
7120147.090492174
7120156.0
7120166.0
7120167.090492174
7120176.0
7120177.090492174
7120186.0
7120187.090492174
7120196.0
7120197.090492174
7120206.0
7120207.090492174
7120216.0
7120217.090492174
7120226.0
7120227.090492174
7120236.0
7120237.090492174
7120246.0
7120256.0
7120257.090492174
7120266.0
7120267.090492174
7120276.0
7120277.090492174
7120286.0
7120287.090492174
7120296.0
7120297.090492174
7120306.0
7120307.090492174
7120316.0
7120317.090492174
7120326.0
7120327.090492174
7120336.0
7120337.090492174
7120346.0
7120347.090492174
7120356.0
7120357.090492174
7120366.0
7120367.090492174
7120376.0
7120377.090492174
7120386.0
7120387.090492174
7120396.0
7120406.0
7120407.090492174
7120416.0
7120417.090492174
7120426.0
7120427.090492174
7120436.0
7120437.090492174
7120446.0
7120456.0
7120457.090492174
7120466.0
7120467.090492174
7120476.0
7120477.090492174
7120486.0
7120487.090492174
7120496.0
7120497.090492174
7120506.0
7120507.090492174
7120508.326145798
7120516.0
7120526.0
7120527.090492174
7120536.0
7120537.090492174
7120546.0
7120547.090492174
7120556.0
7120557.090492174
7120566.0
7120567.090492174
7120576.0
7120577.090492174
7120586.0
7120587.090492174
7120596.0
7120597.090492174
7120606.0
7120607.090492174
7120616.0
7120617.090492174
7120626.0
7120627.090492174
7120636.0
7120637.090492174
7120646.0
7120656.0
7120657.090492174
7120666.0
7120667.090492174
7120676.0
7120677.090492174
7120686.0
7120687.090492174
7120696.0
7120697.090492174
7120706.0
7120707.090492174
7120716.0
7120726.0
7120727.090492174
7120736.0
7120737.090492174
