5666003.13769695
5666003.137698077
5666006.0
5666016.0
5666026.0
5666036.0
5666046.0
5666056.0
5666066.0
5666076.0
5666086.0
5666096.0
5666106.0
5666116.0
5666126.0
5666136.0
5666146.0
5666156.0
5666166.0
5666176.0
5666186.0
5666196.0
5666206.0
5666216.0
5666226.0
5666236.0
5666246.0
5666256.0
5666266.0
5666276.0
5666286.0
5666296.0
5666306.0
5666316.0
5666326.0
5666336.0
5666346.0
5666356.0
5666366.0
5666376.0
5666386.0
5666396.0
5666406.0
5666416.0
5666426.0
5666436.0
5666446.0
5666456.0
5666466.0
5666476.0
5666486.0
5666496.0
5666506.0
5666516.0
5666526.0
5666536.0
5666546.0
5666556.0
5666566.0
5666576.0
5666586.0
5666596.0
5666606.0
5666616.0
5666626.0
5666636.0
5666646.0
5666656.0
5666666.0
5666676.0
5666686.0
5666696.0
5666706.0
5666716.0
5666726.0
5666736.0
5666746.0
5666756.0
5666766.0
5666776.0
5666786.0
5666796.0
5666806.0
5666816.0
5666826.0
5666836.0
5666846.0
5666856.0
5666866.0
5666876.0
5666886.0
5666896.0
5666906.0
5804001.614747373
5804001.6147485
5804006.0
5804016.0
5804026.0
5804036.0
5804046.0
5804056.0
5804066.0
5804076.0
5804086.0
5804096.0
5804106.0
5804116.0
5804126.0
5804136.0
5804146.0
5804156.0
5804166.0
5804176.0
5804186.0
5804196.0
5804206.0
5804216.0
5804226.0
5804236.0
5804246.0
5804256.0
5804266.0
5804276.0
5804286.0
5804296.0
5804306.0
5804316.0
5804326.0
5804336.0
5804346.0
5804356.0
5804366.0
5804376.0
5804386.0
5804396.0
5804406.0
5804416.0
5804426.0
5804436.0
5804446.0
5804456.0
5804466.0
5804476.0
5804486.0
5804496.0
5804506.0
5804516.0
5804526.0
5804536.0
5804546.0
5804556.0
5804566.0
5804576.0
5804586.0
5804596.0
5804606.0
5804616.0
5804626.0
5804636.0
5804646.0
5804656.0
5804666.0
5804676.0
5804686.0
5804696.0
5804706.0
5804716.0
5804726.0
5804736.0
5804746.0
5804756.0
5804766.0
5804776.0
5804786.0
5804796.0
5804806.0
5804816.0
5804822.547618121
5804822.547619248
5804826.0
5804836.0
5804846.0
5804856.0
5804866.0
5804876.0
5804886.0
5804896.0
5804906.0
6023006.0
6023016.0
6023026.0
6023036.0
6023046.0
6023056.0
6023066.0
6023076.0
6023086.0
6023096.0
6023106.0
6023116.0
6023126.0
6023136.0
6023146.0
6023156.0
6023166.0
6023176.0
6023186.0
6023196.0
6023206.0
6023216.0
6023226.0
6023236.0
6023246.0
6023256.0
6023266.0
6023276.0
6023286.0
6023296.0
6023306.0
6023316.0
6023326.0
6023336.0
6023346.0
6023356.0
6023366.0
6023376.0
6023386.0
6023396.0
6023406.0
6023416.0
6023426.0
6023436.0
6023446.0
6023456.0
6023466.0
6023476.0
6023486.0
6023496.0
6023506.0
6023516.0
6023526.0
6023536.0
6023546.0
6023556.0
6023566.0
6023576.0
6023586.0
6023596.0
6023606.0
6023616.0
6023626.0
6023636.0
6023646.0
6023656.0
6023666.0
6023676.0
6023686.0
6023696.0
6023706.0
6023716.0
6023726.0
6023736.0
6023746.0
6023756.0
6023766.0
6023776.0
6023786.0
6023796.0
6023806.0
6023816.0
6023826.0
6023836.0
6023846.0
6023856.0
6023866.0
6023876.0
6023886.0
6023896.0
6023906.0
6023916.0
6023926.0
6023936.0
6023946.0
6023956.0
6023966.0
6023976.0
6023986.0
6023996.0
6024006.0
6024016.0
6024026.0
6024036.0
6024046.0
6024056.0
6024066.0
6024076.0
6024086.0
6024096.0
6024106.0
6430003.190431086
6430003.190432213
6430006.0
6430016.0
6430026.0
6430036.0
6430046.0
6430056.0
6430066.0
6430076.0
6430086.0
6430096.0
6430106.0
6430116.0
6430126.0
6430136.0
6430146.0
6430156.0
6430166.0
6430176.0
6430186.0
6430196.0
6430206.0
6430216.0
6430226.0
6430236.0
6430246.0
6430256.0
6430266.0
6430276.0
6430286.0
6430296.0
6430306.0
6430316.0
6430326.0
6430336.0
6430346.0
6430356.0
6430366.0
6430376.0
6430386.0
6430396.0
6430406.0
6430416.0
6430426.0
6430436.0
6430446.0
6430456.0
6430466.0
6430476.0
6430486.0
6430496.0
6430506.0
6430516.0
6430526.0
6430536.0
6430546.0
6430556.0
6430566.0
6430576.0
6430586.0
6430596.0
6430606.0
6430616.0
6430626.0
6430636.0
6430646.0
6430656.0
6430666.0
6430676.0
6430686.0
6430696.0
6430706.0
6430716.0
6430726.0
6430736.0
6658006.0
6658016.0
6658026.0
6658036.0
6658046.0
6658056.0
6658066.0
6658076.0
6658086.0
6658096.0
6658106.0
6658116.0
6658126.0
6658136.0
6658146.0
6658156.0
6658166.0
6658176.0
6658186.0
6658196.0
6658206.0
6658216.0
6658226.0
6658236.0
6658246.0
6658256.0
6658266.0
6658276.0
6658286.0
6658296.0
6658306.0
6658316.0
6658326.0
6658336.0
6658346.0
6658356.0
6658366.0
6658376.0
6658386.0
6658396.0
6658406.0
6658416.0
6658426.0
6658436.0
6658446.0
6658456.0
6658466.0
6658476.0
6658486.0
6658496.0
6658506.0
6658516.0
6658526.0
6658536.0
6658546.0
6658556.0
6658566.0
6658576.0
6658586.0
6658596.0
6658606.0
6658616.0
6658626.0
6658636.0
6658646.0
6658656.0
6658666.0
6658676.0
6658686.0
6658696.0
6658706.0
6658716.0
6658726.0
6658736.0
6658746.0
6658756.0
6658766.0
6658776.0
6658786.0
6658796.0
6658806.0
6658816.0
6658826.0
6658836.0
6658846.0
6658856.0
6658866.0
6658876.0
6658886.0
6658896.0
6658906.0
6658916.0
6658926.0
7050006.0
7050006.427175963
7050016.0
7050016.427175963
7050026.0
7050036.0
7050046.0
7050056.0
7050066.0
7050076.0
7050086.0
7050096.0
7050106.0
7050116.0
7050118.02735931
7050126.0
7050136.0
7050146.0
7050156.0
7050166.0
7050176.0
7050186.0
7050196.0
7050206.0
7050216.0
7050226.0
7050236.0
7050246.0
7050256.0
7050266.0
7050276.0
7050286.0
7050296.0
7050306.0
7050316.0
7050326.0
7050336.0
7050346.0
7050356.0
7050366.0
7050376.0
7050386.0
7050396.0
7050406.0
7050416.0
7050426.0
7050436.0
7050446.0
7050456.0
7050466.0
7050476.0
7050486.0
7050496.0
7050506.0
7050516.0
7050526.0
7050536.0
7050546.0
7050556.0
7050566.0
7050576.0
7050586.0
7050596.0
7050606.0
7050616.0
7050626.0
7050636.0
7050646.0
7050656.0
7050666.0
7050676.0
7050686.0
7050696.0
7050706.0
7050716.0
7050726.0
7050736.0
7050746.0
7050756.0
7050766.0
7050776.0
7050786.0
7105000.199534858
7105006.0
7105010.199534858
7105016.0
7105026.0
7105036.0
7105046.0
7105056.0
7105066.0
7105076.0
7105086.0
7105096.0
7105106.0
7105116.0
7105126.0
7105136.0
7105146.0
7105156.0
7105166.0
7105176.0
7105186.0
7105196.0
7105206.0
7105216.0
7105226.0
7105236.0
7105246.0
7105256.0
7105266.0
7105276.0
7105286.0
7105296.0
7105306.0
7105316.0
7105326.0
7105336.0
7105346.0
7105356.0
7105366.0
7105376.0
7105386.0
7105396.0
7105406.0
7105416.0
7105426.0
7105436.0
7105446.0
7105456.0
7105466.0
7105476.0
7105486.0
7105496.0
7105506.0
7105516.0
7105526.0
7105536.0
7105546.0
7105556.0
7105566.0
7105576.0
7105586.0
7105596.0
7105606.0
7105616.0
7105626.0
7105636.0
7105646.0
7105656.0
7105666.0
7105676.0
7105686.0
7105696.0
7105706.0
7105716.0
7105726.0
7105736.0
7105746.0
7105756.0
7105766.0
7105776.0
7105786.0
7105796.0
7105806.0
7105816.0
7105826.0
7105836.0
7105846.0
7105856.0
7105866.0
7105876.0
7105886.0
7105896.0
7105906.0
7105916.0
7105926.0
7105936.0
7105946.0
7105956.0
7105966.0
7105976.0
7105986.0
7105996.0
7106006.0
7106016.0
7106026.0
7106036.0
7106046.0
7106056.0
7106066.0
7106076.0
7106086.0
7217006.0
7217009.459743941
7217016.0
7217026.0
7217036.0
7217046.0
7217056.0
7217066.0
7217076.0
7217086.0
7217096.0
7217106.0
7217116.0
7217126.0
7217136.0
7217146.0
7217156.0
7217166.0
7217176.0
7217186.0
7217196.0
7217206.0
7217216.0
7217226.0
7217236.0
7217246.0
7217256.0
7217266.0
7217276.0
7217286.0
7217296.0
7217306.0
7217316.0
7217326.0
7217336.0
7217346.0
7217356.0
7217366.0
7217376.0
7217386.0
7217396.0
7217406.0
7217416.0
7217426.0
7217436.0
7217446.0
7217456.0
7217466.0
7217476.0
7217486.0
7217496.0
7217506.0
7217516.0
7217526.0
7217536.0
7217546.0
7217556.0
7217566.0
7217576.0
7217586.0
7217596.0
7217606.0
7217616.0
7217626.0
7217636.0
7217646.0
7217656.0
7217666.0
7217676.0
7217686.0
7217696.0
7217706.0
7217716.0
7217726.0
7217736.0
7217746.0
7217756.0
7217766.0
7217776.0
7217786.0
7217796.0
7217806.0
7217816.0
7217826.0
7217836.0
7217846.0
7217856.0
7217866.0
7217876.0
7217886.0
7217896.0
7217906.0
7217916.0
7217926.0
7217936.0
7217946.0
7217956.0
7217966.0
7217976.0
7217986.0
7217996.0
7218006.0
7218016.0
7218026.0
7218036.0
7218046.0
7218056.0
7218066.0
7218076.0
7218086.0
7218096.0
7218106.0
7360000.4364161175
7360006.0
7360010.4364161175
7360016.0
7360026.0
7360036.0
7360046.0
7360056.0
7360066.0
7360076.0
7360086.0
7360096.0
7360106.0
7360116.0
7360126.0
7360136.0
7360146.0
7360156.0
7360166.0
7360176.0
7360186.0
7360196.0
7360206.0
7360216.0
7360226.0
7360236.0
7360246.0
7360256.0
7360266.0
7360276.0
7360286.0
7360296.0
7360306.0
7360316.0
7360326.0
7360336.0
7360346.0
7360356.0
7360366.0
7360376.0
7360386.0
7360396.0
7360406.0
7360416.0
7360426.0
7360436.0
7360446.0
7360456.0
7360466.0
7360476.0
7360486.0
7360496.0
7360506.0
7360516.0
7360526.0
7360536.0
7360546.0
7360556.0
7360566.0
7360576.0
7360586.0
7360596.0
7360606.0
7360616.0
7360626.0
7360636.0
7360646.0
7360656.0
7360666.0
7360676.0
7360686.0
7360696.0
7360706.0
7360716.0
7360726.0
7360736.0
7360746.0
7360756.0
7360766.0
7627006.0
7627009.422020408
7627016.0
7627026.0
7627036.0
7627046.0
7627056.0
7627066.0
7627076.0
7627086.0
7627096.0
7627106.0
7627116.0
7627126.0
7627136.0
7627146.0
7627156.0
7627166.0
7627176.0
7627186.0
7627196.0
7627206.0
7627216.0
7627226.0
7627236.0
7627246.0
7627256.0
7627266.0
7627276.0
7627286.0
7627296.0
7627306.0
7627316.0
7627326.0
7627336.0
7627346.0
7627356.0
7627366.0
7627376.0
7627386.0
7627396.0
7627406.0
7627416.0
7627426.0
7627436.0
7627446.0
7627456.0
7627466.0
7627476.0
7627486.0
7627496.0
7627506.0
7627516.0
7627526.0
7627536.0
7627546.0
7627556.0
7627566.0
7627576.0
7627586.0
7627596.0
7627606.0
7627616.0
7627626.0
7627636.0
7627646.0
7627656.0
7627666.0
7627676.0
7627686.0
7627696.0
7627706.0
7627716.0
7627726.0
7627736.0
7627746.0
7627756.0
7627766.0
7627776.0
7627786.0
7627796.0
7627806.0
7627816.0
7627826.0
7627836.0
7627846.0
7627856.0
7627866.0
7627876.0
7627886.0
7627896.0
7627906.0
7627916.0
7627926.0
7627936.0
7627946.0
7627956.0
7627966.0
7627976.0
7627986.0
7627996.0
7628006.0
7628016.0
8033006.0
8033009.043575737
8033016.0
8033026.0
8033036.0
8033046.0
8033056.0
8033066.0
8033076.0
8033086.0
8033096.0
8033106.0
8033116.0
8033126.0
8033136.0
8033146.0
8033156.0
8033166.0
8033176.0
8033186.0
8033196.0
8033206.0
8033216.0
8033226.0
8033236.0
8033246.0
8033256.0
8033266.0
8033276.0
8033286.0
8033296.0
8033306.0
8033316.0
8033326.0
8033336.0
8033346.0
8033356.0
8033366.0
8033376.0
8033386.0
8033396.0
8033406.0
8033416.0
8033426.0
8033436.0
8033446.0
8033456.0
8033466.0
8033476.0
8033486.0
8033496.0
8033506.0
8033516.0
8033526.0
8033536.0
8033546.0
8033556.0
8033566.0
8033576.0
8033586.0
8033596.0
8033606.0
8033616.0
8033626.0
8033636.0
8033646.0
8033656.0
8033666.0
8033676.0
8033686.0
8033696.0
8033706.0
8033716.0
8033726.0
8033736.0
8033746.0
8033756.0
8033766.0
8033776.0
8033786.0
8033796.0
8033806.0
8033816.0
8033826.0
8033836.0
8033846.0
8033856.0
8033866.0
8033876.0
8033886.0
8033896.0
8033906.0
8033916.0
8033926.0
8033936.0
8033946.0
8033956.0
8033966.0
8033976.0
8033986.0
8033996.0
8034006.0
8034016.0
8034026.0
8034036.0
