0	10325	2826	2	0	0.0
0	10325	2826	2	0	1.445E7
0	10327	2826	1	2	1.4451E7
0	10330	2827	1	4	1.4452E7
0	10335	2829	1	5	1.4453E7
0	10342	2829	1	7	1.4454E7
0	10350	2828	1	9	1.4455E7
0	10360	2823	2	11	1.4456E7
0	10369	2815	2	13	1.4457E7
0	10380	2805	2	13	1.4458E7
0	10390	2796	2	13	1.4459E7
0	10400	2787	2	13	1.446E7
0	10410	2779	2	11	1.4461E7
0	10418	2772	2	8	1.4462E7
0	10423	2767	2	5	1.4463E7
0	10427	2765	2	3	1.4464E7
0	10428	2763	2	0	1.4465E7
0	10428	2763	2	0	1.4466E7
0	10428	2763	2	0	1.4467E7
0	10428	2763	2	0	1.4468E7
0	10428	2763	2	0	1.4469E7
0	10428	2763	2	0	1.447E7
0	10428	2763	2	0	1.4471E7
0	10428	2763	2	0	1.4472E7
0	10428	2763	2	0	1.4473E7
0	10428	2763	2	0	1.4474E7
0	10428	2763	2	0	1.4475E7
0	10428	2763	2	0	1.4476E7
0	10428	2763	2	0	1.4477E7
0	10428	2763	2	0	1.4478E7
0	10428	2763	2	0	1.4479E7
0	10428	2763	2	0	1.448E7
0	10428	2763	2	0	1.4481E7
0	10428	2763	2	0	1.4482E7
0	10428	2763	2	0	1.4483E7
0	10428	2763	2	0	1.4484E7
0	10428	2763	2	0	1.4485E7
0	10430	2762	2	3	1.4486E7
0	10433	2759	2	4	1.4487E7
0	10437	2755	2	6	1.4488E7
0	10444	2750	2	9	1.4489E7
0	10451	2743	2	11	1.449E7
0	10461	2736	2	13	1.4491E7
0	10472	2727	2	13	1.4492E7
0	10483	2720	2	13	1.4493E7
0	10494	2712	2	13	1.4494E7
0	10506	2705	2	13	1.4495E7
0	10516	2696	2	13	1.4496E7
0	10525	2687	2	12	1.4497E7
0	10531	2678	2	8	1.4498E7
0	10535	2672	2	6	1.4499E7
0	10536	2667	2	3	1.45E7
0	10536	2662	3	5	1.4501E7
0	10534	2656	3	7	1.4502E7
0	10527	2653	4	9	1.4503E7
0	10516	2653	5	11	1.4504E7
0	10503	2653	5	13	1.4505E7
0	10490	2652	5	13	1.4506E7
0	10476	2652	5	13	1.4507E7
0	10462	2651	5	13	1.4508E7
0	10449	2651	5	13	1.4509E7
0	10435	2650	5	13	1.451E7
0	10421	2649	5	13	1.4511E7
0	10408	2648	5	13	1.4512E7
0	10395	2643	5	13	1.4513E7
0	10381	2642	5	13	1.4514E7
0	10368	2641	5	13	1.4515E7
0	10354	2640	5	13	1.4516E7
0	10340	2639	5	13	1.4517E7
0	10327	2638	5	13	1.4518E7
0	10313	2637	5	13	1.4519E7
0	10300	2635	5	13	1.452E7
0	10287	2631	5	13	1.4521E7
0	10275	2625	4	13	1.4522E7
0	10263	2618	4	13	1.4523E7
0	10252	2612	4	13	1.4524E7
0	10241	2604	4	13	1.4525E7
0	10231	2595	4	13	1.4526E7
0	10240	2587	2	10	1.4527E7
0	10247	2581	2	7	1.4528E7
0	10252	2577	2	4	1.4529E7
0	10254	2574	2	4	1.453E7
0	10255	2569	2	6	1.4531E7
0	10250	2563	4	8	1.4532E7
0	10244	2556	4	10	1.4533E7
0	10237	2547	4	12	1.4534E7
0	10228	2538	4	13	1.4535E7
0	10220	2527	4	13	1.4536E7
0	10226	2518	2	13	1.4537E7
0	10237	2509	2	13	1.4538E7
0	10247	2500	2	13	1.4539E7
0	10257	2491	2	13	1.454E7
0	10267	2482	2	13	1.4541E7
0	10278	2477	1	13	1.4542E7
0	10288	2487	8	13	1.4543E7
0	10296	2497	8	11	1.4544E7
0	10303	2504	8	8	1.4545E7
0	10307	2508	8	5	1.4546E7
0	10310	2511	8	3	1.4547E7
0	10313	2515	8	6	1.4548E7
0	10310	2521	7	8	1.4549E7
0	10303	2527	6	9	1.455E7
0	10295	2534	6	11	1.4551E7
0	10285	2543	6	13	1.4552E7
0	10275	2552	6	13	1.4553E7
0	10265	2561	6	13	1.4554E7
0	10254	2570	6	13	1.4555E7
0	10246	2578	6	10	1.4556E7
0	10239	2583	6	7	1.4557E7
0	10235	2587	6	4	1.4558E7
0	10232	2590	6	4	1.4559E7
0	10228	2594	6	7	1.456E7
0	10227	2601	7	9	1.4561E7
0	10235	2608	8	11	1.4562E7
0	10245	2615	8	12	1.4563E7
0	10256	2622	8	13	1.4564E7
0	10268	2628	8	13	1.4565E7
0	10280	2635	8	13	1.4566E7
0	10292	2640	1	13	1.4567E7
0	10305	2643	1	13	1.4568E7
0	10319	2644	1	13	1.4569E7
0	10332	2645	1	13	1.457E7
0	10346	2646	1	13	1.4571E7
0	10359	2650	1	13	1.4572E7
0	10373	2652	1	13	1.4573E7
0	10386	2653	1	13	1.4574E7
0	10400	2654	1	13	1.4575E7
0	10413	2655	1	13	1.4576E7
0	10427	2656	1	13	1.4577E7
0	10441	2657	1	13	1.4578E7
0	10454	2657	1	13	1.4579E7
0	10468	2658	1	13	1.458E7
0	10482	2659	1	13	1.4581E7
0	10495	2659	1	13	1.4582E7
0	10509	2660	1	13	1.4583E7
0	10523	2659	1	13	1.4584E7
0	10532	2664	8	13	1.4585E7
0	10528	2677	6	13	1.4586E7
0	10520	2688	6	13	1.4587E7
0	10510	2697	6	13	1.4588E7
0	10499	2705	6	13	1.4589E7
0	10488	2713	6	13	1.459E7
0	10476	2720	6	13	1.4591E7
0	10465	2728	6	13	1.4592E7
0	10455	2737	6	13	1.4593E7
0	10444	2745	6	13	1.4594E7
0	10434	2754	6	12	1.4595E7
0	10425	2761	6	9	1.4596E7
0	10419	2766	6	6	1.4597E7
0	10415	2770	6	4	1.4598E7
0	10413	2772	6	1	1.4599E7
0	10413	2772	6	0	1.46E7
0	10413	2772	6	0	1.4601E7
0	10413	2772	6	0	1.4602E7
0	10413	2772	6	0	1.4603E7
0	10413	2772	6	0	1.4604E7
0	10413	2772	6	0	1.4605E7
0	10413	2772	6	0	1.4606E7
0	10413	2772	6	0	1.4607E7
0	10413	2772	6	0	1.4608E7
0	10413	2772	6	0	1.4609E7
0	10413	2772	6	0	1.461E7
0	10413	2772	6	0	1.4611E7
0	10413	2772	6	0	1.4612E7
0	10413	2772	6	0	1.4613E7
0	10413	2772	6	0	1.4614E7
0	10413	2772	6	0	1.4615E7
0	10413	2772	6	0	1.4616E7
0	10413	2772	6	0	1.4617E7
0	10413	2772	6	0	1.4618E7
0	10413	2772	6	0	1.4619E7
0	10412	2773	6	2	1.462E7
0	10409	2775	6	4	1.4621E7
0	10405	2779	6	6	1.4622E7
0	10399	2784	6	8	1.4623E7
0	10392	2790	6	10	1.4624E7
0	10384	2797	6	12	1.4625E7
0	10374	2806	6	13	1.4626E7
0	10364	2815	6	13	1.4627E7
0	10354	2824	6	12	1.4628E7
0	10343	2826	5	9	1.4629E7
0	10336	2826	5	6	1.463E7
0	10331	2825	5	3	1.4631E7
0	10327	2823	5	5	1.4632E7
0	10321	2823	5	7	1.4633E7
0	10314	2827	6	9	1.4634E7
0	10305	2834	6	11	1.4635E7
0	10294	2835	5	13	1.4636E7
0	10281	2832	5	13	1.4637E7
0	10271	2823	4	13	1.4638E7
0	10266	2811	3	13	1.4639E7
0	10266	2798	3	13	1.464E7
0	10274	2786	2	13	1.4641E7
0	10285	2780	2	13	1.4642E7
0	10298	2777	1	13	1.4643E7
0	10311	2782	1	13	1.4644E7
0	10319	2792	8	13	1.4645E7
0	10324	2802	8	10	1.4646E7
0	10323	2811	7	7	1.4647E7
0	10321	2816	7	4	1.4648E7
0	10321	2820	7	4	1.4649E7
0	10324	2825	7	6	1.465E7
0	10331	2828	8	8	1.4651E7
0	10341	2829	1	10	1.4652E7
0	10352	2827	1	12	1.4653E7
0	10363	2820	2	13	1.4654E7
0	10373	2811	2	13	1.4655E7
0	10383	2802	2	13	1.4656E7
0	10394	2793	2	13	1.4657E7
0	10404	2784	2	13	1.4658E7
0	10414	2775	2	13	1.4659E7
0	10424	2766	2	13	1.466E7
0	10435	2757	2	13	1.4661E7
0	10445	2748	2	13	1.4662E7
0	10456	2740	2	13	1.4663E7
0	10466	2731	2	13	1.4664E7
0	10477	2723	2	13	1.4665E7
0	10489	2716	2	13	1.4666E7
0	10500	2708	2	13	1.4667E7
0	10511	2701	2	13	1.4668E7
0	10521	2691	2	13	1.4669E7
0	10528	2682	2	10	1.467E7
0	10533	2674	2	7	1.4671E7
0	10536	2669	2	4	1.4672E7
0	10536	2665	3	4	1.4673E7
0	10537	2660	3	6	1.4674E7
0	10544	2659	2	8	1.4675E7
0	10554	2655	1	11	1.4676E7
0	10566	2655	1	13	1.4677E7
0	10580	2654	1	13	1.4678E7
0	10593	2652	1	13	1.4679E7
0	10607	2649	1	13	1.468E7
0	10620	2646	1	13	1.4681E7
0	10633	2644	1	13	1.4682E7
0	10646	2640	1	13	1.4683E7
0	10659	2635	1	13	1.4684E7
0	10671	2630	2	13	1.4685E7
0	10683	2623	2	13	1.4686E7
0	10694	2616	2	13	1.4687E7
0	10705	2608	2	13	1.4688E7
0	10715	2599	2	13	1.4689E7
0	10725	2589	2	13	1.469E7
0	10733	2579	2	13	1.4691E7
0	10740	2567	2	13	1.4692E7
0	10747	2555	2	13	1.4693E7
0	10754	2544	2	13	1.4694E7
0	10759	2531	3	13	1.4695E7
0	10763	2518	3	13	1.4696E7
0	10768	2505	3	13	1.4697E7
0	10772	2492	3	13	1.4698E7
0	10774	2479	3	13	1.4699E7
0	10776	2466	3	13	1.47E7
0	10779	2452	3	13	1.4701E7
0	10780	2439	3	13	1.4702E7
0	10780	2425	3	13	1.4703E7
0	10781	2412	3	13	1.4704E7
0	10782	2398	3	13	1.4705E7
0	10783	2384	3	13	1.4706E7
0	10784	2371	3	13	1.4707E7
0	10785	2357	3	13	1.4708E7
0	10786	2344	3	13	1.4709E7
0	10788	2330	3	13	1.471E7
0	10789	2317	3	13	1.4711E7
0	10791	2303	3	13	1.4712E7
0	10792	2289	3	13	1.4713E7
0	10793	2276	3	13	1.4714E7
0	10794	2262	3	13	1.4715E7
0	10795	2249	3	13	1.4716E7
0	10796	2235	3	13	1.4717E7
0	10797	2222	3	13	1.4718E7
0	10798	2208	3	13	1.4719E7
0	10799	2194	3	13	1.472E7
0	10800	2181	3	13	1.4721E7
0	10801	2167	3	13	1.4722E7
0	10802	2154	3	13	1.4723E7
0	10803	2140	3	13	1.4724E7
0	10804	2126	3	13	1.4725E7
0	10805	2113	3	13	1.4726E7
0	10806	2099	3	13	1.4727E7
0	10807	2086	3	13	1.4728E7
0	10807	2072	3	13	1.4729E7
0	10807	2059	3	13	1.473E7
0	10804	2046	3	13	1.4731E7
0	10799	2033	3	13	1.4732E7
0	10791	2022	4	13	1.4733E7
0	10783	2012	4	13	1.4734E7
0	10775	2001	4	12	1.4735E7
0	10768	1992	4	9	1.4736E7
0	10763	1986	4	6	1.4737E7
0	10760	1982	4	4	1.4738E7
0	10758	1979	4	4	1.4739E7
0	10755	1972	4	7	1.474E7
0	10761	1965	2	9	1.4741E7
0	10768	1957	2	11	1.4742E7
0	10771	1945	3	13	1.4743E7
0	10771	1932	3	11	1.4744E7
0	10768	1923	3	8	1.4745E7
0	10763	1918	4	5	1.4746E7
0	10762	1912	4	3	1.4747E7
0	10759	1909	4	5	1.4748E7
0	10752	1904	4	7	1.4749E7
0	10742	1903	5	9	1.475E7
0	10731	1902	5	11	1.4751E7
0	10718	1905	5	13	1.4752E7
0	10706	1904	5	13	1.4753E7
0	10697	1895	4	13	1.4754E7
0	10688	1884	4	13	1.4755E7
0	10679	1874	4	13	1.4756E7
0	10671	1863	4	13	1.4757E7
0	10662	1853	4	13	1.4758E7
0	10653	1842	4	13	1.4759E7
0	10644	1832	4	13	1.476E7
0	10635	1822	4	13	1.4761E7
0	10625	1812	4	13	1.4762E7
0	10615	1803	4	13	1.4763E7
0	10605	1794	4	13	1.4764E7
0	10594	1786	4	13	1.4765E7
0	10582	1780	4	13	1.4766E7
0	10569	1774	4	13	1.4767E7
0	10557	1768	4	13	1.4768E7
0	10544	1763	4	13	1.4769E7
0	10532	1757	4	13	1.477E7
0	10520	1751	4	13	1.4771E7
0	10507	1746	4	13	1.4772E7
0	10495	1740	4	13	1.4773E7
0	10482	1735	5	13	1.4774E7
0	10469	1730	5	13	1.4775E7
0	10456	1725	5	13	1.4776E7
0	10443	1720	5	13	1.4777E7
0	10430	1716	5	13	1.4778E7
0	10417	1714	5	13	1.4779E7
0	10403	1714	5	13	1.478E7
0	10390	1715	5	13	1.4781E7
0	10377	1720	6	13	1.4782E7
0	10366	1728	6	13	1.4783E7
0	10355	1737	6	13	1.4784E7
0	10345	1746	6	13	1.4785E7
0	10334	1755	6	13	1.4786E7
0	10324	1764	6	13	1.4787E7
0	10313	1772	6	13	1.4788E7
0	10304	1762	4	13	1.4789E7
0	10295	1752	4	13	1.479E7
0	10285	1742	4	13	1.4791E7
0	10275	1733	4	13	1.4792E7
0	10264	1724	4	13	1.4793E7
0	10254	1717	4	12	1.4794E7
0	10245	1711	4	9	1.4795E7
0	10238	1708	4	6	1.4796E7
0	10233	1706	4	3	1.4797E7
0	10231	1705	4	0	1.4798E7
0	10231	1705	4	0	1.4799E7
0	10231	1705	4	0	1.48E7
0	10231	1705	4	0	1.4801E7
0	10231	1705	4	0	1.4802E7
0	10231	1705	4	0	1.4803E7
0	10231	1705	4	0	1.4804E7
0	10231	1705	4	0	1.4805E7
0	10231	1705	4	0	1.4806E7
0	10231	1705	4	0	1.4807E7
0	10231	1705	4	0	1.4808E7
0	10231	1705	4	0	1.4809E7
0	10231	1705	4	0	1.481E7
0	10231	1705	4	0	1.4811E7
0	10231	1705	4	0	1.4812E7
0	10231	1705	4	0	1.4813E7
0	10231	1705	4	0	1.4814E7
0	10231	1705	4	0	1.4815E7
0	10231	1705	4	0	1.4816E7
0	10231	1705	4	0	1.4817E7
0	10231	1705	4	0	1.4818E7
0	10229	1704	4	2	1.4819E7
0	10225	1703	4	5	1.482E7
0	10220	1701	5	6	1.4821E7
0	10212	1698	5	8	1.4822E7
0	10202	1696	5	10	1.4823E7
0	10191	1693	5	12	1.4824E7
0	10177	1691	5	13	1.4825E7
0	10164	1688	5	13	1.4826E7
0	10150	1686	5	13	1.4827E7
0	10137	1685	5	13	1.4828E7
0	10123	1684	5	13	1.4829E7
0	10110	1683	5	13	1.483E7
0	10096	1683	5	13	1.4831E7
0	10082	1683	5	13	1.4832E7
0	10069	1683	5	13	1.4833E7
0	10055	1683	5	13	1.4834E7
0	10041	1684	5	13	1.4835E7
0	10028	1685	5	13	1.4836E7
0	10014	1686	5	13	1.4837E7
0	10000	1688	5	13	1.4838E7
0	9987	1690	5	13	1.4839E7
0	9973	1692	5	13	1.484E7
0	9960	1694	5	13	1.4841E7
0	9946	1697	5	13	1.4842E7
0	9934	1699	5	11	1.4843E7
0	9925	1701	5	8	1.4844E7
0	9919	1703	5	5	1.4845E7
0	9915	1703	5	3	1.4846E7
0	9913	1704	5	0	1.4847E7
0	9913	1704	5	0	1.4848E7
0	9913	1704	5	0	1.4849E7
0	9913	1704	5	0	1.485E7
0	9913	1704	5	0	1.4851E7
0	9913	1704	5	0	1.4852E7
0	9913	1704	5	0	1.4853E7
0	9913	1704	5	0	1.4854E7
0	9913	1704	5	0	1.4855E7
0	9913	1704	5	0	1.4856E7
0	9913	1704	5	0	1.4857E7
0	9913	1704	5	0	1.4858E7
0	9913	1704	5	0	1.4859E7
0	9913	1704	5	0	1.486E7
0	9913	1704	5	0	1.4861E7
0	9913	1704	5	0	1.4862E7
0	9913	1704	5	0	1.4863E7
0	9913	1704	5	0	1.4864E7
0	9913	1704	5	0	1.4865E7
0	9913	1704	5	0	1.4866E7
0	9913	1704	5	1	1.4867E7
0	9910	1704	5	3	1.4868E7
0	9905	1706	5	5	1.4869E7
0	9899	1707	5	7	1.487E7
0	9890	1710	5	9	1.4871E7
0	9880	1713	5	11	1.4872E7
0	9868	1717	5	13	1.4873E7
0	9855	1722	5	13	1.4874E7
0	9842	1726	5	13	1.4875E7
0	9829	1731	5	13	1.4876E7
0	9816	1736	5	13	1.4877E7
0	9804	1741	5	13	1.4878E7
0	9791	1746	5	13	1.4879E7
0	9779	1752	5	13	1.488E7
0	9766	1757	5	13	1.4881E7
0	9753	1762	5	13	1.4882E7
0	9741	1767	6	13	1.4883E7
0	9729	1774	6	13	1.4884E7
0	9717	1780	6	13	1.4885E7
0	9705	1787	6	13	1.4886E7
0	9693	1793	6	13	1.4887E7
0	9681	1800	6	13	1.4888E7
0	9669	1807	6	13	1.4889E7
0	9657	1814	6	13	1.489E7
0	9646	1822	6	13	1.4891E7
0	9636	1831	6	13	1.4892E7
0	9625	1840	6	13	1.4893E7
0	9614	1848	6	13	1.4894E7
0	9604	1857	6	13	1.4895E7
0	9593	1866	6	13	1.4896E7
0	9583	1875	6	13	1.4897E7
0	9573	1884	6	13	1.4898E7
0	9563	1893	6	13	1.4899E7
0	9553	1903	6	13	1.49E7
0	9543	1912	6	13	1.4901E7
0	9534	1922	6	13	1.4902E7
0	9525	1933	6	13	1.4903E7
0	9516	1943	6	13	1.4904E7
0	9507	1954	6	13	1.4905E7
0	9499	1965	6	13	1.4906E7
0	9491	1976	6	13	1.4907E7
0	9484	1988	6	13	1.4908E7
0	9477	1999	6	13	1.4909E7
0	9470	2011	6	13	1.491E7
0	9464	2024	6	13	1.4911E7
0	9458	2036	6	13	1.4912E7
0	9455	2049	7	13	1.4913E7
0	9452	2062	7	13	1.4914E7
0	9450	2076	7	13	1.4915E7
0	9449	2090	7	13	1.4916E7
0	9449	2103	7	13	1.4917E7
0	9451	2117	7	13	1.4918E7
0	9454	2130	7	13	1.4919E7
0	9458	2143	7	13	1.492E7
0	9463	2156	7	13	1.4921E7
0	9469	2168	8	13	1.4922E7
0	9476	2180	8	13	1.4923E7
0	9483	2192	8	13	1.4924E7
0	9491	2203	8	13	1.4925E7
0	9500	2213	8	13	1.4926E7
0	9509	2223	8	13	1.4927E7
0	9519	2233	8	13	1.4928E7
0	9528	2242	8	10	1.4929E7
0	9534	2248	8	7	1.493E7
0	9538	2253	8	4	1.4931E7
0	9541	2255	8	2	1.4932E7
0	9542	2257	8	1	1.4933E7
0	9543	2258	8	0	1.4934E7
0	9543	2258	8	0	1.4935E7
0	9543	2258	8	0	1.4936E7
0	9543	2258	8	0	1.4937E7
0	9543	2258	8	0	1.4938E7
0	9543	2258	8	0	1.4939E7
0	9543	2258	8	0	1.494E7
0	9543	2258	8	0	1.4941E7
0	9543	2258	8	0	1.4942E7
0	9543	2258	8	0	1.4943E7
0	9543	2258	8	0	1.4944E7
0	9543	2258	8	0	1.4945E7
0	9543	2258	8	0	1.4946E7
0	9543	2258	8	0	1.4947E7
0	9543	2258	8	0	1.4948E7
0	9543	2258	8	0	1.4949E7
0	9543	2258	8	0	1.495E7
0	9543	2258	8	0	1.4951E7
0	9543	2258	8	0	1.4952E7
0	9543	2258	8	0	1.4953E7
0	9543	2258	8	0	1.4954E7
0	9543	2258	8	0	1.4955E7
0	9543	2258	8	0	1.4956E7
0	9543	2258	8	0	1.4957E7
0	9543	2258	8	0	1.4958E7
0	9543	2258	8	0	1.4959E7
0	9543	2258	8	0	1.496E7
0	9543	2258	8	0	1.4961E7
0	9543	2258	8	0	1.4962E7
0	9543	2258	8	0	1.4963E7
0	9543	2258	8	0	1.4964E7
0	9543	2258	8	0	1.4965E7
0	9543	2258	8	0	1.4966E7
0	9543	2258	8	0	1.4967E7
0	9543	2258	8	0	1.4968E7
0	9543	2258	8	0	1.4969E7
0	9543	2258	8	0	1.497E7
0	9543	2258	8	0	1.4971E7
0	9543	2258	8	0	1.4972E7
0	9543	2258	8	0	1.4973E7
0	9543	2258	8	0	1.4974E7
0	9543	2258	8	0	1.4975E7
0	9543	2258	8	0	1.4976E7
0	9543	2258	8	0	1.4977E7
0	9543	2258	8	0	1.4978E7
0	9543	2258	8	0	1.4979E7
0	9543	2258	8	0	1.498E7
0	9543	2258	8	0	1.4981E7
0	9543	2258	8	0	1.4982E7
0	9543	2258	8	0	1.4983E7
0	9543	2258	8	0	1.4984E7
0	9543	2258	8	0	1.4985E7
0	9543	2258	8	0	1.4986E7
0	9544	2259	8	2	1.4987E7
0	9545	2262	8	4	1.4988E7
0	9541	2266	7	6	1.4989E7
0	9536	2272	6	8	1.499E7
0	9530	2279	6	10	1.4991E7
0	9523	2287	6	9	1.4992E7
0	9518	2293	6	6	1.4993E7
0	9515	2297	6	4	1.4994E7
0	9513	2299	6	1	1.4995E7
0	9513	2299	6	0	1.4996E7
0	9513	2299	6	0	1.4997E7
0	9513	2299	6	0	1.4998E7
0	9513	2299	6	0	1.4999E7
0	9513	2299	6	0	1.5E7
0	9513	2299	6	0	1.5001E7
0	9513	2299	6	0	1.5002E7
0	9513	2299	6	0	1.5003E7
0	9513	2299	6	0	1.5004E7
0	9513	2299	6	0	1.5005E7
0	9513	2299	6	0	1.5006E7
0	9513	2299	6	0	1.5007E7
0	9513	2299	6	0	1.5008E7
0	9513	2299	6	0	1.5009E7
0	9513	2299	6	0	1.501E7
0	9513	2299	6	0	1.5011E7
0	9513	2299	6	0	1.5012E7
0	9513	2299	6	0	1.5013E7
0	9513	2299	6	0	1.5014E7
0	9513	2299	6	0	1.5015E7
0	9512	2301	6	2	1.5016E7
0	9509	2304	6	4	1.5017E7
0	9506	2308	6	6	1.5018E7
0	9501	2315	6	8	1.5019E7
0	9496	2322	6	10	1.502E7
0	9489	2332	6	12	1.5021E7
0	9481	2343	6	13	1.5022E7
0	9473	2354	6	13	1.5023E7
0	9464	2365	6	13	1.5024E7
0	9456	2375	6	13	1.5025E7
0	9448	2386	6	13	1.5026E7
0	9440	2397	6	13	1.5027E7
0	9432	2408	6	13	1.5028E7
0	9424	2419	6	13	1.5029E7
0	9415	2430	6	13	1.503E7
0	9407	2441	6	13	1.5031E7
0	9399	2452	6	13	1.5032E7
0	9390	2462	6	13	1.5033E7
0	9381	2472	6	13	1.5034E7
0	9371	2482	6	13	1.5035E7
0	9362	2491	6	13	1.5036E7
0	9351	2499	6	13	1.5037E7
0	9340	2508	6	13	1.5038E7
0	9330	2515	6	10	1.5039E7
0	9323	2520	6	7	1.504E7
0	9318	2524	6	5	1.5041E7
0	9312	2528	6	7	1.5042E7
0	9306	2533	6	9	1.5043E7
0	9297	2539	6	11	1.5044E7
0	9287	2545	6	13	1.5045E7
0	9275	2552	6	13	1.5046E7
0	9264	2559	6	13	1.5047E7
0	9253	2566	6	10	1.5048E7
0	9246	2570	6	7	1.5049E7
0	9240	2573	6	4	1.505E7
0	9237	2575	6	2	1.5051E7
0	9236	2575	6	0	1.5052E7
0	9236	2575	6	0	1.5053E7
0	9236	2575	6	0	1.5054E7
0	9236	2575	6	0	1.5055E7
0	9236	2575	6	0	1.5056E7
0	9236	2575	6	0	1.5057E7
0	9236	2575	6	0	1.5058E7
0	9236	2575	6	0	1.5059E7
0	9236	2575	6	0	1.506E7
0	9236	2575	6	0	1.5061E7
0	9236	2575	6	0	1.5062E7
0	9236	2575	6	0	1.5063E7
0	9236	2575	6	0	1.5064E7
0	9236	2575	6	0	1.5065E7
0	9236	2575	6	0	1.5066E7
0	9236	2575	6	0	1.5067E7
0	9236	2575	6	0	1.5068E7
0	9236	2575	6	0	1.5069E7
0	9236	2575	6	0	1.507E7
0	9236	2575	6	0	1.5071E7
0	9236	2576	6	1	1.5072E7
0	9233	2577	6	3	1.5073E7
0	9229	2580	6	5	1.5074E7
0	9223	2583	6	7	1.5075E7
0	9217	2590	6	9	1.5076E7
0	9208	2595	6	11	1.5077E7
0	9197	2602	6	13	1.5078E7
0	9185	2608	6	13	1.5079E7
0	9173	2615	6	13	1.508E7
0	9161	2622	6	13	1.5081E7
0	9149	2628	6	13	1.5082E7
0	9137	2635	6	13	1.5083E7
0	9126	2642	6	13	1.5084E7
0	9114	2649	6	13	1.5085E7
0	9102	2655	6	13	1.5086E7
0	9090	2662	6	13	1.5087E7
0	9078	2669	6	12	1.5088E7
0	9069	2674	6	9	1.5089E7
0	9062	2678	6	6	1.509E7
0	9058	2681	6	3	1.5091E7
0	9056	2683	6	2	1.5092E7
0	9055	2683	6	0	1.5093E7
0	9054	2684	6	0	1.5094E7
0	9054	2684	6	0	1.5095E7
0	9054	2684	6	0	1.5096E7
0	9054	2684	6	0	1.5097E7
0	9054	2684	6	0	1.5098E7
0	9054	2684	6	0	1.5099E7
0	9054	2684	6	0	1.51E7
0	9052	2685	6	2	1.5101E7
0	9050	2687	6	4	1.5102E7
0	9045	2689	6	6	1.5103E7
0	9039	2693	6	7	1.5104E7
0	9029	2695	5	10	1.5105E7
0	9020	2700	6	11	1.5106E7
0	9008	2707	6	13	1.5107E7
0	8997	2714	6	13	1.5108E7
0	8985	2721	6	13	1.5109E7
0	8973	2727	6	13	1.511E7
0	8961	2734	6	13	1.5111E7
0	8949	2741	6	13	1.5112E7
0	8938	2748	6	12	1.5113E7
0	8929	2753	6	9	1.5114E7
0	8922	2757	6	6	1.5115E7
0	8918	2759	6	3	1.5116E7
0	8916	2761	6	0	1.5117E7
0	8916	2761	6	0	1.5118E7
0	8916	2761	6	0	1.5119E7
0	8916	2761	6	0	1.512E7
0	8916	2761	6	0	1.5121E7
0	8916	2761	6	0	1.5122E7
0	8916	2761	6	0	1.5123E7
0	8916	2761	6	0	1.5124E7
0	8916	2761	6	0	1.5125E7
0	8916	2761	6	0	1.5126E7
0	8916	2761	6	0	1.5127E7
0	8916	2761	6	0	1.5128E7
0	8916	2761	6	0	1.5129E7
0	8916	2761	6	0	1.513E7
0	8916	2761	6	0	1.5131E7
0	8916	2761	6	0	1.5132E7
0	8916	2761	6	0	1.5133E7
0	8916	2761	6	0	1.5134E7
0	8916	2761	6	0	1.5135E7
0	8916	2761	6	0	1.5136E7
0	8915	2761	6	0	1.5137E7
0	8914	2762	6	2	1.5138E7
0	8911	2763	6	4	1.5139E7
0	8906	2766	6	6	1.514E7
0	8899	2770	6	8	1.5141E7
0	8891	2775	6	10	1.5142E7
0	8881	2781	6	12	1.5143E7
0	8869	2788	6	13	1.5144E7
0	8857	2794	6	13	1.5145E7
0	8846	2802	6	13	1.5146E7
0	8834	2809	6	13	1.5147E7
0	8823	2816	6	13	1.5148E7
0	8811	2823	6	13	1.5149E7
0	8799	2830	6	13	1.515E7
0	8788	2837	6	13	1.5151E7
0	8776	2844	6	13	1.5152E7
0	8764	2851	6	13	1.5153E7
0	8753	2858	6	13	1.5154E7
0	8741	2865	6	13	1.5155E7
0	8729	2872	6	13	1.5156E7
0	8718	2879	6	13	1.5157E7
0	8706	2887	6	13	1.5158E7
0	8694	2894	6	13	1.5159E7
0	8683	2901	6	13	1.516E7
0	8671	2908	6	13	1.5161E7
0	8659	2914	6	13	1.5162E7
0	8647	2921	6	13	1.5163E7
0	8635	2928	6	13	1.5164E7
0	8624	2935	6	13	1.5165E7
0	8612	2941	6	13	1.5166E7
0	8600	2948	6	13	1.5167E7
0	8588	2955	6	13	1.5168E7
0	8577	2962	6	13	1.5169E7
0	8565	2970	6	13	1.517E7
0	8553	2977	6	13	1.5171E7
0	8542	2984	6	13	1.5172E7
0	8530	2991	6	13	1.5173E7
0	8519	2998	6	13	1.5174E7
0	8507	3005	6	13	1.5175E7
0	8497	3012	6	10	1.5176E7
0	8490	3017	6	7	1.5177E7
0	8486	3020	6	4	1.5178E7
0	8483	3022	6	2	1.5179E7
0	8482	3022	6	0	1.518E7
0	8482	3022	6	0	1.5181E7
0	8482	3022	6	0	1.5182E7
0	8482	3022	6	0	1.5183E7
0	8482	3022	6	0	1.5184E7
0	8482	3022	6	0	1.5185E7
0	8482	3022	6	0	1.5186E7
0	8482	3022	6	0	1.5187E7
0	8482	3022	6	0	1.5188E7
0	8482	3022	6	0	1.5189E7
0	8482	3022	6	0	1.519E7
0	8482	3022	6	0	1.5191E7
0	8482	3022	6	0	1.5192E7
0	8482	3022	6	0	1.5193E7
0	8482	3022	6	0	1.5194E7
0	8482	3022	6	0	1.5195E7
0	8482	3022	6	0	1.5196E7
0	8482	3022	6	0	1.5197E7
0	8482	3022	6	0	1.5198E7
0	8482	3022	6	0	1.5199E7
0	8481	3022	6	2	1.52E7
0	8478	3024	6	4	1.5201E7
0	8474	3027	6	6	1.5202E7
0	8468	3031	6	8	1.5203E7
0	8460	3036	6	10	1.5204E7
0	8450	3042	6	12	1.5205E7
0	8441	3047	6	9	1.5206E7
0	8434	3052	6	6	1.5207E7
0	8429	3054	6	4	1.5208E7
0	8426	3056	6	2	1.5209E7
0	8425	3057	6	1	1.521E7
0	8424	3057	6	0	1.5211E7
0	8423	3058	6	2	1.5212E7
0	8419	3060	6	4	1.5213E7
0	8414	3063	6	6	1.5214E7
0	8408	3067	6	8	1.5215E7
0	8400	3072	6	10	1.5216E7
0	8390	3078	6	12	1.5217E7
0	8379	3085	6	13	1.5218E7
0	8367	3093	6	13	1.5219E7
0	8355	3100	6	13	1.522E7
0	8344	3107	6	13	1.5221E7
0	8332	3114	6	13	1.5222E7
0	8321	3121	6	13	1.5223E7
0	8309	3128	6	13	1.5224E7
0	8297	3136	6	13	1.5225E7
0	8286	3143	6	13	1.5226E7
0	8274	3150	6	13	1.5227E7
0	8263	3158	6	13	1.5228E7
0	8251	3165	6	13	1.5229E7
0	8240	3172	6	13	1.523E7
0	8229	3180	6	13	1.5231E7
0	8217	3188	6	13	1.5232E7
0	8206	3195	6	13	1.5233E7
0	8195	3203	6	13	1.5234E7
0	8184	3212	6	13	1.5235E7
0	8174	3220	6	13	1.5236E7
0	8163	3229	6	13	1.5237E7
0	8153	3238	6	13	1.5238E7
0	8142	3246	6	13	1.5239E7
0	8131	3254	6	13	1.524E7
0	8120	3263	6	13	1.5241E7
0	8109	3271	6	13	1.5242E7
0	8098	3279	6	13	1.5243E7
0	8088	3288	6	13	1.5244E7
0	8078	3297	6	13	1.5245E7
0	8067	3306	6	13	1.5246E7
0	8057	3315	6	13	1.5247E7
0	8047	3324	6	13	1.5248E7
0	8037	3333	6	13	1.5249E7
0	8027	3343	6	13	1.525E7
0	8018	3353	6	13	1.5251E7
0	8010	3364	6	13	1.5252E7
0	8002	3375	6	13	1.5253E7
0	7994	3387	6	13	1.5254E7
0	7987	3398	6	13	1.5255E7
0	7981	3410	6	13	1.5256E7
0	7975	3423	6	13	1.5257E7
0	7970	3436	7	13	1.5258E7
0	7966	3448	7	11	1.5259E7
0	7963	3457	7	8	1.526E7
0	7960	3464	7	5	1.5261E7
0	7959	3468	7	3	1.5262E7
0	7958	3469	7	0	1.5263E7
0	7958	3469	7	0	1.5264E7
0	7958	3469	7	0	1.5265E7
0	7958	3469	7	0	1.5266E7
0	7958	3469	7	0	1.5267E7
0	7958	3469	7	0	1.5268E7
0	7958	3469	7	0	1.5269E7
0	7958	3469	7	0	1.527E7
0	7958	3469	7	0	1.5271E7
0	7958	3469	7	0	1.5272E7
0	7958	3469	7	0	1.5273E7
0	7958	3469	7	0	1.5274E7
0	7958	3469	7	0	1.5275E7
0	7958	3469	7	0	1.5276E7
0	7958	3469	7	0	1.5277E7
0	7958	3469	7	0	1.5278E7
0	7958	3469	7	0	1.5279E7
0	7958	3469	7	0	1.528E7
0	7958	3469	7	0	1.5281E7
0	7958	3469	7	0	1.5282E7
0	7958	3470	7	1	1.5283E7
0	7957	3472	7	3	1.5284E7
0	7956	3476	7	5	1.5285E7
0	7954	3482	7	7	1.5286E7
0	7951	3489	7	9	1.5287E7
0	7947	3499	7	10	1.5288E7
0	7943	3510	7	12	1.5289E7
0	7939	3523	7	13	1.529E7
0	7934	3536	7	13	1.5291E7
0	7929	3549	7	13	1.5292E7
0	7925	3562	7	13	1.5293E7
0	7920	3574	7	13	1.5294E7
0	7916	3587	7	13	1.5295E7
0	7911	3600	7	13	1.5296E7
0	7907	3613	7	13	1.5297E7
0	7903	3626	7	13	1.5298E7
0	7899	3640	7	13	1.5299E7
0	7898	3653	7	12	1.53E7
0	7898	3664	7	9	1.5301E7
0	7898	3672	7	6	1.5302E7
0	7898	3677	7	3	1.5303E7
0	7899	3680	7	2	1.5304E7
0	7899	3681	7	0	1.5305E7
0	7899	3682	7	0	1.5306E7
0	7899	3682	7	0	1.5307E7
0	7899	3682	7	0	1.5308E7
0	7899	3682	7	0	1.5309E7
0	7899	3682	7	0	1.531E7
0	7899	3682	7	0	1.5311E7
0	7899	3682	7	0	1.5312E7
0	7899	3682	7	0	1.5313E7
0	7899	3682	7	0	1.5314E7
0	7899	3682	7	0	1.5315E7
0	7899	3682	7	0	1.5316E7
0	7899	3682	7	0	1.5317E7
0	7899	3682	7	0	1.5318E7
0	7899	3682	7	0	1.5319E7
0	7899	3682	7	0	1.532E7
0	7899	3682	7	0	1.5321E7
0	7899	3682	7	0	1.5322E7
0	7899	3682	7	0	1.5323E7
0	7899	3682	7	0	1.5324E7
0	7899	3682	7	0	1.5325E7
0	7899	3682	7	0	1.5326E7
0	7899	3684	7	2	1.5327E7
0	7899	3688	7	4	1.5328E7
0	7896	3692	7	6	1.5329E7
0	7888	3693	6	8	1.533E7
0	7879	3696	5	10	1.5331E7
0	7867	3698	5	12	1.5332E7
0	7854	3701	5	13	1.5333E7
0	7841	3704	5	13	1.5334E7
0	7827	3708	5	13	1.5335E7
0	7814	3710	5	13	1.5336E7
0	7801	3713	5	13	1.5337E7
0	7787	3716	5	13	1.5338E7
0	7774	3719	5	13	1.5339E7
0	7761	3721	5	13	1.534E7
0	7747	3724	5	13	1.5341E7
0	7734	3727	5	13	1.5342E7
0	7721	3729	5	13	1.5343E7
0	7707	3732	5	13	1.5344E7
0	7694	3735	5	13	1.5345E7
0	7681	3737	5	13	1.5346E7
0	7667	3740	5	13	1.5347E7
0	7654	3742	5	13	1.5348E7
0	7640	3745	5	13	1.5349E7
0	7627	3747	5	13	1.535E7
0	7614	3750	5	13	1.5351E7
0	7601	3756	5	13	1.5352E7
0	7588	3758	5	13	1.5353E7
0	7574	3761	5	13	1.5354E7
0	7561	3763	5	13	1.5355E7
0	7547	3766	5	13	1.5356E7
0	7534	3768	5	13	1.5357E7
0	7521	3771	5	13	1.5358E7
0	7507	3773	5	13	1.5359E7
0	7494	3776	5	13	1.536E7
0	7480	3778	5	13	1.5361E7
0	7467	3781	5	13	1.5362E7
0	7454	3783	5	13	1.5363E7
0	7440	3786	5	13	1.5364E7
0	7427	3788	5	13	1.5365E7
0	7413	3791	5	13	1.5366E7
0	7400	3793	5	13	1.5367E7
0	7387	3796	5	13	1.5368E7
0	7373	3798	5	13	1.5369E7
0	7360	3801	5	13	1.537E7
0	7346	3803	5	13	1.5371E7
0	7333	3806	5	13	1.5372E7
0	7320	3808	5	13	1.5373E7
0	7307	3814	5	13	1.5374E7
0	7294	3816	5	13	1.5375E7
0	7280	3819	5	13	1.5376E7
0	7267	3821	5	13	1.5377E7
0	7253	3824	5	13	1.5378E7
0	7240	3826	5	13	1.5379E7
0	7227	3829	5	13	1.538E7
0	7213	3831	5	13	1.5381E7
0	7200	3833	5	13	1.5382E7
0	7186	3836	5	13	1.5383E7
0	7173	3838	5	13	1.5384E7
0	7160	3841	5	13	1.5385E7
0	7146	3843	5	13	1.5386E7
0	7133	3845	5	13	1.5387E7
0	7119	3848	5	13	1.5388E7
0	7106	3850	5	13	1.5389E7
0	7092	3853	5	13	1.539E7
0	7079	3855	5	13	1.5391E7
0	7066	3858	5	13	1.5392E7
0	7053	3861	5	13	1.5393E7
0	7039	3865	5	13	1.5394E7
0	7027	3868	5	11	1.5395E7
0	7017	3870	5	8	1.5396E7
0	7010	3872	5	5	1.5397E7
0	7006	3874	5	3	1.5398E7
0	7002	3876	6	5	1.5399E7
0	7000	3882	6	7	1.54E7
0	6996	3893	7	9	1.5401E7
0	6999	3903	7	11	1.5402E7
0	7002	3916	7	13	1.5403E7
0	7005	3929	7	13	1.5404E7
0	7009	3942	7	13	1.5405E7
0	7012	3955	7	13	1.5406E7
0	7016	3968	7	12	1.5407E7
0	7020	3979	7	9	1.5408E7
0	7022	3986	7	6	1.5409E7
0	7023	3991	7	4	1.541E7
0	7024	3994	7	1	1.5411E7
0	7024	3994	7	0	1.5412E7
0	7024	3994	7	0	1.5413E7
0	7024	3994	7	0	1.5414E7
0	7024	3994	7	0	1.5415E7
0	7024	3994	7	0	1.5416E7
0	7024	3994	7	0	1.5417E7
0	7024	3994	7	0	1.5418E7
0	7024	3994	7	0	1.5419E7
0	7024	3994	7	0	1.542E7
0	7024	3994	7	0	1.5421E7
0	7024	3994	7	0	1.5422E7
0	7024	3994	7	0	1.5423E7
0	7024	3994	7	0	1.5424E7
0	7024	3994	7	0	1.5425E7
0	7024	3994	7	0	1.5426E7
0	7024	3994	7	0	1.5427E7
0	7024	3994	7	0	1.5428E7
0	7024	3994	7	0	1.5429E7
0	7024	3994	7	0	1.543E7
0	7024	3994	7	0	1.5431E7
0	7025	3996	7	2	1.5432E7
0	7026	3999	7	4	1.5433E7
0	7027	4005	7	6	1.5434E7
0	7033	4011	7	8	1.5435E7
0	7036	4020	7	10	1.5436E7
0	7039	4031	7	12	1.5437E7
0	7043	4044	7	13	1.5438E7
0	7047	4057	7	13	1.5439E7
0	7050	4070	7	13	1.544E7
0	7054	4084	7	13	1.5441E7
0	7058	4097	7	13	1.5442E7
0	7062	4110	7	13	1.5443E7
0	7066	4123	7	13	1.5444E7
0	7070	4136	7	13	1.5445E7
0	7073	4149	7	13	1.5446E7
0	7077	4162	7	13	1.5447E7
0	7081	4175	7	13	1.5448E7
0	7085	4188	7	13	1.5449E7
0	7088	4201	7	13	1.545E7
0	7092	4214	7	13	1.5451E7
0	7098	4227	8	13	1.5452E7
0	7100	4240	7	13	1.5453E7
0	7104	4252	7	10	1.5454E7
0	7106	4260	7	7	1.5455E7
0	7108	4266	7	4	1.5456E7
0	7109	4270	7	4	1.5457E7
0	7110	4275	7	6	1.5458E7
0	7104	4278	6	8	1.5459E7
0	7094	4281	5	10	1.546E7
0	7084	4284	5	10	1.5461E7
0	7074	4286	5	8	1.5462E7
0	7067	4288	5	5	1.5463E7
0	7063	4289	5	3	1.5464E7
0	7061	4290	5	0	1.5465E7
0	7061	4290	5	0	1.5466E7
0	7061	4290	5	0	1.5467E7
0	7061	4290	5	0	1.5468E7
0	7061	4290	5	0	1.5469E7
0	7061	4290	5	0	1.547E7
0	7061	4290	5	0	1.5471E7
0	7061	4290	5	0	1.5472E7
0	7061	4290	5	0	1.5473E7
0	7061	4290	5	0	1.5474E7
0	7061	4290	5	0	1.5475E7
0	7061	4290	5	0	1.5476E7
0	7061	4290	5	0	1.5477E7
0	7061	4290	5	0	1.5478E7
0	7061	4290	5	0	1.5479E7
0	7061	4290	5	0	1.548E7
0	7061	4290	5	0	1.5481E7
0	7061	4290	5	0	1.5482E7
0	7061	4290	5	0	1.5483E7
0	7061	4290	5	0	1.5484E7
0	7061	4290	5	0	1.5485E7
0	7059	4291	5	2	1.5486E7
0	7055	4292	5	4	1.5487E7
0	7049	4293	5	7	1.5488E7
0	7041	4295	5	8	1.5489E7
0	7031	4298	5	10	1.549E7
0	7021	4303	6	12	1.5491E7
0	7014	4315	6	13	1.5492E7
0	7014	4328	7	13	1.5493E7
0	7015	4342	7	13	1.5494E7
0	7015	4356	7	12	1.5495E7
0	7016	4367	7	9	1.5496E7
0	7016	4375	7	6	1.5497E7
0	7016	4381	7	4	1.5498E7
0	7016	4384	7	2	1.5499E7
0	7016	4385	7	1	1.55E7
0	7016	4386	7	0	1.5501E7
0	7016	4386	7	0	1.5502E7
0	7016	4386	7	0	1.5503E7
0	7016	4386	7	0	1.5504E7
0	7016	4386	7	0	1.5505E7
0	7016	4386	7	0	1.5506E7
0	7016	4386	7	0	1.5507E7
0	7016	4386	7	0	1.5508E7
0	7016	4386	7	0	1.5509E7
0	7016	4386	7	0	1.551E7
0	7016	4386	7	0	1.5511E7
0	7016	4386	7	0	1.5512E7
0	7016	4386	7	0	1.5513E7
0	7016	4386	7	0	1.5514E7
0	7016	4386	7	0	1.5515E7
0	7016	4386	7	0	1.5516E7
0	7016	4386	7	0	1.5517E7
0	7016	4386	7	0	1.5518E7
0	7016	4386	7	0	1.5519E7
0	7016	4386	7	0	1.552E7
0	7016	4386	7	0	1.5521E7
0	7016	4388	7	2	1.5522E7
0	7017	4392	7	4	1.5523E7
0	7017	4397	7	6	1.5524E7
0	7017	4405	7	8	1.5525E7
0	7017	4415	7	10	1.5526E7
0	7018	4427	7	12	1.5527E7
0	7018	4440	7	13	1.5528E7
0	7019	4453	7	13	1.5529E7
0	7019	4466	7	11	1.553E7
0	7020	4476	7	8	1.5531E7
0	7021	4483	7	5	1.5532E7
0	7021	4487	7	3	1.5533E7
0	7021	4489	7	1	1.5534E7
0	7021	4490	7	0	1.5535E7
0	7021	4491	7	0	1.5536E7
0	7021	4491	7	0	1.5537E7
0	7021	4491	7	0	1.5538E7
0	7021	4491	7	0	1.5539E7
0	7021	4491	7	0	1.554E7
0	7021	4491	7	0	1.5541E7
0	7021	4493	7	2	1.5542E7
0	7022	4496	7	3	1.5543E7
0	7022	4499	7	3	1.5544E7
0	7022	4502	7	2	1.5545E7
0	7022	4504	7	1	1.5546E7
0	7022	4505	7	0	1.5547E7
0	7022	4505	7	0	1.5548E7
0	7022	4506	7	0	1.5549E7
0	7022	4506	7	0	1.555E7
0	7022	4506	7	0	1.5551E7
0	7022	4506	7	0	1.5552E7
0	7022	4506	7	0	1.5553E7
0	7022	4506	7	0	1.5554E7
0	7022	4506	7	0	1.5555E7
0	7022	4506	7	0	1.5556E7
0	7022	4506	7	0	1.5557E7
0	7022	4506	7	0	1.5558E7
0	7022	4506	7	0	1.5559E7
0	7022	4506	7	0	1.556E7
0	7022	4506	7	0	1.5561E7
0	7022	4506	7	0	1.5562E7
0	7022	4506	7	0	1.5563E7
0	7022	4506	7	0	1.5564E7
0	7022	4506	7	0	1.5565E7
0	7022	4508	7	2	1.5566E7
0	7022	4511	7	4	1.5567E7
0	7023	4515	7	3	1.5568E7
0	7023	4518	7	2	1.5569E7
0	7023	4520	7	1	1.557E7
0	7023	4520	7	0	1.5571E7
0	7023	4521	7	0	1.5572E7
0	7023	4521	7	0	1.5573E7
0	7023	4521	7	0	1.5574E7
0	7023	4521	7	0	1.5575E7
0	7023	4521	7	0	1.5576E7
0	7023	4521	7	0	1.5577E7
0	7023	4521	7	0	1.5578E7
0	7023	4521	7	0	1.5579E7
0	7023	4521	7	0	1.558E7
0	7023	4521	7	0	1.5581E7
0	7023	4521	7	0	1.5582E7
0	7023	4521	7	0	1.5583E7
0	7023	4521	7	0	1.5584E7
0	7023	4521	7	0	1.5585E7
0	7023	4521	7	0	1.5586E7
0	7023	4521	7	0	1.5587E7
0	7023	4521	7	0	1.5588E7
0	7023	4521	7	0	1.5589E7
0	7023	4523	7	2	1.559E7
0	7023	4526	7	4	1.5591E7
0	7023	4532	7	5	1.5592E7
0	7023	4535	7	2	1.5593E7
0	7023	4537	7	0	1.5594E7
0	7023	4537	7	0	1.5595E7
0	7023	4537	7	0	1.5596E7
0	7023	4537	7	0	1.5597E7
0	7023	4537	7	0	1.5598E7
0	7023	4537	7	0	1.5599E7
0	7023	4537	7	0	1.56E7
0	7023	4537	7	0	1.5601E7
0	7023	4537	7	0	1.5602E7
0	7023	4537	7	0	1.5603E7
0	7023	4537	7	0	1.5604E7
0	7023	4537	7	0	1.5605E7
0	7023	4537	7	0	1.5606E7
0	7023	4537	7	0	1.5607E7
0	7023	4537	7	0	1.5608E7
0	7023	4537	7	0	1.5609E7
0	7023	4537	7	0	1.561E7
0	7023	4537	7	0	1.5611E7
0	7023	4537	7	0	1.5612E7
0	7023	4537	7	0	1.5613E7
0	7027	4539	7	1	1.5614E7
0	7027	4541	7	3	1.5615E7
0	7027	4546	7	5	1.5616E7
0	7027	4552	7	5	1.5617E7
0	7025	4559	7	7	1.5618E7
0	7018	4564	6	9	1.5619E7
0	7010	4569	6	8	1.562E7
0	7001	4570	5	9	1.5621E7
0	6991	4572	5	10	1.5622E7
0	6980	4573	5	11	1.5623E7
0	6968	4574	5	13	1.5624E7
0	6954	4574	5	13	1.5625E7
0	6941	4573	5	12	1.5626E7
0	6930	4574	5	9	1.5627E7
0	6921	4576	5	7	1.5628E7
0	6915	4577	5	5	1.5629E7
0	6910	4577	5	3	1.563E7
0	6908	4578	5	1	1.5631E7
0	6907	4578	5	0	1.5632E7
0	6906	4578	5	0	1.5633E7
0	6906	4578	5	0	1.5634E7
0	6906	4578	5	0	1.5635E7
0	6906	4578	5	0	1.5636E7
0	6906	4578	5	0	1.5637E7
0	6906	4578	5	0	1.5638E7
0	6906	4578	5	0	1.5639E7
0	6906	4578	5	0	1.564E7
0	6906	4578	5	0	1.5641E7
0	6906	4578	5	0	1.5642E7
0	6906	4578	5	0	1.5643E7
0	6906	4578	5	0	1.5644E7
0	6906	4578	5	0	1.5645E7
0	6906	4578	5	0	1.5646E7
0	6906	4578	5	0	1.5647E7
0	6906	4578	5	0	1.5648E7
0	6906	4578	5	0	1.5649E7
0	6906	4578	5	0	1.565E7
0	6904	4578	5	2	1.5651E7
0	6901	4579	5	3	1.5652E7
0	6896	4579	5	5	1.5653E7
0	6892	4580	5	3	1.5654E7
0	6890	4580	5	0	1.5655E7
0	6890	4580	5	0	1.5656E7
0	6890	4580	5	0	1.5657E7
0	6890	4580	5	0	1.5658E7
0	6890	4580	5	0	1.5659E7
0	6890	4580	5	0	1.566E7
0	6890	4580	5	0	1.5661E7
0	6890	4580	5	0	1.5662E7
0	6890	4580	5	0	1.5663E7
0	6890	4580	5	0	1.5664E7
0	6890	4580	5	0	1.5665E7
0	6890	4580	5	0	1.5666E7
0	6890	4580	5	0	1.5667E7
0	6890	4580	5	0	1.5668E7
0	6890	4580	5	0	1.5669E7
0	6890	4580	5	0	1.567E7
0	6890	4580	5	0	1.5671E7
0	6890	4580	5	0	1.5672E7
0	6890	4580	5	0	1.5673E7
0	6890	4580	5	0	1.5674E7
0	6890	4580	5	1	1.5675E7
0	6887	4581	5	3	1.5676E7
0	6883	4581	5	5	1.5677E7
0	6876	4582	5	7	1.5678E7
0	6869	4583	5	5	1.5679E7
0	6865	4584	5	3	1.568E7
0	6862	4585	5	1	1.5681E7
0	6861	4585	5	1	1.5682E7
0	6858	4585	5	3	1.5683E7
0	6854	4586	5	5	1.5684E7
0	6848	4587	5	6	1.5685E7
0	6840	4588	5	8	1.5686E7
0	6830	4590	5	10	1.5687E7
0	6819	4592	5	12	1.5688E7
0	6806	4594	5	13	1.5689E7
0	6792	4597	5	13	1.569E7
0	6779	4599	5	13	1.5691E7
0	6765	4601	5	13	1.5692E7
0	6752	4604	5	13	1.5693E7
0	6738	4606	5	13	1.5694E7
0	6725	4609	5	13	1.5695E7
0	6712	4611	5	13	1.5696E7
0	6698	4614	5	13	1.5697E7
0	6685	4616	5	13	1.5698E7
0	6671	4618	5	13	1.5699E7
0	6658	4621	5	13	1.57E7
0	6646	4623	5	10	1.5701E7
0	6637	4625	5	8	1.5702E7
0	6630	4626	5	5	1.5703E7
0	6626	4627	5	3	1.5704E7
0	6624	4627	5	1	1.5705E7
0	6623	4627	5	0	1.5706E7
0	6623	4627	5	0	1.5707E7
0	6623	4627	5	0	1.5708E7
0	6623	4627	5	0	1.5709E7
0	6623	4627	5	0	1.571E7
0	6623	4627	5	0	1.5711E7
0	6623	4627	5	0	1.5712E7
0	6623	4627	5	0	1.5713E7
0	6623	4627	5	0	1.5714E7
0	6623	4627	5	0	1.5715E7
0	6623	4627	5	0	1.5716E7
0	6623	4627	5	0	1.5717E7
0	6623	4627	5	0	1.5718E7
0	6623	4627	5	0	1.5719E7
0	6623	4627	5	0	1.572E7
0	6623	4627	5	0	1.5721E7
0	6623	4627	5	0	1.5722E7
0	6622	4627	5	1	1.5723E7
0	6620	4628	5	2	1.5724E7
0	6616	4628	5	4	1.5725E7
0	6611	4629	5	4	1.5726E7
0	6608	4630	5	2	1.5727E7
0	6607	4630	5	0	1.5728E7
0	6607	4630	5	0	1.5729E7
0	6607	4630	5	0	1.573E7
0	6607	4630	5	0	1.5731E7
0	6607	4630	5	0	1.5732E7
0	6607	4630	5	0	1.5733E7
0	6607	4630	5	0	1.5734E7
0	6607	4630	5	0	1.5735E7
0	6607	4630	5	0	1.5736E7
0	6607	4630	5	0	1.5737E7
0	6607	4630	5	0	1.5738E7
0	6607	4630	5	0	1.5739E7
0	6607	4630	5	0	1.574E7
0	6607	4630	5	0	1.5741E7
0	6607	4630	5	0	1.5742E7
0	6607	4630	5	0	1.5743E7
0	6607	4630	5	0	1.5744E7
0	6607	4630	5	0	1.5745E7
0	6607	4630	5	0	1.5746E7
0	6607	4630	5	0	1.5747E7
0	6606	4634	5	2	1.5748E7
0	6604	4637	5	4	1.5749E7
0	6599	4638	5	6	1.575E7
0	6592	4640	5	8	1.5751E7
0	6583	4641	5	8	1.5752E7
0	6576	4643	5	5	1.5753E7
0	6571	4643	5	3	1.5754E7
0	6569	4644	5	1	1.5755E7
0	6568	4644	5	0	1.5756E7
0	6567	4644	5	0	1.5757E7
0	6567	4644	5	0	1.5758E7
0	6567	4644	5	0	1.5759E7
0	6567	4644	5	0	1.576E7
0	6567	4644	5	0	1.5761E7
0	6566	4644	5	2	1.5762E7
0	6562	4645	5	4	1.5763E7
0	6557	4646	5	6	1.5764E7
0	6550	4648	5	8	1.5765E7
0	6541	4650	5	9	1.5766E7
0	6530	4653	5	11	1.5767E7
0	6518	4656	5	13	1.5768E7
0	6505	4660	5	11	1.5769E7
0	6495	4662	5	8	1.577E7
0	6488	4664	5	5	1.5771E7
0	6484	4665	5	3	1.5772E7
0	6480	4668	6	5	1.5773E7
0	6477	4673	6	7	1.5774E7
0	6474	4682	7	9	1.5775E7
0	6476	4692	7	11	1.5776E7
0	6478	4705	7	13	1.5777E7
0	6480	4718	7	13	1.5778E7
0	6483	4732	7	13	1.5779E7
0	6481	4746	7	13	1.578E7
0	6484	4759	7	13	1.5781E7
0	6486	4772	7	13	1.5782E7
0	6488	4786	7	13	1.5783E7
0	6490	4799	7	13	1.5784E7
0	6492	4813	7	13	1.5785E7
0	6494	4826	7	13	1.5786E7
0	6497	4840	7	13	1.5787E7
0	6499	4853	7	13	1.5788E7
0	6501	4867	7	13	1.5789E7
0	6503	4880	7	13	1.579E7
0	6501	4893	7	13	1.5791E7
0	6500	4905	7	11	1.5792E7
0	6499	4915	7	8	1.5793E7
0	6499	4922	7	5	1.5794E7
0	6499	4926	7	3	1.5795E7
0	6499	4927	7	0	1.5796E7
0	6499	4927	7	0	1.5797E7
0	6499	4927	7	0	1.5798E7
0	6499	4927	7	0	1.5799E7
0	6499	4927	7	0	1.58E7
0	6499	4927	7	0	1.5801E7
0	6499	4927	7	0	1.5802E7
0	6499	4927	7	0	1.5803E7
0	6499	4927	7	0	1.5804E7
0	6499	4927	7	0	1.5805E7
0	6499	4927	7	0	1.5806E7
0	6499	4927	7	0	1.5807E7
0	6499	4927	7	0	1.5808E7
0	6499	4927	7	0	1.5809E7
0	6499	4927	7	0	1.581E7
0	6499	4927	7	0	1.5811E7
0	6499	4927	7	0	1.5812E7
0	6499	4927	7	0	1.5813E7
0	6499	4927	7	0	1.5814E7
0	6499	4927	7	0	1.5815E7
0	6499	4928	7	1	1.5816E7
0	6498	4930	7	3	1.5817E7
0	6498	4935	7	5	1.5818E7
0	6497	4941	7	7	1.5819E7
0	6496	4949	7	9	1.582E7
0	6495	4960	7	11	1.5821E7
0	6495	4972	7	12	1.5822E7
0	6494	4985	7	13	1.5823E7
0	6492	4999	7	13	1.5824E7
0	6483	5004	6	13	1.5825E7
0	6470	5002	5	13	1.5826E7
0	6457	4999	5	13	1.5827E7
0	6444	4995	5	13	1.5828E7
0	6433	4993	5	9	1.5829E7
0	6425	4991	5	6	1.583E7
0	6420	4989	5	4	1.5831E7
0	6417	4988	5	1	1.5832E7
0	6417	4988	5	0	1.5833E7
0	6417	4988	5	0	1.5834E7
0	6417	4988	5	0	1.5835E7
0	6417	4988	5	0	1.5836E7
0	6417	4988	5	0	1.5837E7
0	6417	4988	5	0	1.5838E7
0	6417	4988	5	0	1.5839E7
0	6417	4988	5	0	1.584E7
0	6417	4988	5	0	1.5841E7
0	6417	4988	5	0	1.5842E7
0	6417	4988	5	0	1.5843E7
0	6417	4988	5	0	1.5844E7
0	6417	4988	5	0	1.5845E7
0	6417	4988	5	0	1.5846E7
0	6417	4988	5	0	1.5847E7
0	6417	4988	5	0	1.5848E7
0	6417	4988	5	0	1.5849E7
0	6417	4988	5	0	1.585E7
0	6417	4988	5	0	1.5851E7
0	6417	4988	5	0	1.5852E7
0	6415	4988	5	2	1.5853E7
0	6412	4987	5	4	1.5854E7
0	6407	4986	5	6	1.5855E7
0	6400	4984	5	8	1.5856E7
0	6391	4981	5	10	1.5857E7
0	6380	4978	5	12	1.5858E7
0	6367	4975	5	13	1.5859E7
0	6354	4971	5	13	1.586E7
0	6341	4967	5	13	1.5861E7
0	6328	4962	5	13	1.5862E7
0	6315	4958	5	13	1.5863E7
0	6302	4954	5	13	1.5864E7
0	6289	4950	5	13	1.5865E7
0	6277	4946	5	13	1.5866E7
0	6264	4942	5	13	1.5867E7
0	6251	4937	5	13	1.5868E7
0	6238	4933	5	13	1.5869E7
0	6225	4928	5	13	1.587E7
0	6212	4923	5	13	1.5871E7
0	6200	4918	5	13	1.5872E7
0	6187	4914	5	13	1.5873E7
0	6176	4909	5	10	1.5874E7
0	6168	4907	5	7	1.5875E7
0	6163	4905	5	4	1.5876E7
0	6160	4903	5	2	1.5877E7
0	6158	4903	5	1	1.5878E7
0	6158	4903	5	0	1.5879E7
0	6158	4903	5	0	1.588E7
0	6157	4902	5	0	1.5881E7
0	6157	4902	5	0	1.5882E7
0	6157	4902	5	0	1.5883E7
0	6157	4902	5	0	1.5884E7
0	6157	4902	5	0	1.5885E7
0	6157	4902	5	0	1.5886E7
0	6157	4902	5	0	1.5887E7
0	6157	4902	5	0	1.5888E7
0	6157	4902	5	0	1.5889E7
0	6157	4902	5	0	1.589E7
0	6157	4902	5	0	1.5891E7
0	6157	4902	5	0	1.5892E7
0	6157	4902	5	0	1.5893E7
0	6157	4902	5	0	1.5894E7
0	6157	4902	5	0	1.5895E7
0	6157	4902	5	0	1.5896E7
0	6157	4902	5	0	1.5897E7
0	6157	4902	5	0	1.5898E7
0	6157	4902	5	0	1.5899E7
0	6157	4902	5	0	1.59E7
0	6157	4902	5	0	1.5901E7
0	6157	4902	5	0	1.5902E7
0	6157	4902	5	0	1.5903E7
0	6157	4902	5	0	1.5904E7
0	6157	4902	5	0	1.5905E7
0	6157	4902	5	0	1.5906E7
0	6157	4902	5	0	1.5907E7
0	6157	4902	5	0	1.5908E7
0	6157	4902	5	0	1.5909E7
0	6157	4902	5	0	1.591E7
0	6157	4902	5	0	1.5911E7
0	6157	4902	5	0	1.5912E7
0	6157	4902	5	0	1.5913E7
0	6157	4902	5	0	1.5914E7
0	6157	4902	5	0	1.5915E7
0	6157	4902	5	0	1.5916E7
0	6157	4902	5	0	1.5917E7
0	6157	4902	5	0	1.5918E7
0	6157	4902	5	0	1.5919E7
0	6157	4902	5	0	1.592E7
0	6157	4902	5	0	1.5921E7
0	6157	4902	5	0	1.5922E7
0	6157	4902	5	0	1.5923E7
0	6157	4902	5	0	1.5924E7
0	6157	4902	5	0	1.5925E7
0	6157	4902	5	0	1.5926E7
0	6157	4902	5	0	1.5927E7
0	6157	4902	5	0	1.5928E7
0	6157	4902	5	0	1.5929E7
0	6157	4902	5	0	1.593E7
0	6157	4902	5	0	1.5931E7
0	6156	4902	5	2	1.5932E7
0	6153	4901	5	4	1.5933E7
0	6147	4899	5	6	1.5934E7
0	6140	4896	5	8	1.5935E7
0	6131	4892	5	10	1.5936E7
0	6121	4888	5	11	1.5937E7
0	6111	4884	5	8	1.5938E7
0	6105	4882	5	5	1.5939E7
0	6101	4880	5	3	1.594E7
0	6099	4880	5	0	1.5941E7
0	6099	4880	5	0	1.5942E7
0	6099	4880	5	0	1.5943E7
0	6099	4880	5	0	1.5944E7
0	6099	4880	5	0	1.5945E7
0	6099	4880	5	0	1.5946E7
0	6099	4880	5	0	1.5947E7
0	6099	4880	5	0	1.5948E7
0	6099	4880	5	0	1.5949E7
0	6099	4880	5	0	1.595E7
0	6099	4880	5	0	1.5951E7
0	6099	4880	5	0	1.5952E7
0	6099	4880	5	0	1.5953E7
0	6099	4880	5	0	1.5954E7
0	6099	4880	5	0	1.5955E7
0	6099	4880	5	0	1.5956E7
0	6099	4880	5	0	1.5957E7
0	6099	4880	5	0	1.5958E7
0	6099	4880	5	0	1.5959E7
0	6099	4880	5	0	1.596E7
0	6099	4880	5	1	1.5961E7
0	6095	4882	5	3	1.5962E7
0	6091	4880	5	5	1.5963E7
0	6084	4881	5	7	1.5964E7
0	6076	4878	5	9	1.5965E7
0	6067	4874	5	11	1.5966E7
0	6056	4869	5	12	1.5967E7
0	6043	4864	4	13	1.5968E7
0	6031	4859	4	13	1.5969E7
0	6018	4854	4	13	1.597E7
0	6005	4848	4	13	1.5971E7
0	5993	4843	4	13	1.5972E7
0	5983	4838	4	9	1.5973E7
0	5975	4834	4	6	1.5974E7
0	5971	4832	4	4	1.5975E7
0	5968	4830	4	2	1.5976E7
0	5965	4828	4	4	1.5977E7
0	5959	4826	4	6	1.5978E7
0	5954	4823	4	4	1.5979E7
0	5950	4822	5	4	1.598E7
0	5945	4821	5	6	1.5981E7
0	5938	4821	5	8	1.5982E7
0	5926	4818	5	10	1.5983E7
0	5916	4822	6	12	1.5984E7
0	5904	4827	6	13	1.5985E7
0	5891	4833	6	13	1.5986E7
0	5878	4838	5	13	1.5987E7
0	5866	4843	5	13	1.5988E7
0	5853	4848	5	13	1.5989E7
0	5841	4853	5	12	1.599E7
0	5831	4857	6	9	1.5991E7
0	5824	4860	5	6	1.5992E7
0	5819	4862	5	3	1.5993E7
0	5817	4863	5	0	1.5994E7
0	5817	4863	5	0	1.5995E7
0	5817	4863	5	0	1.5996E7
0	5817	4863	5	0	1.5997E7
0	5817	4863	5	0	1.5998E7
0	5817	4863	5	0	1.5999E7
0	5817	4863	5	0	1.6E7
0	5817	4863	5	0	1.6001E7
0	5817	4863	5	0	1.6002E7
0	5817	4863	5	0	1.6003E7
0	5817	4863	5	0	1.6004E7
0	5817	4863	5	0	1.6005E7
0	5817	4863	5	0	1.6006E7
0	5817	4863	5	0	1.6007E7
0	5817	4863	5	0	1.6008E7
0	5817	4863	5	0	1.6009E7
0	5817	4863	5	0	1.601E7
0	5817	4863	5	0	1.6011E7
0	5817	4863	5	0	1.6012E7
0	5817	4863	5	0	1.6013E7
0	5817	4863	5	0	1.6014E7
0	5815	4863	5	2	1.6015E7
0	5811	4865	5	4	1.6016E7
0	5806	4867	5	6	1.6017E7
0	5799	4869	5	8	1.6018E7
0	5790	4873	5	10	1.6019E7
0	5780	4877	5	11	1.602E7
0	5771	4880	5	7	1.6021E7
0	5765	4883	5	5	1.6022E7
0	5760	4885	5	5	1.6023E7
0	5754	4887	5	6	1.6024E7
0	5748	4889	5	7	1.6025E7
0	5740	4892	5	8	1.6026E7
0	5731	4896	5	10	1.6027E7
0	5720	4900	6	12	1.6028E7
0	5709	4905	6	12	1.6029E7
0	5697	4910	6	12	1.603E7
0	5685	4915	6	12	1.6031E7
0	5673	4920	5	12	1.6032E7
0	5661	4925	5	13	1.6033E7
0	5649	4929	5	13	1.6034E7
0	5637	4934	5	13	1.6035E7
0	5625	4939	5	13	1.6036E7
0	5613	4944	5	13	1.6037E7
0	5600	4949	5	13	1.6038E7
0	5588	4954	5	12	1.6039E7
0	5578	4958	5	9	1.604E7
0	5570	4961	5	7	1.6041E7
0	5564	4963	5	5	1.6042E7
0	5560	4965	5	4	1.6043E7
0	5557	4966	5	2	1.6044E7
0	5555	4967	5	1	1.6045E7
0	5554	4967	5	0	1.6046E7
0	5553	4968	5	0	1.6047E7
0	5553	4968	5	0	1.6048E7
0	5553	4968	5	0	1.6049E7
0	5553	4968	5	0	1.605E7
0	5553	4968	5	0	1.6051E7
0	5553	4968	5	0	1.6052E7
0	5553	4968	5	0	1.6053E7
0	5553	4968	5	0	1.6054E7
0	5553	4968	5	0	1.6055E7
0	5554	4971	5	1	1.6056E7
0	5551	4972	5	3	1.6057E7
0	5547	4974	5	4	1.6058E7
0	5544	4975	5	2	1.6059E7
0	5542	4976	5	1	1.606E7
0	5541	4976	5	0	1.6061E7
0	5541	4976	5	0	1.6062E7
0	5541	4976	5	0	1.6063E7
0	5540	4976	5	0	1.6064E7
0	5540	4976	5	0	1.6065E7
0	5540	4976	5	0	1.6066E7
0	5540	4976	5	0	1.6067E7
0	5540	4976	5	0	1.6068E7
0	5540	4976	5	0	1.6069E7
0	5540	4976	5	0	1.607E7
0	5540	4976	5	0	1.6071E7
0	5540	4976	5	0	1.6072E7
0	5540	4976	5	0	1.6073E7
0	5540	4976	5	0	1.6074E7
0	5540	4976	5	0	1.6075E7
0	5540	4976	5	0	1.6076E7
0	5540	4976	5	0	1.6077E7
0	5540	4976	5	0	1.6078E7
0	5540	4976	5	0	1.6079E7
0	5540	4976	5	0	1.608E7
0	5540	4976	5	0	1.6081E7
0	5540	4976	5	0	1.6082E7
0	5540	4976	5	0	1.6083E7
0	5540	4976	5	0	1.6084E7
0	5540	4976	5	0	1.6085E7
0	5540	4976	5	0	1.6086E7
0	5540	4976	5	0	1.6087E7
0	5540	4976	5	0	1.6088E7
0	5540	4976	5	0	1.6089E7
0	5540	4976	5	0	1.609E7
0	5540	4976	5	0	1.6091E7
0	5540	4976	5	0	1.6092E7
0	5540	4976	5	0	1.6093E7
0	5540	4976	5	0	1.6094E7
0	5540	4976	5	0	1.6095E7
0	5540	4976	5	0	1.6096E7
0	5540	4976	5	0	1.6097E7
0	5540	4976	5	0	1.6098E7
0	5540	4976	5	0	1.6099E7
0	5540	4976	5	0	1.61E7
0	5540	4976	5	0	1.6101E7
0	5540	4976	5	0	1.6102E7
0	5540	4976	5	0	1.6103E7
0	5540	4976	5	0	1.6104E7
0	5540	4976	5	0	1.6105E7
0	5540	4976	5	0	1.6106E7
0	5540	4976	5	0	1.6107E7
0	5540	4976	5	0	1.6108E7
0	5540	4976	5	0	1.6109E7
0	5540	4976	5	0	1.611E7
0	5540	4976	5	0	1.6111E7
0	5540	4976	5	0	1.6112E7
0	5540	4976	5	0	1.6113E7
0	5540	4976	5	0	1.6114E7
0	5540	4976	5	0	1.6115E7
0	5540	4976	5	0	1.6116E7
0	5540	4976	5	0	1.6117E7
0	5540	4976	5	0	1.6118E7
0	5540	4976	5	0	1.6119E7
0	5540	4976	5	0	1.612E7
0	5540	4976	5	0	1.6121E7
0	5540	4976	5	0	1.6122E7
0	5540	4976	5	0	1.6123E7
0	5540	4976	5	0	1.6124E7
0	5540	4976	5	0	1.6125E7
0	5540	4976	5	0	1.6126E7
0	5540	4976	5	0	1.6127E7
0	5540	4976	5	0	1.6128E7
0	5540	4976	5	0	1.6129E7
0	5540	4976	5	0	1.613E7
0	5540	4976	5	0	1.6131E7
0	5540	4976	5	0	1.6132E7
0	5540	4976	5	0	1.6133E7
0	5540	4976	5	0	1.6134E7
0	5540	4976	5	0	1.6135E7
0	5540	4976	5	0	1.6136E7
0	5540	4976	5	0	1.6137E7
0	5540	4976	5	0	1.6138E7
0	5540	4976	5	0	1.6139E7
0	5540	4976	5	0	1.614E7
0	5540	4976	5	0	1.6141E7
0	5540	4976	5	0	1.6142E7
0	5540	4976	5	0	1.6143E7
0	5540	4976	5	0	1.6144E7
0	5540	4976	5	0	1.6145E7
0	5540	4976	5	0	1.6146E7
0	5540	4976	5	0	1.6147E7
0	5540	4976	5	0	1.6148E7
0	5540	4976	5	0	1.6149E7
0	5540	4976	5	0	1.615E7
0	5540	4976	5	0	1.6151E7
0	5539	4977	5	2	1.6152E7
0	5536	4979	6	4	1.6153E7
0	5531	4981	6	6	1.6154E7
0	5524	4984	6	8	1.6155E7
0	5515	4989	6	10	1.6156E7
0	5504	4994	6	13	1.6157E7
0	5489	4993	5	13	1.6158E7
0	5477	4998	5	13	1.6159E7
0	5464	5002	5	13	1.616E7
0	5451	5006	5	13	1.6161E7
0	5438	5009	5	11	1.6162E7
0	5429	5010	5	8	1.6163E7
0	5422	5011	5	5	1.6164E7
0	5418	5012	5	3	1.6165E7
0	5416	5012	5	0	1.6166E7
0	5416	5012	5	0	1.6167E7
0	5416	5012	5	0	1.6168E7
0	5416	5012	5	0	1.6169E7
0	5416	5012	5	0	1.617E7
0	5416	5012	5	0	1.6171E7
0	5416	5012	5	0	1.6172E7
0	5416	5012	5	0	1.6173E7
0	5416	5012	5	0	1.6174E7
0	5416	5012	5	0	1.6175E7
0	5416	5012	5	0	1.6176E7
0	5416	5012	5	0	1.6177E7
0	5416	5012	5	0	1.6178E7
0	5416	5012	5	0	1.6179E7
0	5416	5012	5	0	1.618E7
0	5416	5012	5	0	1.6181E7
0	5416	5012	5	0	1.6182E7
0	5416	5012	5	0	1.6183E7
0	5416	5012	5	0	1.6184E7
0	5416	5012	5	0	1.6185E7
0	5416	5012	5	1	1.6186E7
0	5413	5012	5	3	1.6187E7
0	5409	5013	5	5	1.6188E7
0	5402	5013	5	7	1.6189E7
0	5394	5014	5	9	1.619E7
0	5384	5015	5	11	1.6191E7
0	5372	5016	5	13	1.6192E7
0	5359	5018	5	13	1.6193E7
0	5345	5019	5	13	1.6194E7
0	5331	5020	5	13	1.6195E7
0	5318	5022	5	13	1.6196E7
0	5304	5023	5	13	1.6197E7
0	5291	5025	5	13	1.6198E7
0	5277	5026	5	12	1.6199E7
0	5266	5027	5	9	1.62E7
0	5258	5028	5	6	1.6201E7
0	5253	5029	5	4	1.6202E7
0	5250	5029	5	2	1.6203E7
0	5249	5029	5	1	1.6204E7
0	5248	5029	5	0	1.6205E7
0	5248	5029	5	0	1.6206E7
0	5248	5029	5	0	1.6207E7
0	5248	5029	5	0	1.6208E7
0	5248	5029	5	0	1.6209E7
0	5248	5029	5	0	1.621E7
0	5248	5029	5	0	1.6211E7
0	5248	5029	5	0	1.6212E7
0	5248	5029	5	0	1.6213E7
0	5248	5029	5	0	1.6214E7
0	5248	5029	5	0	1.6215E7
0	5248	5029	5	0	1.6216E7
0	5248	5029	5	0	1.6217E7
0	5248	5029	5	0	1.6218E7
0	5248	5029	5	0	1.6219E7
0	5248	5029	5	0	1.622E7
0	5248	5029	5	0	1.6221E7
0	5248	5029	5	0	1.6222E7
0	5248	5029	5	0	1.6223E7
0	5248	5029	5	0	1.6224E7
0	5248	5029	5	0	1.6225E7
0	5248	5029	5	0	1.6226E7
0	5248	5029	5	0	1.6227E7
0	5248	5029	5	0	1.6228E7
0	5248	5029	5	0	1.6229E7
0	5248	5029	5	0	1.623E7
0	5248	5029	5	0	1.6231E7
0	5248	5029	5	0	1.6232E7
0	5248	5029	5	0	1.6233E7
0	5248	5029	5	0	1.6234E7
0	5248	5029	5	0	1.6235E7
0	5248	5029	5	0	1.6236E7
0	5248	5029	5	0	1.6237E7
0	5248	5029	5	0	1.6238E7
0	5248	5029	5	0	1.6239E7
0	5248	5029	5	0	1.624E7
0	5247	5029	5	0	1.6241E7
0	5247	5029	5	0	1.6242E7
0	5246	5030	5	0	1.6243E7
0	5245	5030	5	1	1.6244E7
0	5242	5030	5	3	1.6245E7
0	5237	5030	5	5	1.6246E7
0	5231	5031	5	7	1.6247E7
0	5223	5032	5	9	1.6248E7
0	5212	5033	5	11	1.6249E7
0	5203	5034	5	8	1.625E7
0	5195	5035	5	6	1.6251E7
0	5189	5035	5	4	1.6252E7
0	5186	5036	5	2	1.6253E7
0	5184	5036	5	1	1.6254E7
0	5183	5036	5	0	1.6255E7
0	5183	5036	5	0	1.6256E7
0	5183	5036	5	0	1.6257E7
0	5183	5036	5	0	1.6258E7
0	5183	5036	5	0	1.6259E7
0	5183	5036	5	0	1.626E7
0	5183	5036	5	0	1.6261E7
0	5183	5036	5	0	1.6262E7
0	5183	5036	5	0	1.6263E7
0	5183	5036	5	0	1.6264E7
0	5183	5036	5	0	1.6265E7
0	5183	5036	5	0	1.6266E7
0	5183	5036	5	0	1.6267E7
0	5183	5036	5	0	1.6268E7
0	5183	5036	5	0	1.6269E7
0	5183	5036	5	0	1.627E7
0	5183	5036	5	0	1.6271E7
0	5183	5036	5	0	1.6272E7
0	5182	5036	5	1	1.6273E7
0	5179	5036	5	3	1.6274E7
0	5175	5037	5	5	1.6275E7
0	5170	5037	5	4	1.6276E7
0	5167	5038	5	1	1.6277E7
0	5167	5038	5	0	1.6278E7
0	5167	5038	5	0	1.6279E7
0	5167	5038	5	0	1.628E7
0	5167	5038	5	0	1.6281E7
0	5167	5038	5	0	1.6282E7
0	5167	5038	5	0	1.6283E7
0	5167	5038	5	0	1.6284E7
0	5167	5038	5	0	1.6285E7
0	5167	5038	5	0	1.6286E7
0	5167	5038	5	0	1.6287E7
0	5167	5038	5	0	1.6288E7
0	5167	5038	5	0	1.6289E7
0	5167	5038	5	0	1.629E7
0	5167	5038	5	0	1.6291E7
0	5167	5038	5	0	1.6292E7
0	5167	5038	5	0	1.6293E7
0	5167	5038	5	0	1.6294E7
0	5167	5038	5	0	1.6295E7
0	5167	5038	5	0	1.6296E7
0	5167	5038	5	0	1.6297E7
0	5165	5038	5	2	1.6298E7
0	5162	5038	5	4	1.6299E7
0	5156	5039	5	6	1.63E7
0	5148	5040	5	8	1.6301E7
0	5138	5041	5	10	1.6302E7
0	5127	5042	5	12	1.6303E7
0	5114	5044	5	13	1.6304E7
0	5100	5045	5	13	1.6305E7
0	5087	5047	5	13	1.6306E7
0	5073	5048	5	13	1.6307E7
0	5060	5049	5	13	1.6308E7
0	5046	5051	5	13	1.6309E7
0	5033	5052	5	13	1.631E7
0	5019	5053	5	13	1.6311E7
0	5005	5055	5	13	1.6312E7
0	4992	5055	5	13	1.6313E7
0	4978	5056	5	13	1.6314E7
0	4965	5058	5	13	1.6315E7
0	4951	5059	5	13	1.6316E7
0	4938	5061	5	13	1.6317E7
0	4924	5063	5	13	1.6318E7
0	4911	5065	5	13	1.6319E7
0	4897	5067	5	13	1.632E7
0	4883	5069	5	13	1.6321E7
0	4870	5072	5	12	1.6322E7
0	4859	5074	5	9	1.6323E7
0	4851	5075	5	7	1.6324E7
0	4844	5076	5	6	1.6325E7
0	4837	5077	5	7	1.6326E7
0	4831	5078	5	5	1.6327E7
0	4827	5079	5	2	1.6328E7
0	4826	5079	5	0	1.6329E7
0	4826	5079	5	0	1.633E7
0	4826	5079	5	0	1.6331E7
0	4826	5079	5	0	1.6332E7
0	4826	5079	5	0	1.6333E7
0	4826	5079	5	0	1.6334E7
0	4826	5079	5	0	1.6335E7
0	4826	5079	5	0	1.6336E7
0	4826	5079	5	0	1.6337E7
0	4826	5079	5	0	1.6338E7
0	4826	5079	5	0	1.6339E7
0	4826	5079	5	0	1.634E7
0	4826	5079	5	0	1.6341E7
0	4826	5079	5	0	1.6342E7
0	4826	5079	5	0	1.6343E7
0	4826	5079	5	0	1.6344E7
0	4826	5079	5	0	1.6345E7
0	4826	5079	5	0	1.6346E7
0	4826	5079	5	0	1.6347E7
0	4826	5079	5	0	1.6348E7
0	4825	5079	5	1	1.6349E7
0	4822	5080	5	3	1.635E7
0	4817	5080	5	5	1.6351E7
0	4810	5082	5	7	1.6352E7
0	4802	5083	5	9	1.6353E7
0	4791	5085	5	11	1.6354E7
0	4778	5087	5	13	1.6355E7
0	4765	5089	5	13	1.6356E7
0	4751	5091	5	13	1.6357E7
0	4738	5093	5	13	1.6358E7
0	4724	5095	5	13	1.6359E7
0	4711	5098	5	13	1.636E7
0	4698	5102	5	11	1.6361E7
0	4689	5106	6	8	1.6362E7
0	4683	5109	6	5	1.6363E7
0	4679	5111	6	3	1.6364E7
0	4677	5112	6	1	1.6365E7
0	4676	5113	6	0	1.6366E7
0	4675	5113	6	0	1.6367E7
0	4675	5113	6	0	1.6368E7
0	4675	5114	6	0	1.6369E7
0	4675	5114	6	0	1.637E7
0	4675	5114	6	0	1.6371E7
0	4675	5114	6	0	1.6372E7
0	4675	5114	6	0	1.6373E7
0	4675	5114	6	0	1.6374E7
0	4675	5114	6	0	1.6375E7
0	4675	5114	6	0	1.6376E7
0	4675	5114	6	0	1.6377E7
0	4675	5114	6	0	1.6378E7
0	4675	5114	6	0	1.6379E7
0	4675	5114	6	0	1.638E7
0	4675	5114	6	0	1.6381E7
0	4675	5114	6	0	1.6382E7
0	4675	5114	6	0	1.6383E7
0	4675	5114	6	0	1.6384E7
0	4675	5114	6	0	1.6385E7
0	4675	5114	6	0	1.6386E7
0	4675	5114	6	0	1.6387E7
0	4675	5114	6	0	1.6388E7
0	4675	5114	6	0	1.6389E7
0	4675	5114	6	0	1.639E7
0	4675	5114	6	0	1.6391E7
0	4675	5114	6	0	1.6392E7
0	4675	5114	6	0	1.6393E7
0	4675	5114	6	0	1.6394E7
0	4675	5114	6	0	1.6395E7
0	4675	5114	6	0	1.6396E7
0	4675	5114	6	0	1.6397E7
0	4675	5114	6	0	1.6398E7
0	4675	5114	6	0	1.6399E7
0	4675	5114	6	0	1.64E7
0	4675	5114	6	0	1.6401E7
0	4674	5114	6	2	1.6402E7
0	4671	5116	6	4	1.6403E7
0	4666	5120	6	6	1.6404E7
0	4660	5124	6	8	1.6405E7
0	4653	5129	6	10	1.6406E7
0	4644	5136	6	12	1.6407E7
0	4633	5143	6	13	1.6408E7
0	4622	5151	6	13	1.6409E7
0	4611	5159	6	13	1.641E7
0	4600	5167	6	13	1.6411E7
0	4589	5175	6	13	1.6412E7
0	4578	5184	6	13	1.6413E7
0	4567	5192	6	13	1.6414E7
0	4556	5200	6	13	1.6415E7
0	4545	5208	6	13	1.6416E7
0	4534	5215	6	13	1.6417E7
0	4523	5223	6	13	1.6418E7
0	4512	5231	6	13	1.6419E7
0	4501	5239	6	13	1.642E7
0	4492	5246	6	9	1.6421E7
0	4486	5251	6	6	1.6422E7
0	4482	5254	6	4	1.6423E7
0	4479	5256	6	1	1.6424E7
0	4479	5256	6	0	1.6425E7
0	4479	5256	6	0	1.6426E7
0	4479	5256	6	0	1.6427E7
0	4479	5256	6	0	1.6428E7
0	4479	5256	6	0	1.6429E7
0	4479	5256	6	0	1.643E7
0	4479	5256	6	0	1.6431E7
0	4479	5256	6	0	1.6432E7
0	4479	5256	6	0	1.6433E7
0	4479	5256	6	0	1.6434E7
0	4479	5256	6	0	1.6435E7
0	4479	5256	6	0	1.6436E7
0	4479	5256	6	0	1.6437E7
0	4479	5256	6	0	1.6438E7
0	4479	5256	6	0	1.6439E7
0	4479	5256	6	0	1.644E7
0	4479	5256	6	0	1.6441E7
0	4479	5256	6	0	1.6442E7
0	4479	5256	6	0	1.6443E7
0	4479	5256	6	0	1.6444E7
0	4478	5257	6	2	1.6445E7
0	4475	5259	6	4	1.6446E7
0	4471	5262	6	6	1.6447E7
0	4465	5267	6	7	1.6448E7
0	4458	5272	6	9	1.6449E7
0	4450	5279	6	11	1.645E7
0	4440	5284	6	9	1.6451E7
0	4433	5288	6	6	1.6452E7
0	4428	5290	6	4	1.6453E7
0	4425	5292	6	2	1.6454E7
0	4423	5292	6	1	1.6455E7
0	4423	5293	6	0	1.6456E7
0	4423	5293	6	0	1.6457E7
0	4422	5293	6	0	1.6458E7
0	4422	5293	6	0	1.6459E7
0	4422	5293	6	0	1.646E7
0	4422	5293	6	0	1.6461E7
0	4422	5293	6	0	1.6462E7
0	4422	5293	6	0	1.6463E7
0	4422	5293	6	0	1.6464E7
0	4422	5293	6	0	1.6465E7
0	4422	5293	6	0	1.6466E7
0	4422	5293	6	0	1.6467E7
0	4422	5293	6	0	1.6468E7
0	4422	5293	6	0	1.6469E7
0	4422	5293	6	0	1.647E7
0	4422	5293	6	0	1.6471E7
0	4421	5293	6	2	1.6472E7
0	4418	5295	6	4	1.6473E7
0	4413	5296	6	6	1.6474E7
0	4406	5297	5	8	1.6475E7
0	4397	5298	5	10	1.6476E7
0	4386	5299	5	12	1.6477E7
0	4372	5300	5	13	1.6478E7
0	4359	5301	5	13	1.6479E7
0	4345	5303	5	13	1.648E7
0	4332	5304	5	13	1.6481E7
0	4318	5305	5	13	1.6482E7
0	4305	5304	5	13	1.6483E7
0	4291	5304	5	13	1.6484E7
0	4277	5303	5	13	1.6485E7
0	4264	5302	5	13	1.6486E7
0	4251	5301	5	11	1.6487E7
0	4241	5300	5	8	1.6488E7
0	4235	5300	5	5	1.6489E7
0	4231	5299	5	3	1.649E7
0	4229	5299	5	0	1.6491E7
0	4229	5299	5	0	1.6492E7
0	4229	5299	5	0	1.6493E7
0	4229	5299	5	0	1.6494E7
0	4229	5299	5	0	1.6495E7
0	4229	5299	5	0	1.6496E7
0	4229	5299	5	0	1.6497E7
0	4229	5299	5	0	1.6498E7
0	4229	5299	5	0	1.6499E7
0	4229	5299	5	0	1.65E7
0	4229	5299	5	0	1.6501E7
0	4229	5299	5	0	1.6502E7
0	4229	5299	5	0	1.6503E7
0	4229	5299	5	0	1.6504E7
0	4229	5299	5	0	1.6505E7
0	4229	5299	5	0	1.6506E7
0	4229	5299	5	0	1.6507E7
0	4229	5299	5	0	1.6508E7
0	4229	5299	5	0	1.6509E7
0	4229	5299	5	0	1.651E7
0	4228	5299	5	1	1.6511E7
0	4226	5299	5	3	1.6512E7
0	4221	5298	5	5	1.6513E7
0	4215	5297	5	7	1.6514E7
0	4207	5296	5	9	1.6515E7
0	4197	5293	5	11	1.6516E7
0	4185	5290	5	13	1.6517E7
0	4171	5286	5	13	1.6518E7
0	4158	5284	5	13	1.6519E7
0	4145	5281	5	13	1.652E7
0	4131	5278	5	13	1.6521E7
0	4118	5275	5	13	1.6522E7
0	4105	5271	5	13	1.6523E7
0	4092	5268	5	13	1.6524E7
0	4079	5265	5	13	1.6525E7
0	4065	5262	5	13	1.6526E7
0	4052	5259	5	13	1.6527E7
0	4039	5256	5	13	1.6528E7
0	4027	5254	5	10	1.6529E7
0	4018	5252	5	7	1.653E7
0	4012	5251	5	4	1.6531E7
0	4008	5251	5	2	1.6532E7
0	4007	5251	5	0	1.6533E7
0	4007	5251	5	0	1.6534E7
0	4007	5251	5	0	1.6535E7
0	4007	5251	5	0	1.6536E7
0	4007	5251	5	0	1.6537E7
0	4007	5251	5	0	1.6538E7
0	4007	5251	5	0	1.6539E7
0	4007	5251	5	0	1.654E7
0	4007	5251	5	0	1.6541E7
0	4007	5251	5	0	1.6542E7
0	4007	5251	5	0	1.6543E7
0	4007	5251	5	0	1.6544E7
0	4007	5251	5	0	1.6545E7
0	4007	5251	5	0	1.6546E7
0	4007	5251	5	0	1.6547E7
0	4007	5251	5	0	1.6548E7
0	4007	5251	5	0	1.6549E7
0	4007	5251	5	0	1.655E7
0	4007	5251	5	0	1.6551E7
0	4007	5251	5	0	1.6552E7
0	4007	5251	5	1	1.6553E7
0	4004	5250	5	3	1.6554E7
0	3999	5250	5	5	1.6555E7
0	3992	5248	5	7	1.6556E7
0	3983	5247	5	9	1.6557E7
0	3974	5246	5	7	1.6558E7
0	3969	5246	5	4	1.6559E7
0	3965	5245	5	2	1.656E7
0	3963	5245	5	1	1.6561E7
0	3961	5245	5	3	1.6562E7
0	3956	5244	5	5	1.6563E7
0	3950	5243	5	7	1.6564E7
0	3942	5242	5	9	1.6565E7
0	3931	5240	5	11	1.6566E7
0	3919	5239	5	13	1.6567E7
0	3905	5237	5	13	1.6568E7
0	3891	5235	5	13	1.6569E7
0	3878	5233	5	13	1.657E7
0	3864	5231	5	13	1.6571E7
0	3850	5230	5	13	1.6572E7
0	3838	5236	6	13	1.6573E7
0	3826	5244	6	13	1.6574E7
0	3815	5251	6	13	1.6575E7
0	3803	5258	6	13	1.6576E7
0	3790	5258	5	13	1.6577E7
0	3777	5254	5	13	1.6578E7
0	3765	5248	4	13	1.6579E7
0	3752	5243	4	13	1.658E7
0	3740	5238	5	13	1.6581E7
0	3727	5233	5	13	1.6582E7
0	3714	5228	5	13	1.6583E7
0	3702	5223	5	13	1.6584E7
0	3689	5218	5	13	1.6585E7
0	3676	5214	5	13	1.6586E7
0	3663	5210	5	13	1.6587E7
0	3650	5207	5	13	1.6588E7
0	3637	5206	5	13	1.6589E7
0	3623	5204	5	13	1.659E7
0	3610	5202	5	13	1.6591E7
0	3597	5200	5	13	1.6592E7
0	3583	5199	5	13	1.6593E7
0	3570	5197	5	13	1.6594E7
0	3556	5196	5	13	1.6595E7
0	3543	5194	5	13	1.6596E7
0	3530	5192	5	13	1.6597E7
0	3516	5191	5	13	1.6598E7
0	3504	5189	5	11	1.6599E7
0	3494	5187	5	8	1.66E7
0	3488	5185	5	5	1.6601E7
0	3484	5185	5	3	1.6602E7
0	3481	5184	5	1	1.6603E7
0	3480	5184	5	0	1.6604E7
0	3480	5184	5	0	1.6605E7
0	3480	5184	5	0	1.6606E7
0	3478	5184	5	2	1.6607E7
0	3476	5181	4	4	1.6608E7
0	3476	5175	4	6	1.6609E7
0	3472	5169	4	8	1.661E7
0	3466	5161	4	10	1.6611E7
0	3458	5153	4	12	1.6612E7
0	3447	5145	4	14	1.6613E7
0	3436	5135	4	15	1.6614E7
0	3424	5123	4	16	1.6615E7
0	3412	5112	4	16	1.6616E7
0	3400	5101	4	16	1.6617E7
0	3388	5089	4	16	1.6618E7
0	3376	5078	4	16	1.6619E7
0	3364	5067	4	16	1.662E7
0	3352	5056	4	15	1.6621E7
0	3343	5047	4	11	1.6622E7
0	3335	5040	4	8	1.6623E7
0	3330	5035	4	5	1.6624E7
0	3326	5032	4	3	1.6625E7
0	3325	5031	4	0	1.6626E7
0	3325	5031	4	0	1.6627E7
0	3325	5031	4	0	1.6628E7
0	3325	5031	4	0	1.6629E7
0	3325	5031	4	0	1.663E7
0	3325	5031	4	0	1.6631E7
0	3325	5031	4	0	1.6632E7
0	3325	5031	4	0	1.6633E7
0	3325	5031	4	0	1.6634E7
0	3325	5031	4	0	1.6635E7
0	3325	5031	4	0	1.6636E7
0	3325	5031	4	0	1.6637E7
0	3325	5031	4	0	1.6638E7
0	3325	5031	4	0	1.6639E7
0	3325	5031	4	0	1.664E7
0	3325	5031	4	0	1.6641E7
0	3325	5031	4	0	1.6642E7
0	3325	5031	4	0	1.6643E7
0	3325	5031	4	0	1.6644E7
0	3325	5031	4	0	1.6645E7
0	3325	5031	4	1	1.6646E7
0	3323	5029	4	3	1.6647E7
0	3320	5026	4	5	1.6648E7
0	3314	5022	4	7	1.6649E7
0	3308	5017	4	9	1.665E7
0	3299	5010	4	11	1.6651E7
0	3290	5002	4	13	1.6652E7
0	3278	4993	4	15	1.6653E7
0	3266	4982	4	16	1.6654E7
0	3254	4972	4	16	1.6655E7
0	3242	4961	4	16	1.6656E7
0	3230	4950	4	16	1.6657E7
0	3217	4939	4	16	1.6658E7
0	3205	4928	4	16	1.6659E7
0	3192	4918	4	16	1.666E7
0	3180	4907	4	16	1.6661E7
0	3167	4897	4	16	1.6662E7
0	3154	4887	4	16	1.6663E7
0	3141	4877	4	16	1.6664E7
0	3129	4866	4	16	1.6665E7
0	3115	4857	4	16	1.6666E7
0	3102	4848	4	16	1.6667E7
0	3087	4840	4	16	1.6668E7
0	3073	4832	4	16	1.6669E7
0	3058	4826	5	16	1.667E7
0	3042	4820	5	16	1.6671E7
0	3027	4815	5	16	1.6672E7
0	3011	4811	5	16	1.6673E7
0	2995	4807	5	16	1.6674E7
0	2979	4803	5	16	1.6675E7
0	2965	4798	5	13	1.6676E7
0	2953	4795	5	10	1.6677E7
0	2945	4792	5	7	1.6678E7
0	2940	4790	5	4	1.6679E7
0	2936	4789	5	2	1.668E7
0	2936	4788	5	0	1.6681E7
0	2936	4788	5	0	1.6682E7
0	2936	4788	5	0	1.6683E7
0	2936	4788	5	0	1.6684E7
0	2936	4788	5	0	1.6685E7
0	2936	4788	5	0	1.6686E7
0	2936	4788	5	0	1.6687E7
0	2936	4788	5	0	1.6688E7
0	2936	4788	5	0	1.6689E7
0	2936	4788	5	0	1.669E7
0	2936	4788	5	0	1.6691E7
0	2936	4788	5	0	1.6692E7
0	2936	4788	5	0	1.6693E7
0	2936	4788	5	0	1.6694E7
0	2936	4788	5	0	1.6695E7
0	2936	4788	5	0	1.6696E7
0	2936	4788	5	0	1.6697E7
0	2936	4788	5	0	1.6698E7
0	2936	4788	5	0	1.6699E7
0	2936	4788	5	0	1.67E7
0	2935	4788	5	2	1.6701E7
0	2932	4787	4	3	1.6702E7
0	2928	4785	4	5	1.6703E7
0	2921	4782	4	7	1.6704E7
0	2913	4778	4	9	1.6705E7
0	2904	4773	4	11	1.6706E7
0	2892	4768	4	13	1.6707E7
0	2879	4762	4	15	1.6708E7
0	2864	4755	4	16	1.6709E7
0	2849	4748	4	16	1.671E7
0	2834	4741	4	16	1.6711E7
0	2820	4734	4	16	1.6712E7
0	2805	4727	4	16	1.6713E7
0	2790	4720	4	16	1.6714E7
0	2775	4713	4	16	1.6715E7
0	2761	4705	4	16	1.6716E7
0	2746	4697	4	16	1.6717E7
0	2732	4690	4	16	1.6718E7
0	2717	4682	4	16	1.6719E7
0	2703	4675	4	16	1.672E7
0	2688	4667	4	16	1.6721E7
0	2674	4659	4	16	1.6722E7
0	2659	4652	4	16	1.6723E7
0	2645	4644	4	16	1.6724E7
0	2630	4637	4	16	1.6725E7
0	2616	4628	4	16	1.6726E7
0	2603	4618	4	16	1.6727E7
0	2592	4606	4	16	1.6728E7
0	2581	4594	4	16	1.6729E7
0	2571	4581	4	16	1.673E7
0	2561	4568	4	16	1.6731E7
0	2551	4555	4	16	1.6732E7
0	2541	4542	4	16	1.6733E7
0	2531	4531	4	13	1.6734E7
0	2523	4522	4	10	1.6735E7
0	2517	4516	4	7	1.6736E7
0	2513	4511	4	4	1.6737E7
0	2510	4509	4	2	1.6738E7
0	2510	4508	4	0	1.6739E7
0	2510	4508	4	0	1.674E7
0	2510	4508	4	0	1.6741E7
0	2510	4508	4	0	1.6742E7
0	2510	4508	4	0	1.6743E7
0	2510	4508	4	0	1.6744E7
0	2510	4508	4	0	1.6745E7
0	2510	4508	4	0	1.6746E7
0	2510	4508	4	0	1.6747E7
0	2510	4508	4	0	1.6748E7
0	2510	4508	4	0	1.6749E7
0	2510	4508	4	0	1.675E7
0	2510	4508	4	0	1.6751E7
0	2510	4508	4	0	1.6752E7
0	2510	4508	4	0	1.6753E7
0	2510	4508	4	0	1.6754E7
0	2510	4508	4	0	1.6755E7
0	2510	4508	4	0	1.6756E7
0	2510	4508	4	0	1.6757E7
0	2510	4508	4	0	1.6758E7
0	2509	4508	4	2	1.6759E7
0	2507	4506	4	3	1.676E7
0	2504	4502	4	5	1.6761E7
0	2499	4497	4	7	1.6762E7
0	2493	4491	4	9	1.6763E7
0	2485	4484	4	11	1.6764E7
0	2475	4475	4	13	1.6765E7
0	2464	4466	4	15	1.6766E7
0	2451	4456	4	16	1.6767E7
0	2438	4446	4	16	1.6768E7
0	2425	4436	4	16	1.6769E7
0	2411	4427	4	16	1.677E7
0	2398	4418	4	16	1.6771E7
0	2385	4408	4	16	1.6772E7
0	2371	4399	4	16	1.6773E7
0	2358	4389	4	16	1.6774E7
0	2344	4380	4	16	1.6775E7
0	2331	4371	4	16	1.6776E7
0	2317	4362	4	16	1.6777E7
0	2304	4353	4	16	1.6778E7
0	2290	4343	4	16	1.6779E7
0	2277	4334	4	16	1.678E7
0	2263	4325	4	16	1.6781E7
0	2250	4316	4	14	1.6782E7
0	2239	4309	4	11	1.6783E7
0	2232	4304	4	8	1.6784E7
0	2227	4300	4	5	1.6785E7
0	2223	4297	4	4	1.6786E7
0	2220	4294	4	6	1.6787E7
0	2220	4289	3	8	1.6788E7
0	2223	4279	3	10	1.6789E7
0	2223	4267	3	11	1.679E7
0	2220	4257	3	8	1.6791E7
0	2216	4251	4	5	1.6792E7
0	2213	4247	4	3	1.6793E7
0	2209	4243	4	6	1.6794E7
0	2203	4239	4	8	1.6795E7
0	2194	4235	4	10	1.6796E7
0	2182	4234	5	11	1.6797E7
0	2169	4236	5	13	1.6798E7
0	2156	4244	6	13	1.6799E7
0	2147	4256	6	13	1.68E7
0	2133	4250	4	14	1.6801E7
0	2122	4244	4	11	1.6802E7
0	2113	4240	4	8	1.6803E7
0	2107	4237	4	5	1.6804E7
0	2103	4235	5	3	1.6805E7
0	2102	4235	5	0	1.6806E7
0	2102	4235	5	0	1.6807E7
0	2102	4235	5	0	1.6808E7
0	2102	4235	5	0	1.6809E7
0	2102	4235	5	0	1.681E7
0	2102	4235	5	0	1.6811E7
0	2102	4235	5	0	1.6812E7
0	2102	4235	5	0	1.6813E7
0	2102	4235	5	0	1.6814E7
0	2102	4235	5	0	1.6815E7
0	2102	4235	5	0	1.6816E7
0	2102	4235	5	0	1.6817E7
0	2102	4235	5	0	1.6818E7
0	2102	4235	5	0	1.6819E7
0	2102	4235	5	0	1.682E7
0	2102	4235	5	0	1.6821E7
0	2102	4235	5	0	1.6822E7
0	2102	4235	5	0	1.6823E7
0	2102	4235	5	0	1.6824E7
0	2102	4235	5	0	1.6825E7
0	2101	4235	5	1	1.6826E7
0	2099	4234	5	3	1.6827E7
0	2094	4233	5	5	1.6828E7
0	2088	4232	5	7	1.6829E7
0	2079	4232	5	9	1.683E7
0	2069	4233	5	11	1.6831E7
0	2057	4234	5	12	1.6832E7
0	2043	4236	5	14	1.6833E7
0	2027	4237	5	16	1.6834E7
0	2010	4239	5	16	1.6835E7
0	1994	4240	5	16	1.6836E7
0	1978	4242	5	16	1.6837E7
0	1962	4243	5	16	1.6838E7
0	1945	4245	5	16	1.6839E7
0	1929	4248	5	16	1.684E7
0	1913	4251	5	16	1.6841E7
0	1897	4255	5	16	1.6842E7
0	1881	4260	5	16	1.6843E7
0	1866	4264	5	16	1.6844E7
0	1851	4272	5	16	1.6845E7
0	1835	4276	5	16	1.6846E7
0	1818	4278	5	16	1.6847E7
0	1802	4280	5	16	1.6848E7
0	1786	4281	5	16	1.6849E7
0	1769	4282	5	16	1.685E7
0	1753	4283	5	16	1.6851E7
0	1737	4285	5	16	1.6852E7
0	1721	4287	5	16	1.6853E7
0	1705	4290	5	16	1.6854E7
0	1689	4294	5	16	1.6855E7
0	1673	4298	5	16	1.6856E7
0	1657	4301	5	16	1.6857E7
0	1641	4305	5	16	1.6858E7
0	1625	4308	5	16	1.6859E7
0	1609	4312	5	16	1.686E7
0	1593	4315	5	16	1.6861E7
0	1579	4321	6	16	1.6862E7
0	1565	4331	6	16	1.6863E7
0	1552	4341	6	16	1.6864E7
0	1539	4351	6	16	1.6865E7
0	1524	4355	5	12	1.6866E7
0	1513	4354	5	9	1.6867E7
0	1505	4353	5	6	1.6868E7
0	1500	4352	5	4	1.6869E7
0	1496	4351	5	4	1.687E7
0	1491	4354	5	6	1.6871E7
0	1490	4362	6	8	1.6872E7
0	1487	4373	7	10	1.6873E7
0	1488	4384	7	12	1.6874E7
0	1490	4398	7	12	1.6875E7
0	1490	4409	7	9	1.6876E7
0	1490	4417	7	6	1.6877E7
0	1490	4422	7	4	1.6878E7
0	1490	4425	7	1	1.6879E7
0	1490	4425	7	0	1.688E7
0	1490	4425	7	0	1.6881E7
0	1490	4425	7	0	1.6882E7
0	1490	4425	7	0	1.6883E7
0	1490	4425	7	0	1.6884E7
0	1490	4425	7	0	1.6885E7
0	1490	4425	7	0	1.6886E7
0	1490	4425	7	0	1.6887E7
0	1490	4425	7	0	1.6888E7
0	1490	4425	7	0	1.6889E7
0	1490	4425	7	0	1.689E7
0	1490	4425	7	0	1.6891E7
0	1490	4425	7	0	1.6892E7
0	1490	4425	7	0	1.6893E7
0	1490	4425	7	0	1.6894E7
0	1490	4425	7	0	1.6895E7
0	1490	4425	7	0	1.6896E7
0	1490	4425	7	0	1.6897E7
0	1490	4425	7	0	1.6898E7
0	1490	4425	7	0	1.6899E7
0	1490	4427	7	2	1.69E7
0	1490	4430	7	4	1.6901E7
0	1490	4436	7	6	1.6902E7
0	1490	4444	7	8	1.6903E7
0	1491	4453	7	10	1.6904E7
