0	7459	5746	3	0	0.0
0	7459	5746	3	0	1.6222E7
0	7459	5745	3	2	1.6223E7
0	7460	5742	3	4	1.6224E7
0	7461	5736	3	6	1.6225E7
0	7462	5729	3	8	1.6226E7
0	7463	5720	3	9	1.6227E7
0	7462	5708	3	11	1.6228E7
0	7461	5697	3	10	1.6229E7
0	7459	5688	3	7	1.623E7
0	7458	5682	3	4	1.6231E7
0	7457	5679	3	2	1.6232E7
0	7457	5678	3	0	1.6233E7
0	7457	5678	3	0	1.6234E7
0	7457	5678	3	0	1.6235E7
0	7457	5678	3	0	1.6236E7
0	7457	5678	3	0	1.6237E7
0	7457	5678	3	0	1.6238E7
0	7457	5678	3	0	1.6239E7
0	7457	5678	3	0	1.624E7
0	7457	5678	3	0	1.6241E7
0	7457	5678	3	0	1.6242E7
0	7457	5678	3	0	1.6243E7
0	7457	5678	3	0	1.6244E7
0	7457	5678	3	0	1.6245E7
0	7457	5678	3	0	1.6246E7
0	7457	5678	3	0	1.6247E7
0	7457	5678	3	0	1.6248E7
0	7457	5678	3	0	1.6249E7
0	7457	5678	3	0	1.625E7
0	7457	5678	3	0	1.6251E7
0	7457	5678	3	0	1.6252E7
0	7456	5677	3	2	1.6253E7
0	7455	5674	3	4	1.6254E7
0	7453	5669	3	6	1.6255E7
0	7450	5663	4	7	1.6256E7
0	7446	5654	4	10	1.6257E7
0	7441	5644	4	11	1.6258E7
0	7435	5633	4	12	1.6259E7
0	7429	5622	4	11	1.626E7
0	7425	5613	4	7	1.6261E7
0	7422	5607	4	5	1.6262E7
0	7420	5604	4	3	1.6263E7
0	7419	5602	4	1	1.6264E7
0	7419	5601	4	0	1.6265E7
0	7419	5601	4	0	1.6266E7
0	7419	5601	4	0	1.6267E7
0	7419	5601	4	0	1.6268E7
0	7419	5601	4	0	1.6269E7
0	7419	5601	4	0	1.627E7
0	7419	5601	4	0	1.6271E7
0	7419	5601	4	0	1.6272E7
0	7419	5601	4	0	1.6273E7
0	7419	5601	4	0	1.6274E7
0	7419	5601	4	0	1.6275E7
0	7419	5601	4	0	1.6276E7
0	7419	5601	4	0	1.6277E7
0	7419	5601	4	0	1.6278E7
0	7419	5601	4	0	1.6279E7
0	7419	5601	4	0	1.628E7
0	7419	5601	4	0	1.6281E7
0	7419	5601	4	0	1.6282E7
0	7419	5601	4	0	1.6283E7
0	7419	5601	4	0	1.6284E7
0	7419	5601	4	0	1.6285E7
0	7419	5601	4	0	1.6286E7
0	7419	5601	4	0	1.6287E7
0	7419	5601	4	0	1.6288E7
0	7419	5601	4	0	1.6289E7
0	7419	5601	4	0	1.629E7
0	7419	5600	4	0	1.6291E7
0	7418	5599	4	2	1.6292E7
0	7417	5596	4	4	1.6293E7
0	7416	5591	3	6	1.6294E7
0	7417	5584	3	8	1.6295E7
0	7420	5575	3	10	1.6296E7
0	7424	5565	3	11	1.6297E7
0	7427	5552	3	12	1.6298E7
0	7430	5540	3	13	1.6299E7
0	7432	5527	3	13	1.63E7
0	7434	5514	3	12	1.6301E7
0	7436	5501	3	12	1.6302E7
0	7438	5488	3	12	1.6303E7
0	7441	5475	3	13	1.6304E7
0	7443	5462	3	12	1.6305E7
0	7445	5450	3	12	1.6306E7
0	7447	5437	3	12	1.6307E7
0	7449	5424	3	13	1.6308E7
0	7451	5411	3	12	1.6309E7
0	7453	5400	3	9	1.631E7
0	7454	5392	3	6	1.6311E7
0	7454	5387	3	4	1.6312E7
0	7455	5385	3	1	1.6313E7
0	7455	5385	3	0	1.6314E7
0	7455	5385	3	0	1.6315E7
0	7455	5385	3	0	1.6316E7
0	7455	5385	3	0	1.6317E7
0	7455	5385	3	0	1.6318E7
0	7455	5385	3	0	1.6319E7
0	7455	5385	3	0	1.632E7
0	7455	5385	3	0	1.6321E7
0	7455	5385	3	0	1.6322E7
0	7455	5385	3	0	1.6323E7
0	7455	5385	3	0	1.6324E7
0	7455	5385	3	0	1.6325E7
0	7455	5385	3	0	1.6326E7
0	7455	5385	3	0	1.6327E7
0	7455	5385	3	0	1.6328E7
0	7455	5385	3	0	1.6329E7
0	7455	5385	3	0	1.633E7
0	7455	5385	3	0	1.6331E7
0	7455	5385	3	0	1.6332E7
0	7455	5385	3	0	1.6333E7
0	7455	5383	3	2	1.6334E7
0	7456	5379	3	4	1.6335E7
0	7456	5373	3	6	1.6336E7
0	7454	5365	3	8	1.6337E7
0	7456	5355	3	10	1.6338E7
0	7459	5344	3	12	1.6339E7
0	7462	5331	3	13	1.634E7
0	7465	5319	3	13	1.6341E7
0	7464	5305	3	13	1.6342E7
0	7467	5293	3	12	1.6343E7
0	7470	5283	3	9	1.6344E7
0	7471	5275	3	6	1.6345E7
0	7472	5271	3	3	1.6346E7
0	7473	5268	3	1	1.6347E7
0	7473	5267	3	0	1.6348E7
0	7473	5266	3	0	1.6349E7
0	7473	5266	3	0	1.635E7
0	7473	5266	3	0	1.6351E7
0	7473	5266	3	0	1.6352E7
0	7474	5266	3	0	1.6353E7
0	7474	5266	3	0	1.6354E7
0	7474	5266	3	0	1.6355E7
0	7474	5266	3	0	1.6356E7
0	7474	5266	3	0	1.6357E7
0	7474	5266	3	0	1.6358E7
0	7474	5266	3	0	1.6359E7
0	7474	5266	3	0	1.636E7
0	7474	5266	3	0	1.6361E7
0	7474	5266	3	0	1.6362E7
0	7474	5266	3	0	1.6363E7
0	7474	5266	3	0	1.6364E7
0	7474	5266	3	0	1.6365E7
0	7474	5266	3	0	1.6366E7
0	7474	5266	3	0	1.6367E7
0	7474	5266	3	0	1.6368E7
0	7474	5266	3	0	1.6369E7
0	7474	5266	3	0	1.637E7
0	7474	5266	3	0	1.6371E7
0	7474	5266	3	0	1.6372E7
0	7474	5266	3	0	1.6373E7
0	7474	5266	3	0	1.6374E7
0	7474	5266	3	0	1.6375E7
0	7474	5266	3	0	1.6376E7
0	7474	5266	3	0	1.6377E7
0	7474	5266	3	0	1.6378E7
0	7474	5266	3	0	1.6379E7
0	7474	5266	3	0	1.638E7
0	7474	5266	3	0	1.6381E7
0	7474	5264	3	2	1.6382E7
0	7475	5261	3	4	1.6383E7
0	7476	5256	3	6	1.6384E7
0	7478	5249	3	8	1.6385E7
0	7480	5240	3	10	1.6386E7
0	7483	5229	3	12	1.6387E7
0	7486	5217	3	13	1.6388E7
0	7488	5204	3	12	1.6389E7
0	7490	5191	3	13	1.639E7
0	7491	5178	3	12	1.6391E7
0	7492	5165	3	12	1.6392E7
0	7493	5152	3	13	1.6393E7
0	7493	5139	3	13	1.6394E7
0	7494	5127	3	12	1.6395E7
0	7495	5114	3	12	1.6396E7
0	7495	5101	3	12	1.6397E7
0	7496	5088	3	12	1.6398E7
0	7496	5075	3	12	1.6399E7
0	7497	5062	3	12	1.64E7
0	7497	5049	3	12	1.6401E7
0	7497	5036	3	12	1.6402E7
0	7495	5023	3	12	1.6403E7
0	7494	5011	3	12	1.6404E7
0	7493	4998	3	12	1.6405E7
0	7490	4985	3	13	1.6406E7
0	7485	4972	3	13	1.6407E7
0	7473	4967	5	12	1.6408E7
0	7460	4968	5	13	1.6409E7
0	7447	4968	5	13	1.641E7
0	7434	4967	5	13	1.6411E7
0	7423	4963	5	13	1.6412E7
0	7414	4953	4	12	1.6413E7
0	7405	4944	4	12	1.6414E7
0	7397	4934	4	12	1.6415E7
0	7392	4922	3	12	1.6416E7
0	7387	4910	3	13	1.6417E7
0	7382	4898	3	12	1.6418E7
0	7377	4887	3	12	1.6419E7
0	7373	4875	3	13	1.642E7
0	7368	4863	3	12	1.6421E7
0	7363	4850	3	13	1.6422E7
0	7359	4838	3	13	1.6423E7
0	7354	4826	3	12	1.6424E7
0	7350	4814	3	13	1.6425E7
0	7345	4802	3	13	1.6426E7
0	7340	4790	3	13	1.6427E7
0	7335	4778	3	13	1.6428E7
0	7330	4767	4	13	1.6429E7
0	7323	4755	4	13	1.643E7
0	7317	4746	4	9	1.6431E7
0	7311	4741	4	6	1.6432E7
0	7307	4737	4	4	1.6433E7
0	7305	4735	4	1	1.6434E7
0	7305	4735	4	0	1.6435E7
0	7305	4735	4	0	1.6436E7
0	7305	4735	4	0	1.6437E7
0	7305	4735	4	0	1.6438E7
0	7305	4735	4	0	1.6439E7
0	7305	4735	4	0	1.644E7
0	7305	4735	4	0	1.6441E7
0	7305	4735	4	0	1.6442E7
0	7305	4735	4	0	1.6443E7
0	7305	4735	4	0	1.6444E7
0	7305	4735	4	0	1.6445E7
0	7305	4735	4	0	1.6446E7
0	7305	4735	4	0	1.6447E7
0	7305	4735	4	0	1.6448E7
0	7305	4735	4	0	1.6449E7
0	7305	4735	4	0	1.645E7
0	7305	4735	4	0	1.6451E7
0	7305	4735	4	0	1.6452E7
0	7305	4735	4	0	1.6453E7
0	7305	4735	4	0	1.6454E7
0	7304	4734	4	2	1.6455E7
0	7301	4732	4	4	1.6456E7
0	7297	4729	4	6	1.6457E7
0	7291	4725	4	8	1.6458E7
0	7283	4720	4	10	1.6459E7
0	7274	4713	4	12	1.646E7
0	7263	4706	4	13	1.6461E7
0	7252	4700	4	13	1.6462E7
0	7240	4694	4	13	1.6463E7
0	7228	4689	5	12	1.6464E7
0	7215	4685	5	12	1.6465E7
0	7202	4684	5	12	1.6466E7
0	7189	4684	5	13	1.6467E7
0	7175	4684	5	12	1.6468E7
0	7162	4684	5	13	1.6469E7
0	7149	4684	5	12	1.647E7
0	7136	4684	5	13	1.6471E7
0	7123	4684	5	13	1.6472E7
0	7110	4685	5	13	1.6473E7
0	7097	4685	5	12	1.6474E7
0	7084	4685	5	12	1.6475E7
0	7071	4685	5	12	1.6476E7
0	7058	4685	5	12	1.6477E7
0	7045	4685	5	13	1.6478E7
0	7032	4686	5	12	1.6479E7
0	7019	4686	5	11	1.648E7
0	7010	4686	5	8	1.6481E7
0	7003	4686	5	5	1.6482E7
0	6999	4686	5	3	1.6483E7
0	6996	4686	5	1	1.6484E7
0	6995	4686	5	0	1.6485E7
0	6995	4686	5	0	1.6486E7
0	6995	4686	5	0	1.6487E7
0	6995	4686	5	0	1.6488E7
0	6994	4686	5	0	1.6489E7
0	6994	4686	5	0	1.649E7
0	6994	4686	5	0	1.6491E7
0	6994	4686	5	0	1.6492E7
0	6994	4686	5	0	1.6493E7
0	6994	4686	5	0	1.6494E7
0	6994	4686	5	0	1.6495E7
0	6994	4686	5	0	1.6496E7
0	6994	4686	5	0	1.6497E7
0	6994	4686	5	0	1.6498E7
0	6994	4686	5	0	1.6499E7
0	6994	4686	5	0	1.65E7
0	6994	4686	5	0	1.6501E7
0	6994	4686	5	0	1.6502E7
0	6994	4686	5	0	1.6503E7
0	6994	4686	5	0	1.6504E7
0	6994	4686	5	0	1.6505E7
0	6994	4686	5	0	1.6506E7
0	6994	4686	5	0	1.6507E7
0	6994	4686	5	0	1.6508E7
0	6994	4686	5	0	1.6509E7
0	6994	4686	5	0	1.651E7
0	6994	4686	5	0	1.6511E7
0	6994	4686	5	0	1.6512E7
0	6994	4686	5	0	1.6513E7
0	6994	4686	5	0	1.6514E7
0	6994	4686	5	0	1.6515E7
0	6994	4686	5	0	1.6516E7
0	6993	4686	5	2	1.6517E7
0	6990	4686	5	4	1.6518E7
0	6985	4684	5	6	1.6519E7
0	6983	4677	4	8	1.652E7
0	6982	4667	3	10	1.6521E7
0	6980	4656	3	12	1.6522E7
0	6978	4643	3	13	1.6523E7
0	6978	4631	3	11	1.6524E7
0	6977	4621	3	8	1.6525E7
0	6977	4614	3	5	1.6526E7
0	6977	4609	3	3	1.6527E7
0	6977	4607	3	1	1.6528E7
0	6977	4606	3	0	1.6529E7
0	6977	4605	3	0	1.653E7
0	6977	4605	3	0	1.6531E7
0	6977	4605	3	0	1.6532E7
0	6977	4605	3	0	1.6533E7
0	6977	4605	3	0	1.6534E7
0	6977	4605	3	0	1.6535E7
0	6977	4605	3	0	1.6536E7
0	6977	4605	3	0	1.6537E7
0	6977	4605	3	0	1.6538E7
0	6977	4605	3	0	1.6539E7
0	6977	4605	3	0	1.654E7
0	6977	4605	3	0	1.6541E7
0	6977	4605	3	0	1.6542E7
0	6977	4605	3	0	1.6543E7
0	6977	4605	3	0	1.6544E7
0	6977	4605	3	0	1.6545E7
0	6977	4605	3	0	1.6546E7
0	6977	4605	3	0	1.6547E7
0	6977	4605	3	0	1.6548E7
0	6977	4605	3	0	1.6549E7
0	6977	4605	3	0	1.655E7
0	6977	4605	3	0	1.6551E7
0	6977	4605	3	0	1.6552E7
0	6977	4605	3	0	1.6553E7
0	6977	4605	3	0	1.6554E7
0	6977	4605	3	0	1.6555E7
0	6977	4605	3	0	1.6556E7
0	6977	4605	3	0	1.6557E7
0	6977	4605	3	0	1.6558E7
0	6977	4605	3	0	1.6559E7
0	6977	4605	3	0	1.656E7
0	6977	4605	3	0	1.6561E7
0	6976	4604	3	1	1.6562E7
0	6976	4602	3	2	1.6563E7
0	6976	4598	3	4	1.6564E7
0	6976	4592	3	6	1.6565E7
0	6976	4585	3	8	1.6566E7
0	6983	4580	2	10	1.6567E7
0	6995	4578	1	12	1.6568E7
0	7008	4576	1	12	1.6569E7
0	7020	4571	2	12	1.657E7
0	7031	4562	2	13	1.6571E7
0	7034	4550	3	12	1.6572E7
0	7033	4539	3	9	1.6573E7
0	7033	4532	3	6	1.6574E7
0	7033	4527	3	3	1.6575E7
0	7033	4524	3	0	1.6576E7
0	7033	4524	3	0	1.6577E7
0	7033	4524	3	0	1.6578E7
0	7033	4524	3	0	1.6579E7
0	7033	4524	3	0	1.658E7
0	7033	4524	3	0	1.6581E7
0	7033	4524	3	0	1.6582E7
0	7033	4524	3	0	1.6583E7
0	7033	4524	3	0	1.6584E7
0	7033	4524	3	0	1.6585E7
0	7033	4524	3	0	1.6586E7
0	7033	4524	3	0	1.6587E7
0	7033	4524	3	0	1.6588E7
0	7033	4524	3	0	1.6589E7
0	7033	4524	3	0	1.659E7
0	7033	4524	3	0	1.6591E7
0	7033	4524	3	0	1.6592E7
0	7033	4524	3	0	1.6593E7
0	7033	4524	3	0	1.6594E7
0	7033	4524	3	0	1.6595E7
0	7033	4524	3	0	1.6596E7
0	7033	4522	3	2	1.6597E7
0	7029	4517	3	4	1.6598E7
0	7029	4511	3	6	1.6599E7
0	7029	4503	3	8	1.66E7
0	7028	4494	3	10	1.6601E7
0	7027	4482	3	12	1.6602E7
0	7026	4469	3	12	1.6603E7
0	7026	4456	3	12	1.6604E7
0	7025	4443	3	12	1.6605E7
0	7025	4431	3	11	1.6606E7
0	7024	4420	3	8	1.6607E7
0	7024	4413	3	5	1.6608E7
0	7024	4409	3	3	1.6609E7
0	7024	4406	3	1	1.661E7
0	7024	4405	3	0	1.6611E7
0	7024	4405	3	0	1.6612E7
0	7024	4404	3	0	1.6613E7
0	7024	4404	3	0	1.6614E7
0	7024	4404	3	0	1.6615E7
0	7024	4404	3	0	1.6616E7
0	7024	4404	3	0	1.6617E7
0	7024	4404	3	0	1.6618E7
0	7024	4404	3	0	1.6619E7
0	7024	4404	3	0	1.662E7
0	7024	4404	3	0	1.6621E7
0	7024	4404	3	0	1.6622E7
0	7024	4404	3	0	1.6623E7
0	7024	4404	3	0	1.6624E7
0	7024	4404	3	0	1.6625E7
0	7024	4404	3	0	1.6626E7
0	7024	4404	3	0	1.6627E7
0	7024	4404	3	0	1.6628E7
0	7024	4404	3	0	1.6629E7
0	7024	4404	3	0	1.663E7
0	7024	4404	3	0	1.6631E7
0	7024	4404	3	0	1.6632E7
0	7024	4404	3	0	1.6633E7
0	7024	4404	3	0	1.6634E7
0	7024	4404	3	0	1.6635E7
0	7024	4404	3	0	1.6636E7
0	7024	4404	3	0	1.6637E7
0	7024	4404	3	0	1.6638E7
0	7024	4404	3	0	1.6639E7
0	7024	4404	3	0	1.664E7
0	7024	4404	3	0	1.6641E7
0	7023	4403	3	2	1.6642E7
0	7023	4399	3	4	1.6643E7
0	7018	4395	4	7	1.6644E7
0	7011	4390	4	8	1.6645E7
0	7001	4388	5	10	1.6646E7
0	6990	4387	5	9	1.6647E7
0	6982	4386	5	6	1.6648E7
0	6977	4385	5	4	1.6649E7
0	6974	4385	5	2	1.665E7
0	6972	4384	5	1	1.6651E7
0	6971	4384	5	0	1.6652E7
0	6971	4384	5	0	1.6653E7
0	6971	4384	5	0	1.6654E7
0	6971	4384	5	0	1.6655E7
0	6971	4384	5	0	1.6656E7
0	6971	4384	5	0	1.6657E7
0	6971	4384	5	0	1.6658E7
0	6971	4384	5	0	1.6659E7
0	6971	4384	5	0	1.666E7
0	6971	4384	5	0	1.6661E7
0	6971	4384	5	0	1.6662E7
0	6971	4384	5	0	1.6663E7
0	6971	4384	5	0	1.6664E7
0	6971	4384	5	0	1.6665E7
0	6971	4384	5	0	1.6666E7
0	6971	4384	5	0	1.6667E7
0	6971	4384	5	0	1.6668E7
0	6971	4384	5	0	1.6669E7
0	6971	4384	5	0	1.667E7
0	6971	4384	5	0	1.6671E7
0	6971	4384	5	0	1.6672E7
0	6971	4384	5	0	1.6673E7
0	6971	4384	5	0	1.6674E7
0	6971	4384	5	0	1.6675E7
0	6971	4384	5	0	1.6676E7
0	6971	4384	5	0	1.6677E7
0	6971	4384	5	0	1.6678E7
0	6971	4384	5	0	1.6679E7
0	6971	4384	5	0	1.668E7
0	6971	4384	5	0	1.6681E7
0	6971	4384	5	0	1.6682E7
0	6971	4384	5	0	1.6683E7
0	6971	4384	5	0	1.6684E7
0	6971	4384	5	0	1.6685E7
0	6971	4384	5	0	1.6686E7
0	6971	4384	5	0	1.6687E7
0	6971	4384	5	0	1.6688E7
0	6971	4384	5	0	1.6689E7
0	6971	4384	5	0	1.669E7
0	6971	4384	5	0	1.6691E7
0	6971	4384	5	0	1.6692E7
0	6971	4384	5	0	1.6693E7
0	6971	4384	5	0	1.6694E7
0	6971	4384	5	0	1.6695E7
0	6971	4384	5	0	1.6696E7
0	6969	4384	5	2	1.6697E7
0	6967	4382	5	4	1.6698E7
0	6966	4377	4	6	1.6699E7
0	6966	4369	3	8	1.67E7
0	6967	4360	3	10	1.6701E7
0	6968	4349	3	12	1.6702E7
0	6968	4336	3	13	1.6703E7
0	6969	4324	3	13	1.6704E7
0	6970	4311	3	12	1.6705E7
0	6971	4299	3	10	1.6706E7
0	6972	4291	3	7	1.6707E7
0	6973	4286	3	4	1.6708E7
0	6973	4283	3	2	1.6709E7
0	6974	4281	3	1	1.671E7
0	6974	4280	3	0	1.6711E7
0	6974	4280	3	0	1.6712E7
0	6975	4280	3	0	1.6713E7
0	6975	4280	3	0	1.6714E7
0	6975	4280	3	0	1.6715E7
0	6975	4280	3	0	1.6716E7
0	6975	4280	3	0	1.6717E7
0	6975	4280	3	0	1.6718E7
0	6975	4280	3	0	1.6719E7
0	6975	4280	3	0	1.672E7
0	6975	4280	3	0	1.6721E7
0	6975	4280	3	0	1.6722E7
0	6975	4280	3	0	1.6723E7
0	6975	4280	3	0	1.6724E7
0	6975	4280	3	0	1.6725E7
0	6975	4280	3	0	1.6726E7
0	6975	4280	3	0	1.6727E7
0	6975	4280	3	0	1.6728E7
0	6975	4280	3	0	1.6729E7
0	6975	4280	3	0	1.673E7
0	6975	4280	3	0	1.6731E7
0	6975	4280	3	0	1.6732E7
0	6975	4280	3	0	1.6733E7
0	6975	4280	3	0	1.6734E7
0	6975	4280	3	0	1.6735E7
0	6975	4280	3	0	1.6736E7
0	6975	4280	3	0	1.6737E7
0	6975	4280	3	0	1.6738E7
0	6975	4280	3	0	1.6739E7
0	6975	4280	3	0	1.674E7
0	6975	4280	3	0	1.6741E7
0	6975	4279	3	2	1.6742E7
0	6977	4276	3	4	1.6743E7
0	6979	4271	2	6	1.6744E7
0	6984	4266	2	8	1.6745E7
0	6993	4263	1	10	1.6746E7
0	7005	4260	1	12	1.6747E7
0	7017	4256	1	13	1.6748E7
0	7030	4253	1	12	1.6749E7
0	7042	4249	1	13	1.675E7
0	7054	4245	1	13	1.6751E7
0	7066	4240	1	12	1.6752E7
0	7079	4236	1	12	1.6753E7
0	7091	4231	1	12	1.6754E7
0	7103	4226	2	13	1.6755E7
0	7115	4221	2	13	1.6756E7
0	7127	4216	2	13	1.6757E7
0	7140	4213	2	13	1.6758E7
0	7152	4208	2	12	1.6759E7
0	7163	4202	2	12	1.676E7
0	7175	4197	2	12	1.6761E7
0	7187	4191	2	13	1.6762E7
0	7199	4186	2	12	1.6763E7
0	7210	4180	2	13	1.6764E7
0	7222	4174	2	13	1.6765E7
0	7233	4169	2	12	1.6766E7
0	7245	4163	2	13	1.6767E7
0	7256	4157	2	11	1.6768E7
0	7265	4153	2	8	1.6769E7
0	7272	4150	2	5	1.677E7
0	7276	4149	1	3	1.6771E7
0	7279	4149	1	1	1.6772E7
0	7280	4149	1	0	1.6773E7
0	7280	4149	1	0	1.6774E7
0	7280	4149	1	0	1.6775E7
0	7280	4149	1	0	1.6776E7
0	7281	4149	1	0	1.6777E7
0	7281	4149	1	0	1.6778E7
0	7281	4149	1	0	1.6779E7
0	7281	4149	1	0	1.678E7
0	7281	4149	1	0	1.6781E7
0	7281	4149	1	0	1.6782E7
0	7281	4149	1	0	1.6783E7
0	7281	4149	1	0	1.6784E7
0	7281	4149	1	0	1.6785E7
0	7281	4149	1	0	1.6786E7
0	7282	4149	1	2	1.6787E7
0	7286	4150	1	4	1.6788E7
0	7289	4154	8	6	1.6789E7
0	7295	4160	8	8	1.679E7
0	7298	4169	8	10	1.6791E7
0	7302	4179	7	12	1.6792E7
0	7306	4192	7	13	1.6793E7
0	7311	4204	7	13	1.6794E7
0	7315	4216	7	13	1.6795E7
0	7327	4224	8	13	1.6796E7
0	7340	4223	1	13	1.6797E7
0	7352	4228	8	12	1.6798E7
0	7360	4237	8	12	1.6799E7
0	7369	4247	8	13	1.68E7
0	7378	4257	8	13	1.6801E7
0	7387	4266	8	13	1.6802E7
0	7397	4274	8	13	1.6803E7
0	7408	4282	8	13	1.6804E7
0	7418	4290	8	12	1.6805E7
0	7426	4299	8	13	1.6806E7
0	7434	4310	8	13	1.6807E7
0	7440	4321	8	12	1.6808E7
0	7447	4333	8	13	1.6809E7
0	7453	4344	8	12	1.681E7
0	7460	4355	8	12	1.6811E7
0	7467	4366	8	13	1.6812E7
0	7478	4371	1	13	1.6813E7
0	7491	4370	1	13	1.6814E7
0	7504	4370	1	13	1.6815E7
0	7512	4381	8	13	1.6816E7
0	7519	4392	8	13	1.6817E7
0	7526	4403	8	13	1.6818E7
0	7534	4413	8	13	1.6819E7
0	7542	4423	8	13	1.682E7
0	7549	4436	8	13	1.6821E7
0	7559	4445	8	13	1.6822E7
0	7568	4455	8	13	1.6823E7
0	7577	4463	8	12	1.6824E7
0	7587	4470	8	10	1.6825E7
0	7594	4475	8	7	1.6826E7
0	7599	4478	8	4	1.6827E7
0	7602	4479	8	2	1.6828E7
0	7604	4481	8	1	1.6829E7
0	7604	4481	8	0	1.683E7
0	7605	4481	8	0	1.6831E7
0	7605	4481	8	0	1.6832E7
0	7605	4481	8	0	1.6833E7
0	7605	4481	8	0	1.6834E7
0	7605	4481	8	0	1.6835E7
0	7605	4481	8	0	1.6836E7
0	7605	4481	8	0	1.6837E7
0	7605	4481	8	0	1.6838E7
0	7605	4481	8	0	1.6839E7
0	7605	4481	8	0	1.684E7
0	7605	4481	8	0	1.6841E7
0	7605	4481	8	0	1.6842E7
0	7606	4482	8	2	1.6843E7
0	7608	4483	8	3	1.6844E7
0	7613	4486	8	5	1.6845E7
0	7617	4488	8	3	1.6846E7
0	7619	4489	8	0	1.6847E7
0	7619	4489	8	0	1.6848E7
0	7619	4489	8	0	1.6849E7
0	7619	4489	8	0	1.685E7
0	7619	4489	8	0	1.6851E7
0	7619	4489	8	0	1.6852E7
0	7619	4489	8	0	1.6853E7
0	7619	4489	8	0	1.6854E7
0	7619	4489	8	0	1.6855E7
0	7619	4489	8	0	1.6856E7
0	7619	4489	8	0	1.6857E7
0	7619	4489	8	0	1.6858E7
0	7619	4489	8	0	1.6859E7
0	7619	4489	8	0	1.686E7
0	7619	4489	8	0	1.6861E7
0	7619	4489	8	0	1.6862E7
0	7619	4489	8	0	1.6863E7
0	7619	4489	8	0	1.6864E7
0	7619	4489	8	0	1.6865E7
0	7619	4489	8	0	1.6866E7
0	7621	4486	8	0	1.6867E7
0	7622	4487	8	3	1.6868E7
0	7626	4489	8	5	1.6869E7
0	7632	4492	8	6	1.687E7
0	7639	4496	8	8	1.6871E7
0	7648	4500	8	10	1.6872E7
0	7660	4500	1	12	1.6873E7
0	7673	4497	1	12	1.6874E7
0	7685	4493	1	12	1.6875E7
0	7698	4490	1	12	1.6876E7
0	7710	4486	1	13	1.6877E7
0	7723	4483	1	12	1.6878E7
0	7735	4479	1	12	1.6879E7
0	7748	4476	1	12	1.688E7
0	7760	4473	1	12	1.6881E7
0	7773	4470	1	12	1.6882E7
0	7786	4467	1	13	1.6883E7
0	7798	4464	1	12	1.6884E7
0	7811	4461	1	13	1.6885E7
0	7824	4457	1	13	1.6886E7
0	7837	4457	1	12	1.6887E7
0	7850	4454	1	13	1.6888E7
0	7862	4449	1	12	1.6889E7
0	7874	4443	2	12	1.689E7
0	7885	4436	2	12	1.6891E7
0	7897	4430	2	13	1.6892E7
0	7908	4424	2	12	1.6893E7
0	7920	4418	2	12	1.6894E7
0	7932	4412	2	12	1.6895E7
0	7943	4406	2	12	1.6896E7
0	7954	4398	2	13	1.6897E7
0	7964	4390	2	12	1.6898E7
0	7972	4383	2	9	1.6899E7
0	7978	4378	2	6	1.69E7
0	7982	4374	2	4	1.6901E7
0	7984	4372	2	2	1.6902E7
0	7986	4371	2	2	1.6903E7
0	7987	4369	2	2	1.6904E7
0	7990	4367	2	4	1.6905E7
0	7994	4363	2	5	1.6906E7
0	7997	4361	2	2	1.6907E7
0	7998	4360	2	0	1.6908E7
0	7998	4360	2	0	1.6909E7
0	7998	4360	2	0	1.691E7
0	7998	4360	2	0	1.6911E7
0	7998	4360	2	0	1.6912E7
0	7998	4360	2	0	1.6913E7
0	7998	4360	2	0	1.6914E7
0	7998	4360	2	0	1.6915E7
0	7998	4360	2	0	1.6916E7
0	7998	4360	2	0	1.6917E7
0	7998	4360	2	0	1.6918E7
0	7998	4360	2	0	1.6919E7
0	7998	4360	2	0	1.692E7
0	7998	4360	2	0	1.6921E7
0	7998	4360	2	0	1.6922E7
0	7998	4360	2	0	1.6923E7
0	7998	4360	2	0	1.6924E7
0	7998	4360	2	0	1.6925E7
0	7998	4360	2	0	1.6926E7
0	7998	4360	2	0	1.6927E7
0	7998	4359	2	1	1.6928E7
0	8001	4357	2	3	1.6929E7
0	8004	4354	2	5	1.693E7
0	8009	4350	2	7	1.6931E7
0	8015	4344	2	9	1.6932E7
0	8023	4337	2	11	1.6933E7
0	8032	4328	2	13	1.6934E7
0	8040	4319	2	12	1.6935E7
0	8049	4310	2	12	1.6936E7
0	8058	4300	2	12	1.6937E7
0	8066	4291	2	12	1.6938E7
0	8075	4281	2	13	1.6939E7
0	8087	4276	2	12	1.694E7
0	8099	4274	1	12	1.6941E7
0	8112	4273	1	12	1.6942E7
0	8125	4273	1	12	1.6943E7
0	8138	4275	1	13	1.6944E7
0	8150	4277	1	12	1.6945E7
0	8163	4280	1	13	1.6946E7
0	8175	4283	1	12	1.6947E7
0	8185	4286	1	9	1.6948E7
0	8192	4288	1	6	1.6949E7
0	8197	4289	1	3	1.695E7
0	8199	4290	1	1	1.6951E7
0	8201	4290	1	0	1.6952E7
0	8201	4291	1	0	1.6953E7
0	8201	4291	1	0	1.6954E7
0	8201	4291	1	0	1.6955E7
0	8201	4291	1	0	1.6956E7
0	8201	4291	1	0	1.6957E7
0	8201	4291	1	0	1.6958E7
0	8201	4291	1	0	1.6959E7
0	8201	4291	1	0	1.696E7
0	8201	4291	1	0	1.6961E7
0	8202	4291	1	1	1.6962E7
0	8204	4291	1	2	1.6963E7
0	8208	4293	1	4	1.6964E7
0	8213	4294	1	6	1.6965E7
0	8219	4298	8	8	1.6966E7
0	8219	4308	7	10	1.6967E7
0	8221	4319	7	11	1.6968E7
0	8225	4328	7	8	1.6969E7
0	8229	4333	8	5	1.697E7
0	8232	4337	8	3	1.6971E7
0	8233	4338	8	0	1.6972E7
0	8233	4338	8	0	1.6973E7
0	8233	4338	8	0	1.6974E7
0	8233	4338	8	0	1.6975E7
0	8233	4338	8	0	1.6976E7
0	8233	4338	8	0	1.6977E7
0	8233	4338	8	0	1.6978E7
0	8233	4338	8	0	1.6979E7
0	8233	4338	8	0	1.698E7
0	8233	4338	8	0	1.6981E7
0	8233	4338	8	0	1.6982E7
0	8233	4338	8	0	1.6983E7
0	8233	4338	8	0	1.6984E7
0	8233	4338	8	0	1.6985E7
0	8233	4338	8	0	1.6986E7
0	8233	4338	8	0	1.6987E7
0	8233	4338	8	0	1.6988E7
0	8233	4338	8	0	1.6989E7
0	8233	4338	8	0	1.699E7
0	8233	4338	8	0	1.6991E7
0	8233	4338	8	1	1.6992E7
0	8235	4340	8	3	1.6993E7
0	8237	4343	8	4	1.6994E7
0	8241	4347	8	6	1.6995E7
0	8246	4353	8	8	1.6996E7
0	8253	4360	8	10	1.6997E7
0	8253	4369	7	12	1.6998E7
0	8250	4382	7	13	1.6999E7
0	8246	4394	7	12	1.7E7
0	8237	4403	6	13	1.7001E7
0	8228	4412	6	13	1.7002E7
0	8219	4422	6	13	1.7003E7
0	8210	4431	6	13	1.7004E7
0	8201	4440	6	13	1.7005E7
0	8192	4449	6	13	1.7006E7
0	8183	4458	6	13	1.7007E7
0	8173	4466	6	13	1.7008E7
0	8163	4475	6	13	1.7009E7
0	8153	4483	6	12	1.701E7
0	8143	4489	6	9	1.7011E7
0	8137	4493	6	6	1.7012E7
0	8132	4496	6	4	1.7013E7
0	8129	4497	6	1	1.7014E7
0	8129	4497	6	0	1.7015E7
0	8129	4497	6	0	1.7016E7
0	8129	4497	6	0	1.7017E7
0	8129	4497	6	0	1.7018E7
0	8129	4497	6	0	1.7019E7
0	8129	4497	6	0	1.702E7
0	8129	4497	6	0	1.7021E7
0	8129	4497	6	0	1.7022E7
0	8129	4497	6	0	1.7023E7
0	8129	4497	6	0	1.7024E7
0	8129	4497	6	0	1.7025E7
0	8129	4497	6	0	1.7026E7
0	8129	4497	6	0	1.7027E7
0	8129	4497	6	0	1.7028E7
0	8129	4497	6	0	1.7029E7
0	8129	4497	6	0	1.703E7
0	8129	4497	6	0	1.7031E7
0	8129	4497	6	0	1.7032E7
0	8129	4497	6	0	1.7033E7
0	8129	4497	6	0	1.7034E7
0	8127	4497	6	2	1.7035E7
0	8124	4498	5	4	1.7036E7
0	8119	4500	5	6	1.7037E7
0	8111	4501	5	8	1.7038E7
0	8102	4503	5	10	1.7039E7
0	8091	4505	5	12	1.704E7
0	8078	4508	5	12	1.7041E7
0	8066	4510	5	10	1.7042E7
0	8058	4512	5	7	1.7043E7
0	8052	4513	5	4	1.7044E7
0	8049	4514	5	2	1.7045E7
0	8049	4514	5	0	1.7046E7
0	8049	4514	5	0	1.7047E7
0	8049	4514	5	0	1.7048E7
0	8049	4514	5	0	1.7049E7
0	8049	4514	5	0	1.705E7
0	8049	4514	5	0	1.7051E7
0	8049	4514	5	0	1.7052E7
0	8049	4514	5	0	1.7053E7
0	8049	4514	5	0	1.7054E7
0	8049	4514	5	0	1.7055E7
0	8049	4514	5	0	1.7056E7
0	8049	4514	5	0	1.7057E7
0	8049	4514	5	0	1.7058E7
0	8049	4514	5	0	1.7059E7
0	8049	4514	5	0	1.706E7
0	8049	4514	5	0	1.7061E7
0	8049	4514	5	0	1.7062E7
0	8049	4514	5	0	1.7063E7
0	8049	4514	5	0	1.7064E7
0	8049	4514	5	0	1.7065E7
0	8047	4514	5	2	1.7066E7
0	8044	4515	5	4	1.7067E7
0	8039	4516	5	6	1.7068E7
0	8032	4517	5	7	1.7069E7
0	8023	4519	5	9	1.707E7
0	8012	4521	5	11	1.7071E7
0	7999	4524	5	12	1.7072E7
0	7986	4526	5	12	1.7073E7
0	7979	4531	5	13	1.7074E7
0	7966	4534	5	13	1.7075E7
0	7954	4536	5	13	1.7076E7
0	7941	4539	5	13	1.7077E7
0	7928	4541	5	12	1.7078E7
0	7915	4543	5	12	1.7079E7
0	7903	4546	5	12	1.708E7
0	7890	4548	5	13	1.7081E7
0	7877	4551	5	13	1.7082E7
0	7865	4555	5	12	1.7083E7
0	7854	4561	6	13	1.7084E7
0	7844	4570	6	13	1.7085E7
0	7842	4582	7	12	1.7086E7
0	7844	4595	7	12	1.7087E7
0	7846	4607	7	13	1.7088E7
0	7858	4612	8	13	1.7089E7
0	7870	4615	1	13	1.709E7
0	7883	4614	1	12	1.7091E7
0	7896	4613	1	12	1.7092E7
0	7909	4612	1	13	1.7093E7
0	7922	4611	1	13	1.7094E7
0	7935	4610	1	12	1.7095E7
0	7948	4608	1	13	1.7096E7
0	7961	4607	1	13	1.7097E7
0	7974	4605	1	13	1.7098E7
0	7987	4604	1	13	1.7099E7
0	8000	4603	1	13	1.71E7
0	8013	4604	1	13	1.7101E7
0	8026	4603	1	13	1.7102E7
0	8039	4602	1	12	1.7103E7
0	8052	4600	1	12	1.7104E7
0	8065	4599	1	12	1.7105E7
0	8078	4597	1	12	1.7106E7
0	8091	4595	1	13	1.7107E7
0	8104	4594	1	13	1.7108E7
0	8117	4592	1	12	1.7109E7
0	8130	4591	1	12	1.711E7
0	8142	4588	1	13	1.7111E7
0	8153	4586	1	9	1.7112E7
0	8161	4583	1	6	1.7113E7
0	8166	4582	1	4	1.7114E7
0	8169	4581	1	1	1.7115E7
0	8170	4581	1	0	1.7116E7
0	8170	4581	1	0	1.7117E7
0	8170	4581	1	0	1.7118E7
0	8170	4581	1	0	1.7119E7
0	8170	4581	1	0	1.712E7
0	8170	4581	1	0	1.7121E7
0	8170	4581	1	0	1.7122E7
0	8170	4581	1	0	1.7123E7
0	8170	4581	1	0	1.7124E7
0	8170	4581	1	0	1.7125E7
0	8170	4581	1	0	1.7126E7
0	8170	4581	1	0	1.7127E7
0	8170	4581	1	0	1.7128E7
0	8170	4581	1	0	1.7129E7
0	8170	4581	1	0	1.713E7
0	8170	4581	1	0	1.7131E7
0	8170	4581	1	0	1.7132E7
0	8170	4581	1	0	1.7133E7
0	8170	4581	1	0	1.7134E7
0	8170	4581	1	0	1.7135E7
0	8171	4580	1	2	1.7136E7
0	8174	4579	1	4	1.7137E7
0	8180	4578	1	6	1.7138E7
0	8187	4575	1	8	1.7139E7
0	8195	4572	1	10	1.714E7
0	8206	4568	2	12	1.7141E7
0	8217	4562	2	12	1.7142E7
0	8229	4557	2	12	1.7143E7
0	8241	4552	2	12	1.7144E7
0	8253	4546	2	12	1.7145E7
0	8265	4541	2	13	1.7146E7
0	8276	4535	2	13	1.7147E7
0	8288	4529	2	12	1.7148E7
0	8300	4523	2	12	1.7149E7
0	8311	4517	2	13	1.715E7
0	8323	4511	2	13	1.7151E7
0	8334	4505	2	13	1.7152E7
0	8345	4498	2	13	1.7153E7
0	8356	4491	2	12	1.7154E7
0	8367	4483	2	13	1.7155E7
0	8378	4476	2	13	1.7156E7
0	8389	4469	2	13	1.7157E7
0	8400	4464	2	12	1.7158E7
0	8412	4459	1	12	1.7159E7
0	8425	4455	1	12	1.716E7
0	8437	4452	1	13	1.7161E7
0	8450	4449	1	12	1.7162E7
0	8463	4447	1	12	1.7163E7
0	8476	4445	1	13	1.7164E7
0	8488	4444	1	12	1.7165E7
0	8499	4443	1	9	1.7166E7
0	8507	4443	1	6	1.7167E7
0	8512	4442	1	3	1.7168E7
0	8515	4442	1	1	1.7169E7
0	8515	4442	1	0	1.717E7
0	8515	4442	1	0	1.7171E7
0	8515	4442	1	0	1.7172E7
0	8515	4442	1	0	1.7173E7
0	8515	4442	1	0	1.7174E7
0	8515	4442	1	0	1.7175E7
0	8515	4442	1	0	1.7176E7
0	8515	4442	1	0	1.7177E7
0	8515	4442	1	0	1.7178E7
0	8515	4442	1	0	1.7179E7
0	8515	4442	1	0	1.718E7
0	8515	4442	1	0	1.7181E7
0	8515	4442	1	0	1.7182E7
0	8515	4442	1	0	1.7183E7
0	8515	4442	1	0	1.7184E7
0	8515	4442	1	0	1.7185E7
0	8515	4442	1	0	1.7186E7
0	8515	4442	1	0	1.7187E7
0	8515	4442	1	0	1.7188E7
0	8515	4442	1	0	1.7189E7
0	8517	4442	1	2	1.719E7
0	8520	4441	1	4	1.7191E7
0	8526	4441	1	6	1.7192E7
0	8534	4440	1	8	1.7193E7
0	8543	4439	1	10	1.7194E7
0	8555	4438	1	12	1.7195E7
0	8568	4435	1	12	1.7196E7
0	8580	4431	1	12	1.7197E7
0	8592	4428	1	12	1.7198E7
0	8605	4425	1	12	1.7199E7
0	8617	4422	1	11	1.72E7
0	8627	4421	1	9	1.7201E7
0	8637	4422	1	11	1.7202E7
0	8649	4423	1	13	1.7203E7
0	8662	4425	1	13	1.7204E7
0	8675	4428	1	12	1.7205E7
0	8688	4430	1	13	1.7206E7
0	8700	4432	1	12	1.7207E7
0	8713	4434	1	12	1.7208E7
0	8726	4435	1	13	1.7209E7
0	8740	4435	1	13	1.721E7
0	8753	4434	1	12	1.7211E7
0	8766	4431	1	12	1.7212E7
0	8778	4427	1	13	1.7213E7
0	8790	4422	2	13	1.7214E7
0	8802	4416	2	12	1.7215E7
0	8812	4409	2	12	1.7216E7
0	8822	4400	2	12	1.7217E7
0	8832	4391	2	12	1.7218E7
0	8840	4382	2	13	1.7219E7
0	8848	4372	2	12	1.722E7
0	8857	4362	2	12	1.7221E7
0	8866	4352	2	12	1.7222E7
0	8876	4344	2	13	1.7223E7
0	8887	4337	2	13	1.7224E7
0	8898	4331	2	13	1.7225E7
0	8911	4327	1	13	1.7226E7
0	8923	4322	1	12	1.7227E7
0	8934	4318	1	10	1.7228E7
0	8942	4315	1	7	1.7229E7
0	8948	4314	1	4	1.723E7
0	8951	4313	1	2	1.7231E7
0	8952	4312	1	0	1.7232E7
0	8952	4312	1	0	1.7233E7
0	8952	4312	1	0	1.7234E7
0	8952	4312	1	0	1.7235E7
0	8952	4312	1	0	1.7236E7
0	8952	4312	1	0	1.7237E7
0	8952	4312	1	0	1.7238E7
0	8952	4312	1	0	1.7239E7
0	8952	4312	1	0	1.724E7
0	8952	4312	1	0	1.7241E7
0	8952	4312	1	0	1.7242E7
0	8952	4312	1	0	1.7243E7
0	8952	4312	1	0	1.7244E7
0	8952	4312	1	0	1.7245E7
0	8952	4312	1	0	1.7246E7
0	8952	4312	1	0	1.7247E7
0	8952	4312	1	0	1.7248E7
0	8952	4312	1	0	1.7249E7
0	8952	4312	1	0	1.725E7
0	8952	4312	1	0	1.7251E7
0	8952	4312	1	1	1.7252E7
0	8955	4311	1	4	1.7253E7
0	8960	4310	1	5	1.7254E7
0	8967	4307	1	7	1.7255E7
0	8975	4305	1	10	1.7256E7
0	8986	4301	1	12	1.7257E7
0	8998	4298	1	13	1.7258E7
0	9011	4294	1	12	1.7259E7
0	9023	4290	1	13	1.726E7
0	9036	4286	1	12	1.7261E7
0	9048	4282	1	12	1.7262E7
0	9060	4277	1	13	1.7263E7
0	9073	4273	1	12	1.7264E7
0	9085	4269	1	12	1.7265E7
0	9097	4265	1	13	1.7266E7
0	9110	4261	1	12	1.7267E7
0	9122	4257	1	12	1.7268E7
0	9134	4253	1	12	1.7269E7
0	9147	4249	1	13	1.727E7
0	9159	4244	1	13	1.7271E7
0	9171	4240	1	12	1.7272E7
0	9184	4236	1	12	1.7273E7
0	9196	4232	1	12	1.7274E7
0	9208	4228	1	12	1.7275E7
0	9220	4224	1	13	1.7276E7
0	9233	4219	1	13	1.7277E7
0	9245	4215	1	13	1.7278E7
0	9257	4211	1	12	1.7279E7
0	9270	4207	1	12	1.728E7
0	9282	4203	1	13	1.7281E7
0	9294	4199	1	12	1.7282E7
0	9307	4195	1	12	1.7283E7
0	9319	4190	1	12	1.7284E7
0	9331	4186	1	12	1.7285E7
0	9344	4182	1	12	1.7286E7
0	9356	4178	1	12	1.7287E7
0	9368	4174	1	12	1.7288E7
0	9381	4170	1	13	1.7289E7
0	9393	4165	1	13	1.729E7
0	9405	4161	1	12	1.7291E7
0	9418	4157	1	12	1.7292E7
0	9430	4154	1	12	1.7293E7
0	9442	4150	1	12	1.7294E7
0	9453	4146	1	9	1.7295E7
0	9461	4144	1	6	1.7296E7
0	9466	4142	1	4	1.7297E7
0	9469	4141	1	1	1.7298E7
0	9470	4141	1	0	1.7299E7
0	9470	4141	1	0	1.73E7
0	9470	4141	1	0	1.7301E7
0	9470	4141	1	0	1.7302E7
0	9470	4141	1	0	1.7303E7
0	9470	4141	1	0	1.7304E7
0	9470	4141	1	0	1.7305E7
0	9470	4141	1	0	1.7306E7
0	9470	4141	1	0	1.7307E7
0	9470	4141	1	0	1.7308E7
0	9470	4141	1	0	1.7309E7
0	9470	4141	1	0	1.731E7
0	9470	4141	1	0	1.7311E7
0	9470	4141	1	0	1.7312E7
0	9470	4141	1	0	1.7313E7
0	9470	4141	1	0	1.7314E7
0	9470	4141	1	0	1.7315E7
0	9470	4141	1	0	1.7316E7
0	9470	4141	1	0	1.7317E7
0	9470	4141	1	0	1.7318E7
0	9471	4141	1	2	1.7319E7
0	9474	4140	1	4	1.732E7
0	9480	4138	1	6	1.7321E7
0	9487	4136	1	8	1.7322E7
0	9497	4133	1	10	1.7323E7
0	9508	4129	1	12	1.7324E7
0	9520	4125	1	12	1.7325E7
0	9532	4121	1	13	1.7326E7
0	9545	4117	1	12	1.7327E7
0	9557	4112	1	13	1.7328E7
0	9569	4108	1	12	1.7329E7
0	9581	4104	1	12	1.733E7
0	9594	4100	1	12	1.7331E7
0	9606	4096	1	13	1.7332E7
0	9618	4091	1	12	1.7333E7
0	9631	4087	1	12	1.7334E7
0	9643	4083	1	13	1.7335E7
0	9655	4079	1	12	1.7336E7
0	9668	4075	1	12	1.7337E7
0	9680	4071	1	12	1.7338E7
0	9692	4066	1	13	1.7339E7
0	9705	4062	1	13	1.734E7
0	9717	4058	1	13	1.7341E7
0	9729	4054	1	13	1.7342E7
0	9742	4050	1	13	1.7343E7
0	9754	4046	1	12	1.7344E7
0	9766	4042	1	13	1.7345E7
0	9779	4038	1	13	1.7346E7
0	9791	4033	1	12	1.7347E7
0	9803	4029	1	13	1.7348E7
0	9816	4025	1	13	1.7349E7
0	9828	4021	1	12	1.735E7
0	9840	4017	1	12	1.7351E7
0	9853	4013	1	13	1.7352E7
0	9865	4009	1	13	1.7353E7
0	9877	4005	1	12	1.7354E7
0	9890	4001	1	12	1.7355E7
0	9902	3997	1	12	1.7356E7
0	9914	3993	1	13	1.7357E7
0	9927	3989	1	13	1.7358E7
0	9939	3985	1	12	1.7359E7
0	9952	3981	1	13	1.736E7
0	9964	3977	1	13	1.7361E7
0	9976	3973	1	13	1.7362E7
0	9989	3969	1	13	1.7363E7
0	10000	3966	1	9	1.7364E7
0	10008	3963	1	6	1.7365E7
0	10013	3961	1	4	1.7366E7
0	10016	3960	1	1	1.7367E7
0	10016	3960	1	0	1.7368E7
0	10016	3960	1	0	1.7369E7
0	10016	3960	1	0	1.737E7
0	10016	3960	1	0	1.7371E7
0	10016	3960	1	0	1.7372E7
0	10016	3960	1	0	1.7373E7
0	10016	3960	1	0	1.7374E7
0	10016	3960	1	0	1.7375E7
0	10016	3960	1	0	1.7376E7
0	10016	3960	1	0	1.7377E7
0	10016	3960	1	0	1.7378E7
0	10016	3960	1	0	1.7379E7
0	10016	3960	1	0	1.738E7
0	10016	3960	1	0	1.7381E7
0	10016	3960	1	0	1.7382E7
0	10016	3960	1	0	1.7383E7
0	10016	3960	1	0	1.7384E7
0	10016	3960	1	0	1.7385E7
0	10016	3960	1	0	1.7386E7
0	10016	3960	1	0	1.7387E7
0	10017	3960	1	2	1.7388E7
0	10021	3958	1	4	1.7389E7
0	10026	3957	1	6	1.739E7
0	10033	3954	1	8	1.7391E7
0	10042	3951	1	10	1.7392E7
0	10053	3948	1	12	1.7393E7
0	10065	3944	1	13	1.7394E7
0	10077	3940	1	12	1.7395E7
0	10090	3935	1	13	1.7396E7
0	10102	3931	1	13	1.7397E7
0	10113	3927	1	10	1.7398E7
0	10122	3924	1	7	1.7399E7
0	10128	3922	1	5	1.74E7
0	10132	3921	1	2	1.7401E7
0	10133	3920	1	1	1.7402E7
0	10134	3920	1	0	1.7403E7
0	10135	3920	1	0	1.7404E7
0	10135	3919	1	0	1.7405E7
0	10135	3919	1	0	1.7406E7
0	10135	3919	1	0	1.7407E7
0	10135	3919	1	0	1.7408E7
0	10135	3919	1	0	1.7409E7
0	10135	3919	1	0	1.741E7
0	10135	3919	1	0	1.7411E7
0	10135	3919	1	0	1.7412E7
0	10135	3919	1	0	1.7413E7
0	10135	3919	1	0	1.7414E7
0	10135	3919	1	0	1.7415E7
0	10135	3919	1	0	1.7416E7
0	10135	3919	1	0	1.7417E7
0	10135	3919	1	0	1.7418E7
0	10135	3919	1	0	1.7419E7
0	10135	3919	1	0	1.742E7
0	10135	3919	1	0	1.7421E7
0	10135	3919	1	0	1.7422E7
0	10135	3919	1	0	1.7423E7
0	10135	3919	1	0	1.7424E7
0	10135	3919	1	0	1.7425E7
0	10135	3919	1	0	1.7426E7
0	10135	3919	1	0	1.7427E7
0	10135	3919	1	0	1.7428E7
0	10135	3919	1	0	1.7429E7
0	10135	3919	1	0	1.743E7
0	10135	3919	1	0	1.7431E7
0	10135	3919	1	0	1.7432E7
0	10135	3919	1	0	1.7433E7
0	10135	3919	1	0	1.7434E7
0	10135	3919	1	0	1.7435E7
0	10135	3919	1	0	1.7436E7
0	10135	3919	1	0	1.7437E7
0	10135	3919	1	0	1.7438E7
0	10135	3919	1	0	1.7439E7
0	10135	3919	1	0	1.744E7
0	10135	3919	1	0	1.7441E7
0	10136	3919	1	2	1.7442E7
0	10140	3918	1	4	1.7443E7
0	10145	3916	1	6	1.7444E7
0	10152	3914	1	8	1.7445E7
0	10161	3911	1	10	1.7446E7
0	10172	3907	1	12	1.7447E7
0	10185	3904	1	13	1.7448E7
0	10197	3900	1	12	1.7449E7
0	10210	3896	1	13	1.745E7
0	10222	3892	1	12	1.7451E7
0	10235	3888	1	12	1.7452E7
0	10247	3885	1	13	1.7453E7
0	10259	3881	1	13	1.7454E7
0	10272	3877	1	12	1.7455E7
0	10284	3873	1	13	1.7456E7
0	10297	3869	1	12	1.7457E7
0	10309	3865	1	12	1.7458E7
0	10320	3862	1	9	1.7459E7
0	10327	3859	1	6	1.746E7
0	10332	3857	1	4	1.7461E7
0	10335	3856	1	1	1.7462E7
0	10335	3856	1	0	1.7463E7
0	10335	3856	1	0	1.7464E7
0	10335	3856	1	0	1.7465E7
0	10335	3856	1	0	1.7466E7
0	10335	3856	1	0	1.7467E7
0	10335	3856	1	0	1.7468E7
0	10335	3856	1	0	1.7469E7
0	10335	3856	1	0	1.747E7
0	10335	3856	1	0	1.7471E7
0	10335	3856	1	0	1.7472E7
0	10335	3856	1	0	1.7473E7
0	10335	3856	1	0	1.7474E7
0	10335	3856	1	0	1.7475E7
0	10335	3856	1	0	1.7476E7
0	10335	3856	1	0	1.7477E7
0	10335	3856	1	0	1.7478E7
0	10335	3856	1	0	1.7479E7
0	10335	3856	1	0	1.748E7
0	10335	3856	1	0	1.7481E7
0	10335	3856	1	0	1.7482E7
0	10336	3856	1	2	1.7483E7
0	10340	3855	1	4	1.7484E7
0	10345	3853	1	6	1.7485E7
0	10352	3851	1	8	1.7486E7
0	10361	3848	1	10	1.7487E7
0	10372	3844	1	12	1.7488E7
0	10384	3839	1	12	1.7489E7
0	10396	3835	1	12	1.749E7
0	10408	3830	1	13	1.7491E7
0	10421	3826	1	13	1.7492E7
0	10433	3822	1	12	1.7493E7
0	10445	3818	1	12	1.7494E7
0	10458	3814	1	13	1.7495E7
0	10470	3810	1	12	1.7496E7
0	10482	3806	1	13	1.7497E7
0	10495	3802	1	12	1.7498E7
0	10507	3798	1	12	1.7499E7
0	10519	3793	1	13	1.75E7
0	10532	3789	1	12	1.7501E7
0	10544	3785	1	12	1.7502E7
0	10556	3781	1	13	1.7503E7
0	10569	3777	1	13	1.7504E7
0	10581	3773	1	13	1.7505E7
0	10593	3769	1	13	1.7506E7
0	10606	3765	1	12	1.7507E7
0	10618	3761	1	13	1.7508E7
0	10630	3757	1	13	1.7509E7
0	10643	3752	1	12	1.751E7
0	10655	3748	1	12	1.7511E7
0	10667	3744	1	12	1.7512E7
0	10680	3740	1	13	1.7513E7
0	10692	3736	1	13	1.7514E7
0	10704	3732	1	12	1.7515E7
0	10717	3728	1	12	1.7516E7
0	10729	3724	1	13	1.7517E7
0	10741	3720	1	13	1.7518E7
0	10754	3715	1	13	1.7519E7
0	10766	3711	1	13	1.752E7
0	10778	3707	1	12	1.7521E7
0	10791	3703	1	13	1.7522E7
0	10803	3699	1	13	1.7523E7
0	10815	3695	1	12	1.7524E7
0	10828	3691	1	13	1.7525E7
0	10840	3687	1	13	1.7526E7
0	10852	3683	1	13	1.7527E7
0	10865	3678	1	12	1.7528E7
0	10877	3674	1	12	1.7529E7
0	10889	3670	1	13	1.753E7
0	10902	3666	1	13	1.7531E7
0	10914	3662	1	12	1.7532E7
0	10926	3658	1	12	1.7533E7
0	10939	3654	1	12	1.7534E7
0	10951	3650	1	12	1.7535E7
0	10963	3646	1	13	1.7536E7
0	10976	3641	1	12	1.7537E7
0	10988	3637	1	13	1.7538E7
0	11000	3633	1	13	1.7539E7
0	11013	3629	1	13	1.754E7
0	11025	3625	1	13	1.7541E7
0	11037	3621	1	12	1.7542E7
0	11050	3617	1	13	1.7543E7
0	11062	3613	1	13	1.7544E7
0	11073	3609	1	10	1.7545E7
0	11082	3606	1	7	1.7546E7
0	11087	3604	1	4	1.7547E7
0	11090	3603	1	2	1.7548E7
0	11091	3603	1	0	1.7549E7
0	11091	3603	1	0	1.755E7
0	11091	3603	1	0	1.7551E7
0	11091	3603	1	0	1.7552E7
0	11091	3603	1	0	1.7553E7
0	11091	3603	1	0	1.7554E7
0	11091	3603	1	0	1.7555E7
0	11091	3603	1	0	1.7556E7
0	11091	3603	1	0	1.7557E7
0	11091	3603	1	0	1.7558E7
0	11091	3603	1	0	1.7559E7
0	11091	3603	1	0	1.756E7
0	11091	3603	1	0	1.7561E7
0	11091	3603	1	0	1.7562E7
0	11091	3603	1	0	1.7563E7
0	11091	3603	1	0	1.7564E7
0	11091	3603	1	0	1.7565E7
0	11091	3603	1	0	1.7566E7
0	11091	3603	1	0	1.7567E7
0	11091	3603	1	0	1.7568E7
0	11092	3603	1	2	1.7569E7
0	11095	3602	1	4	1.757E7
0	11100	3600	1	6	1.7571E7
0	11106	3595	1	8	1.7572E7
0	11115	3592	1	10	1.7573E7
0	11125	3588	1	12	1.7574E7
0	11136	3581	1	13	1.7575E7
0	11148	3577	1	12	1.7576E7
0	11160	3573	1	11	1.7577E7
0	11169	3570	1	8	1.7578E7
0	11176	3568	1	5	1.7579E7
0	11180	3567	1	3	1.758E7
0	11182	3566	1	1	1.7581E7
0	11183	3565	1	0	1.7582E7
0	11183	3565	1	0	1.7583E7
0	11183	3565	1	0	1.7584E7
0	11183	3565	1	0	1.7585E7
0	11183	3565	1	0	1.7586E7
0	11183	3565	1	0	1.7587E7
0	11183	3565	1	0	1.7588E7
0	11183	3565	1	0	1.7589E7
0	11183	3565	1	0	1.759E7
0	11183	3565	1	0	1.7591E7
0	11183	3565	1	0	1.7592E7
0	11183	3565	1	0	1.7593E7
0	11183	3565	1	0	1.7594E7
0	11183	3565	1	0	1.7595E7
0	11183	3565	1	0	1.7596E7
0	11183	3565	1	0	1.7597E7
0	11183	3565	1	0	1.7598E7
0	11183	3565	1	0	1.7599E7
0	11183	3565	1	0	1.76E7
0	11183	3565	1	0	1.7601E7
0	11185	3565	1	2	1.7602E7
0	11188	3564	1	4	1.7603E7
0	11193	3562	1	6	1.7604E7
0	11200	3560	1	7	1.7605E7
0	11208	3557	1	9	1.7606E7
0	11219	3555	1	11	1.7607E7
0	11231	3553	1	13	1.7608E7
0	11244	3548	1	13	1.7609E7
0	11256	3544	1	12	1.761E7
0	11268	3540	1	12	1.7611E7
0	11281	3536	1	13	1.7612E7
0	11293	3532	1	13	1.7613E7
0	11305	3528	1	13	1.7614E7
0	11318	3523	1	13	1.7615E7
0	11330	3519	1	12	1.7616E7
0	11342	3515	1	13	1.7617E7
0	11355	3511	1	12	1.7618E7
0	11367	3507	1	13	1.7619E7
0	11379	3503	1	13	1.762E7
0	11391	3498	1	12	1.7621E7
0	11404	3494	1	12	1.7622E7
0	11416	3490	1	11	1.7623E7
0	11425	3487	1	8	1.7624E7
0	11432	3485	1	5	1.7625E7
0	11436	3483	1	3	1.7626E7
0	11441	3480	2	5	1.7627E7
0	11444	3474	2	7	1.7628E7
0	11443	3465	3	9	1.7629E7
0	11439	3455	3	11	1.763E7
0	11432	3446	4	12	1.7631E7
0	11420	3441	5	12	1.7632E7
0	11407	3437	5	13	1.7633E7
0	11394	3433	5	13	1.7634E7
0	11381	3429	5	12	1.7635E7
0	11368	3425	5	12	1.7636E7
0	11356	3421	5	12	1.7637E7
0	11343	3417	5	13	1.7638E7
0	11331	3413	5	13	1.7639E7
0	11319	3408	5	13	1.764E7
0	11308	3403	4	11	1.7641E7
0	11298	3399	4	8	1.7642E7
0	11292	3396	4	5	1.7643E7
0	11288	3394	4	3	1.7644E7
0	11286	3394	4	0	1.7645E7
0	11286	3394	4	0	1.7646E7
0	11286	3394	4	0	1.7647E7
0	11286	3394	4	0	1.7648E7
0	11286	3394	4	0	1.7649E7
0	11286	3394	4	0	1.765E7
0	11286	3394	4	0	1.7651E7
0	11286	3394	4	0	1.7652E7
0	11286	3394	4	0	1.7653E7
0	11286	3394	4	0	1.7654E7
0	11286	3394	4	0	1.7655E7
0	11286	3394	4	0	1.7656E7
0	11286	3394	4	0	1.7657E7
0	11286	3394	4	0	1.7658E7
0	11286	3394	4	0	1.7659E7
0	11286	3394	4	0	1.766E7
0	11286	3394	4	0	1.7661E7
0	11286	3394	4	0	1.7662E7
0	11286	3394	4	0	1.7663E7
0	11286	3394	4	0	1.7664E7
0	11286	3394	4	1	1.7665E7
0	11284	3393	4	3	1.7666E7
0	11280	3391	4	5	1.7667E7
0	11275	3388	4	7	1.7668E7
0	11267	3384	4	9	1.7669E7
0	11258	3380	4	11	1.767E7
0	11247	3375	4	13	1.7671E7
0	11235	3369	4	13	1.7672E7
0	11224	3363	4	12	1.7673E7
0	11212	3357	4	13	1.7674E7
0	11201	3351	4	13	1.7675E7
0	11189	3346	4	13	1.7676E7
0	11177	3341	4	13	1.7677E7
0	11165	3336	5	12	1.7678E7
0	11153	3332	5	12	1.7679E7
0	11141	3328	5	13	1.768E7
0	11128	3324	5	13	1.7681E7
0	11116	3321	5	12	1.7682E7
0	11103	3318	5	12	1.7683E7
0	11090	3316	5	12	1.7684E7
0	11078	3315	5	12	1.7685E7
0	11065	3313	5	13	1.7686E7
0	11052	3312	5	13	1.7687E7
0	11039	3312	5	12	1.7688E7
0	11026	3312	5	13	1.7689E7
0	11013	3312	5	13	1.769E7
0	11000	3312	5	12	1.7691E7
0	10987	3312	5	12	1.7692E7
0	10974	3312	5	12	1.7693E7
0	10961	3310	5	13	1.7694E7
0	10949	3309	5	13	1.7695E7
0	10936	3306	5	13	1.7696E7
0	10924	3302	5	12	1.7697E7
0	10912	3296	4	12	1.7698E7
0	10901	3290	4	13	1.7699E7
0	10890	3283	4	12	1.77E7
0	10879	3276	4	13	1.7701E7
0	10868	3269	4	13	1.7702E7
0	10857	3262	4	12	1.7703E7
0	10847	3255	4	12	1.7704E7
0	10836	3248	4	12	1.7705E7
0	10825	3241	4	12	1.7706E7
0	10815	3236	4	9	1.7707E7
0	10808	3232	4	6	1.7708E7
0	10803	3229	4	4	1.7709E7
0	10801	3228	4	2	1.771E7
0	10800	3227	4	1	1.7711E7
0	10799	3226	4	0	1.7712E7
0	10799	3226	4	0	1.7713E7
0	10799	3226	4	0	1.7714E7
0	10799	3226	4	0	1.7715E7
0	10799	3226	4	0	1.7716E7
0	10799	3226	4	0	1.7717E7
0	10799	3226	4	0	1.7718E7
0	10799	3226	4	0	1.7719E7
0	10799	3226	4	0	1.772E7
0	10799	3226	4	0	1.7721E7
0	10799	3226	4	0	1.7722E7
0	10799	3226	4	0	1.7723E7
0	10799	3226	4	0	1.7724E7
0	10799	3226	4	0	1.7725E7
0	10799	3226	4	0	1.7726E7
0	10798	3225	4	2	1.7727E7
0	10794	3223	4	4	1.7728E7
0	10789	3220	4	6	1.7729E7
0	10781	3216	4	8	1.773E7
0	10770	3215	5	10	1.7731E7
0	10760	3222	6	12	1.7732E7
0	10750	3230	6	13	1.7733E7
0	10740	3238	6	12	1.7734E7
0	10729	3245	6	13	1.7735E7
0	10719	3251	6	9	1.7736E7
0	10712	3254	6	6	1.7737E7
0	10707	3256	6	4	1.7738E7
0	10704	3257	5	2	1.7739E7
0	10703	3257	5	0	1.774E7
0	10703	3257	5	0	1.7741E7
0	10703	3257	5	0	1.7742E7
0	10703	3257	5	0	1.7743E7
0	10703	3257	5	0	1.7744E7
0	10703	3257	5	0	1.7745E7
0	10703	3257	5	0	1.7746E7
0	10703	3257	5	0	1.7747E7
0	10703	3257	5	0	1.7748E7
0	10703	3257	5	0	1.7749E7
0	10703	3257	5	0	1.775E7
0	10703	3257	5	0	1.7751E7
0	10703	3257	5	0	1.7752E7
0	10703	3257	5	0	1.7753E7
0	10703	3257	5	0	1.7754E7
0	10703	3257	5	0	1.7755E7
0	10703	3257	5	0	1.7756E7
0	10703	3257	5	0	1.7757E7
0	10703	3257	5	0	1.7758E7
0	10703	3257	5	0	1.7759E7
0	10702	3258	5	2	1.776E7
0	10699	3259	5	4	1.7761E7
0	10694	3260	5	6	1.7762E7
0	10687	3262	5	8	1.7763E7
0	10678	3264	5	10	1.7764E7
0	10667	3266	5	12	1.7765E7
0	10654	3266	5	13	1.7766E7
0	10641	3265	5	13	1.7767E7
0	10628	3263	5	12	1.7768E7
0	10616	3260	5	12	1.7769E7
0	10603	3256	5	13	1.777E7
0	10591	3252	5	13	1.7771E7
0	10579	3248	5	13	1.7772E7
0	10566	3245	5	13	1.7773E7
0	10554	3241	5	13	1.7774E7
0	10542	3237	5	13	1.7775E7
0	10529	3233	5	13	1.7776E7
0	10517	3229	5	13	1.7777E7
0	10505	3225	5	13	1.7778E7
0	10493	3221	5	12	1.7779E7
0	10481	3216	4	12	1.778E7
0	10469	3211	4	13	1.7781E7
0	10457	3205	4	12	1.7782E7
0	10446	3199	4	13	1.7783E7
0	10434	3194	4	13	1.7784E7
0	10422	3188	4	12	1.7785E7
0	10411	3182	4	13	1.7786E7
0	10400	3176	4	12	1.7787E7
0	10388	3170	4	12	1.7788E7
0	10376	3164	4	12	1.7789E7
0	10366	3159	4	10	1.779E7
0	10358	3156	4	7	1.7791E7
0	10353	3154	5	4	1.7792E7
0	10350	3153	5	2	1.7793E7
0	10350	3153	5	0	1.7794E7
0	10350	3153	5	0	1.7795E7
0	10350	3153	5	0	1.7796E7
0	10350	3153	5	0	1.7797E7
0	10350	3153	5	0	1.7798E7
0	10350	3153	5	0	1.7799E7
0	10350	3153	5	0	1.78E7
0	10350	3153	5	0	1.7801E7
0	10350	3153	5	0	1.7802E7
0	10350	3153	5	0	1.7803E7
0	10350	3153	5	0	1.7804E7
0	10350	3153	5	0	1.7805E7
0	10350	3153	5	0	1.7806E7
0	10350	3153	5	0	1.7807E7
0	10350	3153	5	0	1.7808E7
0	10350	3153	5	0	1.7809E7
0	10350	3153	5	0	1.781E7
0	10350	3153	5	0	1.7811E7
0	10350	3153	5	0	1.7812E7
0	10350	3153	5	0	1.7813E7
0	10348	3152	5	2	1.7814E7
0	10345	3151	5	4	1.7815E7
0	10340	3149	5	6	1.7816E7
0	10333	3147	5	5	1.7817E7
0	10329	3146	5	3	1.7818E7
0	10327	3145	5	1	1.7819E7
0	10326	3145	5	0	1.782E7
0	10326	3145	5	0	1.7821E7
0	10325	3145	5	0	1.7822E7
0	10325	3145	5	0	1.7823E7
0	10325	3145	5	0	1.7824E7
0	10325	3145	5	0	1.7825E7
0	10325	3145	5	0	1.7826E7
0	10325	3145	5	0	1.7827E7
0	10325	3145	5	0	1.7828E7
0	10325	3145	5	0	1.7829E7
0	10325	3145	5	0	1.783E7
0	10325	3145	5	0	1.7831E7
0	10325	3145	5	0	1.7832E7
0	10325	3145	5	0	1.7833E7
0	10325	3145	5	0	1.7834E7
0	10325	3145	5	0	1.7835E7
0	10325	3145	5	0	1.7836E7
0	10325	3145	5	0	1.7837E7
0	10325	3145	5	0	1.7838E7
0	10325	3145	5	0	1.7839E7
0	10325	3145	5	0	1.784E7
0	10325	3145	5	0	1.7841E7
0	10324	3145	5	2	1.7842E7
0	10320	3144	5	4	1.7843E7
0	10315	3143	5	6	1.7844E7
0	10307	3141	5	8	1.7845E7
0	10297	3141	5	10	1.7846E7
0	10286	3140	5	12	1.7847E7
0	10273	3139	5	12	1.7848E7
0	10260	3139	5	12	1.7849E7
0	10247	3139	5	12	1.785E7
0	10234	3140	5	12	1.7851E7
0	10221	3142	5	12	1.7852E7
0	10208	3145	5	12	1.7853E7
0	10196	3149	5	12	1.7854E7
0	10183	3153	5	12	1.7855E7
0	10172	3159	6	13	1.7856E7
0	10161	3166	6	13	1.7857E7
0	10149	3173	6	13	1.7858E7
0	10138	3180	6	12	1.7859E7
0	10129	3189	6	13	1.786E7
0	10120	3199	6	13	1.7861E7
0	10111	3208	6	12	1.7862E7
0	10102	3217	6	13	1.7863E7
0	10093	3227	6	13	1.7864E7
0	10084	3237	6	13	1.7865E7
0	10076	3247	6	11	1.7866E7
0	10069	3254	6	8	1.7867E7
0	10064	3259	6	5	1.7868E7
0	10061	3263	6	3	1.7869E7
0	10059	3264	6	0	1.787E7
0	10059	3264	6	0	1.7871E7
0	10059	3264	6	0	1.7872E7
0	10059	3264	6	0	1.7873E7
0	10059	3264	6	0	1.7874E7
0	10059	3264	6	0	1.7875E7
0	10059	3264	6	0	1.7876E7
0	10059	3264	6	0	1.7877E7
0	10059	3264	6	0	1.7878E7
0	10059	3264	6	0	1.7879E7
0	10059	3264	6	0	1.788E7
0	10059	3264	6	0	1.7881E7
0	10059	3264	6	0	1.7882E7
0	10059	3264	6	0	1.7883E7
0	10059	3264	6	0	1.7884E7
0	10059	3264	6	0	1.7885E7
0	10059	3264	6	0	1.7886E7
0	10059	3264	6	0	1.7887E7
0	10059	3264	6	0	1.7888E7
0	10059	3264	6	0	1.7889E7
0	10059	3264	6	0	1.789E7
0	10057	3265	6	3	1.7891E7
0	10054	3268	6	5	1.7892E7
0	10048	3271	6	7	1.7893E7
0	10041	3275	6	9	1.7894E7
0	10031	3278	5	11	1.7895E7
0	10019	3282	5	12	1.7896E7
0	10007	3286	5	12	1.7897E7
0	9994	3290	5	12	1.7898E7
0	9982	3294	5	13	1.7899E7
0	9969	3297	5	12	1.79E7
0	9957	3301	5	13	1.7901E7
0	9944	3304	5	13	1.7902E7
0	9932	3308	5	13	1.7903E7
0	9919	3312	5	12	1.7904E7
0	9907	3315	5	12	1.7905E7
0	9894	3319	5	13	1.7906E7
0	9881	3323	5	12	1.7907E7
0	9869	3327	5	13	1.7908E7
0	9857	3331	5	12	1.7909E7
0	9845	3337	6	12	1.791E7
0	9834	3344	6	12	1.7911E7
0	9823	3351	6	13	1.7912E7
0	9814	3361	6	13	1.7913E7
0	9807	3370	6	9	1.7914E7
0	9803	3377	6	6	1.7915E7
0	9801	3381	6	4	1.7916E7
0	9799	3384	6	2	1.7917E7
0	9798	3385	6	1	1.7918E7
0	9798	3386	6	0	1.7919E7
0	9798	3386	6	0	1.792E7
0	9798	3386	6	0	1.7921E7
0	9797	3388	6	2	1.7922E7
0	9795	3390	6	4	1.7923E7
0	9792	3395	6	5	1.7924E7
0	9789	3401	6	7	1.7925E7
0	9784	3408	6	9	1.7926E7
0	9778	3415	6	7	1.7927E7
0	9774	3420	6	5	1.7928E7
0	9772	3423	6	2	1.7929E7
0	9771	3424	6	0	1.793E7
0	9771	3424	6	0	1.7931E7
0	9771	3424	6	0	1.7932E7
0	9771	3424	6	0	1.7933E7
0	9771	3424	6	0	1.7934E7
0	9771	3424	6	0	1.7935E7
0	9771	3424	6	0	1.7936E7
0	9771	3424	6	0	1.7937E7
0	9771	3424	6	0	1.7938E7
0	9771	3424	6	0	1.7939E7
0	9771	3424	6	0	1.794E7
0	9771	3424	6	0	1.7941E7
0	9771	3424	6	0	1.7942E7
0	9771	3424	6	0	1.7943E7
0	9771	3424	6	0	1.7944E7
0	9771	3424	6	0	1.7945E7
0	9771	3424	6	0	1.7946E7
0	9771	3424	6	0	1.7947E7
0	9771	3424	6	0	1.7948E7
0	9771	3424	6	0	1.7949E7
0	9771	3424	6	1	1.795E7
0	9769	3426	6	3	1.7951E7
0	9765	3429	6	5	1.7952E7
0	9760	3433	6	7	1.7953E7
0	9753	3438	6	9	1.7954E7
0	9744	3443	6	11	1.7955E7
0	9732	3448	5	12	1.7956E7
0	9720	3452	5	13	1.7957E7
0	9707	3454	5	12	1.7958E7
0	9694	3456	5	13	1.7959E7
0	9682	3458	5	12	1.796E7
0	9669	3460	5	12	1.7961E7
0	9656	3463	5	12	1.7962E7
0	9643	3466	5	13	1.7963E7
0	9631	3469	5	13	1.7964E7
0	9618	3472	5	13	1.7965E7
0	9606	3476	5	13	1.7966E7
0	9594	3480	5	11	1.7967E7
0	9584	3484	5	8	1.7968E7
0	9578	3486	5	5	1.7969E7
0	9573	3488	5	3	1.797E7
0	9571	3489	5	0	1.7971E7
0	9571	3489	5	0	1.7972E7
0	9571	3489	5	0	1.7973E7
0	9571	3489	5	0	1.7974E7
0	9571	3489	5	0	1.7975E7
0	9571	3489	5	0	1.7976E7
0	9571	3489	5	0	1.7977E7
0	9571	3489	5	0	1.7978E7
0	9571	3489	5	0	1.7979E7
0	9571	3489	5	0	1.798E7
0	9571	3489	5	0	1.7981E7
0	9571	3489	5	0	1.7982E7
0	9571	3489	5	0	1.7983E7
0	9571	3489	5	0	1.7984E7
0	9571	3489	5	0	1.7985E7
0	9571	3489	5	0	1.7986E7
0	9571	3489	5	0	1.7987E7
0	9571	3489	5	0	1.7988E7
0	9571	3489	5	0	1.7989E7
0	9571	3489	5	0	1.799E7
0	9571	3489	5	0	1.7991E7
0	9569	3490	5	2	1.7992E7
0	9566	3491	6	4	1.7993E7
0	9560	3494	6	6	1.7994E7
0	9553	3497	6	8	1.7995E7
0	9544	3501	6	10	1.7996E7
0	9533	3506	6	12	1.7997E7
0	9522	3512	6	13	1.7998E7
0	9511	3519	6	13	1.7999E7
0	9500	3526	6	12	1.8E7
0	9489	3533	6	12	1.8001E7
0	9477	3539	6	13	1.8002E7
0	9466	3546	6	13	1.8003E7
0	9455	3553	6	13	1.8004E7
0	9444	3560	6	13	1.8005E7
0	9433	3566	6	13	1.8006E7
0	9422	3573	6	12	1.8007E7
0	9412	3581	6	12	1.8008E7
0	9401	3589	6	13	1.8009E7
0	9391	3596	6	13	1.801E7
0	9380	3604	6	12	1.8011E7
0	9369	3611	6	13	1.8012E7
0	9359	3619	6	13	1.8013E7
0	9348	3627	6	13	1.8014E7
0	9338	3634	6	13	1.8015E7
0	9327	3642	6	13	1.8016E7
0	9317	3649	6	13	1.8017E7
0	9306	3657	6	13	1.8018E7
0	9296	3664	6	12	1.8019E7
0	9285	3672	6	13	1.802E7
0	9274	3679	6	12	1.8021E7
0	9264	3687	6	13	1.8022E7
0	9253	3694	6	13	1.8023E7
0	9242	3701	6	13	1.8024E7
0	9231	3707	6	12	1.8025E7
0	9219	3714	6	13	1.8026E7
0	9209	3720	6	11	1.8027E7
0	9201	3725	6	8	1.8028E7
0	9195	3728	6	5	1.8029E7
0	9191	3730	6	3	1.803E7
0	9190	3730	6	0	1.8031E7
0	9190	3730	6	0	1.8032E7
0	9190	3730	6	0	1.8033E7
0	9190	3730	6	0	1.8034E7
0	9190	3730	6	0	1.8035E7
0	9190	3730	6	0	1.8036E7
0	9190	3730	6	0	1.8037E7
0	9190	3730	6	0	1.8038E7
0	9190	3730	6	0	1.8039E7
0	9190	3730	6	0	1.804E7
0	9190	3730	6	0	1.8041E7
0	9190	3730	6	0	1.8042E7
0	9190	3730	6	0	1.8043E7
0	9190	3730	6	0	1.8044E7
0	9190	3730	6	0	1.8045E7
0	9190	3730	6	0	1.8046E7
0	9190	3730	6	0	1.8047E7
0	9190	3730	6	0	1.8048E7
0	9190	3730	6	0	1.8049E7
0	9190	3730	6	0	1.805E7
0	9190	3731	6	1	1.8051E7
0	9187	3732	6	3	1.8052E7
0	9183	3734	6	5	1.8053E7
0	9178	3738	6	7	1.8054E7
0	9170	3742	6	9	1.8055E7
0	9161	3747	6	11	1.8056E7
0	9150	3754	6	12	1.8057E7
0	9139	3760	6	13	1.8058E7
0	9128	3766	6	13	1.8059E7
0	9116	3773	6	12	1.806E7
0	9105	3779	6	13	1.8061E7
0	9093	3784	6	12	1.8062E7
0	9081	3790	6	13	1.8063E7
0	9070	3795	6	12	1.8064E7
0	9058	3801	6	12	1.8065E7
0	9046	3806	6	13	1.8066E7
0	9034	3812	6	13	1.8067E7
0	9023	3817	6	12	1.8068E7
0	9011	3823	6	12	1.8069E7
0	8999	3828	6	13	1.807E7
0	8987	3834	6	13	1.8071E7
0	8975	3839	6	13	1.8072E7
0	8964	3845	6	13	1.8073E7
0	8952	3851	6	12	1.8074E7
0	8940	3856	6	12	1.8075E7
0	8928	3862	6	13	1.8076E7
0	8917	3867	6	12	1.8077E7
0	8905	3873	6	13	1.8078E7
0	8894	3880	6	13	1.8079E7
0	8883	3887	6	12	1.808E7
0	8872	3894	6	12	1.8081E7
0	8862	3902	6	12	1.8082E7
0	8852	3910	6	12	1.8083E7
0	8841	3917	6	13	1.8084E7
0	8831	3925	6	12	1.8085E7
0	8820	3933	6	12	1.8086E7
0	8809	3940	6	13	1.8087E7
0	8797	3945	6	13	1.8088E7
0	8785	3949	5	13	1.8089E7
0	8772	3953	5	13	1.809E7
0	8760	3956	5	12	1.8091E7
0	8747	3959	5	13	1.8092E7
0	8735	3963	5	13	1.8093E7
0	8722	3966	5	12	1.8094E7
0	8710	3969	5	13	1.8095E7
0	8697	3973	5	12	1.8096E7
0	8685	3976	5	12	1.8097E7
0	8672	3980	5	12	1.8098E7
0	8660	3984	5	13	1.8099E7
0	8648	3989	5	12	1.81E7
0	8636	3994	5	12	1.8101E7
0	8624	4000	6	12	1.8102E7
0	8614	4007	6	13	1.8103E7
0	8603	4014	6	12	1.8104E7
0	8592	4022	6	13	1.8105E7
0	8582	4029	6	13	1.8106E7
0	8571	4037	6	12	1.8107E7
0	8560	4044	6	12	1.8108E7
0	8550	4052	6	12	1.8109E7
0	8539	4059	6	13	1.811E7
0	8528	4066	6	12	1.8111E7
0	8518	4073	6	10	1.8112E7
0	8511	4078	6	7	1.8113E7
0	8506	4081	6	4	1.8114E7
0	8503	4084	6	2	1.8115E7
0	8502	4084	6	0	1.8116E7
0	8502	4084	6	0	1.8117E7
0	8502	4084	6	0	1.8118E7
0	8502	4084	6	0	1.8119E7
0	8502	4084	6	0	1.812E7
0	8502	4084	6	0	1.8121E7
0	8502	4084	6	0	1.8122E7
0	8502	4084	6	0	1.8123E7
0	8502	4084	6	0	1.8124E7
0	8502	4084	6	0	1.8125E7
0	8502	4084	6	0	1.8126E7
0	8502	4084	6	0	1.8127E7
0	8502	4084	6	0	1.8128E7
0	8502	4084	6	0	1.8129E7
0	8502	4084	6	0	1.813E7
0	8502	4084	6	0	1.8131E7
0	8502	4084	6	0	1.8132E7
0	8502	4084	6	0	1.8133E7
0	8502	4084	6	0	1.8134E7
0	8502	4084	6	0	1.8135E7
0	8502	4085	6	1	1.8136E7
0	8499	4086	6	3	1.8137E7
0	8495	4089	6	5	1.8138E7
0	8490	4093	6	7	1.8139E7
0	8484	4097	6	9	1.814E7
0	8475	4104	6	11	1.8141E7
0	8466	4111	6	12	1.8142E7
0	8455	4119	6	12	1.8143E7
0	8445	4127	6	13	1.8144E7
0	8435	4135	6	13	1.8145E7
0	8424	4142	6	13	1.8146E7
0	8414	4150	6	13	1.8147E7
0	8403	4158	6	13	1.8148E7
0	8393	4166	6	12	1.8149E7
0	8382	4174	6	12	1.815E7
0	8372	4182	6	13	1.8151E7
0	8364	4192	6	13	1.8152E7
0	8357	4203	6	13	1.8153E7
0	8349	4214	6	13	1.8154E7
0	8342	4225	6	13	1.8155E7
0	8334	4235	6	13	1.8156E7
0	8326	4245	6	12	1.8157E7
0	8319	4254	6	9	1.8158E7
0	8314	4260	6	6	1.8159E7
0	8311	4265	6	4	1.816E7
0	8309	4267	6	2	1.8161E7
0	8307	4270	6	4	1.8162E7
0	8304	4274	6	6	1.8163E7
0	8299	4279	6	8	1.8164E7
0	8290	4282	6	10	1.8165E7
0	8279	4283	5	12	1.8166E7
0	8267	4283	5	13	1.8167E7
0	8255	4283	5	12	1.8168E7
0	8242	4282	5	12	1.8169E7
0	8230	4280	5	13	1.817E7
0	8217	4278	5	13	1.8171E7
0	8204	4274	5	12	1.8172E7
0	8192	4271	5	13	1.8173E7
0	8179	4267	5	12	1.8174E7
0	8166	4264	5	13	1.8175E7
0	8154	4261	5	13	1.8176E7
0	8141	4259	5	13	1.8177E7
0	8128	4257	5	12	1.8178E7
0	8115	4257	5	12	1.8179E7
0	8101	4258	5	13	1.818E7
0	8088	4259	5	12	1.8181E7
0	8076	4262	5	12	1.8182E7
0	8065	4268	6	13	1.8183E7
0	8056	4278	6	12	1.8184E7
0	8047	4288	6	12	1.8185E7
0	8038	4297	6	13	1.8186E7
0	8029	4307	6	13	1.8187E7
0	8020	4317	6	13	1.8188E7
0	8011	4326	6	13	1.8189E7
0	8001	4335	6	12	1.819E7
0	7992	4343	6	11	1.8191E7
0	7984	4350	6	8	1.8192E7
0	7979	4354	6	5	1.8193E7
0	7976	4357	6	3	1.8194E7
0	7975	4358	6	0	1.8195E7
0	7975	4358	6	0	1.8196E7
0	7975	4358	6	0	1.8197E7
0	7975	4358	6	0	1.8198E7
0	7975	4358	6	0	1.8199E7
0	7975	4358	6	0	1.82E7
0	7975	4358	6	0	1.8201E7
0	7975	4358	6	0	1.8202E7
0	7975	4358	6	0	1.8203E7
0	7975	4358	6	0	1.8204E7
0	7975	4358	6	0	1.8205E7
0	7975	4358	6	0	1.8206E7
0	7975	4358	6	0	1.8207E7
0	7975	4358	6	0	1.8208E7
0	7975	4358	6	0	1.8209E7
0	7975	4358	6	0	1.821E7
0	7975	4358	6	0	1.8211E7
0	7975	4358	6	0	1.8212E7
0	7975	4358	6	0	1.8213E7
0	7975	4358	6	0	1.8214E7
0	7975	4359	6	1	1.8215E7
0	7973	4360	6	3	1.8216E7
0	7969	4363	6	5	1.8217E7
0	7964	4368	6	7	1.8218E7
0	7958	4373	6	9	1.8219E7
0	7950	4380	6	11	1.822E7
0	7940	4388	6	12	1.8221E7
0	7929	4395	6	12	1.8222E7
0	7918	4401	6	13	1.8223E7
0	7907	4407	6	12	1.8224E7
0	7895	4413	6	12	1.8225E7
0	7884	4419	6	12	1.8226E7
0	7872	4425	6	12	1.8227E7
0	7861	4431	6	12	1.8228E7
0	7849	4436	6	12	1.8229E7
0	7837	4441	5	12	1.823E7
0	7825	4444	5	13	1.8231E7
0	7812	4447	5	12	1.8232E7
0	7800	4450	5	12	1.8233E7
0	7787	4453	5	12	1.8234E7
0	7774	4456	5	12	1.8235E7
0	7762	4459	5	13	1.8236E7
0	7749	4462	5	13	1.8237E7
0	7737	4465	5	13	1.8238E7
0	7724	4469	5	13	1.8239E7
0	7712	4472	5	13	1.824E7
0	7700	4476	5	12	1.8241E7
0	7687	4479	5	13	1.8242E7
0	7675	4483	5	12	1.8243E7
0	7662	4486	5	12	1.8244E7
0	7650	4486	5	12	1.8245E7
0	7639	4481	4	13	1.8246E7
0	7627	4474	4	13	1.8247E7
0	7617	4469	4	9	1.8248E7
0	7610	4465	4	6	1.8249E7
0	7605	4462	4	4	1.825E7
0	7603	4461	4	1	1.8251E7
0	7602	4461	4	0	1.8252E7
0	7602	4461	4	0	1.8253E7
0	7602	4461	4	0	1.8254E7
0	7602	4461	4	0	1.8255E7
0	7602	4461	4	0	1.8256E7
0	7602	4461	4	0	1.8257E7
0	7602	4461	4	0	1.8258E7
0	7602	4461	4	0	1.8259E7
0	7602	4461	4	0	1.826E7
0	7602	4461	4	0	1.8261E7
0	7602	4461	4	0	1.8262E7
0	7602	4461	4	0	1.8263E7
0	7602	4461	4	0	1.8264E7
0	7602	4461	4	0	1.8265E7
0	7602	4461	4	0	1.8266E7
0	7602	4461	4	0	1.8267E7
0	7602	4461	4	0	1.8268E7
0	7602	4461	4	0	1.8269E7
0	7602	4461	4	0	1.827E7
0	7602	4461	4	0	1.8271E7
0	7601	4460	4	2	1.8272E7
0	7598	4458	4	4	1.8273E7
0	7593	4455	4	6	1.8274E7
0	7588	4451	4	8	1.8275E7
0	7581	4444	4	10	1.8276E7
0	7573	4437	4	12	1.8277E7
0	7564	4427	4	13	1.8278E7
0	7555	4418	4	13	1.8279E7
0	7547	4408	4	13	1.828E7
0	7539	4397	4	12	1.8281E7
0	7530	4390	4	12	1.8282E7
0	7523	4379	4	12	1.8283E7
0	7516	4369	4	12	1.8284E7
0	7506	4360	4	13	1.8285E7
0	7493	4360	5	12	1.8286E7
0	7480	4361	5	13	1.8287E7
0	7470	4354	4	13	1.8288E7
0	7464	4343	4	13	1.8289E7
0	7457	4332	4	12	1.829E7
0	7451	4320	4	13	1.8291E7
0	7444	4309	4	13	1.8292E7
0	7438	4298	4	13	1.8293E7
0	7430	4288	4	13	1.8294E7
0	7420	4279	4	12	1.8295E7
0	7410	4271	4	13	1.8296E7
0	7399	4263	4	13	1.8297E7
0	7389	4255	4	12	1.8298E7
0	7381	4245	4	12	1.8299E7
0	7372	4236	4	13	1.83E7
0	7363	4226	4	12	1.8301E7
0	7355	4217	4	11	1.8302E7
0	7346	4213	4	8	1.8303E7
0	7339	4213	5	5	1.8304E7
0	7335	4213	5	3	1.8305E7
0	7330	4214	5	5	1.8306E7
0	7323	4216	5	7	1.8307E7
0	7315	4220	6	9	1.8308E7
0	7304	4220	5	11	1.8309E7
0	7292	4224	5	13	1.831E7
0	7279	4228	5	13	1.8311E7
0	7267	4232	5	12	1.8312E7
0	7255	4235	5	12	1.8313E7
0	7242	4239	5	12	1.8314E7
0	7230	4243	5	13	1.8315E7
0	7217	4246	5	13	1.8316E7
0	7205	4250	5	12	1.8317E7
0	7192	4253	5	13	1.8318E7
0	7180	4256	5	10	1.8319E7
0	7172	4258	5	7	1.832E7
0	7166	4260	5	4	1.8321E7
0	7163	4261	5	2	1.8322E7
0	7162	4261	5	0	1.8323E7
0	7162	4261	5	0	1.8324E7
0	7162	4261	5	0	1.8325E7
0	7162	4261	5	0	1.8326E7
0	7162	4261	5	0	1.8327E7
0	7162	4261	5	0	1.8328E7
0	7162	4261	5	0	1.8329E7
0	7162	4261	5	0	1.833E7
0	7162	4261	5	0	1.8331E7
0	7162	4261	5	0	1.8332E7
0	7162	4261	5	0	1.8333E7
0	7162	4261	5	0	1.8334E7
0	7162	4261	5	0	1.8335E7
0	7162	4261	5	0	1.8336E7
0	7162	4261	5	0	1.8337E7
0	7162	4261	5	0	1.8338E7
0	7162	4261	5	0	1.8339E7
0	7162	4261	5	0	1.834E7
0	7162	4261	5	0	1.8341E7
0	7162	4261	5	0	1.8342E7
0	7161	4262	5	1	1.8343E7
0	7158	4262	5	3	1.8344E7
0	7153	4264	5	5	1.8345E7
0	7147	4266	5	7	1.8346E7
0	7139	4268	5	9	1.8347E7
0	7129	4271	5	11	1.8348E7
0	7116	4269	5	13	1.8349E7
0	7112	4257	3	11	1.835E7
0	7109	4248	3	8	1.8351E7
0	7107	4242	3	5	1.8352E7
0	7106	4238	3	3	1.8353E7
0	7105	4236	3	1	1.8354E7
0	7105	4235	3	0	1.8355E7
0	7105	4234	3	0	1.8356E7
0	7105	4234	3	0	1.8357E7
0	7105	4234	3	0	1.8358E7
0	7105	4234	3	0	1.8359E7
0	7105	4234	3	0	1.836E7
0	7105	4234	3	0	1.8361E7
0	7105	4234	3	0	1.8362E7
0	7105	4234	3	0	1.8363E7
0	7105	4234	3	0	1.8364E7
0	7105	4234	3	0	1.8365E7
0	7105	4234	3	0	1.8366E7
0	7105	4234	3	0	1.8367E7
0	7105	4234	3	0	1.8368E7
0	7105	4234	3	0	1.8369E7
0	7105	4234	3	0	1.837E7
0	7105	4234	3	0	1.8371E7
0	7105	4234	3	0	1.8372E7
0	7105	4234	3	0	1.8373E7
0	7105	4234	3	0	1.8374E7
0	7105	4234	3	0	1.8375E7
0	7105	4234	3	0	1.8376E7
0	7105	4234	3	0	1.8377E7
0	7105	4234	3	0	1.8378E7
0	7105	4234	3	0	1.8379E7
0	7105	4234	3	0	1.838E7
0	7105	4234	3	0	1.8381E7
0	7105	4234	3	0	1.8382E7
0	7105	4234	3	0	1.8383E7
0	7105	4234	3	0	1.8384E7
0	7105	4234	3	0	1.8385E7
0	7105	4234	3	0	1.8386E7
0	7105	4234	3	0	1.8387E7
0	7105	4234	3	0	1.8388E7
0	7105	4234	3	0	1.8389E7
0	7105	4234	3	0	1.839E7
0	7105	4234	3	0	1.8391E7
0	7105	4234	3	0	1.8392E7
0	7105	4234	3	0	1.8393E7
0	7105	4234	3	0	1.8394E7
0	7105	4234	3	0	1.8395E7
0	7105	4234	3	0	1.8396E7
0	7105	4234	3	0	1.8397E7
0	7105	4234	3	0	1.8398E7
0	7105	4234	3	0	1.8399E7
0	7105	4234	3	0	1.84E7
0	7105	4234	3	0	1.8401E7
0	7105	4234	3	0	1.8402E7
0	7105	4234	3	0	1.8403E7
0	7105	4234	3	0	1.8404E7
0	7105	4234	3	0	1.8405E7
0	7105	4234	3	0	1.8406E7
0	7105	4233	3	2	1.8407E7
0	7104	4229	3	4	1.8408E7
0	7103	4224	3	6	1.8409E7
0	7102	4216	3	8	1.841E7
0	7100	4207	3	10	1.8411E7
0	7097	4196	3	12	1.8412E7
0	7093	4184	3	14	1.8413E7
0	7089	4169	3	16	1.8414E7
0	7084	4152	3	18	1.8415E7
0	7079	4135	3	18	1.8416E7
0	7075	4118	3	15	1.8417E7
0	7071	4105	3	13	1.8418E7
0	7067	4093	3	13	1.8419E7
0	7064	4081	3	13	1.842E7
0	7060	4068	3	13	1.8421E7
0	7056	4056	3	13	1.8422E7
0	7053	4043	3	13	1.8423E7
0	7049	4031	3	12	1.8424E7
0	7045	4018	3	13	1.8425E7
0	7042	4006	3	13	1.8426E7
0	7038	3993	3	13	1.8427E7
0	7034	3981	3	13	1.8428E7
0	7030	3968	3	12	1.8429E7
0	7026	3956	3	13	1.843E7
0	7023	3943	3	12	1.8431E7
0	7019	3931	3	12	1.8432E7
0	7016	3918	3	13	1.8433E7
0	7013	3906	3	13	1.8434E7
0	7010	3893	3	13	1.8435E7
0	7005	3881	4	12	1.8436E7
0	6997	3871	4	12	1.8437E7
0	6989	3860	4	12	1.8438E7
0	6985	3847	3	13	1.8439E7
0	6981	3835	3	12	1.844E7
0	6978	3823	3	13	1.8441E7
0	6974	3810	3	12	1.8442E7
0	6970	3798	3	12	1.8443E7
0	6966	3785	3	13	1.8444E7
0	6962	3773	3	13	1.8445E7
0	6958	3761	3	13	1.8446E7
0	6955	3748	3	13	1.8447E7
0	6951	3736	3	12	1.8448E7
0	6948	3726	3	9	1.8449E7
0	6945	3719	3	6	1.845E7
0	6942	3715	4	3	1.8451E7
0	6941	3713	4	2	1.8452E7
0	6940	3712	4	0	1.8453E7
0	6940	3711	4	0	1.8454E7
0	6940	3711	4	0	1.8455E7
0	6940	3711	4	0	1.8456E7
0	6940	3711	4	0	1.8457E7
0	6940	3711	4	0	1.8458E7
0	6940	3711	4	0	1.8459E7
0	6940	3711	4	0	1.846E7
0	6940	3711	4	0	1.8461E7
0	6940	3711	4	0	1.8462E7
0	6940	3711	4	0	1.8463E7
0	6940	3711	4	0	1.8464E7
0	6940	3711	4	0	1.8465E7
0	6940	3711	4	0	1.8466E7
0	6940	3711	4	0	1.8467E7
0	6940	3711	4	0	1.8468E7
0	6940	3711	4	0	1.8469E7
0	6940	3711	4	0	1.847E7
0	6940	3711	4	0	1.8471E7
0	6940	3711	4	0	1.8472E7
0	6940	3711	4	0	1.8473E7
0	6940	3711	4	0	1.8474E7
0	6940	3711	4	0	1.8475E7
0	6940	3711	4	0	1.8476E7
0	6940	3711	4	0	1.8477E7
0	6940	3711	4	0	1.8478E7
0	6940	3711	4	0	1.8479E7
0	6940	3711	4	0	1.848E7
0	6940	3711	4	0	1.8481E7
0	6939	3710	4	2	1.8482E7
0	6936	3707	4	4	1.8483E7
0	6929	3706	4	6	1.8484E7
0	6923	3711	5	8	1.8485E7
0	6915	3717	6	10	1.8486E7
0	6906	3725	6	12	1.8487E7
0	6894	3731	6	14	1.8488E7
0	6881	3741	6	15	1.8489E7
0	6869	3750	6	13	1.849E7
0	6859	3758	6	12	1.8491E7
0	6850	3766	6	12	1.8492E7
0	6840	3775	6	13	1.8493E7
0	6830	3783	6	13	1.8494E7
0	6820	3792	6	13	1.8495E7
0	6810	3800	6	13	1.8496E7
0	6800	3809	6	13	1.8497E7
0	6790	3817	6	12	1.8498E7
0	6780	3825	6	13	1.8499E7
0	6770	3834	6	12	1.85E7
0	6760	3829	4	12	1.8501E7
0	6751	3820	4	13	1.8502E7
0	6741	3811	4	13	1.8503E7
0	6732	3802	4	13	1.8504E7
0	6723	3793	4	13	1.8505E7
0	6713	3783	4	13	1.8506E7
0	6704	3774	4	13	1.8507E7
0	6695	3765	4	13	1.8508E7
0	6686	3756	4	12	1.8509E7
0	6679	3746	4	13	1.851E7
0	6689	3738	2	13	1.8511E7
0	6698	3729	2	12	1.8512E7
0	6708	3720	2	13	1.8513E7
0	6717	3711	2	13	1.8514E7
0	6727	3702	2	13	1.8515E7
0	6737	3694	2	13	1.8516E7
0	6746	3685	2	11	1.8517E7
0	6753	3679	2	8	1.8518E7
0	6758	3674	2	5	1.8519E7
0	6761	3671	2	3	1.852E7
0	6765	3668	2	6	1.8521E7
0	6771	3668	1	8	1.8522E7
0	6779	3672	8	10	1.8523E7
0	6789	3678	8	11	1.8524E7
0	6800	3685	8	13	1.8525E7
0	6811	3692	8	13	1.8526E7
0	6822	3698	8	13	1.8527E7
0	6831	3707	8	11	1.8528E7
0	6838	3714	8	8	1.8529E7
0	6843	3718	8	5	1.853E7
0	6847	3722	8	3	1.8531E7
0	6848	3723	8	0	1.8532E7
0	6848	3723	8	0	1.8533E7
0	6848	3723	8	0	1.8534E7
0	6848	3723	8	0	1.8535E7
0	6848	3723	8	0	1.8536E7
0	6848	3723	8	0	1.8537E7
0	6848	3723	8	0	1.8538E7
0	6848	3723	8	0	1.8539E7
0	6848	3723	8	0	1.854E7
0	6848	3723	8	0	1.8541E7
0	6848	3723	8	0	1.8542E7
0	6848	3723	8	0	1.8543E7
0	6848	3723	8	0	1.8544E7
0	6848	3723	8	0	1.8545E7
0	6848	3723	8	0	1.8546E7
0	6848	3723	8	0	1.8547E7
0	6848	3723	8	0	1.8548E7
0	6848	3723	8	0	1.8549E7
0	6848	3723	8	0	1.855E7
0	6848	3723	8	0	1.8551E7
0	6848	3723	8	1	1.8552E7
0	6850	3725	8	3	1.8553E7
0	6853	3728	8	5	1.8554E7
0	6857	3732	8	6	1.8555E7
0	6863	3737	8	6	1.8556E7
0	6866	3740	8	4	1.8557E7
0	6869	3743	8	4	1.8558E7
0	6874	3747	8	6	1.8559E7
0	6881	3749	8	8	1.856E7
0	6889	3756	8	10	1.8561E7
0	6897	3764	8	12	1.8562E7
0	6906	3774	8	14	1.8563E7
0	6917	3785	8	16	1.8564E7
0	6929	3797	8	18	1.8565E7
0	6941	3810	8	18	1.8566E7
0	6952	3825	8	18	1.8567E7
0	6960	3839	8	14	1.8568E7
0	6966	3850	8	11	1.8569E7
0	6971	3858	8	8	1.857E7
0	6976	3862	8	5	1.8571E7
0	6980	3864	8	3	1.8572E7
0	6981	3865	8	1	1.8573E7
0	6982	3866	8	0	1.8574E7
0	6983	3866	8	0	1.8575E7
0	6983	3866	8	0	1.8576E7
0	6983	3866	8	0	1.8577E7
0	6983	3866	8	0	1.8578E7
0	6983	3866	8	0	1.8579E7
0	6983	3866	8	0	1.858E7
0	6983	3866	8	0	1.8581E7
0	6983	3866	8	0	1.8582E7
0	6983	3866	8	0	1.8583E7
0	6983	3866	8	0	1.8584E7
0	6983	3866	8	0	1.8585E7
0	6983	3866	8	0	1.8586E7
0	6984	3867	8	2	1.8587E7
0	6987	3869	8	4	1.8588E7
0	6991	3873	8	6	1.8589E7
0	6994	3880	8	8	1.859E7
0	6998	3888	7	10	1.8591E7
0	6999	3900	7	11	1.8592E7
0	7002	3912	7	12	1.8593E7
0	7004	3925	7	12	1.8594E7
0	7007	3938	7	13	1.8595E7
0	7011	3950	7	13	1.8596E7
0	7015	3962	7	13	1.8597E7
0	7018	3974	7	10	1.8598E7
0	7021	3983	7	7	1.8599E7
0	7023	3989	7	5	1.86E7
0	7024	3993	7	2	1.8601E7
0	7024	3994	7	0	1.8602E7
0	7024	3994	7	0	1.8603E7
0	7024	3994	7	0	1.8604E7
0	7024	3994	7	0	1.8605E7
0	7024	3994	7	0	1.8606E7
0	7024	3994	7	0	1.8607E7
0	7024	3994	7	0	1.8608E7
0	7024	3994	7	0	1.8609E7
0	7024	3994	7	0	1.861E7
0	7024	3994	7	0	1.8611E7
0	7024	3994	7	0	1.8612E7
0	7024	3994	7	0	1.8613E7
0	7024	3994	7	0	1.8614E7
0	7024	3994	7	0	1.8615E7
0	7024	3994	7	0	1.8616E7
0	7024	3994	7	0	1.8617E7
0	7024	3994	7	0	1.8618E7
0	7024	3994	7	0	1.8619E7
0	7024	3994	7	0	1.862E7
0	7024	3994	7	0	1.8621E7
0	7024	3995	7	1	1.8622E7
0	7025	3997	7	3	1.8623E7
0	7027	4002	7	5	1.8624E7
0	7028	4008	7	7	1.8625E7
0	7034	4015	7	9	1.8626E7
0	7037	4025	7	11	1.8627E7
0	7041	4037	7	13	1.8628E7
0	7044	4049	7	13	1.8629E7
0	7048	4062	7	12	1.863E7
0	7051	4074	7	12	1.8631E7
0	7055	4087	7	13	1.8632E7
0	7059	4099	7	12	1.8633E7
0	7062	4111	7	10	1.8634E7
0	7065	4120	7	7	1.8635E7
0	7067	4126	7	5	1.8636E7
0	7068	4129	7	2	1.8637E7
0	7068	4131	7	1	1.8638E7
0	7068	4132	7	0	1.8639E7
0	7068	4132	7	0	1.864E7
0	7069	4132	7	0	1.8641E7
0	7069	4134	7	2	1.8642E7
0	7070	4138	7	4	1.8643E7
0	7072	4143	7	6	1.8644E7
0	7074	4150	7	8	1.8645E7
0	7076	4160	7	10	1.8646E7
0	7080	4171	7	12	1.8647E7
0	7083	4183	7	12	1.8648E7
0	7086	4194	7	9	1.8649E7
0	7088	4201	7	6	1.865E7
0	7090	4206	7	3	1.8651E7
0	7090	4208	7	2	1.8652E7
0	7091	4210	7	0	1.8653E7
0	7091	4210	7	0	1.8654E7
0	7091	4211	7	0	1.8655E7
0	7091	4211	7	0	1.8656E7
0	7091	4211	7	0	1.8657E7
0	7091	4211	7	0	1.8658E7
0	7091	4211	7	0	1.8659E7
0	7091	4211	7	0	1.866E7
0	7091	4211	7	0	1.8661E7
0	7091	4211	7	0	1.8662E7
0	7091	4211	7	0	1.8663E7
0	7091	4211	7	0	1.8664E7
0	7091	4211	7	0	1.8665E7
0	7091	4211	7	0	1.8666E7
0	7091	4211	7	0	1.8667E7
0	7091	4211	7	0	1.8668E7
0	7091	4211	7	0	1.8669E7
0	7091	4211	7	0	1.867E7
0	7091	4211	7	0	1.8671E7
0	7091	4211	7	0	1.8672E7
0	7091	4211	7	0	1.8673E7
0	7091	4211	7	0	1.8674E7
0	7091	4211	7	0	1.8675E7
0	7091	4211	7	0	1.8676E7
0	7091	4212	7	2	1.8677E7
0	7093	4215	7	4	1.8678E7
0	7095	4220	7	6	1.8679E7
0	7098	4227	8	8	1.868E7
0	7099	4237	7	10	1.8681E7
0	7102	4247	7	12	1.8682E7
0	7105	4257	7	8	1.8683E7
0	7108	4264	7	5	1.8684E7
0	7109	4269	7	3	1.8685E7
0	7110	4271	7	1	1.8686E7
0	7110	4272	7	1	1.8687E7
0	7111	4275	7	3	1.8688E7
0	7107	4277	7	5	1.8689E7
0	7101	4279	6	7	1.869E7
0	7092	4281	5	9	1.8691E7
0	7082	4284	5	11	1.8692E7
0	7073	4287	5	8	1.8693E7
0	7066	4289	5	5	1.8694E7
0	7062	4290	5	3	1.8695E7
0	7061	4290	5	0	1.8696E7
0	7061	4290	5	0	1.8697E7
0	7061	4290	5	0	1.8698E7
0	7061	4290	5	0	1.8699E7
0	7061	4290	5	0	1.87E7
0	7061	4290	5	0	1.8701E7
0	7061	4290	5	0	1.8702E7
0	7061	4290	5	0	1.8703E7
0	7061	4290	5	0	1.8704E7
0	7061	4290	5	0	1.8705E7
0	7061	4290	5	0	1.8706E7
0	7061	4290	5	0	1.8707E7
0	7061	4290	5	0	1.8708E7
0	7061	4290	5	0	1.8709E7
0	7061	4290	5	0	1.871E7
0	7061	4290	5	0	1.8711E7
0	7061	4290	5	0	1.8712E7
0	7061	4290	5	0	1.8713E7
0	7061	4290	5	0	1.8714E7
0	7061	4290	5	0	1.8715E7
0	7060	4290	5	1	1.8716E7
0	7058	4291	5	3	1.8717E7
0	7054	4292	5	5	1.8718E7
0	7047	4294	5	7	1.8719E7
0	7039	4296	5	9	1.872E7
0	7029	4299	5	11	1.8721E7
0	7019	4305	6	12	1.8722E7
0	7014	4317	6	13	1.8723E7
0	7014	4330	7	13	1.8724E7
0	7015	4343	7	12	1.8725E7
0	7015	4356	7	13	1.8726E7
0	7016	4370	7	12	1.8727E7
0	7016	4383	7	12	1.8728E7
0	7017	4396	7	13	1.8729E7
0	7017	4409	7	13	1.873E7
0	7018	4422	7	12	1.8731E7
0	7018	4435	7	12	1.8732E7
0	7019	4447	7	12	1.8733E7
0	7019	4460	7	12	1.8734E7
0	7020	4473	7	12	1.8735E7
0	7021	4486	7	12	1.8736E7
0	7022	4498	7	10	1.8737E7
0	7022	4507	7	7	1.8738E7
0	7023	4514	7	5	1.8739E7
0	7023	4517	7	2	1.874E7
0	7023	4519	7	1	1.8741E7
0	7023	4520	7	0	1.8742E7
0	7023	4521	7	0	1.8743E7
0	7023	4521	7	0	1.8744E7
0	7023	4521	7	0	1.8745E7
0	7023	4521	7	0	1.8746E7
0	7023	4521	7	0	1.8747E7
0	7023	4521	7	0	1.8748E7
0	7023	4521	7	0	1.8749E7
0	7023	4521	7	0	1.875E7
0	7023	4521	7	0	1.8751E7
0	7023	4521	7	0	1.8752E7
0	7023	4521	7	0	1.8753E7
0	7023	4521	7	0	1.8754E7
0	7023	4521	7	0	1.8755E7
0	7023	4521	7	0	1.8756E7
0	7023	4521	7	0	1.8757E7
0	7023	4523	7	2	1.8758E7
0	7023	4527	7	4	1.8759E7
0	7023	4532	7	5	1.876E7
0	7023	4536	7	2	1.8761E7
0	7023	4536	7	0	1.8762E7
0	7023	4536	7	0	1.8763E7
0	7023	4536	7	0	1.8764E7
0	7023	4536	7	0	1.8765E7
0	7023	4536	7	0	1.8766E7
0	7023	4536	7	0	1.8767E7
0	7023	4536	7	0	1.8768E7
0	7023	4536	7	0	1.8769E7
0	7023	4536	7	0	1.877E7
0	7023	4536	7	0	1.8771E7
0	7023	4536	7	0	1.8772E7
0	7023	4536	7	0	1.8773E7
0	7023	4536	7	0	1.8774E7
0	7023	4536	7	0	1.8775E7
0	7023	4536	7	0	1.8776E7
0	7023	4536	7	0	1.8777E7
0	7023	4536	7	0	1.8778E7
0	7023	4536	7	0	1.8779E7
0	7023	4536	7	0	1.878E7
0	7023	4536	7	0	1.8781E7
0	7027	4539	7	1	1.8782E7
0	7027	4542	7	3	1.8783E7
0	7027	4547	7	5	1.8784E7
0	7027	4553	7	7	1.8785E7
0	7023	4562	7	9	1.8786E7
0	7013	4568	6	12	1.8787E7
0	7000	4570	5	12	1.8788E7
0	6988	4572	5	10	1.8789E7
0	6980	4573	5	7	1.879E7
0	6975	4575	5	4	1.8791E7
0	6971	4576	5	4	1.8792E7
0	6968	4581	6	6	1.8793E7
0	6966	4588	7	8	1.8794E7
0	6966	4598	7	10	1.8795E7
0	6967	4610	7	12	1.8796E7
0	6967	4623	7	12	1.8797E7
0	6968	4636	7	13	1.8798E7
0	6969	4649	7	12	1.8799E7
0	6970	4661	7	11	1.88E7
0	6972	4670	7	8	1.8801E7
0	6973	4677	7	5	1.8802E7
0	6974	4681	7	2	1.8803E7
0	6974	4683	7	1	1.8804E7
0	6974	4684	7	0	1.8805E7
0	6974	4684	7	0	1.8806E7
0	6974	4684	7	0	1.8807E7
0	6974	4684	7	0	1.8808E7
0	6974	4684	7	0	1.8809E7
0	6974	4684	7	0	1.881E7
0	6974	4684	7	0	1.8811E7
0	6975	4686	7	2	1.8812E7
0	6975	4689	7	4	1.8813E7
0	6976	4694	7	6	1.8814E7
0	6978	4701	7	8	1.8815E7
0	6982	4709	7	10	1.8816E7
0	6986	4720	7	12	1.8817E7
0	6991	4732	7	13	1.8818E7
0	6996	4744	7	13	1.8819E7
0	7001	4755	7	12	1.882E7
0	7005	4766	7	11	1.8821E7
0	7003	4780	7	12	1.8822E7
0	7008	4792	7	12	1.8823E7
0	7013	4804	7	13	1.8824E7
0	7018	4816	7	12	1.8825E7
0	7023	4828	7	12	1.8826E7
0	7028	4840	7	13	1.8827E7
0	7033	4852	7	13	1.8828E7
0	7038	4864	7	13	1.8829E7
0	7043	4876	7	13	1.883E7
0	7047	4888	7	12	1.8831E7
0	7052	4900	7	13	1.8832E7
0	7057	4912	7	10	1.8833E7
0	7060	4920	7	7	1.8834E7
0	7063	4925	7	4	1.8835E7
0	7064	4929	7	2	1.8836E7
0	7065	4931	7	1	1.8837E7
0	7065	4931	7	0	1.8838E7
0	7065	4932	7	0	1.8839E7
0	7065	4932	7	0	1.884E7
0	7065	4932	7	0	1.8841E7
0	7065	4932	7	0	1.8842E7
0	7065	4932	7	0	1.8843E7
0	7065	4932	7	0	1.8844E7
0	7065	4932	7	0	1.8845E7
0	7065	4932	7	0	1.8846E7
0	7065	4932	7	0	1.8847E7
0	7065	4932	7	0	1.8848E7
0	7065	4932	7	0	1.8849E7
0	7065	4932	7	0	1.885E7
0	7065	4932	7	0	1.8851E7
0	7065	4932	7	0	1.8852E7
0	7065	4932	7	0	1.8853E7
0	7065	4932	7	0	1.8854E7
0	7065	4932	7	0	1.8855E7
0	7065	4932	7	0	1.8856E7
0	7065	4932	7	0	1.8857E7
0	7065	4932	7	0	1.8858E7
0	7065	4932	7	0	1.8859E7
0	7065	4932	7	0	1.886E7
0	7065	4932	7	0	1.8861E7
0	7065	4932	7	0	1.8862E7
0	7065	4932	7	0	1.8863E7
0	7065	4932	7	0	1.8864E7
0	7065	4932	7	0	1.8865E7
0	7065	4932	7	0	1.8866E7
0	7065	4932	7	0	1.8867E7
0	7065	4932	7	0	1.8868E7
0	7065	4932	7	0	1.8869E7
0	7065	4932	7	0	1.887E7
0	7065	4932	7	0	1.8871E7
0	7065	4932	7	0	1.8872E7
0	7065	4932	7	0	1.8873E7
0	7065	4932	7	0	1.8874E7
0	7065	4932	7	0	1.8875E7
0	7065	4932	7	0	1.8876E7
0	7065	4932	7	0	1.8877E7
0	7065	4932	7	0	1.8878E7
0	7065	4932	7	0	1.8879E7
0	7065	4932	7	0	1.888E7
0	7065	4932	7	0	1.8881E7
0	7066	4933	7	2	1.8882E7
0	7067	4936	8	4	1.8883E7
0	7070	4941	8	6	1.8884E7
0	7073	4948	8	8	1.8885E7
0	7078	4957	8	10	1.8886E7
0	7083	4966	8	12	1.8887E7
0	7089	4978	8	12	1.8888E7
0	7095	4989	8	12	1.8889E7
0	7101	5001	8	12	1.889E7
0	7107	5012	8	12	1.8891E7
0	7113	5024	8	13	1.8892E7
0	7120	5035	8	13	1.8893E7
0	7125	5047	8	12	1.8894E7
0	7131	5058	8	12	1.8895E7
0	7136	5068	8	9	1.8896E7
0	7139	5074	8	6	1.8897E7
0	7142	5079	8	3	1.8898E7
0	7143	5081	8	0	1.8899E7
0	7143	5081	8	0	1.89E7
0	7143	5081	8	0	1.8901E7
0	7143	5081	8	0	1.8902E7
0	7143	5081	8	0	1.8903E7
0	7143	5081	8	0	1.8904E7
0	7143	5081	8	0	1.8905E7
0	7143	5081	8	0	1.8906E7
0	7143	5081	8	0	1.8907E7
0	7143	5081	8	0	1.8908E7
0	7143	5081	8	0	1.8909E7
0	7143	5081	8	0	1.891E7
0	7143	5081	8	0	1.8911E7
0	7143	5081	8	0	1.8912E7
0	7143	5081	8	0	1.8913E7
0	7143	5081	8	0	1.8914E7
0	7143	5081	8	0	1.8915E7
0	7143	5081	8	0	1.8916E7
0	7143	5081	8	0	1.8917E7
0	7143	5081	8	0	1.8918E7
0	7143	5081	8	0	1.8919E7
0	7144	5083	8	2	1.892E7
0	7145	5086	8	4	1.8921E7
0	7148	5091	8	6	1.8922E7
0	7152	5098	8	8	1.8923E7
0	7156	5107	8	10	1.8924E7
0	7161	5117	8	12	1.8925E7
0	7167	5129	8	13	1.8926E7
0	7173	5140	8	13	1.8927E7
0	7179	5152	8	13	1.8928E7
0	7185	5163	8	13	1.8929E7
0	7191	5175	8	13	1.893E7
0	7196	5187	8	12	1.8931E7
0	7202	5198	8	12	1.8932E7
0	7208	5210	8	13	1.8933E7
0	7214	5221	8	12	1.8934E7
0	7220	5233	8	13	1.8935E7
0	7226	5245	8	13	1.8936E7
0	7231	5255	8	10	1.8937E7
0	7235	5263	8	7	1.8938E7
0	7237	5268	8	4	1.8939E7
0	7239	5271	8	2	1.894E7
0	7240	5272	8	1	1.8941E7
0	7240	5273	8	0	1.8942E7
0	7240	5273	8	0	1.8943E7
0	7240	5273	8	0	1.8944E7
0	7240	5273	8	0	1.8945E7
0	7240	5273	8	0	1.8946E7
0	7240	5273	8	0	1.8947E7
0	7240	5273	8	0	1.8948E7
0	7240	5273	8	0	1.8949E7
0	7240	5273	8	0	1.895E7
0	7240	5273	8	0	1.8951E7
0	7240	5273	8	0	1.8952E7
0	7240	5273	8	0	1.8953E7
0	7240	5273	8	0	1.8954E7
0	7240	5273	8	0	1.8955E7
0	7240	5273	8	0	1.8956E7
0	7240	5273	8	0	1.8957E7
0	7240	5273	8	0	1.8958E7
0	7240	5273	8	0	1.8959E7
0	7240	5273	8	0	1.896E7
0	7240	5273	8	0	1.8961E7
0	7241	5275	8	2	1.8962E7
0	7242	5278	8	4	1.8963E7
0	7245	5283	8	6	1.8964E7
0	7248	5289	8	8	1.8965E7
0	7252	5298	8	10	1.8966E7
0	7257	5308	8	12	1.8967E7
0	7263	5319	8	13	1.8968E7
0	7268	5331	8	12	1.8969E7
0	7274	5343	8	12	1.897E7
0	7280	5354	8	13	1.8971E7
0	7285	5366	8	11	1.8972E7
0	7289	5374	8	8	1.8973E7
0	7292	5380	8	5	1.8974E7
0	7294	5384	8	3	1.8975E7
0	7295	5385	8	0	1.8976E7
0	7295	5385	8	0	1.8977E7
0	7295	5385	8	0	1.8978E7
0	7295	5385	8	0	1.8979E7
0	7295	5385	8	0	1.898E7
0	7295	5385	8	0	1.8981E7
0	7295	5385	8	0	1.8982E7
0	7295	5385	8	0	1.8983E7
0	7295	5385	8	0	1.8984E7
0	7295	5385	8	0	1.8985E7
0	7295	5385	8	0	1.8986E7
0	7295	5385	8	0	1.8987E7
0	7295	5385	8	0	1.8988E7
0	7295	5385	8	0	1.8989E7
0	7295	5385	8	0	1.899E7
0	7295	5385	8	0	1.8991E7
0	7295	5385	8	0	1.8992E7
0	7295	5385	8	0	1.8993E7
0	7295	5385	8	0	1.8994E7
0	7295	5385	8	0	1.8995E7
0	7295	5386	8	1	1.8996E7
0	7296	5388	8	3	1.8997E7
0	7298	5392	8	3	1.8998E7
0	7299	5394	8	2	1.8999E7
0	7299	5395	8	0	1.9E7
0	7300	5396	8	0	1.9001E7
0	7300	5396	8	0	1.9002E7
0	7300	5396	8	0	1.9003E7
0	7300	5396	8	0	1.9004E7
0	7300	5396	8	0	1.9005E7
0	7300	5396	8	0	1.9006E7
0	7300	5396	8	0	1.9007E7
0	7300	5396	8	0	1.9008E7
0	7300	5396	8	0	1.9009E7
0	7300	5396	8	0	1.901E7
0	7300	5396	8	0	1.9011E7
0	7300	5396	8	0	1.9012E7
0	7300	5396	8	0	1.9013E7
0	7300	5396	8	0	1.9014E7
0	7300	5396	8	0	1.9015E7
0	7300	5396	8	0	1.9016E7
0	7300	5396	8	0	1.9017E7
0	7300	5396	8	0	1.9018E7
0	7300	5396	8	0	1.9019E7
0	7300	5396	8	0	1.902E7
0	7300	5396	8	0	1.9021E7
0	7300	5396	8	0	1.9022E7
0	7300	5396	8	0	1.9023E7
0	7300	5396	8	0	1.9024E7
0	7300	5396	8	0	1.9025E7
0	7300	5396	8	0	1.9026E7
0	7300	5396	8	0	1.9027E7
0	7300	5396	8	0	1.9028E7
0	7300	5396	8	0	1.9029E7
0	7300	5396	8	0	1.903E7
0	7300	5396	8	0	1.9031E7
0	7300	5396	8	0	1.9032E7
0	7300	5396	8	0	1.9033E7
0	7300	5396	8	0	1.9034E7
0	7300	5396	8	0	1.9035E7
0	7300	5396	8	0	1.9036E7
0	7300	5396	8	0	1.9037E7
0	7300	5396	8	0	1.9038E7
0	7300	5396	8	0	1.9039E7
0	7300	5396	8	0	1.904E7
0	7300	5396	8	0	1.9041E7
0	7301	5398	8	2	1.9042E7
0	7302	5401	8	4	1.9043E7
0	7304	5406	8	6	1.9044E7
0	7308	5412	8	8	1.9045E7
0	7312	5421	8	10	1.9046E7
0	7317	5431	8	12	1.9047E7
0	7323	5443	8	12	1.9048E7
0	7328	5454	8	12	1.9049E7
0	7334	5466	8	13	1.905E7
0	7340	5477	8	12	1.9051E7
0	7346	5489	8	13	1.9052E7
0	7351	5501	8	13	1.9053E7
0	7357	5512	8	13	1.9054E7
0	7363	5524	8	12	1.9055E7
0	7369	5536	8	12	1.9056E7
0	7374	5547	8	12	1.9057E7
0	7379	5557	8	9	1.9058E7
0	7382	5564	8	6	1.9059E7
0	7385	5569	8	3	1.906E7
0	7386	5571	8	2	1.9061E7
0	7386	5572	8	0	1.9062E7
0	7387	5573	8	0	1.9063E7
0	7387	5573	8	0	1.9064E7
0	7387	5573	8	0	1.9065E7
0	7387	5573	8	0	1.9066E7
0	7387	5573	8	0	1.9067E7
0	7387	5573	8	0	1.9068E7
0	7387	5573	8	0	1.9069E7
0	7387	5573	8	0	1.907E7
0	7387	5573	8	0	1.9071E7
0	7387	5573	8	0	1.9072E7
0	7387	5573	8	0	1.9073E7
0	7387	5573	8	0	1.9074E7
0	7387	5573	8	0	1.9075E7
0	7387	5573	8	0	1.9076E7
0	7387	5573	8	0	1.9077E7
0	7387	5573	8	0	1.9078E7
0	7387	5573	8	0	1.9079E7
0	7387	5573	8	0	1.908E7
0	7387	5573	8	0	1.9081E7
0	7388	5575	8	2	1.9082E7
0	7389	5578	8	4	1.9083E7
0	7392	5583	8	6	1.9084E7
0	7396	5589	8	8	1.9085E7
0	7402	5597	8	10	1.9086E7
0	7407	5607	8	12	1.9087E7
0	7413	5619	8	13	1.9088E7
0	7419	5631	8	13	1.9089E7
0	7425	5642	8	13	1.909E7
0	7431	5654	8	12	1.9091E7
0	7437	5665	8	12	1.9092E7
0	7442	5677	8	12	1.9093E7
0	7446	5689	7	12	1.9094E7
0	7449	5702	7	12	1.9095E7
0	7449	5715	7	12	1.9096E7
0	7450	5726	7	9	1.9097E7
0	7448	5733	7	6	1.9098E7
0	7447	5738	7	3	1.9099E7
0	7447	5741	7	2	1.91E7
0	7446	5742	7	0	1.9101E7
0	7446	5742	7	0	1.9102E7
0	7446	5743	7	0	1.9103E7
0	7446	5743	7	0	1.9104E7
0	7446	5743	7	0	1.9105E7
0	7446	5743	7	0	1.9106E7
0	7446	5743	7	0	1.9107E7
0	7446	5743	7	0	1.9108E7
0	7446	5743	7	0	1.9109E7
0	7446	5743	7	0	1.911E7
0	7446	5743	7	0	1.9111E7
0	7446	5743	7	0	1.9112E7
0	7446	5743	7	0	1.9113E7
0	7446	5743	7	0	1.9114E7
0	7446	5743	7	0	1.9115E7
0	7446	5743	7	0	1.9116E7
0	7446	5743	7	0	1.9117E7
0	7446	5743	7	0	1.9118E7
0	7446	5743	7	0	1.9119E7
0	7446	5743	7	0	1.912E7
0	7446	5743	7	0	1.9121E7
0	7446	5744	7	2	1.9122E7
0	7445	5747	7	4	1.9123E7
0	7443	5753	7	6	1.9124E7
0	7441	5759	7	8	1.9125E7
0	7437	5768	7	9	1.9126E7
0	7433	5778	7	11	1.9127E7
0	7425	5788	7	13	1.9128E7
0	7421	5799	7	10	1.9129E7
0	7417	5807	7	7	1.913E7
0	7415	5813	7	4	1.9131E7
0	7414	5816	7	2	1.9132E7
0	7413	5818	7	1	1.9133E7
0	7413	5819	7	0	1.9134E7
0	7413	5819	7	0	1.9135E7
0	7412	5819	7	0	1.9136E7
0	7412	5819	7	0	1.9137E7
0	7412	5819	7	0	1.9138E7
0	7412	5819	7	0	1.9139E7
0	7412	5819	7	0	1.914E7
0	7412	5819	7	0	1.9141E7
0	7412	5819	7	0	1.9142E7
0	7412	5819	7	0	1.9143E7
0	7412	5819	7	0	1.9144E7
0	7412	5819	7	0	1.9145E7
0	7412	5819	7	0	1.9146E7
0	7412	5819	7	0	1.9147E7
0	7412	5819	7	0	1.9148E7
0	7412	5819	7	0	1.9149E7
0	7412	5819	7	0	1.915E7
0	7412	5819	7	0	1.9151E7
0	7412	5819	7	0	1.9152E7
0	7412	5819	7	0	1.9153E7
0	7412	5821	7	2	1.9154E7
0	7410	5824	7	4	1.9155E7
0	7408	5829	6	6	1.9156E7
0	7406	5836	7	8	1.9157E7
0	7402	5845	7	10	1.9158E7
0	7398	5855	7	12	1.9159E7
0	7393	5867	7	12	1.916E7
0	7388	5879	7	12	1.9161E7
0	7383	5891	7	12	1.9162E7
0	7379	5903	7	13	1.9163E7
0	7374	5915	7	12	1.9164E7
0	7370	5927	7	12	1.9165E7
0	7366	5937	7	9	1.9166E7
0	7363	5947	7	11	1.9167E7
0	7356	5957	6	13	1.9168E7
0	7344	5961	5	13	1.9169E7
0	7332	5964	5	12	1.917E7
0	7319	5966	5	12	1.9171E7
0	7307	5967	5	12	1.9172E7
0	7295	5968	5	10	1.9173E7
0	7286	5967	5	7	1.9174E7
0	7280	5966	5	4	1.9175E7
0	7277	5966	5	2	1.9176E7
0	7275	5966	5	1	1.9177E7
0	7274	5966	5	0	1.9178E7
0	7274	5966	5	0	1.9179E7
0	7274	5966	5	0	1.918E7
0	7274	5966	5	0	1.9181E7
0	7274	5966	5	0	1.9182E7
0	7274	5966	5	0	1.9183E7
0	7274	5966	5	0	1.9184E7
0	7274	5966	5	0	1.9185E7
0	7274	5966	5	0	1.9186E7
0	7274	5966	5	0	1.9187E7
0	7274	5966	5	0	1.9188E7
0	7274	5966	5	0	1.9189E7
0	7274	5966	5	0	1.919E7
0	7274	5966	5	0	1.9191E7
0	7274	5966	5	0	1.9192E7
0	7274	5966	5	0	1.9193E7
0	7274	5966	5	0	1.9194E7
0	7274	5966	5	0	1.9195E7
0	7274	5966	5	0	1.9196E7
0	7274	5966	5	0	1.9197E7
0	7274	5966	5	0	1.9198E7
0	7274	5966	5	0	1.9199E7
0	7274	5966	5	0	1.92E7
0	7274	5966	5	0	1.9201E7
0	7272	5966	5	2	1.9202E7
0	7269	5965	5	4	1.9203E7
0	7264	5965	5	6	1.9204E7
0	7256	5964	5	8	1.9205E7
0	7246	5963	5	10	1.9206E7
0	7235	5961	5	12	1.9207E7
0	7222	5958	5	12	1.9208E7
0	7211	5956	5	9	1.9209E7
0	7203	5954	5	6	1.921E7
0	7197	5953	5	4	1.9211E7
0	7194	5953	5	1	1.9212E7
0	7194	5953	5	0	1.9213E7
0	7194	5953	5	0	1.9214E7
0	7194	5953	5	0	1.9215E7
0	7194	5953	5	0	1.9216E7
0	7194	5953	5	0	1.9217E7
0	7194	5953	5	0	1.9218E7
0	7194	5953	5	0	1.9219E7
0	7194	5953	5	0	1.922E7
0	7194	5953	5	0	1.9221E7
0	7194	5953	5	0	1.9222E7
0	7194	5953	5	0	1.9223E7
0	7194	5953	5	0	1.9224E7
0	7194	5953	5	0	1.9225E7
0	7194	5953	5	0	1.9226E7
0	7194	5953	5	0	1.9227E7
0	7194	5953	5	0	1.9228E7
0	7194	5953	5	0	1.9229E7
0	7194	5953	5	0	1.923E7
0	7194	5953	5	0	1.9231E7
0	7194	5953	5	0	1.9232E7
0	7193	5952	5	2	1.9233E7
0	7189	5952	5	4	1.9234E7
0	7184	5950	5	6	1.9235E7
0	7177	5949	5	8	1.9236E7
0	7167	5947	5	10	1.9237E7
0	7156	5944	5	12	1.9238E7
0	7144	5942	5	13	1.9239E7
0	7131	5939	5	13	1.924E7
0	7118	5937	5	13	1.9241E7
0	7106	5934	5	13	1.9242E7
0	7093	5931	5	13	1.9243E7
0	7080	5929	5	13	1.9244E7
0	7067	5926	5	12	1.9245E7
0	7055	5924	5	13	1.9246E7
0	7042	5921	5	13	1.9247E7
0	7029	5918	5	12	1.9248E7
0	7016	5916	5	13	1.9249E7
0	7004	5913	5	13	1.925E7
0	6991	5911	5	12	1.9251E7
0	6978	5908	5	13	1.9252E7
0	6965	5905	5	12	1.9253E7
0	6953	5903	5	12	1.9254E7
0	6940	5900	5	12	1.9255E7
0	6927	5898	5	13	1.9256E7
0	6914	5895	5	13	1.9257E7
0	6902	5892	5	11	1.9258E7
0	6892	5890	5	8	1.9259E7
0	6886	5889	5	5	1.926E7
0	6881	5888	5	3	1.9261E7
0	6880	5888	5	0	1.9262E7
0	6880	5888	5	0	1.9263E7
0	6880	5888	5	0	1.9264E7
0	6880	5888	5	0	1.9265E7
0	6880	5888	5	0	1.9266E7
0	6880	5888	5	0	1.9267E7
0	6880	5888	5	0	1.9268E7
0	6880	5888	5	0	1.9269E7
0	6880	5888	5	0	1.927E7
0	6880	5888	5	0	1.9271E7
0	6880	5888	5	0	1.9272E7
0	6880	5888	5	0	1.9273E7
0	6880	5888	5	0	1.9274E7
0	6880	5888	5	0	1.9275E7
0	6880	5888	5	0	1.9276E7
0	6880	5888	5	0	1.9277E7
0	6880	5888	5	0	1.9278E7
0	6880	5888	5	0	1.9279E7
0	6880	5888	5	0	1.928E7
0	6880	5888	5	0	1.9281E7
0	6879	5888	5	1	1.9282E7
0	6877	5887	5	3	1.9283E7
0	6873	5886	5	5	1.9284E7
0	6867	5885	5	7	1.9285E7
0	6859	5884	5	8	1.9286E7
0	6849	5882	5	10	1.9287E7
0	6837	5879	5	12	1.9288E7
0	6825	5876	5	13	1.9289E7
0	6812	5874	5	13	1.929E7
0	6800	5872	5	13	1.9291E7
0	6787	5869	5	13	1.9292E7
0	6775	5867	5	12	1.9293E7
0	6762	5865	5	12	1.9294E7
0	6750	5863	5	12	1.9295E7
0	6737	5860	5	12	1.9296E7
0	6725	5858	5	13	1.9297E7
0	6712	5856	5	12	1.9298E7
0	6700	5854	5	13	1.9299E7
0	6687	5851	5	12	1.93E7
0	6676	5846	4	12	1.9301E7
0	6670	5835	4	12	1.9302E7
0	6666	5822	3	12	1.9303E7
0	6661	5810	3	12	1.9304E7
0	6657	5798	3	13	1.9305E7
0	6653	5786	3	12	1.9306E7
0	6648	5773	3	12	1.9307E7
0	6640	5762	4	13	1.9308E7
0	6629	5755	4	13	1.9309E7
0	6617	5748	4	12	1.931E7
0	6605	5745	5	13	1.9311E7
0	6592	5743	5	12	1.9312E7
0	6579	5742	5	12	1.9313E7
0	6566	5743	5	12	1.9314E7
0	6552	5744	5	12	1.9315E7
0	6539	5745	5	12	1.9316E7
0	6526	5745	5	13	1.9317E7
0	6513	5746	5	13	1.9318E7
0	6500	5746	5	12	1.9319E7
0	6487	5745	5	13	1.932E7
0	6474	5745	5	13	1.9321E7
0	6461	5744	5	12	1.9322E7
0	6448	5743	5	12	1.9323E7
0	6436	5742	5	10	1.9324E7
0	6426	5741	5	7	1.9325E7
0	6420	5740	5	5	1.9326E7
0	6416	5740	5	2	1.9327E7
0	6414	5740	5	1	1.9328E7
0	6413	5740	5	0	1.9329E7
0	6413	5740	5	0	1.933E7
0	6413	5739	5	0	1.9331E7
0	6413	5739	5	0	1.9332E7
0	6413	5739	5	0	1.9333E7
0	6413	5739	5	0	1.9334E7
0	6413	5739	5	0	1.9335E7
0	6413	5739	5	0	1.9336E7
0	6413	5739	5	0	1.9337E7
0	6413	5739	5	0	1.9338E7
0	6413	5739	5	0	1.9339E7
0	6413	5739	5	0	1.934E7
0	6413	5739	5	0	1.9341E7
0	6413	5739	5	0	1.9342E7
0	6413	5739	5	0	1.9343E7
0	6413	5739	5	0	1.9344E7
0	6413	5739	5	0	1.9345E7
0	6413	5739	5	0	1.9346E7
0	6413	5739	5	0	1.9347E7
0	6413	5739	5	0	1.9348E7
0	6413	5739	5	0	1.9349E7
0	6413	5739	5	0	1.935E7
0	6413	5739	5	0	1.9351E7
0	6411	5739	5	2	1.9352E7
0	6407	5739	5	4	1.9353E7
0	6402	5738	5	6	1.9354E7
0	6394	5738	5	8	1.9355E7
0	6385	5736	5	10	1.9356E7
0	6373	5735	5	12	1.9357E7
0	6361	5734	5	12	1.9358E7
0	6348	5734	5	13	1.9359E7
0	6335	5733	5	13	1.936E7
0	6322	5732	5	13	1.9361E7
0	6309	5731	5	13	1.9362E7
0	6296	5731	5	10	1.9363E7
0	6287	5730	5	7	1.9364E7
0	6281	5729	5	4	1.9365E7
0	6278	5729	5	2	1.9366E7
0	6277	5729	5	0	1.9367E7
0	6277	5729	5	0	1.9368E7
0	6277	5729	5	0	1.9369E7
0	6277	5729	5	0	1.937E7
0	6277	5729	5	0	1.9371E7
0	6277	5729	5	0	1.9372E7
0	6277	5729	5	0	1.9373E7
0	6277	5729	5	0	1.9374E7
0	6277	5729	5	0	1.9375E7
0	6277	5729	5	0	1.9376E7
0	6277	5729	5	0	1.9377E7
0	6277	5729	5	0	1.9378E7
0	6277	5729	5	0	1.9379E7
0	6277	5729	5	0	1.938E7
0	6277	5729	5	0	1.9381E7
0	6277	5729	5	0	1.9382E7
0	6277	5729	5	0	1.9383E7
0	6277	5729	5	0	1.9384E7
0	6277	5729	5	0	1.9385E7
0	6277	5729	5	0	1.9386E7
0	6276	5729	5	1	1.9387E7
0	6273	5729	5	3	1.9388E7
0	6268	5728	5	5	1.9389E7
0	6261	5728	5	7	1.939E7
0	6252	5727	5	10	1.9391E7
0	6241	5726	5	11	1.9392E7
0	6228	5725	5	13	1.9393E7
0	6215	5725	5	13	1.9394E7
0	6202	5724	5	13	1.9395E7
0	6189	5723	5	13	1.9396E7
0	6176	5723	5	12	1.9397E7
0	6163	5722	5	13	1.9398E7
0	6150	5721	5	12	1.9399E7
0	6137	5721	5	13	1.94E7
0	6126	5720	5	10	1.9401E7
0	6118	5720	5	6	1.9402E7
0	6112	5719	5	4	1.9403E7
0	6109	5719	5	2	1.9404E7
0	6107	5719	5	1	1.9405E7
0	6106	5719	5	0	1.9406E7
0	6106	5719	5	0	1.9407E7
0	6106	5719	5	0	1.9408E7
0	6106	5719	5	0	1.9409E7
0	6106	5719	5	0	1.941E7
0	6106	5719	5	0	1.9411E7
0	6106	5719	5	0	1.9412E7
0	6106	5719	5	0	1.9413E7
0	6106	5719	5	0	1.9414E7
0	6106	5719	5	0	1.9415E7
0	6106	5719	5	0	1.9416E7
0	6106	5719	5	0	1.9417E7
0	6106	5719	5	0	1.9418E7
0	6106	5719	5	0	1.9419E7
0	6106	5719	5	0	1.942E7
0	6106	5719	5	0	1.9421E7
0	6106	5719	5	0	1.9422E7
0	6106	5719	5	0	1.9423E7
0	6106	5719	5	0	1.9424E7
0	6106	5719	5	0	1.9425E7
0	6106	5719	5	0	1.9426E7
0	6106	5719	5	0	1.9427E7
0	6106	5719	5	0	1.9428E7
0	6106	5719	5	0	1.9429E7
0	6106	5719	5	0	1.943E7
0	6106	5719	5	0	1.9431E7
0	6106	5719	5	0	1.9432E7
0	6106	5719	5	0	1.9433E7
0	6106	5719	5	0	1.9434E7
0	6106	5719	5	0	1.9435E7
0	6106	5719	5	0	1.9436E7
0	6106	5719	5	0	1.9437E7
0	6106	5719	5	0	1.9438E7
0	6106	5719	5	0	1.9439E7
0	6106	5719	5	0	1.944E7
0	6106	5719	5	0	1.9441E7
0	6104	5719	5	2	1.9442E7
0	6101	5719	5	4	1.9443E7
0	6096	5718	5	6	1.9444E7
0	6088	5718	5	8	1.9445E7
0	6079	5717	5	10	1.9446E7
0	6068	5716	5	12	1.9447E7
0	6055	5715	5	13	1.9448E7
0	6042	5714	5	13	1.9449E7
0	6029	5713	5	13	1.945E7
0	6016	5712	5	13	1.9451E7
0	6003	5710	5	13	1.9452E7
0	5990	5709	5	12	1.9453E7
0	5977	5708	5	12	1.9454E7
0	5964	5707	5	12	1.9455E7
0	5952	5706	5	12	1.9456E7
0	5939	5704	5	12	1.9457E7
0	5926	5702	5	12	1.9458E7
0	5913	5701	5	12	1.9459E7
0	5900	5699	5	12	1.946E7
0	5887	5697	5	13	1.9461E7
0	5874	5696	5	12	1.9462E7
0	5864	5695	5	9	1.9463E7
0	5856	5694	5	6	1.9464E7
0	5851	5693	5	3	1.9465E7
0	5849	5693	5	0	1.9466E7
0	5849	5693	5	0	1.9467E7
0	5849	5693	5	0	1.9468E7
0	5849	5693	5	0	1.9469E7
0	5849	5693	5	0	1.947E7
0	5849	5693	5	0	1.9471E7
0	5849	5693	5	0	1.9472E7
0	5849	5693	5	0	1.9473E7
0	5849	5693	5	0	1.9474E7
0	5849	5693	5	0	1.9475E7
0	5849	5693	5	0	1.9476E7
0	5849	5693	5	0	1.9477E7
0	5849	5693	5	0	1.9478E7
0	5849	5693	5	0	1.9479E7
0	5849	5693	5	0	1.948E7
0	5849	5693	5	0	1.9481E7
0	5849	5693	5	0	1.9482E7
0	5849	5693	5	0	1.9483E7
0	5849	5693	5	0	1.9484E7
0	5849	5693	5	0	1.9485E7
0	5849	5693	5	0	1.9486E7
0	5847	5693	5	2	1.9487E7
0	5843	5693	5	4	1.9488E7
0	5837	5692	5	6	1.9489E7
0	5829	5692	5	8	1.949E7
0	5820	5691	5	10	1.9491E7
0	5808	5690	5	12	1.9492E7
0	5795	5689	5	13	1.9493E7
