1.47210048285332E7
1.4721004828534337E7
1.4721006E7
1.4721016E7
1.4721026E7
1.4721036E7
1.4721046E7
1.4721056E7
1.4721066E7
1.4721076E7
1.4721086E7
1.4721096E7
1.4721106E7
1.4721116E7
1.4721126E7
1.4721136E7
1.4721146E7
1.4721156E7
1.4721166E7
1.4721176E7
1.4721186E7
1.4721196E7
1.4721206E7
1.4721216E7
1.4721226E7
1.4721236E7
1.4721246E7
1.4721256E7
1.4721266E7
1.4721276E7
1.4721286E7
1.4721296E7
1.4721306E7
1.4721316E7
1.4721326E7
1.4721336E7
1.4721346E7
1.4721356E7
1.4721366E7
1.4721376E7
1.4721386E7
1.4721396E7
1.4721406E7
1.4721416E7
1.4721426E7
1.4721436E7
1.4721446E7
1.4721456E7
1.4721466E7
1.4721476E7
1.4721486E7
1.4721496E7
1.4721506E7
1.4721516E7
1.4721526E7
1.4721536E7
1.4721546E7
1.4721556E7
1.4721566E7
1.4721576E7
1.4721586E7
1.4721596E7
1.4721606E7
1.4721616E7
1.4721626E7
1.4721636E7
1.4721646E7
1.4721656E7
1.4721666E7
1.4721676E7
1.4721686E7
1.4721696E7
1.4721706E7
1.4721716E7
1.4721726E7
1.4721736E7
1.4721746E7
1.4721756E7
1.4721766E7
1.4721776E7
1.4721786E7
1.4721796E7
1.4721806E7
1.4721807732429305E7
1.4721807732430441E7
1.4721816E7
1.4721826E7
1.4721836E7
1.4721846E7
1.4721854732429305E7
1.4721854732430441E7
1.4721856E7
1.4721866E7
1.4721876E7
1.4721886E7
1.4721896E7
1.4721906E7
1.4721916E7
1.4721926E7
1.4721936E7
1.4721946E7
1.4721956E7
1.4721966E7
1.4721976E7
1.4721986E7
1.4721996E7
1.4722006E7
1.494000266925595E7
1.4940002669257086E7
1.4940006E7
1.4940016E7
1.4940026E7
1.4940036E7
1.4940046E7
1.4940056E7
1.4940066E7
1.4940076E7
1.4940086E7
1.4940096E7
1.4940106E7
1.4940116E7
1.4940126E7
1.4940136E7
1.4940146E7
1.4940156E7
1.4940166E7
1.4940176E7
1.4940186E7
1.4940196E7
1.4940206E7
1.4940216E7
1.4940226E7
1.4940236E7
1.4940246E7
1.4940256E7
1.4940266E7
1.4940276E7
1.4940286E7
1.4940296E7
1.4940306E7
1.4940316E7
1.4940326E7
1.4940336E7
1.4940346E7
1.4940356E7
1.4940366E7
1.4940376E7
1.4940386E7
1.4940396E7
1.4940406E7
1.4940416E7
1.4940426E7
1.4940436E7
1.4940446E7
1.4940456E7
1.4940466E7
1.4940476E7
1.4940486E7
1.4940496E7
1.4940506E7
1.4940516E7
1.4940526E7
1.4940536E7
1.4940546E7
1.4940556E7
1.4940566E7
1.4940576E7
1.4940586E7
1.4940596E7
1.4940606E7
1.4940616E7
1.4940626E7
1.4940636E7
1.4940646E7
1.4940656E7
1.4940666E7
1.4940676E7
1.4940686E7
1.4940696E7
1.4940706E7
1.4940716E7
1.4940726E7
1.4940736E7
1.4940746E7
1.4940756E7
1.4940766E7
1.4940776E7
1.4940786E7
1.4940796E7
1.4940806E7
1.4940816E7
1.4940826E7
1.4940836E7
1.4940846E7
1.4940856E7
1.4940866E7
1.4940876E7
1.4940886E7
1.4940896E7
1.4940906E7
1.4940916E7
1.4940926E7
1.4940936E7
1.4940946E7
1.4940956E7
1.4940966E7
1.4940976E7
1.4940986E7
1.4940996E7
1.4941006E7
1.4941016E7
1.4941026E7
1.4941036E7
1.4941046E7
1.4941056E7
1.4941066E7
1.4941076E7
1.4941086E7
1.4941096E7
1.5051006E7
1.5051016E7
1.5051026E7
1.5051036E7
1.5051046E7
1.5051056E7
1.5051066E7
1.5051072983083645E7
1.5051072983084781E7
1.5051076E7
1.5051086E7
1.5051096E7
1.5051106E7
1.5051116E7
1.5051119983083645E7
1.5051119983084781E7
1.5051126E7
1.5051136E7
1.5051146E7
1.5051156E7
1.5051166E7
1.5051176E7
1.5051186E7
1.5051196E7
1.5051206E7
1.5051216E7
1.5051226E7
1.5051236E7
1.5051246E7
1.5051256E7
1.5051266E7
1.5051276E7
1.5051286E7
1.5051296E7
1.5051306E7
1.5051316E7
1.5051326E7
1.5051336E7
1.5051346E7
1.5051356E7
1.5051366E7
1.5051376E7
1.5051386E7
1.5051396E7
1.5051406E7
1.5051416E7
1.5051426E7
1.5051436E7
1.5051446E7
1.5051456E7
1.5051466E7
1.5051476E7
1.5051486E7
1.5051496E7
1.5051506E7
1.5051516E7
1.5051526E7
1.5051536E7
1.5051546E7
1.5051556E7
1.5051566E7
1.5051576E7
1.5051586E7
1.5051596E7
1.5051606E7
1.5051616E7
1.5051626E7
1.5051636E7
1.5051646E7
1.5051656E7
1.5051666E7
1.5051676E7
1.5051686E7
1.5051696E7
1.5051706E7
1.5051716E7
1.5051726E7
1.5051736E7
1.5051746E7
1.5051756E7
1.5051766E7
1.5051776E7
1.5051786E7
1.5051796E7
1.5051806E7
1.5051816E7
1.5051826E7
1.5051836E7
1.5051846E7
1.5051856E7
1.5051866E7
1.5051876E7
1.5051886E7
1.5051896E7
1.5051906E7
1.5051916E7
1.5051926E7
1.5051936E7
1.5051946E7
1.5051956E7
1.5051966E7
1.5051976E7
1.5051986E7
1.5051996E7
1.5052006E7
1.5052016E7
1.5052026E7
1.5052036E7
1.5052046E7
1.5052056E7
1.5052066E7
1.5052076E7
1.5052086E7
1.5128006E7
1.5128016E7
1.512801759948013E7
1.5128017599481266E7
1.5128026E7
1.512802759948013E7
1.5128027599481266E7
1.5128036E7
1.5128046E7
1.5128056E7
1.5128066E7
1.5128076E7
1.5128086E7
1.5128096E7
1.5128106E7
1.5128116E7
1.5128126E7
1.5128136E7
1.5128146E7
1.5128156E7
1.5128166E7
1.5128176E7
1.5128186E7
1.5128196E7
1.5128206E7
1.5128216E7
1.5128226E7
1.5128236E7
1.5128246E7
1.5128256E7
1.5128266E7
1.5128276E7
1.5128286E7
1.5128296E7
1.5128306E7
1.5128316E7
1.5128326E7
1.5128336E7
1.5128346E7
1.5128356E7
1.5128366E7
1.5128376E7
1.5128386E7
1.5128396E7
1.5128406E7
1.5128416E7
1.5128426E7
1.5128436E7
1.5128446E7
1.5128456E7
1.5128466E7
1.5128476E7
1.5128486E7
1.5128496E7
1.5128506E7
1.5128516E7
1.5128526E7
1.5128536E7
1.5128546E7
1.5128556E7
1.5128566E7
1.5128576E7
1.5128586E7
1.5128596E7
1.5128606E7
1.5128616E7
1.5128626E7
1.5128636E7
1.5128646E7
1.5128656E7
1.5128666E7
1.5128676E7
1.5128686E7
1.5128696E7
1.5128706E7
1.5128716E7
1.5128726E7
1.5128736E7
1.5128746E7
1.5128756E7
1.5327000665603127E7
1.5327006E7
1.5327010665603127E7
1.5327016E7
1.5327026E7
1.5327036E7
1.5327046E7
1.5327056E7
1.5327066E7
1.5327076E7
1.5327086E7
1.5327096E7
1.5327106E7
1.5327116E7
1.5327126E7
1.5327129486887598E7
1.5327136E7
1.5327146E7
1.5327156E7
1.5327166E7
1.5327176E7
1.5327186E7
1.5327196E7
1.5327206E7
1.5327216E7
1.5327226E7
1.5327236E7
1.5327246E7
1.5327256E7
1.5327266E7
1.5327276E7
1.5327286E7
1.5327296E7
1.5327306E7
1.5327316E7
1.5327326E7
1.5327336E7
1.5327346E7
1.5327356E7
1.5327366E7
1.5327376E7
1.5327386E7
1.5327396E7
1.5327406E7
1.5327416E7
1.5327426E7
1.5327436E7
1.5327446E7
1.5327456E7
1.5327466E7
1.5327476E7
1.5327486E7
1.5327496E7
1.5327506E7
1.5327516E7
1.5327526E7
1.5327536E7
1.5327546E7
1.5327556E7
1.5327566E7
1.5327576E7
1.5327586E7
1.5327596E7
1.5327606E7
1.5327616E7
1.5327626E7
1.5327636E7
1.5327646E7
1.5327656E7
1.5327666E7
1.5327676E7
1.5327686E7
1.5327696E7
1.5327706E7
1.5327716E7
1.5327726E7
1.5327736E7
1.5327746E7
1.5327756E7
1.5327766E7
1.5327776E7
1.5327786E7
1.5327796E7
1.5327806E7
1.5327816E7
1.5327826E7
1.5327836E7
1.5327846E7
1.5327856E7
1.5327866E7
1.5327876E7
1.5327886E7
1.5327896E7
1.5327906E7
1.5327916E7
1.5327926E7
1.5327936E7
1.5327946E7
1.5327956E7
1.5327966E7
1.5327976E7
1.5327986E7
1.5327996E7
