3864003.052114225
3864003.05211536
3864006.0
3864016.0
3864026.0
3864036.0
3864046.0
3864056.0
3864066.0
3864076.0
3864086.0
3864096.0
3864106.0
3864116.0
3864126.0
3864136.0
3864146.0
3864156.0
3864166.0
3864176.0
3864186.0
3864196.0
3864206.0
3864216.0
3864226.0
3864236.0
3864246.0
3864256.0
3864266.0
3864276.0
3864286.0
3864296.0
3864306.0
3864316.0
3864326.0
3864336.0
3864346.0
3864356.0
3864366.0
3864376.0
3864386.0
3864396.0
3864406.0
3864416.0
3864426.0
3864436.0
3864446.0
3864456.0
3864466.0
3864476.0
3864486.0
3864496.0
3864506.0
3864516.0
3864526.0
3864536.0
3864546.0
3864556.0
3864566.0
3864576.0
3864586.0
3864596.0
3864606.0
3864616.0
3864626.0
3864636.0
3864646.0
3864656.0
3864666.0
3864676.0
3864686.0
3864696.0
3864706.0
3864716.0
3864726.0
3864736.0
3864746.0
3864756.0
3864766.0
3864776.0
3864786.0
3864796.0
3864806.0
4014006.0
4014009.395265079
4014009.395266214
4014016.0
4014026.0
4014036.0
4014046.0
4014056.0
4014066.0
4014076.0
4014086.0
4014096.0
4014106.0
4014116.0
4014126.0
4014136.0
4014146.0
4014156.0
4014166.0
4014173.437876978
4014173.437878113
4014176.0
4014186.0
4014196.0
4014206.0
4014216.0
4014226.0
4014236.0
4014246.0
4014256.0
4014266.0
4014276.0
4014286.0
4014296.0
4014306.0
4014316.0
4014326.0
4014336.0
4014346.0
4014356.0
4014366.0
4014376.0
4014386.0
4014396.0
4014406.0
4014416.0
4014426.0
4014436.0
4014446.0
4014456.0
4014466.0
4014476.0
4014486.0
4014496.0
4014506.0
4014516.0
4014526.0
4014536.0
4014546.0
4014556.0
4014566.0
4014576.0
4014586.0
4014596.0
4014600.437876978
4014600.437878113
4014606.0
4014616.0
4014626.0
4014636.0
4014646.0
4014656.0
4014666.0
4014676.0
4014686.0
4014696.0
4014706.0
4014716.0
4014726.0
4014736.0
4014746.0
4014756.0
4014766.0
4014776.0
4014786.0
4014796.0
4014806.0
4014816.0
4014826.0
4014836.0
4014846.0
4014856.0
4014866.0
4014876.0
4014886.0
4014896.0
4014906.0
4014916.0
4014926.0
4014936.0
4014946.0
4014956.0
4014966.0
4014976.0
4014986.0
4014996.0
4015006.0
4015016.0
4015026.0
4015036.0
4015046.0
4015056.0
4015066.0
4015076.0
4015086.0
4015096.0
4015106.0
4374006.0
4374016.0
4374026.0
4374036.0
4374046.0
4374056.0
4374066.0
4374076.0
4374086.0
4374096.0
4374106.0
4374116.0
4374126.0
4374136.0
4374146.0
4374156.0
4374166.0
4374176.0
4374186.0
4374196.0
4374206.0
4374216.0
4374226.0
4374236.0
4374246.0
4374256.0
4374266.0
4374276.0
4374286.0
4374296.0
4374306.0
4374316.0
4374326.0
4374336.0
4374346.0
4374356.0
4374366.0
4374376.0
4374386.0
4374396.0
4374406.0
4374416.0
4374426.0
4374436.0
4374446.0
4374456.0
4374466.0
4374476.0
4374486.0
4374496.0
4374506.0
4374516.0
4374526.0
4374536.0
4374546.0
4374556.0
4374566.0
4374576.0
4374586.0
4374596.0
4374606.0
4374616.0
4374626.0
4374636.0
4374646.0
4374656.0
4374666.0
4374676.0
4374686.0
4374696.0
4374706.0
4374716.0
4374726.0
4374736.0
4374746.0
4374756.0
4374766.0
4374776.0
4374786.0
4374796.0
4374806.0
4374816.0
4374826.0
4374836.0
4374846.0
4374856.0
4374866.0
4374876.0
4374886.0
4374896.0
4374906.0
4374916.0
4374926.0
4374936.0
4374946.0
4374956.0
4374966.0
4374976.0
4374986.0
4374996.0
4375006.0
4375016.0
4568006.0
4568007.851559138
4568016.0
4568017.851559138
4568026.0
4568027.851559138
4568036.0
4568037.851559138
4568046.0
4568056.0
4568066.0
4568076.0
4568086.0
4568096.0
4568106.0
4568116.0
4568126.0
4568136.0
4568146.0
4568156.0
4568166.0
4568176.0
4568186.0
4568196.0
4568206.0
4568216.0
4568226.0
4568236.0
4568246.0
4568250.497216729
4568256.0
4568266.0
4568276.0
4568286.0
4568296.0
4568306.0
4568316.0
4568326.0
4568336.0
4568346.0
4568356.0
4568366.0
4568376.0
4568386.0
4568396.0
4568406.0
4568416.0
4568426.0
4568436.0
4568446.0
4568456.0
4568466.0
4568476.0
4568486.0
4568496.0
4568506.0
4568516.0
4568526.0
4568536.0
4568546.0
4568556.0
4568566.0
4568576.0
4568586.0
4568596.0
4568606.0
4568616.0
4568626.0
4568636.0
4568646.0
4568656.0
4568666.0
4568676.0
4568686.0
4568696.0
4568706.0
4568716.0
4568726.0
4568736.0
4568746.0
4568756.0
4568766.0
4568776.0
4568786.0
4568796.0
4568806.0
4568816.0
4568826.0
4568836.0
4568846.0
4568856.0
4568866.0
4568876.0
4568886.0
4568896.0
4568906.0
4568916.0
4568926.0
4568936.0
4568946.0
4568956.0
4568966.0
4568976.0
4568986.0
4568996.0
4569006.0
4569016.0
4569026.0
4569036.0
4569046.0
4569056.0
4569066.0
4569076.0
4569086.0
4569096.0
4569106.0
4569116.0
4569126.0
4569136.0
4569146.0
4569156.0
4620006.0
4620009.13675735
4620016.0
4620019.13675735
4620026.0
4620029.13675735
4620036.0
4620039.13675735
4620046.0
4620056.0
4620066.0
4620076.0
4620086.0
4620096.0
4620106.0
4620116.0
4620126.0
4620136.0
4620146.0
4620156.0
4620166.0
4620176.0
4620186.0
4620196.0
4620206.0
4620216.0
4620226.0
4620236.0
4620246.0
4620256.0
4620266.0
4620276.0
4620286.0
4620296.0
4620306.0
4620316.0
4620326.0
4620336.0
4620346.0
4620356.0
4620366.0
4620376.0
4620386.0
4620396.0
4620406.0
4620416.0
4620426.0
4620436.0
4620446.0
4620456.0
4620466.0
4620476.0
4620486.0
4620496.0
4620506.0
4620516.0
4620526.0
4620536.0
4620546.0
4620556.0
4620566.0
4620576.0
4620586.0
4620596.0
4620606.0
4620616.0
4620626.0
4620636.0
4620646.0
4620656.0
4620666.0
4620676.0
4620686.0
4620696.0
4620706.0
4620716.0
4620726.0
4620736.0
4620746.0
4620756.0
4620766.0
4620776.0
4620786.0
4620796.0
4688000.76162765
4688006.0
4688010.76162765
4688016.0
4688020.76162765
4688026.0
4688030.76162765
4688036.0
4688040.76162765
4688046.0
4688056.0
4688066.0
4688076.0
4688086.0
4688096.0
4688106.0
4688116.0
4688126.0
4688136.0
4688146.0
4688156.0
4688166.0
4688176.0
4688186.0
4688196.0
4688206.0
4688216.0
4688226.0
4688236.0
4688246.0
4688256.0
4688266.0
4688276.0
4688286.0
4688296.0
4688306.0
4688316.0
4688326.0
4688336.0
4688346.0
4688356.0
4688366.0
4688376.0
4688386.0
4688396.0
4688406.0
4688416.0
4688426.0
4688436.0
4688446.0
4688456.0
4688466.0
4688476.0
4688486.0
4688496.0
4688506.0
4688516.0
4688526.0
4688536.0
4688546.0
4688556.0
4688566.0
4688576.0
4688586.0
4688596.0
4688606.0
4688616.0
4688626.0
4688636.0
4688646.0
4688656.0
4688666.0
4688676.0
4688686.0
4688696.0
4688706.0
4688716.0
4688726.0
4688736.0
4688746.0
4688756.0
4688766.0
4688776.0
4688786.0
4688796.0
4688806.0
4688816.0
4688826.0
4688836.0
4688846.0
4688856.0
4688866.0
4688876.0
4688886.0
4688896.0
4688906.0
4688916.0
4688926.0
4688936.0
4688946.0
4688956.0
4688966.0
4688976.0
4688986.0
4688996.0
4689006.0
4689016.0
4689026.0
4850006.0
4850009.410549616
4850016.0
4850019.410549616
4850026.0
4850029.410549616
4850036.0
4850039.410549616
4850046.0
4850056.0
4850066.0
4850076.0
4850086.0
4850096.0
4850106.0
4850116.0
4850126.0
4850136.0
4850146.0
4850156.0
4850166.0
4850176.0
4850186.0
4850196.0
4850206.0
4850216.0
4850226.0
4850236.0
4850246.0
4850256.0
4850266.0
4850276.0
4850286.0
4850296.0
4850306.0
4850316.0
4850326.0
4850336.0
4850346.0
4850356.0
4850366.0
4850376.0
4850386.0
4850396.0
4850406.0
4850416.0
4850426.0
4850436.0
4850446.0
4850456.0
4850466.0
4850476.0
4850486.0
4850496.0
4850506.0
4850516.0
4850526.0
4850536.0
4850546.0
4850556.0
4850566.0
4850576.0
4850586.0
4850596.0
4850606.0
4850616.0
4850626.0
4850636.0
4850646.0
4850656.0
4850666.0
4850676.0
4850686.0
4850696.0
4850706.0
4850716.0
4850726.0
4850736.0
4850746.0
4850756.0
4850766.0
4850776.0
4850786.0
4850796.0
4850806.0
4850816.0
4850826.0
4850836.0
4850846.0
4850856.0
4850866.0
4850876.0
4850886.0
4850896.0
4850906.0
4850916.0
4850926.0
4850936.0
4850946.0
4850956.0
4850966.0
4850976.0
4850986.0
4850996.0
4851006.0
4851016.0
4851026.0
4851036.0
4851046.0
4851056.0
4851066.0
4851076.0
4851086.0
5053006.0
5053007.595245814
5053016.0
5053017.595245814
5053026.0
5053027.595245814
5053036.0
5053037.595245814
5053046.0
5053056.0
5053066.0
5053076.0
5053086.0
5053096.0
5053106.0
5053116.0
5053126.0
5053136.0
5053146.0
5053156.0
5053166.0
5053176.0
5053186.0
5053196.0
5053206.0
5053216.0
5053226.0
5053236.0
5053246.0
5053256.0
5053266.0
5053276.0
5053286.0
5053296.0
5053306.0
5053316.0
5053326.0
5053336.0
5053346.0
5053356.0
5053366.0
5053376.0
5053386.0
5053396.0
5053406.0
5053416.0
5053426.0
5053436.0
5053446.0
5053456.0
5053466.0
5053476.0
5053486.0
5053496.0
5053506.0
5053516.0
5053526.0
5053536.0
5053546.0
5053556.0
5053566.0
5053576.0
5053586.0
5053596.0
5053606.0
5053611.369060067
5053616.0
5053626.0
5053636.0
5053646.0
5053656.0
5053666.0
5053676.0
5053686.0
5053696.0
5053706.0
5053716.0
5053726.0
5053736.0
5053746.0
5099006.0
5099013.6266903635
5099016.0
5099023.6266903635
5099026.0
5099033.6266903635
5099036.0
5099046.0
5099056.0
5099066.0
5099076.0
5099086.0
5099096.0
5099106.0
5099116.0
5099126.0
5099136.0
5099146.0
5099156.0
5099166.0
5099176.0
5099186.0
5099196.0
5099206.0
5099216.0
5099226.0
5099236.0
5099246.0
5099256.0
5099266.0
5099276.0
5099286.0
5099296.0
5099306.0
5099316.0
5099326.0
5099336.0
5099346.0
5099356.0
5099366.0
5099376.0
5099386.0
5099396.0
5099406.0
5099416.0
5099426.0
5099436.0
5099446.0
5099456.0
5099466.0
5099476.0
5099486.0
5099496.0
5099506.0
5099516.0
5099526.0
5099536.0
5099546.0
5099556.0
5099566.0
5099576.0
5099586.0
5099596.0
5099606.0
5099616.0
5099626.0
5099636.0
5099646.0
5099656.0
5099666.0
5099676.0
5099686.0
5099696.0
5099706.0
5099716.0
5099726.0
5099736.0
5099746.0
5099756.0
5099766.0
5099776.0
5099786.0
5099796.0
5099806.0
5099816.0
5099826.0
5099836.0
5099846.0
5099856.0
5099866.0
5099876.0
5099886.0
5099896.0
5099906.0
5099916.0
5099926.0
5099936.0
5099946.0
5099950.384782342
5099956.0
5099966.0
5099976.0
5099986.0
5099996.0
5100006.0
5100016.0
5100026.0
5100036.0
5100046.0
5100056.0
5100066.0
5100076.0
5265004.873444057
5265006.0
5265014.873444057
5265016.0
5265024.873444057
5265026.0
5265034.873444057
5265036.0
5265044.873444057
5265046.0
5265056.0
5265066.0
5265076.0
5265086.0
5265096.0
5265106.0
5265116.0
5265126.0
5265136.0
5265146.0
5265156.0
5265166.0
5265176.0
5265186.0
5265196.0
5265206.0
5265216.0
5265226.0
5265236.0
5265246.0
5265256.0
5265266.0
5265276.0
5265286.0
5265296.0
5265306.0
5265316.0
5265326.0
5265336.0
5265346.0
5265356.0
5265366.0
5265376.0
5265386.0
5265396.0
5265406.0
5265416.0
5265426.0
5265436.0
5265446.0
5265456.0
5265466.0
5265476.0
5265486.0
5265496.0
5265506.0
5265516.0
5265526.0
5265536.0
5265546.0
5265556.0
5265566.0
5265576.0
5265586.0
5265596.0
5265606.0
5265616.0
5265626.0
5265636.0
5265646.0
5265656.0
5265666.0
5265676.0
5265686.0
5265696.0
5265706.0
5265716.0
5265726.0
5265736.0
5265746.0
5265756.0
5265766.0
5265776.0
5265786.0
5265796.0
5265806.0
5265816.0
5265826.0
5265836.0
5265846.0
5265856.0
5265866.0
5265876.0
5265886.0
