0	5466	9909	4	0	0.0
0	5466	9909	4	0	1.9817E7
0	5466	9908	4	2	1.9818E7
0	5467	9905	3	4	1.9819E7
0	5468	9899	3	6	1.982E7
0	5469	9892	3	8	1.9821E7
0	5471	9883	3	10	1.9822E7
0	5473	9872	3	12	1.9823E7
0	5476	9860	3	12	1.9824E7
0	5479	9847	3	12	1.9825E7
0	5481	9835	3	12	1.9826E7
0	5484	9822	3	12	1.9827E7
0	5487	9810	3	12	1.9828E7
0	5489	9798	3	12	1.9829E7
0	5492	9785	3	12	1.983E7
0	5495	9773	3	12	1.9831E7
0	5497	9760	3	12	1.9832E7
0	5500	9748	3	12	1.9833E7
0	5502	9735	3	12	1.9834E7
0	5505	9723	3	12	1.9835E7
0	5508	9710	3	12	1.9836E7
0	5510	9698	3	12	1.9837E7
0	5513	9686	3	12	1.9838E7
0	5516	9673	3	12	1.9839E7
0	5518	9661	3	12	1.984E7
0	5521	9648	3	12	1.9841E7
0	5524	9636	3	12	1.9842E7
0	5526	9623	3	12	1.9843E7
0	5529	9611	3	12	1.9844E7
0	5531	9599	3	11	1.9845E7
0	5532	9590	3	8	1.9846E7
0	5533	9583	3	5	1.9847E7
0	5534	9579	3	2	1.9848E7
0	5534	9578	3	0	1.9849E7
0	5534	9578	3	0	1.985E7
0	5534	9578	3	0	1.9851E7
0	5534	9578	3	0	1.9852E7
0	5534	9578	3	0	1.9853E7
0	5534	9578	3	0	1.9854E7
0	5534	9578	3	0	1.9855E7
0	5534	9578	3	0	1.9856E7
0	5534	9578	3	0	1.9857E7
0	5534	9578	3	0	1.9858E7
0	5534	9578	3	0	1.9859E7
0	5534	9578	3	0	1.986E7
0	5534	9578	3	0	1.9861E7
0	5534	9578	3	0	1.9862E7
0	5534	9578	3	0	1.9863E7
0	5534	9578	3	0	1.9864E7
0	5534	9578	3	0	1.9865E7
0	5534	9578	3	0	1.9866E7
0	5534	9578	3	0	1.9867E7
0	5534	9578	3	0	1.9868E7
0	5534	9577	3	1	1.9869E7
0	5534	9575	3	3	1.987E7
0	5535	9570	3	5	1.9871E7
0	5535	9563	3	7	1.9872E7
0	5536	9555	3	9	1.9873E7
0	5537	9544	3	11	1.9874E7
0	5538	9531	3	12	1.9875E7
0	5539	9519	3	12	1.9876E7
0	5540	9506	3	12	1.9877E7
0	5542	9493	3	12	1.9878E7
0	5543	9481	3	12	1.9879E7
0	5544	9468	3	12	1.988E7
0	5545	9455	3	12	1.9881E7
0	5546	9443	3	12	1.9882E7
0	5547	9430	3	12	1.9883E7
0	5549	9418	3	12	1.9884E7
0	5551	9405	3	12	1.9885E7
0	5554	9393	3	12	1.9886E7
0	5558	9381	3	12	1.9887E7
0	5565	9370	2	12	1.9888E7
0	5572	9360	2	12	1.9889E7
0	5581	9350	2	12	1.989E7
0	5589	9341	2	12	1.9891E7
0	5598	9331	2	12	1.9892E7
0	5606	9322	2	12	1.9893E7
0	5615	9312	2	12	1.9894E7
0	5623	9303	2	12	1.9895E7
0	5632	9293	2	12	1.9896E7
0	5640	9284	2	12	1.9897E7
0	5648	9274	2	12	1.9898E7
0	5657	9265	2	12	1.9899E7
0	5665	9255	2	12	1.99E7
0	5674	9246	2	12	1.9901E7
0	5682	9236	2	12	1.9902E7
0	5691	9227	2	12	1.9903E7
0	5699	9217	2	12	1.9904E7
0	5707	9208	2	12	1.9905E7
0	5714	9197	2	12	1.9906E7
0	5721	9186	2	12	1.9907E7
0	5726	9174	2	12	1.9908E7
0	5731	9163	2	12	1.9909E7
0	5736	9151	2	12	1.991E7
0	5741	9139	3	12	1.9911E7
0	5746	9127	3	12	1.9912E7
0	5750	9116	3	12	1.9913E7
0	5755	9104	3	12	1.9914E7
0	5760	9092	3	12	1.9915E7
0	5764	9080	3	12	1.9916E7
0	5769	9068	3	12	1.9917E7
0	5774	9057	3	12	1.9918E7
0	5778	9045	3	12	1.9919E7
0	5782	9033	3	12	1.992E7
0	5786	9021	3	12	1.9921E7
0	5791	9009	2	12	1.9922E7
0	5796	8997	2	12	1.9923E7
0	5801	8985	2	12	1.9924E7
0	5806	8974	2	12	1.9925E7
0	5811	8962	2	12	1.9926E7
0	5816	8950	2	12	1.9927E7
0	5820	8938	2	12	1.9928E7
0	5825	8927	2	12	1.9929E7
0	5830	8915	2	12	1.993E7
0	5835	8903	2	12	1.9931E7
0	5840	8891	2	12	1.9932E7
0	5845	8880	2	12	1.9933E7
0	5849	8868	3	12	1.9934E7
0	5852	8855	3	12	1.9935E7
0	5854	8843	3	12	1.9936E7
0	5856	8830	3	12	1.9937E7
0	5858	8818	3	12	1.9938E7
0	5860	8805	3	12	1.9939E7
0	5862	8793	3	12	1.994E7
0	5864	8780	3	12	1.9941E7
0	5866	8768	3	11	1.9942E7
0	5868	8759	3	7	1.9943E7
0	5869	8752	3	5	1.9944E7
0	5870	8749	3	3	1.9945E7
0	5870	8747	3	0	1.9946E7
0	5870	8747	3	0	1.9947E7
0	5870	8747	3	0	1.9948E7
0	5870	8747	3	0	1.9949E7
0	5870	8747	3	0	1.995E7
0	5870	8747	3	0	1.9951E7
0	5870	8747	3	0	1.9952E7
0	5870	8747	3	0	1.9953E7
0	5870	8747	3	0	1.9954E7
0	5870	8747	3	0	1.9955E7
0	5870	8747	3	0	1.9956E7
0	5870	8747	3	0	1.9957E7
0	5870	8747	3	0	1.9958E7
0	5870	8747	3	0	1.9959E7
0	5870	8747	3	0	1.996E7
0	5870	8747	3	0	1.9961E7
0	5870	8747	3	0	1.9962E7
0	5870	8747	3	0	1.9963E7
0	5870	8747	3	0	1.9964E7
0	5870	8747	3	0	1.9965E7
0	5870	8747	3	1	1.9966E7
0	5871	8744	3	3	1.9967E7
0	5872	8739	3	5	1.9968E7
0	5873	8733	3	7	1.9969E7
0	5874	8724	3	9	1.997E7
0	5876	8713	3	11	1.9971E7
0	5879	8701	3	12	1.9972E7
0	5881	8688	3	12	1.9973E7
0	5883	8676	3	12	1.9974E7
0	5885	8663	3	12	1.9975E7
0	5888	8651	3	12	1.9976E7
0	5890	8638	3	12	1.9977E7
0	5892	8626	3	12	1.9978E7
0	5895	8613	3	12	1.9979E7
0	5897	8601	3	12	1.998E7
0	5899	8588	3	12	1.9981E7
0	5901	8576	3	12	1.9982E7
0	5904	8563	3	12	1.9983E7
0	5906	8551	3	12	1.9984E7
0	5908	8538	3	12	1.9985E7
0	5911	8526	3	12	1.9986E7
0	5913	8513	3	12	1.9987E7
0	5915	8501	3	12	1.9988E7
0	5917	8488	3	12	1.9989E7
0	5919	8476	3	12	1.999E7
0	5921	8463	3	12	1.9991E7
0	5923	8451	3	12	1.9992E7
0	5925	8438	3	12	1.9993E7
0	5927	8426	3	12	1.9994E7
0	5929	8413	3	12	1.9995E7
0	5931	8400	3	12	1.9996E7
0	5933	8388	3	12	1.9997E7
0	5935	8375	3	12	1.9998E7
0	5936	8363	3	12	1.9999E7
0	5936	8350	3	12	2.0E7
0	5935	8337	3	12	2.0001E7
0	5934	8325	3	12	2.0002E7
0	5932	8312	3	12	2.0003E7
0	5929	8300	3	12	2.0004E7
0	5926	8287	3	12	2.0005E7
0	5922	8276	3	12	2.0006E7
0	5914	8265	4	12	2.0007E7
0	5907	8255	4	12	2.0008E7
0	5898	8246	4	12	2.0009E7
0	5887	8241	4	10	2.001E7
0	5879	8237	4	7	2.0011E7
0	5873	8235	4	5	2.0012E7
0	5869	8233	4	3	2.0013E7
0	5865	8231	4	6	2.0014E7
0	5865	8226	4	8	2.0015E7
0	5864	8215	3	9	2.0016E7
0	5860	8204	3	10	2.0017E7
0	5853	8195	4	10	2.0018E7
0	5842	8190	4	10	2.0019E7
0	5836	8182	4	10	2.002E7
0	5836	8172	3	10	2.0021E7
0	5835	8161	3	10	2.0022E7
0	5834	8151	3	10	2.0023E7
0	5834	8140	3	10	2.0024E7
0	5834	8130	3	10	2.0025E7
0	5834	8119	3	10	2.0026E7
0	5834	8109	3	10	2.0027E7
0	5835	8099	3	10	2.0028E7
0	5836	8088	3	10	2.0029E7
0	5839	8078	3	10	2.003E7
0	5842	8068	3	10	2.0031E7
0	5846	8058	2	10	2.0032E7
0	5852	8050	2	10	2.0033E7
0	5859	8042	2	10	2.0034E7
0	5867	8035	2	10	2.0035E7
0	5874	8027	2	10	2.0036E7
0	5882	8020	2	10	2.0037E7
0	5887	8014	2	7	2.0038E7
0	5891	8010	2	4	2.0039E7
0	5894	8008	2	2	2.004E7
0	5894	8007	2	0	2.0041E7
0	5894	8007	2	0	2.0042E7
0	5894	8007	2	0	2.0043E7
0	5894	8007	2	0	2.0044E7
0	5894	8007	2	0	2.0045E7
0	5894	8007	2	0	2.0046E7
0	5894	8007	2	0	2.0047E7
0	5894	8007	2	0	2.0048E7
0	5894	8007	2	0	2.0049E7
0	5894	8007	2	0	2.005E7
0	5894	8007	2	0	2.0051E7
0	5894	8007	2	0	2.0052E7
0	5894	8007	2	0	2.0053E7
0	5894	8007	2	0	2.0054E7
0	5894	8007	2	0	2.0055E7
0	5894	8007	2	0	2.0056E7
0	5894	8007	2	0	2.0057E7
0	5894	8007	2	0	2.0058E7
0	5894	8007	2	0	2.0059E7
0	5894	8007	2	0	2.006E7
0	5895	8006	2	2	2.0061E7
0	5897	8004	2	4	2.0062E7
0	5900	8000	2	6	2.0063E7
0	5905	7995	2	8	2.0064E7
0	5911	7988	2	10	2.0065E7
0	5917	7980	2	10	2.0066E7
0	5924	7971	2	10	2.0067E7
0	5930	7963	2	10	2.0068E7
0	5937	7954	2	10	2.0069E7
0	5943	7946	2	10	2.007E7
0	5949	7937	2	10	2.0071E7
0	5955	7928	2	10	2.0072E7
0	5961	7919	2	10	2.0073E7
0	5966	7910	2	10	2.0074E7
0	5972	7901	2	10	2.0075E7
0	5977	7892	2	10	2.0076E7
0	5983	7883	2	10	2.0077E7
0	5989	7874	2	10	2.0078E7
0	5994	7865	2	10	2.0079E7
0	5999	7855	2	10	2.008E7
0	6004	7846	2	10	2.0081E7
0	6008	7837	2	10	2.0082E7
0	6013	7827	2	10	2.0083E7
0	6018	7818	2	10	2.0084E7
0	6022	7808	2	10	2.0085E7
0	6026	7798	3	10	2.0086E7
0	6030	7788	3	10	2.0087E7
0	6034	7778	3	10	2.0088E7
0	6038	7768	3	10	2.0089E7
0	6041	7759	3	10	2.009E7
0	6045	7749	3	10	2.0091E7
0	6048	7738	3	10	2.0092E7
0	6051	7728	3	10	2.0093E7
0	6054	7718	3	10	2.0094E7
0	6057	7708	3	10	2.0095E7
0	6060	7698	3	10	2.0096E7
0	6063	7688	3	10	2.0097E7
0	6065	7677	3	10	2.0098E7
0	6067	7667	3	10	2.0099E7
0	6068	7656	3	10	2.01E7
0	6070	7646	3	10	2.0101E7
0	6072	7635	3	10	2.0102E7
0	6073	7625	3	10	2.0103E7
0	6075	7614	3	10	2.0104E7
0	6077	7604	3	10	2.0105E7
0	6078	7593	3	10	2.0106E7
0	6080	7584	3	8	2.0107E7
0	6081	7577	3	5	2.0108E7
0	6082	7572	3	3	2.0109E7
0	6082	7570	3	1	2.011E7
0	6082	7569	3	0	2.0111E7
0	6082	7568	3	0	2.0112E7
0	6082	7568	3	0	2.0113E7
0	6082	7568	3	0	2.0114E7
0	6082	7568	3	0	2.0115E7
0	6082	7568	3	0	2.0116E7
0	6082	7568	3	0	2.0117E7
0	6082	7568	3	0	2.0118E7
0	6082	7568	3	0	2.0119E7
0	6082	7568	3	0	2.012E7
0	6082	7568	3	0	2.0121E7
0	6082	7568	3	0	2.0122E7
0	6082	7568	3	0	2.0123E7
0	6082	7568	3	0	2.0124E7
0	6082	7568	3	0	2.0125E7
0	6082	7568	3	0	2.0126E7
0	6082	7568	3	0	2.0127E7
0	6082	7568	3	0	2.0128E7
0	6082	7568	3	0	2.0129E7
0	6082	7568	3	0	2.013E7
0	6082	7568	3	0	2.0131E7
0	6082	7568	3	0	2.0132E7
0	6082	7568	3	0	2.0133E7
0	6082	7568	3	0	2.0134E7
0	6082	7568	3	0	2.0135E7
0	6082	7568	3	0	2.0136E7
0	6082	7568	3	0	2.0137E7
0	6082	7568	3	0	2.0138E7
0	6082	7568	3	0	2.0139E7
0	6082	7568	3	0	2.014E7
0	6082	7568	3	0	2.0141E7
0	6082	7568	3	0	2.0142E7
0	6082	7568	3	0	2.0143E7
0	6082	7568	3	0	2.0144E7
0	6082	7568	3	0	2.0145E7
0	6082	7568	3	0	2.0146E7
0	6082	7568	3	0	2.0147E7
0	6082	7568	3	0	2.0148E7
0	6082	7568	3	0	2.0149E7
0	6082	7568	3	0	2.015E7
0	6082	7568	3	0	2.0151E7
0	6082	7568	3	0	2.0152E7
0	6082	7568	3	0	2.0153E7
0	6082	7568	3	0	2.0154E7
0	6082	7568	3	0	2.0155E7
0	6082	7568	3	0	2.0156E7
0	6082	7568	3	0	2.0157E7
0	6082	7568	3	0	2.0158E7
0	6082	7568	3	0	2.0159E7
0	6082	7568	3	0	2.016E7
0	6082	7568	3	0	2.0161E7
0	6083	7566	3	2	2.0162E7
0	6083	7563	3	4	2.0163E7
0	6084	7558	3	6	2.0164E7
0	6085	7551	3	8	2.0165E7
0	6086	7542	3	10	2.0166E7
0	6088	7532	3	10	2.0167E7
0	6089	7521	3	10	2.0168E7
0	6091	7511	3	10	2.0169E7
0	6092	7500	3	10	2.017E7
0	6094	7490	3	10	2.0171E7
0	6095	7479	3	10	2.0172E7
0	6097	7469	3	10	2.0173E7
0	6098	7460	3	7	2.0174E7
0	6099	7454	3	5	2.0175E7
0	6100	7450	3	2	2.0176E7
0	6100	7449	3	0	2.0177E7
0	6100	7449	3	0	2.0178E7
0	6100	7449	3	0	2.0179E7
0	6100	7449	3	0	2.018E7
0	6100	7449	3	0	2.0181E7
0	6100	7449	3	0	2.0182E7
0	6100	7449	3	0	2.0183E7
0	6100	7449	3	0	2.0184E7
0	6100	7449	3	0	2.0185E7
0	6100	7449	3	0	2.0186E7
0	6100	7449	3	0	2.0187E7
0	6100	7449	3	0	2.0188E7
0	6100	7449	3	0	2.0189E7
0	6100	7449	3	0	2.019E7
0	6100	7449	3	0	2.0191E7
0	6100	7449	3	0	2.0192E7
0	6100	7449	3	0	2.0193E7
0	6100	7449	3	0	2.0194E7
0	6100	7449	3	0	2.0195E7
0	6100	7449	3	0	2.0196E7
0	6100	7448	3	1	2.0197E7
0	6101	7445	3	3	2.0198E7
0	6101	7440	3	5	2.0199E7
0	6102	7434	3	7	2.02E7
0	6104	7425	3	9	2.0201E7
0	6105	7415	3	10	2.0202E7
0	6107	7404	3	10	2.0203E7
0	6108	7394	3	10	2.0204E7
0	6110	7383	3	10	2.0205E7
0	6111	7373	3	10	2.0206E7
0	6113	7362	3	10	2.0207E7
0	6114	7352	3	10	2.0208E7
0	6116	7341	3	10	2.0209E7
0	6117	7331	3	10	2.021E7
0	6119	7320	3	10	2.0211E7
0	6120	7310	3	10	2.0212E7
0	6122	7300	3	10	2.0213E7
0	6123	7289	3	10	2.0214E7
0	6125	7279	3	10	2.0215E7
0	6126	7268	3	10	2.0216E7
0	6128	7258	3	10	2.0217E7
0	6130	7247	3	10	2.0218E7
0	6134	7243	2	10	2.0219E7
0	6144	7243	1	10	2.022E7
0	6155	7240	1	10	2.0221E7
0	6165	7236	1	10	2.0222E7
0	6175	7230	2	10	2.0223E7
0	6183	7223	2	10	2.0224E7
0	6190	7215	2	10	2.0225E7
0	6196	7205	2	10	2.0226E7
0	6200	7195	2	10	2.0227E7
0	6202	7184	3	10	2.0228E7
0	6204	7173	3	10	2.0229E7
0	6202	7162	3	10	2.023E7
0	6199	7151	3	10	2.0231E7
0	6194	7141	4	10	2.0232E7
0	6188	7132	4	10	2.0233E7
0	6180	7124	4	10	2.0234E7
0	6171	7118	4	10	2.0235E7
0	6170	7106	3	10	2.0236E7
0	6171	7095	3	10	2.0237E7
0	6172	7085	3	10	2.0238E7
0	6173	7074	3	10	2.0239E7
0	6174	7064	3	10	2.024E7
0	6175	7053	3	10	2.0241E7
0	6175	7043	3	10	2.0242E7
0	6176	7032	3	10	2.0243E7
0	6177	7021	3	10	2.0244E7
0	6178	7011	3	10	2.0245E7
0	6179	7000	3	10	2.0246E7
0	6179	6990	3	10	2.0247E7
0	6180	6979	3	10	2.0248E7
0	6181	6969	3	10	2.0249E7
0	6182	6958	3	10	2.025E7
0	6182	6948	3	10	2.0251E7
0	6183	6937	3	10	2.0252E7
0	6184	6926	3	10	2.0253E7
0	6185	6916	3	10	2.0254E7
0	6186	6905	3	10	2.0255E7
0	6186	6895	3	10	2.0256E7
0	6187	6884	3	10	2.0257E7
0	6188	6874	3	10	2.0258E7
0	6189	6863	3	10	2.0259E7
0	6190	6853	3	10	2.026E7
0	6191	6842	3	10	2.0261E7
0	6193	6832	3	10	2.0262E7
0	6194	6821	3	10	2.0263E7
0	6195	6811	3	10	2.0264E7
0	6197	6800	3	10	2.0265E7
0	6198	6790	3	10	2.0266E7
0	6200	6779	3	10	2.0267E7
0	6201	6769	3	9	2.0268E7
0	6202	6762	3	6	2.0269E7
0	6203	6757	3	3	2.027E7
0	6204	6754	3	0	2.0271E7
0	6204	6754	3	0	2.0272E7
0	6204	6754	3	0	2.0273E7
0	6204	6754	3	0	2.0274E7
0	6204	6754	3	0	2.0275E7
0	6204	6754	3	0	2.0276E7
0	6204	6754	3	0	2.0277E7
0	6204	6754	3	0	2.0278E7
0	6204	6754	3	0	2.0279E7
0	6204	6754	3	0	2.028E7
0	6204	6754	3	0	2.0281E7
0	6204	6754	3	0	2.0282E7
0	6204	6754	3	0	2.0283E7
0	6204	6754	3	0	2.0284E7
0	6204	6754	3	0	2.0285E7
0	6204	6754	3	0	2.0286E7
0	6204	6754	3	0	2.0287E7
0	6204	6754	3	0	2.0288E7
0	6204	6754	3	0	2.0289E7
0	6204	6754	3	0	2.029E7
0	6204	6754	3	0	2.0291E7
0	6204	6752	3	2	2.0292E7
0	6204	6749	3	4	2.0293E7
0	6205	6743	3	6	2.0294E7
0	6206	6735	3	8	2.0295E7
0	6208	6725	3	10	2.0296E7
0	6209	6715	3	10	2.0297E7
0	6211	6705	3	10	2.0298E7
0	6212	6694	3	10	2.0299E7
0	6214	6684	3	10	2.03E7
0	6216	6673	3	10	2.0301E7
0	6217	6663	3	10	2.0302E7
0	6219	6652	3	10	2.0303E7
0	6220	6642	3	10	2.0304E7
0	6222	6631	3	10	2.0305E7
0	6223	6621	3	10	2.0306E7
0	6225	6610	3	10	2.0307E7
0	6227	6600	3	10	2.0308E7
0	6228	6590	3	10	2.0309E7
0	6230	6579	3	10	2.031E7
0	6231	6569	3	10	2.0311E7
0	6233	6558	3	10	2.0312E7
0	6234	6548	3	9	2.0313E7
0	6235	6541	3	6	2.0314E7
0	6236	6536	3	3	2.0315E7
0	6236	6533	3	2	2.0316E7
0	6236	6532	3	0	2.0317E7
0	6236	6531	3	0	2.0318E7
0	6237	6531	3	0	2.0319E7
0	6237	6531	3	0	2.032E7
0	6237	6531	3	0	2.0321E7
0	6237	6529	3	2	2.0322E7
0	6237	6525	3	4	2.0323E7
0	6238	6520	3	6	2.0324E7
0	6239	6512	3	8	2.0325E7
0	6241	6502	3	10	2.0326E7
0	6242	6492	3	10	2.0327E7
0	6244	6481	3	10	2.0328E7
0	6246	6471	3	10	2.0329E7
0	6248	6462	3	8	2.033E7
0	6249	6455	3	5	2.0331E7
0	6249	6451	3	3	2.0332E7
0	6250	6450	3	0	2.0333E7
0	6250	6450	3	0	2.0334E7
0	6250	6450	3	0	2.0335E7
0	6250	6450	3	0	2.0336E7
0	6250	6450	3	0	2.0337E7
0	6250	6450	3	0	2.0338E7
0	6250	6450	3	0	2.0339E7
0	6250	6450	3	0	2.034E7
0	6250	6450	3	0	2.0341E7
0	6250	6450	3	0	2.0342E7
0	6250	6450	3	0	2.0343E7
0	6250	6450	3	0	2.0344E7
0	6250	6450	3	0	2.0345E7
0	6250	6450	3	0	2.0346E7
0	6250	6450	3	0	2.0347E7
0	6250	6450	3	0	2.0348E7
0	6250	6450	3	0	2.0349E7
0	6250	6450	3	0	2.035E7
0	6250	6450	3	0	2.0351E7
0	6250	6450	3	0	2.0352E7
0	6250	6449	3	1	2.0353E7
0	6250	6447	3	3	2.0354E7
0	6251	6443	3	5	2.0355E7
0	6252	6436	3	7	2.0356E7
0	6253	6428	3	9	2.0357E7
0	6255	6418	3	10	2.0358E7
0	6257	6407	3	10	2.0359E7
0	6258	6398	3	7	2.036E7
0	6259	6392	3	5	2.0361E7
0	6260	6388	3	2	2.0362E7
0	6260	6386	3	1	2.0363E7
0	6261	6385	3	0	2.0364E7
0	6261	6385	3	0	2.0365E7
0	6261	6384	3	0	2.0366E7
0	6261	6384	3	0	2.0367E7
0	6261	6384	3	0	2.0368E7
0	6261	6384	3	0	2.0369E7
0	6261	6384	3	0	2.037E7
0	6261	6384	3	0	2.0371E7
0	6261	6384	3	0	2.0372E7
0	6261	6384	3	0	2.0373E7
0	6261	6384	3	0	2.0374E7
0	6261	6384	3	0	2.0375E7
0	6261	6384	3	0	2.0376E7
0	6261	6384	3	0	2.0377E7
0	6261	6384	3	0	2.0378E7
0	6261	6384	3	0	2.0379E7
0	6261	6384	3	0	2.038E7
0	6261	6384	3	0	2.0381E7
0	6261	6384	3	0	2.0382E7
0	6261	6384	3	0	2.0383E7
0	6261	6384	3	0	2.0384E7
0	6261	6384	3	0	2.0385E7
0	6261	6384	3	0	2.0386E7
0	6261	6384	3	0	2.0387E7
0	6261	6384	3	0	2.0388E7
0	6261	6384	3	0	2.0389E7
0	6261	6384	3	0	2.039E7
0	6261	6384	3	0	2.0391E7
0	6261	6384	3	0	2.0392E7
0	6261	6384	3	0	2.0393E7
0	6261	6384	3	0	2.0394E7
0	6261	6384	3	0	2.0395E7
0	6261	6384	3	0	2.0396E7
0	6261	6384	3	0	2.0397E7
0	6261	6384	3	0	2.0398E7
0	6261	6384	3	0	2.0399E7
0	6261	6384	3	0	2.04E7
0	6261	6384	3	0	2.0401E7
0	6261	6383	3	2	2.0402E7
0	6262	6379	3	4	2.0403E7
0	6262	6374	3	6	2.0404E7
0	6264	6366	3	8	2.0405E7
0	6265	6357	3	9	2.0406E7
0	6267	6347	3	10	2.0407E7
0	6268	6336	3	10	2.0408E7
0	6270	6326	3	10	2.0409E7
0	6271	6315	3	10	2.041E7
0	6273	6305	3	10	2.0411E7
0	6274	6294	3	10	2.0412E7
0	6276	6284	3	10	2.0413E7
0	6278	6274	3	10	2.0414E7
0	6279	6263	3	10	2.0415E7
0	6281	6253	3	10	2.0416E7
0	6282	6242	3	10	2.0417E7
0	6284	6232	3	10	2.0418E7
0	6285	6221	3	10	2.0419E7
0	6287	6211	3	10	2.042E7
0	6290	6201	3	10	2.0421E7
0	6300	6202	1	10	2.0422E7
0	6310	6204	1	10	2.0423E7
0	6320	6208	1	10	2.0424E7
0	6331	6211	1	10	2.0425E7
0	6341	6214	1	10	2.0426E7
0	6351	6217	1	10	2.0427E7
0	6361	6221	1	10	2.0428E7
0	6370	6225	1	10	2.0429E7
0	6380	6228	1	10	2.043E7
0	6390	6232	1	10	2.0431E7
0	6400	6236	1	10	2.0432E7
0	6410	6239	1	10	2.0433E7
0	6420	6243	1	10	2.0434E7
0	6430	6246	1	10	2.0435E7
0	6440	6249	1	10	2.0436E7
0	6450	6253	1	10	2.0437E7
0	6460	6256	1	10	2.0438E7
0	6470	6260	1	10	2.0439E7
0	6480	6263	1	10	2.044E7
0	6490	6267	1	10	2.0441E7
0	6500	6270	1	10	2.0442E7
0	6510	6274	1	10	2.0443E7
0	6520	6277	1	10	2.0444E7
0	6530	6281	1	10	2.0445E7
0	6539	6284	1	8	2.0446E7
0	6546	6286	1	5	2.0447E7
0	6550	6288	1	3	2.0448E7
0	6552	6288	1	0	2.0449E7
0	6552	6288	1	0	2.045E7
0	6552	6288	1	0	2.0451E7
0	6552	6288	1	0	2.0452E7
0	6552	6288	1	0	2.0453E7
0	6552	6288	1	0	2.0454E7
0	6552	6288	1	0	2.0455E7
0	6552	6288	1	0	2.0456E7
0	6552	6288	1	0	2.0457E7
0	6552	6288	1	0	2.0458E7
0	6552	6288	1	0	2.0459E7
0	6552	6288	1	0	2.046E7
0	6552	6288	1	0	2.0461E7
0	6552	6288	1	0	2.0462E7
0	6552	6288	1	0	2.0463E7
0	6552	6288	1	0	2.0464E7
0	6552	6288	1	0	2.0465E7
0	6552	6288	1	0	2.0466E7
0	6552	6288	1	0	2.0467E7
0	6552	6288	1	0	2.0468E7
0	6552	6288	1	0	2.0469E7
0	6554	6289	1	3	2.047E7
0	6559	6291	1	5	2.0471E7
0	6564	6293	1	7	2.0472E7
0	6572	6295	1	9	2.0473E7
0	6582	6298	1	10	2.0474E7
0	6592	6302	1	10	2.0475E7
0	6602	6305	1	10	2.0476E7
0	6612	6309	1	10	2.0477E7
0	6622	6312	1	10	2.0478E7
0	6632	6316	1	10	2.0479E7
0	6642	6319	1	10	2.048E7
0	6652	6322	1	10	2.0481E7
0	6662	6326	1	10	2.0482E7
0	6672	6329	1	10	2.0483E7
0	6682	6333	1	10	2.0484E7
0	6692	6336	1	10	2.0485E7
0	6702	6339	1	10	2.0486E7
0	6712	6343	1	10	2.0487E7
0	6722	6346	1	10	2.0488E7
0	6732	6350	1	10	2.0489E7
0	6742	6353	1	10	2.049E7
0	6752	6357	1	10	2.0491E7
0	6762	6360	1	10	2.0492E7
0	6772	6364	1	10	2.0493E7
0	6782	6367	1	10	2.0494E7
0	6792	6371	1	10	2.0495E7
0	6801	6374	1	10	2.0496E7
0	6811	6378	1	10	2.0497E7
0	6821	6381	1	10	2.0498E7
0	6831	6385	1	10	2.0499E7
0	6841	6388	1	10	2.05E7
0	6851	6392	1	10	2.0501E7
0	6861	6395	1	10	2.0502E7
0	6871	6399	1	10	2.0503E7
0	6881	6403	1	10	2.0504E7
0	6891	6406	1	10	2.0505E7
0	6899	6409	1	7	2.0506E7
0	6905	6410	1	4	2.0507E7
0	6909	6412	1	2	2.0508E7
0	6909	6412	1	0	2.0509E7
0	6909	6412	1	0	2.051E7
0	6909	6412	1	0	2.0511E7
0	6909	6412	1	0	2.0512E7
0	6909	6412	1	0	2.0513E7
0	6909	6412	1	0	2.0514E7
0	6909	6412	1	0	2.0515E7
0	6909	6412	1	0	2.0516E7
0	6909	6412	1	0	2.0517E7
0	6909	6412	1	0	2.0518E7
0	6909	6412	1	0	2.0519E7
0	6909	6412	1	0	2.052E7
0	6909	6412	1	0	2.0521E7
0	6909	6412	1	0	2.0522E7
0	6909	6412	1	0	2.0523E7
0	6909	6412	1	0	2.0524E7
0	6909	6412	1	0	2.0525E7
0	6909	6412	1	0	2.0526E7
0	6909	6412	1	0	2.0527E7
0	6909	6412	1	0	2.0528E7
0	6911	6409	1	2	2.0529E7
0	6914	6410	1	4	2.053E7
0	6919	6411	1	6	2.0531E7
0	6926	6413	1	8	2.0532E7
0	6935	6416	1	8	2.0533E7
0	6942	6418	1	6	2.0534E7
0	6947	6419	1	3	2.0535E7
0	6951	6419	1	5	2.0536E7
0	6956	6415	1	7	2.0537E7
0	6959	6407	2	9	2.0538E7
0	6962	6397	3	10	2.0539E7
0	6966	6387	3	10	2.054E7
0	6969	6377	3	10	2.0541E7
0	6972	6367	3	10	2.0542E7
0	6975	6357	3	10	2.0543E7
0	6979	6347	3	10	2.0544E7
0	6982	6337	3	10	2.0545E7
0	6985	6327	3	10	2.0546E7
0	6989	6317	3	10	2.0547E7
0	6992	6307	3	10	2.0548E7
0	6995	6297	3	10	2.0549E7
0	6998	6287	3	10	2.055E7
0	7002	6277	3	10	2.0551E7
0	7007	6268	2	10	2.0552E7
0	7016	6264	2	10	2.0553E7
0	7026	6262	1	10	2.0554E7
0	7037	6261	1	10	2.0555E7
0	7047	6260	1	10	2.0556E7
0	7058	6258	1	10	2.0557E7
0	7068	6257	1	10	2.0558E7
0	7079	6256	1	10	2.0559E7
0	7089	6254	1	10	2.056E7
0	7100	6253	1	10	2.0561E7
0	7110	6251	1	10	2.0562E7
0	7121	6250	1	10	2.0563E7
0	7131	6248	1	10	2.0564E7
0	7141	6245	1	10	2.0565E7
0	7151	6241	2	10	2.0566E7
0	7160	6236	2	10	2.0567E7
0	7169	6230	2	10	2.0568E7
0	7178	6225	2	10	2.0569E7
0	7187	6220	2	10	2.057E7
0	7201	6215	2	10	2.0571E7
0	7211	6210	2	10	2.0572E7
0	7220	6205	2	10	2.0573E7
0	7229	6199	2	10	2.0574E7
0	7237	6193	2	10	2.0575E7
0	7246	6187	2	10	2.0576E7
0	7254	6180	2	10	2.0577E7
0	7261	6172	2	10	2.0578E7
0	7269	6165	2	10	2.0579E7
0	7276	6157	2	10	2.058E7
0	7282	6148	2	10	2.0581E7
0	7288	6139	2	10	2.0582E7
0	7292	6131	2	8	2.0583E7
0	7295	6125	2	5	2.0584E7
0	7297	6121	2	3	2.0585E7
0	7297	6120	2	0	2.0586E7
0	7297	6120	2	0	2.0587E7
0	7297	6120	2	0	2.0588E7
0	7297	6120	2	0	2.0589E7
0	7297	6120	2	0	2.059E7
0	7297	6120	2	0	2.0591E7
0	7297	6120	2	0	2.0592E7
0	7297	6120	2	0	2.0593E7
0	7297	6120	2	0	2.0594E7
0	7297	6120	2	0	2.0595E7
0	7297	6120	2	0	2.0596E7
0	7297	6120	2	0	2.0597E7
0	7297	6120	2	0	2.0598E7
0	7297	6120	2	0	2.0599E7
0	7297	6120	2	0	2.06E7
0	7297	6120	2	0	2.0601E7
0	7297	6120	2	0	2.0602E7
0	7297	6120	2	0	2.0603E7
0	7297	6120	2	0	2.0604E7
0	7297	6120	2	0	2.0605E7
0	7297	6120	2	1	2.0606E7
0	7298	6117	3	3	2.0607E7
0	7299	6113	3	4	2.0608E7
0	7300	6107	3	6	2.0609E7
0	7301	6099	3	8	2.061E7
0	7302	6089	3	10	2.0611E7
0	7301	6079	3	10	2.0612E7
0	7300	6068	3	10	2.0613E7
0	7299	6058	3	10	2.0614E7
0	7297	6048	3	10	2.0615E7
0	7293	6038	4	10	2.0616E7
0	7288	6028	4	10	2.0617E7
0	7284	6018	4	10	2.0618E7
0	7280	6009	4	10	2.0619E7
0	7276	5999	4	10	2.062E7
0	7271	5989	4	10	2.0621E7
0	7272	5979	3	10	2.0622E7
0	7283	5980	1	10	2.0623E7
0	7293	5981	1	10	2.0624E7
0	7304	5981	1	10	2.0625E7
0	7314	5980	1	10	2.0626E7
0	7325	5979	1	10	2.0627E7
0	7335	5976	1	10	2.0628E7
0	7345	5974	1	10	2.0629E7
0	7356	5972	1	10	2.063E7
0	7366	5967	2	10	2.0631E7
0	7373	5958	2	10	2.0632E7
0	7376	5948	3	10	2.0633E7
0	7380	5938	3	10	2.0634E7
0	7384	5928	3	10	2.0635E7
0	7387	5918	3	10	2.0636E7
0	7391	5909	3	10	2.0637E7
0	7394	5899	3	10	2.0638E7
0	7398	5889	3	10	2.0639E7
0	7402	5879	3	10	2.064E7
0	7406	5869	3	10	2.0641E7
0	7413	5861	3	10	2.0642E7
0	7417	5851	3	8	2.0643E7
0	7420	5845	3	5	2.0644E7
0	7421	5841	3	3	2.0645E7
0	7422	5838	3	1	2.0646E7
0	7423	5837	3	0	2.0647E7
0	7423	5837	3	0	2.0648E7
0	7423	5837	3	0	2.0649E7
0	7423	5837	3	0	2.065E7
0	7423	5837	3	0	2.0651E7
0	7423	5837	3	0	2.0652E7
0	7423	5837	3	0	2.0653E7
0	7423	5837	3	0	2.0654E7
0	7423	5837	3	0	2.0655E7
0	7423	5837	3	0	2.0656E7
0	7423	5837	3	0	2.0657E7
0	7423	5837	3	0	2.0658E7
0	7423	5837	3	0	2.0659E7
0	7423	5837	3	0	2.066E7
0	7423	5837	3	0	2.0661E7
0	7423	5837	3	0	2.0662E7
0	7423	5837	3	0	2.0663E7
0	7423	5837	3	0	2.0664E7
0	7423	5837	3	0	2.0665E7
0	7424	5835	3	2	2.0666E7
0	7425	5832	3	4	2.0667E7
0	7427	5826	3	6	2.0668E7
0	7430	5819	3	8	2.0669E7
0	7434	5810	3	10	2.067E7
0	7438	5801	3	10	2.0671E7
0	7442	5791	3	10	2.0672E7
0	7446	5781	3	10	2.0673E7
0	7449	5772	3	7	2.0674E7
0	7452	5767	3	5	2.0675E7
0	7453	5763	3	2	2.0676E7
0	7454	5761	3	1	2.0677E7
0	7455	5760	3	0	2.0678E7
0	7455	5760	3	0	2.0679E7
0	7455	5760	3	0	2.068E7
0	7455	5760	3	0	2.0681E7
0	7455	5760	3	0	2.0682E7
0	7455	5760	3	0	2.0683E7
0	7455	5760	3	0	2.0684E7
0	7455	5760	3	0	2.0685E7
0	7455	5760	3	0	2.0686E7
0	7455	5760	3	0	2.0687E7
0	7455	5760	3	0	2.0688E7
0	7455	5760	3	0	2.0689E7
0	7455	5760	3	0	2.069E7
0	7455	5760	3	0	2.0691E7
0	7455	5760	3	0	2.0692E7
0	7455	5760	3	0	2.0693E7
0	7455	5760	3	0	2.0694E7
0	7455	5760	3	0	2.0695E7
0	7455	5760	3	0	2.0696E7
0	7455	5760	3	0	2.0697E7
0	7455	5760	3	0	2.0698E7
0	7455	5760	3	0	2.0699E7
0	7455	5760	3	0	2.07E7
0	7455	5760	3	0	2.0701E7
0	7455	5760	3	0	2.0702E7
0	7455	5760	3	0	2.0703E7
0	7455	5760	3	0	2.0704E7
0	7455	5760	3	0	2.0705E7
0	7455	5760	3	0	2.0706E7
0	7455	5760	3	0	2.0707E7
0	7455	5760	3	0	2.0708E7
0	7455	5760	3	0	2.0709E7
0	7455	5760	3	0	2.071E7
0	7455	5760	3	0	2.0711E7
0	7455	5760	3	0	2.0712E7
0	7455	5760	3	0	2.0713E7
0	7455	5760	3	0	2.0714E7
0	7455	5760	3	0	2.0715E7
0	7455	5760	3	0	2.0716E7
0	7455	5760	3	0	2.0717E7
0	7455	5760	3	0	2.0718E7
0	7455	5760	3	0	2.0719E7
0	7455	5760	3	0	2.072E7
0	7455	5760	3	0	2.0721E7
0	7455	5758	3	2	2.0722E7
0	7457	5755	3	4	2.0723E7
0	7458	5749	3	6	2.0724E7
0	7460	5742	3	8	2.0725E7
0	7462	5733	3	10	2.0726E7
0	7463	5722	3	10	2.0727E7
0	7462	5711	3	10	2.0728E7
0	7462	5701	3	10	2.0729E7
0	7460	5691	3	8	2.073E7
0	7459	5684	3	5	2.0731E7
0	7457	5680	3	3	2.0732E7
0	7457	5678	3	0	2.0733E7
0	7457	5678	3	0	2.0734E7
0	7457	5678	3	0	2.0735E7
0	7457	5678	3	0	2.0736E7
0	7457	5678	3	0	2.0737E7
0	7457	5678	3	0	2.0738E7
0	7457	5678	3	0	2.0739E7
0	7457	5678	3	0	2.074E7
0	7457	5678	3	0	2.0741E7
0	7457	5678	3	0	2.0742E7
0	7457	5678	3	0	2.0743E7
0	7457	5678	3	0	2.0744E7
0	7457	5678	3	0	2.0745E7
0	7457	5678	3	0	2.0746E7
0	7457	5678	3	0	2.0747E7
0	7457	5678	3	0	2.0748E7
0	7457	5678	3	0	2.0749E7
0	7457	5678	3	0	2.075E7
0	7457	5678	3	0	2.0751E7
0	7457	5678	3	0	2.0752E7
0	7456	5678	3	1	2.0753E7
0	7456	5676	3	3	2.0754E7
0	7454	5671	3	5	2.0755E7
0	7452	5666	3	7	2.0756E7
0	7448	5658	4	9	2.0757E7
0	7444	5649	4	10	2.0758E7
0	7439	5640	4	10	2.0759E7
0	7434	5630	4	10	2.076E7
0	7429	5621	4	10	2.0761E7
0	7425	5612	4	7	2.0762E7
0	7422	5607	4	4	2.0763E7
0	7420	5604	4	2	2.0764E7
0	7419	5602	4	1	2.0765E7
0	7419	5601	4	0	2.0766E7
0	7419	5601	4	0	2.0767E7
0	7419	5601	4	0	2.0768E7
0	7419	5601	4	0	2.0769E7
0	7419	5601	4	0	2.077E7
0	7419	5601	4	0	2.0771E7
0	7419	5601	4	0	2.0772E7
0	7419	5601	4	0	2.0773E7
0	7419	5601	4	0	2.0774E7
0	7419	5601	4	0	2.0775E7
0	7419	5601	4	0	2.0776E7
0	7419	5601	4	0	2.0777E7
0	7419	5601	4	0	2.0778E7
0	7419	5601	4	0	2.0779E7
0	7419	5601	4	0	2.078E7
0	7419	5601	4	0	2.0781E7
0	7419	5601	4	0	2.0782E7
0	7419	5601	4	0	2.0783E7
0	7419	5601	4	0	2.0784E7
0	7419	5601	4	0	2.0785E7
0	7419	5601	4	0	2.0786E7
0	7419	5601	4	0	2.0787E7
0	7419	5601	4	0	2.0788E7
0	7419	5601	4	0	2.0789E7
0	7419	5601	4	0	2.079E7
0	7419	5600	4	0	2.0791E7
0	7418	5599	4	2	2.0792E7
0	7416	5596	4	4	2.0793E7
0	7414	5591	4	6	2.0794E7
0	7410	5584	4	8	2.0795E7
0	7406	5575	4	10	2.0796E7
0	7401	5566	4	10	2.0797E7
0	7397	5556	4	10	2.0798E7
0	7392	5547	4	10	2.0799E7
0	7388	5537	4	10	2.08E7
0	7383	5528	4	10	2.0801E7
0	7378	5518	4	10	2.0802E7
0	7374	5509	4	10	2.0803E7
0	7369	5499	4	10	2.0804E7
0	7364	5490	4	10	2.0805E7
0	7360	5480	4	10	2.0806E7
0	7355	5471	4	10	2.0807E7
0	7350	5461	4	10	2.0808E7
0	7346	5452	4	10	2.0809E7
0	7341	5442	4	10	2.081E7
0	7336	5433	4	10	2.0811E7
0	7332	5423	4	10	2.0812E7
0	7327	5414	4	10	2.0813E7
0	7322	5405	4	10	2.0814E7
0	7318	5395	4	10	2.0815E7
0	7313	5386	4	9	2.0816E7
0	7310	5379	4	6	2.0817E7
0	7308	5375	4	3	2.0818E7
0	7307	5372	4	1	2.0819E7
0	7306	5371	4	0	2.082E7
0	7306	5371	4	0	2.0821E7
0	7306	5371	4	0	2.0822E7
0	7306	5370	4	0	2.0823E7
0	7306	5370	4	1	2.0824E7
0	7305	5368	4	2	2.0825E7
0	7303	5365	4	4	2.0826E7
0	7301	5361	4	5	2.0827E7
0	7299	5357	4	2	2.0828E7
0	7299	5356	4	0	2.0829E7
0	7299	5356	4	0	2.083E7
0	7299	5356	4	0	2.0831E7
0	7299	5356	4	0	2.0832E7
0	7299	5356	4	0	2.0833E7
0	7299	5356	4	0	2.0834E7
0	7299	5356	4	0	2.0835E7
0	7299	5356	4	0	2.0836E7
0	7299	5356	4	0	2.0837E7
0	7299	5356	4	0	2.0838E7
0	7299	5356	4	0	2.0839E7
0	7299	5356	4	0	2.084E7
0	7299	5356	4	0	2.0841E7
0	7299	5356	4	0	2.0842E7
0	7299	5356	4	0	2.0843E7
0	7299	5356	4	0	2.0844E7
0	7299	5356	4	0	2.0845E7
0	7299	5356	4	0	2.0846E7
0	7299	5356	4	0	2.0847E7
0	7299	5356	4	0	2.0848E7
0	7299	5355	4	1	2.0849E7
0	7297	5353	4	3	2.085E7
0	7296	5350	4	3	2.0851E7
0	7295	5348	4	1	2.0852E7
0	7294	5347	4	0	2.0853E7
0	7294	5346	4	0	2.0854E7
0	7294	5346	4	0	2.0855E7
0	7294	5346	4	0	2.0856E7
0	7294	5346	4	0	2.0857E7
0	7294	5346	4	0	2.0858E7
0	7294	5346	4	0	2.0859E7
0	7294	5346	4	0	2.086E7
0	7294	5346	4	0	2.0861E7
0	7294	5346	4	0	2.0862E7
0	7294	5346	4	0	2.0863E7
0	7294	5346	4	0	2.0864E7
0	7294	5346	4	0	2.0865E7
0	7294	5346	4	0	2.0866E7
0	7294	5346	4	0	2.0867E7
0	7294	5346	4	0	2.0868E7
0	7294	5346	4	0	2.0869E7
0	7294	5346	4	0	2.087E7
0	7294	5346	4	0	2.0871E7
0	7294	5346	4	0	2.0872E7
0	7294	5346	4	0	2.0873E7
0	7294	5346	4	0	2.0874E7
0	7294	5346	4	0	2.0875E7
0	7294	5346	4	0	2.0876E7
0	7294	5346	4	0	2.0877E7
0	7294	5346	4	0	2.0878E7
0	7294	5346	4	0	2.0879E7
0	7294	5346	4	0	2.088E7
0	7294	5346	4	0	2.0881E7
0	7293	5345	4	2	2.0882E7
0	7292	5341	4	4	2.0883E7
0	7289	5336	4	6	2.0884E7
0	7286	5330	4	8	2.0885E7
0	7282	5321	4	10	2.0886E7
0	7277	5311	4	10	2.0887E7
0	7273	5302	4	10	2.0888E7
0	7268	5292	4	10	2.0889E7
0	7263	5283	4	10	2.089E7
0	7259	5273	4	10	2.0891E7
0	7254	5264	4	10	2.0892E7
0	7249	5254	4	10	2.0893E7
0	7244	5245	4	10	2.0894E7
0	7240	5236	4	10	2.0895E7
0	7235	5226	4	10	2.0896E7
0	7230	5217	4	10	2.0897E7
0	7225	5207	4	10	2.0898E7
0	7221	5198	4	10	2.0899E7
0	7216	5188	4	10	2.09E7
0	7211	5179	4	10	2.0901E7
0	7206	5170	4	10	2.0902E7
0	7202	5160	4	10	2.0903E7
0	7197	5151	4	10	2.0904E7
0	7192	5141	4	10	2.0905E7
0	7187	5132	4	10	2.0906E7
0	7182	5122	4	10	2.0907E7
0	7178	5113	4	10	2.0908E7
0	7173	5104	4	10	2.0909E7
0	7168	5094	4	10	2.091E7
0	7164	5086	4	7	2.0911E7
0	7161	5081	4	4	2.0912E7
0	7160	5078	4	2	2.0913E7
0	7159	5076	4	1	2.0914E7
0	7158	5075	4	0	2.0915E7
0	7158	5075	4	0	2.0916E7
0	7158	5075	4	0	2.0917E7
0	7158	5075	4	0	2.0918E7
0	7158	5075	4	0	2.0919E7
0	7158	5075	4	0	2.092E7
0	7158	5075	4	0	2.0921E7
0	7158	5075	4	0	2.0922E7
0	7158	5075	4	0	2.0923E7
0	7158	5075	4	0	2.0924E7
0	7158	5074	4	1	2.0925E7
0	7157	5072	4	2	2.0926E7
0	7155	5069	4	4	2.0927E7
0	7153	5065	4	5	2.0928E7
0	7151	5061	4	2	2.0929E7
0	7151	5060	4	0	2.093E7
0	7151	5060	4	0	2.0931E7
0	7151	5060	4	0	2.0932E7
0	7151	5060	4	0	2.0933E7
0	7151	5060	4	0	2.0934E7
0	7151	5060	4	0	2.0935E7
0	7151	5060	4	0	2.0936E7
0	7151	5060	4	0	2.0937E7
0	7151	5060	4	0	2.0938E7
0	7151	5060	4	0	2.0939E7
0	7151	5060	4	0	2.094E7
0	7151	5060	4	0	2.0941E7
0	7151	5060	4	0	2.0942E7
0	7151	5060	4	0	2.0943E7
0	7151	5060	4	0	2.0944E7
0	7151	5060	4	0	2.0945E7
0	7151	5060	4	0	2.0946E7
0	7151	5060	4	0	2.0947E7
0	7151	5060	4	0	2.0948E7
0	7151	5060	4	0	2.0949E7
0	7151	5060	4	1	2.095E7
0	7149	5057	4	3	2.0951E7
0	7147	5053	4	5	2.0952E7
0	7144	5047	4	7	2.0953E7
0	7140	5040	4	9	2.0954E7
0	7136	5031	4	10	2.0955E7
0	7131	5021	4	10	2.0956E7
0	7126	5012	4	10	2.0957E7
0	7121	5002	4	10	2.0958E7
0	7116	4993	4	10	2.0959E7
0	7111	4984	4	10	2.096E7
0	7106	4975	4	8	2.0961E7
0	7103	4969	4	6	2.0962E7
0	7100	4963	4	5	2.0963E7
0	7097	4958	4	6	2.0964E7
0	7094	4952	4	7	2.0965E7
0	7090	4945	4	9	2.0966E7
0	7086	4936	4	10	2.0967E7
0	7081	4927	4	10	2.0968E7
0	7077	4917	4	10	2.0969E7
0	7073	4907	3	10	2.097E7
0	7069	4898	3	10	2.0971E7
0	7065	4888	3	10	2.0972E7
0	7061	4878	3	10	2.0973E7
0	7057	4868	3	10	2.0974E7
0	7053	4858	3	10	2.0975E7
0	7049	4849	3	10	2.0976E7
0	7045	4839	3	10	2.0977E7
0	7041	4829	3	10	2.0978E7
0	7037	4819	3	10	2.0979E7
0	7033	4809	3	10	2.098E7
0	7029	4800	3	10	2.0981E7
0	7025	4790	3	10	2.0982E7
0	7021	4780	3	10	2.0983E7
0	7017	4770	3	10	2.0984E7
0	7013	4761	3	10	2.0985E7
0	7009	4751	3	10	2.0986E7
0	7005	4741	3	10	2.0987E7
0	7001	4731	3	10	2.0988E7
0	6997	4721	3	10	2.0989E7
0	6993	4712	3	10	2.099E7
0	6990	4702	3	10	2.0991E7
0	6987	4692	3	10	2.0992E7
0	6984	4682	3	10	2.0993E7
0	6982	4672	3	10	2.0994E7
0	6981	4661	3	10	2.0995E7
0	6979	4651	3	10	2.0996E7
0	6978	4641	3	10	2.0997E7
0	6978	4630	3	10	2.0998E7
0	6977	4620	3	10	2.0999E7
0	6977	4609	3	10	2.1E7
0	6976	4598	3	10	2.1001E7
0	6976	4588	3	10	2.1002E7
0	6981	4580	2	10	2.1003E7
0	6991	4578	1	10	2.1004E7
0	7002	4577	1	10	2.1005E7
0	7013	4575	1	10	2.1006E7
0	7022	4570	2	10	2.1007E7
0	7030	4563	2	10	2.1008E7
0	7033	4554	2	7	2.1009E7
0	7034	4548	3	5	2.101E7
0	7034	4544	3	2	2.1011E7
0	7034	4542	3	1	2.1012E7
0	7034	4541	3	0	2.1013E7
0	7033	4540	3	0	2.1014E7
0	7033	4540	3	0	2.1015E7
0	7033	4540	3	0	2.1016E7
0	7033	4540	3	0	2.1017E7
0	7033	4540	3	0	2.1018E7
0	7033	4540	3	0	2.1019E7
0	7033	4540	3	0	2.102E7
0	7033	4540	3	0	2.1021E7
0	7033	4540	3	0	2.1022E7
0	7033	4540	3	0	2.1023E7
0	7033	4540	3	0	2.1024E7
0	7033	4538	3	2	2.1025E7
0	7033	4535	3	3	2.1026E7
0	7033	4530	3	5	2.1027E7
0	7033	4526	3	3	2.1028E7
0	7033	4524	3	0	2.1029E7
0	7033	4524	3	0	2.103E7
0	7033	4524	3	0	2.1031E7
0	7033	4524	3	0	2.1032E7
0	7033	4524	3	0	2.1033E7
0	7033	4524	3	0	2.1034E7
0	7033	4524	3	0	2.1035E7
0	7033	4524	3	0	2.1036E7
0	7033	4524	3	0	2.1037E7
0	7033	4524	3	0	2.1038E7
0	7033	4524	3	0	2.1039E7
0	7033	4524	3	0	2.104E7
0	7033	4524	3	0	2.1041E7
0	7033	4524	3	0	2.1042E7
0	7033	4524	3	0	2.1043E7
0	7033	4524	3	0	2.1044E7
0	7033	4524	3	0	2.1045E7
0	7033	4524	3	0	2.1046E7
0	7033	4524	3	0	2.1047E7
0	7033	4524	3	0	2.1048E7
0	7033	4524	3	1	2.1049E7
0	7033	4521	3	3	2.105E7
0	7033	4517	3	5	2.1051E7
0	7032	4511	3	7	2.1052E7
0	7032	4503	3	9	2.1053E7
0	7031	4492	3	10	2.1054E7
0	7030	4482	3	10	2.1055E7
0	7030	4471	3	10	2.1056E7
0	7029	4461	3	10	2.1057E7
0	7029	4450	3	10	2.1058E7
0	7028	4439	3	10	2.1059E7
0	7028	4429	3	10	2.106E7
0	7027	4418	3	10	2.1061E7
0	7027	4408	3	10	2.1062E7
0	7027	4397	3	10	2.1063E7
0	7026	4386	3	10	2.1064E7
0	7026	4376	3	10	2.1065E7
0	7025	4366	3	10	2.1066E7
0	7025	4355	3	10	2.1067E7
0	7025	4345	3	10	2.1068E7
0	7024	4334	3	10	2.1069E7
0	7024	4324	3	10	2.107E7
0	7026	4314	3	10	2.1071E7
0	7033	4308	2	10	2.1072E7
0	7043	4305	1	10	2.1073E7
0	7053	4302	1	10	2.1074E7
0	7063	4300	1	10	2.1075E7
0	7073	4297	1	10	2.1076E7
0	7081	4295	1	7	2.1077E7
0	7087	4293	1	4	2.1078E7
0	7090	4292	1	2	2.1079E7
0	7091	4292	1	0	2.108E7
0	7091	4292	1	0	2.1081E7
0	7091	4292	1	0	2.1082E7
0	7091	4292	1	0	2.1083E7
0	7091	4292	1	0	2.1084E7
0	7091	4292	1	0	2.1085E7
0	7091	4292	1	0	2.1086E7
0	7091	4292	1	0	2.1087E7
0	7091	4292	1	0	2.1088E7
0	7091	4292	1	0	2.1089E7
0	7091	4292	1	0	2.109E7
0	7091	4292	1	0	2.1091E7
0	7091	4292	1	0	2.1092E7
0	7091	4292	1	0	2.1093E7
0	7091	4292	1	0	2.1094E7
0	7091	4292	1	0	2.1095E7
0	7091	4292	1	0	2.1096E7
0	7091	4292	1	0	2.1097E7
0	7091	4292	1	0	2.1098E7
0	7091	4292	1	0	2.1099E7
0	7090	4289	1	2	2.11E7
0	7093	4288	1	4	2.1101E7
0	7098	4287	1	5	2.1102E7
0	7105	4285	1	7	2.1103E7
0	7110	4283	1	4	2.1104E7
0	7114	4282	1	4	2.1105E7
0	7117	4277	2	6	2.1106E7
0	7116	4269	3	8	2.1107E7
0	7113	4260	3	10	2.1108E7
0	7110	4250	3	10	2.1109E7
0	7107	4239	3	10	2.111E7
0	7104	4229	3	11	2.1111E7
0	7102	4217	3	12	2.1112E7
0	7100	4205	3	13	2.1113E7
0	7096	4191	3	14	2.1114E7
0	7092	4177	3	14	2.1115E7
0	7088	4164	3	11	2.1116E7
0	7085	4155	3	8	2.1117E7
0	7083	4149	3	5	2.1118E7
0	7082	4145	3	3	2.1119E7
0	7082	4142	3	1	2.112E7
0	7081	4141	3	0	2.1121E7
0	7081	4139	3	3	2.1122E7
0	7080	4135	3	5	2.1123E7
0	7078	4129	3	7	2.1124E7
0	7076	4121	3	9	2.1125E7
0	7073	4112	3	10	2.1126E7
0	7073	4099	3	12	2.1127E7
0	7069	4086	3	14	2.1128E7
0	7065	4072	3	14	2.1129E7
0	7060	4057	3	14	2.113E7
0	7056	4043	3	14	2.1131E7
0	7052	4029	3	14	2.1132E7
0	7048	4015	3	14	2.1133E7
0	7043	4001	3	14	2.1134E7
0	7040	3988	3	11	2.1135E7
0	7037	3979	3	8	2.1136E7
0	7035	3972	3	5	2.1137E7
0	7034	3968	3	3	2.1138E7
0	7033	3966	3	0	2.1139E7
0	7033	3966	3	0	2.114E7
0	7033	3966	3	0	2.1141E7
0	7033	3966	3	0	2.1142E7
0	7033	3966	3	0	2.1143E7
0	7033	3966	3	0	2.1144E7
0	7033	3966	3	0	2.1145E7
0	7033	3966	3	0	2.1146E7
0	7033	3966	3	0	2.1147E7
0	7033	3966	3	0	2.1148E7
0	7033	3966	3	0	2.1149E7
0	7033	3966	3	0	2.115E7
0	7033	3966	3	0	2.1151E7
0	7033	3966	3	0	2.1152E7
0	7033	3966	3	0	2.1153E7
0	7033	3966	3	0	2.1154E7
0	7033	3966	3	0	2.1155E7
0	7033	3966	3	0	2.1156E7
0	7033	3966	3	0	2.1157E7
0	7033	3966	3	0	2.1158E7
0	7033	3966	3	1	2.1159E7
0	7032	3964	3	3	2.116E7
0	7031	3959	3	5	2.1161E7
0	7029	3953	3	7	2.1162E7
0	7027	3945	3	9	2.1163E7
0	7024	3936	3	10	2.1164E7
0	7021	3924	3	12	2.1165E7
0	7018	3911	3	11	2.1166E7
0	7016	3901	3	8	2.1167E7
0	7014	3895	3	5	2.1168E7
0	7013	3890	3	3	2.1169E7
0	7012	3888	3	1	2.117E7
0	7011	3887	3	0	2.1171E7
0	7011	3887	3	0	2.1172E7
0	7011	3886	3	0	2.1173E7
0	7011	3886	3	0	2.1174E7
0	7011	3886	3	0	2.1175E7
0	7011	3886	3	0	2.1176E7
0	7011	3886	3	0	2.1177E7
0	7011	3886	3	0	2.1178E7
0	7011	3886	3	0	2.1179E7
0	7011	3886	3	0	2.118E7
0	7011	3886	3	0	2.1181E7
0	7011	3886	3	0	2.1182E7
0	7011	3886	3	0	2.1183E7
0	7011	3886	3	0	2.1184E7
0	7011	3886	3	0	2.1185E7
0	7011	3886	3	0	2.1186E7
0	7011	3886	3	0	2.1187E7
0	7011	3886	3	0	2.1188E7
0	7011	3886	3	0	2.1189E7
0	7011	3886	3	0	2.119E7
0	7011	3886	3	0	2.1191E7
0	7011	3886	3	0	2.1192E7
0	7011	3886	3	0	2.1193E7
0	7011	3886	3	0	2.1194E7
0	7011	3886	3	0	2.1195E7
0	7011	3886	3	0	2.1196E7
0	7010	3885	3	2	2.1197E7
0	7011	3882	3	4	2.1198E7
0	7017	3881	2	6	2.1199E7
0	7023	3879	1	8	2.12E7
0	7032	3877	1	9	2.1201E7
0	7042	3874	1	10	2.1202E7
0	7053	3872	1	10	2.1203E7
0	7063	3869	1	10	2.1204E7
0	7073	3866	1	10	2.1205E7
0	7083	3864	1	10	2.1206E7
0	7094	3862	1	10	2.1207E7
0	7104	3861	1	10	2.1208E7
0	7115	3859	1	10	2.1209E7
0	7125	3857	1	10	2.121E7
0	7135	3855	1	10	2.1211E7
0	7146	3853	1	10	2.1212E7
0	7156	3851	1	10	2.1213E7
0	7167	3849	1	10	2.1214E7
0	7177	3847	1	10	2.1215E7
0	7187	3846	1	10	2.1216E7
0	7198	3844	1	10	2.1217E7
0	7208	3842	1	10	2.1218E7
0	7219	3840	1	10	2.1219E7
0	7229	3838	1	10	2.122E7
0	7239	3836	1	10	2.1221E7
0	7250	3834	1	10	2.1222E7
0	7260	3833	1	10	2.1223E7
0	7271	3831	1	10	2.1224E7
0	7281	3829	1	10	2.1225E7
0	7291	3827	1	10	2.1226E7
0	7302	3825	1	10	2.1227E7
0	7312	3823	1	10	2.1228E7
0	7323	3821	1	10	2.1229E7
0	7333	3819	1	10	2.123E7
0	7343	3817	1	10	2.1231E7
0	7354	3815	1	10	2.1232E7
0	7364	3813	1	10	2.1233E7
0	7374	3811	1	10	2.1234E7
0	7385	3810	1	10	2.1235E7
0	7395	3808	1	10	2.1236E7
0	7406	3806	1	10	2.1237E7
0	7416	3804	1	10	2.1238E7
0	7426	3799	1	10	2.1239E7
0	7436	3797	1	10	2.124E7
0	7446	3795	1	10	2.1241E7
0	7457	3793	1	10	2.1242E7
0	7467	3791	1	10	2.1243E7
0	7478	3789	1	10	2.1244E7
0	7488	3787	1	10	2.1245E7
0	7498	3785	1	10	2.1246E7
0	7509	3783	1	10	2.1247E7
0	7519	3781	1	10	2.1248E7
0	7530	3779	1	10	2.1249E7
0	7540	3777	1	10	2.125E7
0	7550	3775	1	10	2.1251E7
0	7561	3773	1	10	2.1252E7
0	7571	3771	1	10	2.1253E7
0	7582	3770	1	10	2.1254E7
0	7592	3768	1	10	2.1255E7
0	7602	3766	1	10	2.1256E7
0	7613	3764	1	10	2.1257E7
0	7623	3762	1	10	2.1258E7
0	7633	3760	1	10	2.1259E7
0	7644	3758	1	10	2.126E7
0	7654	3756	1	10	2.1261E7
0	7664	3751	1	10	2.1262E7
0	7674	3749	1	10	2.1263E7
0	7685	3747	1	10	2.1264E7
0	7695	3745	1	10	2.1265E7
0	7705	3743	1	10	2.1266E7
0	7716	3740	1	10	2.1267E7
0	7726	3738	1	10	2.1268E7
0	7736	3736	1	10	2.1269E7
0	7747	3734	1	10	2.127E7
0	7757	3732	1	10	2.1271E7
0	7768	3730	1	10	2.1272E7
0	7778	3728	1	10	2.1273E7
0	7788	3726	1	10	2.1274E7
0	7799	3724	1	10	2.1275E7
0	7809	3722	1	10	2.1276E7
0	7819	3719	1	10	2.1277E7
0	7830	3717	1	10	2.1278E7
0	7840	3715	1	10	2.1279E7
0	7850	3712	1	10	2.128E7
0	7861	3710	1	10	2.1281E7
0	7871	3708	1	10	2.1282E7
0	7881	3705	1	10	2.1283E7
0	7890	3703	1	7	2.1284E7
0	7896	3702	1	5	2.1285E7
0	7900	3701	1	3	2.1286E7
0	7904	3697	2	6	2.1287E7
0	7906	3690	2	8	2.1288E7
0	7905	3681	3	10	2.1289E7
0	7904	3670	3	10	2.129E7
0	7904	3659	3	10	2.1291E7
0	7905	3649	3	10	2.1292E7
0	7906	3638	3	10	2.1293E7
0	7909	3628	3	10	2.1294E7
0	7912	3618	3	10	2.1295E7
0	7916	3608	3	10	2.1296E7
0	7919	3598	3	10	2.1297E7
0	7922	3588	3	10	2.1298E7
0	7929	3578	3	10	2.1299E7
0	7933	3568	3	10	2.13E7
0	7936	3558	3	10	2.1301E7
0	7940	3549	3	10	2.1302E7
0	7944	3539	3	10	2.1303E7
0	7947	3529	3	10	2.1304E7
0	7951	3519	3	10	2.1305E7
0	7954	3509	3	10	2.1306E7
0	7958	3499	3	10	2.1307E7
0	7962	3489	3	10	2.1308E7
0	7965	3479	3	10	2.1309E7
0	7969	3469	3	10	2.131E7
0	7972	3460	3	8	2.1311E7
0	7974	3454	3	5	2.1312E7
0	7976	3450	3	3	2.1313E7
0	7976	3449	3	0	2.1314E7
0	7976	3449	3	0	2.1315E7
0	7976	3449	3	0	2.1316E7
0	7976	3449	3	0	2.1317E7
0	7976	3449	3	0	2.1318E7
0	7976	3449	3	0	2.1319E7
0	7976	3449	3	0	2.132E7
0	7976	3449	3	0	2.1321E7
0	7976	3449	3	0	2.1322E7
0	7976	3449	3	0	2.1323E7
0	7976	3449	3	0	2.1324E7
0	7976	3449	3	0	2.1325E7
0	7976	3449	3	0	2.1326E7
0	7976	3449	3	0	2.1327E7
0	7976	3449	3	0	2.1328E7
0	7976	3449	3	0	2.1329E7
0	7976	3449	3	0	2.133E7
0	7976	3449	3	0	2.1331E7
0	7976	3449	3	0	2.1332E7
0	7976	3449	3	0	2.1333E7
0	7976	3449	3	1	2.1334E7
0	7977	3446	3	3	2.1335E7
0	7979	3442	3	5	2.1336E7
0	7981	3436	3	7	2.1337E7
0	7984	3428	3	9	2.1338E7
0	7988	3419	2	10	2.1339E7
0	7993	3409	2	10	2.134E7
0	7998	3400	2	10	2.1341E7
0	8003	3391	2	10	2.1342E7
0	8009	3382	2	10	2.1343E7
0	8015	3373	2	10	2.1344E7
0	8021	3365	2	10	2.1345E7
0	8028	3357	2	10	2.1346E7
0	8035	3349	2	10	2.1347E7
0	8042	3342	2	10	2.1348E7
0	8050	3334	2	10	2.1349E7
0	8058	3327	2	10	2.135E7
0	8066	3320	2	10	2.1351E7
0	8074	3314	2	10	2.1352E7
0	8082	3307	2	10	2.1353E7
0	8090	3300	2	10	2.1354E7
0	8098	3293	2	10	2.1355E7
0	8106	3286	2	10	2.1356E7
0	8114	3279	2	10	2.1357E7
0	8123	3273	2	10	2.1358E7
0	8131	3267	2	10	2.1359E7
0	8139	3261	2	10	2.136E7
0	8148	3254	2	10	2.1361E7
0	8156	3248	2	10	2.1362E7
0	8164	3241	2	10	2.1363E7
0	8172	3234	2	10	2.1364E7
0	8181	3228	2	10	2.1365E7
0	8189	3221	2	10	2.1366E7
0	8197	3214	2	10	2.1367E7
0	8205	3208	2	10	2.1368E7
0	8214	3202	2	10	2.1369E7
0	8223	3196	2	10	2.137E7
0	8231	3190	2	10	2.1371E7
0	8240	3184	2	10	2.1372E7
0	8249	3178	2	10	2.1373E7
0	8258	3172	2	10	2.1374E7
0	8267	3167	2	10	2.1375E7
0	8276	3161	2	10	2.1376E7
0	8284	3155	2	10	2.1377E7
0	8293	3150	2	10	2.1378E7
0	8302	3144	2	10	2.1379E7
0	8311	3139	2	10	2.138E7
0	8320	3133	2	10	2.1381E7
0	8329	3128	2	10	2.1382E7
0	8338	3122	2	10	2.1383E7
0	8347	3116	2	10	2.1384E7
0	8356	3111	2	10	2.1385E7
0	8365	3105	2	10	2.1386E7
0	8374	3100	2	10	2.1387E7
0	8383	3094	2	10	2.1388E7
0	8392	3089	2	10	2.1389E7
0	8401	3083	2	8	2.139E7
0	8406	3080	2	5	2.1391E7
0	8410	3077	2	3	2.1392E7
0	8412	3076	2	1	2.1393E7
0	8413	3076	2	0	2.1394E7
0	8414	3075	2	0	2.1395E7
0	8414	3075	2	0	2.1396E7
0	8414	3075	2	0	2.1397E7
0	8414	3075	2	0	2.1398E7
0	8414	3075	2	0	2.1399E7
0	8414	3075	2	0	2.14E7
0	8414	3075	2	0	2.1401E7
0	8414	3075	2	0	2.1402E7
0	8414	3075	2	0	2.1403E7
0	8414	3075	2	0	2.1404E7
0	8414	3075	2	0	2.1405E7
0	8414	3075	2	0	2.1406E7
0	8414	3075	2	0	2.1407E7
0	8414	3075	2	0	2.1408E7
0	8414	3075	2	0	2.1409E7
0	8414	3075	2	0	2.141E7
0	8414	3075	2	0	2.1411E7
0	8414	3075	2	0	2.1412E7
0	8414	3075	2	0	2.1413E7
0	8414	3075	2	0	2.1414E7
0	8414	3075	2	0	2.1415E7
0	8414	3075	2	0	2.1416E7
0	8414	3075	2	0	2.1417E7
0	8414	3075	2	0	2.1418E7
0	8414	3075	2	0	2.1419E7
0	8414	3075	2	0	2.142E7
0	8414	3075	2	0	2.1421E7
0	8415	3074	2	2	2.1422E7
0	8418	3073	2	4	2.1423E7
0	8423	3070	2	6	2.1424E7
0	8429	3066	2	8	2.1425E7
0	8437	3061	2	10	2.1426E7
0	8446	3055	2	10	2.1427E7
0	8455	3050	2	10	2.1428E7
0	8464	3045	2	10	2.1429E7
0	8473	3039	2	10	2.143E7
0	8482	3034	2	10	2.1431E7
0	8491	3028	2	9	2.1432E7
0	8497	3024	2	6	2.1433E7
0	8501	3021	2	3	2.1434E7
0	8503	3020	2	0	2.1435E7
0	8503	3020	2	0	2.1436E7
0	8503	3020	2	0	2.1437E7
0	8503	3020	2	0	2.1438E7
0	8503	3020	2	0	2.1439E7
0	8503	3020	2	0	2.144E7
0	8503	3020	2	0	2.1441E7
0	8503	3020	2	0	2.1442E7
0	8503	3020	2	0	2.1443E7
0	8503	3020	2	0	2.1444E7
0	8503	3020	2	0	2.1445E7
0	8503	3020	2	0	2.1446E7
0	8503	3020	2	0	2.1447E7
0	8503	3020	2	0	2.1448E7
0	8503	3020	2	0	2.1449E7
0	8503	3020	2	0	2.145E7
0	8503	3020	2	0	2.1451E7
0	8503	3020	2	0	2.1452E7
0	8503	3020	2	0	2.1453E7
0	8503	3020	2	0	2.1454E7
0	8503	3020	2	0	2.1455E7
0	8505	3019	2	2	2.1456E7
0	8508	3017	2	4	2.1457E7
0	8512	3014	2	6	2.1458E7
0	8519	3010	2	8	2.1459E7
0	8527	3005	2	10	2.146E7
0	8536	2999	2	10	2.1461E7
0	8545	2994	2	10	2.1462E7
0	8554	2988	2	10	2.1463E7
0	8563	2983	2	10	2.1464E7
0	8572	2977	2	10	2.1465E7
0	8581	2972	2	10	2.1466E7
0	8590	2966	2	10	2.1467E7
0	8599	2961	2	10	2.1468E7
0	8608	2955	2	10	2.1469E7
0	8617	2950	2	10	2.147E7
0	8626	2945	2	10	2.1471E7
0	8635	2939	2	10	2.1472E7
0	8644	2934	2	10	2.1473E7
0	8654	2929	2	10	2.1474E7
0	8663	2924	2	10	2.1475E7
0	8672	2918	2	10	2.1476E7
0	8681	2913	2	10	2.1477E7
0	8690	2908	2	10	2.1478E7
0	8699	2902	2	10	2.1479E7
0	8708	2897	2	10	2.148E7
0	8717	2891	2	10	2.1481E7
0	8726	2886	2	10	2.1482E7
0	8735	2880	2	10	2.1483E7
0	8744	2875	2	10	2.1484E7
0	8753	2869	2	10	2.1485E7
0	8762	2864	2	10	2.1486E7
0	8771	2858	2	10	2.1487E7
0	8781	2853	2	10	2.1488E7
0	8790	2847	2	10	2.1489E7
0	8799	2842	2	10	2.149E7
0	8808	2836	2	10	2.1491E7
0	8817	2831	2	10	2.1492E7
0	8824	2826	2	7	2.1493E7
0	8829	2823	2	4	2.1494E7
0	8833	2822	2	2	2.1495E7
0	8834	2821	2	1	2.1496E7
0	8835	2820	2	0	2.1497E7
0	8835	2820	2	0	2.1498E7
0	8835	2820	2	0	2.1499E7
0	8835	2820	2	0	2.15E7
0	8835	2820	2	0	2.1501E7
0	8835	2820	2	0	2.1502E7
0	8835	2820	2	0	2.1503E7
0	8835	2820	2	0	2.1504E7
0	8835	2820	2	0	2.1505E7
0	8835	2820	2	0	2.1506E7
0	8835	2820	2	0	2.1507E7
0	8835	2820	2	0	2.1508E7
0	8835	2820	2	0	2.1509E7
0	8835	2820	2	0	2.151E7
0	8835	2820	2	0	2.1511E7
0	8835	2820	2	0	2.1512E7
0	8835	2820	2	0	2.1513E7
0	8835	2820	2	0	2.1514E7
0	8835	2820	2	0	2.1515E7
0	8835	2820	2	0	2.1516E7
0	8835	2820	2	0	2.1517E7
0	8835	2820	2	0	2.1518E7
0	8835	2820	2	0	2.1519E7
0	8835	2820	2	0	2.152E7
0	8835	2820	2	0	2.1521E7
0	8837	2819	2	2	2.1522E7
0	8840	2817	2	4	2.1523E7
0	8845	2814	2	6	2.1524E7
0	8851	2810	2	8	2.1525E7
0	8859	2805	2	10	2.1526E7
0	8868	2800	2	10	2.1527E7
0	8877	2794	2	10	2.1528E7
0	8886	2789	2	10	2.1529E7
0	8895	2783	2	10	2.153E7
0	8905	2778	2	10	2.1531E7
0	8914	2773	2	10	2.1532E7
0	8922	2768	2	8	2.1533E7
0	8928	2765	2	5	2.1534E7
0	8932	2763	2	3	2.1535E7
0	8934	2762	2	0	2.1536E7
0	8934	2762	2	0	2.1537E7
0	8934	2762	2	0	2.1538E7
0	8934	2762	2	0	2.1539E7
0	8934	2762	2	0	2.154E7
0	8934	2762	2	0	2.1541E7
0	8934	2762	2	0	2.1542E7
0	8934	2762	2	0	2.1543E7
0	8934	2762	2	0	2.1544E7
0	8934	2762	2	0	2.1545E7
0	8934	2762	2	0	2.1546E7
0	8934	2762	2	0	2.1547E7
0	8934	2762	2	0	2.1548E7
0	8934	2762	2	0	2.1549E7
0	8934	2762	2	0	2.155E7
0	8934	2762	2	0	2.1551E7
0	8934	2762	2	0	2.1552E7
0	8934	2762	2	0	2.1553E7
0	8934	2762	2	0	2.1554E7
0	8934	2762	2	0	2.1555E7
0	8934	2761	2	1	2.1556E7
0	8936	2760	2	3	2.1557E7
0	8940	2758	2	5	2.1558E7
0	8945	2755	2	6	2.1559E7
0	8952	2751	2	9	2.156E7
0	8961	2746	2	10	2.1561E7
0	8970	2740	2	10	2.1562E7
0	8979	2735	2	10	2.1563E7
0	8988	2730	2	10	2.1564E7
0	8997	2725	2	10	2.1565E7
0	9006	2719	2	10	2.1566E7
0	9016	2714	2	10	2.1567E7
0	9025	2709	2	10	2.1568E7
0	9034	2704	2	10	2.1569E7
0	9043	2698	2	10	2.157E7
0	9052	2693	2	10	2.1571E7
0	9061	2687	2	10	2.1572E7
0	9070	2681	2	10	2.1573E7
0	9079	2676	2	10	2.1574E7
0	9088	2671	2	10	2.1575E7
0	9097	2666	2	10	2.1576E7
0	9106	2660	2	10	2.1577E7
0	9116	2655	2	10	2.1578E7
0	9125	2650	2	10	2.1579E7
0	9134	2645	2	10	2.158E7
0	9143	2639	2	10	2.1581E7
0	9152	2634	2	10	2.1582E7
0	9162	2629	2	10	2.1583E7
0	9171	2624	2	10	2.1584E7
0	9180	2619	2	10	2.1585E7
0	9189	2613	2	10	2.1586E7
0	9198	2608	2	10	2.1587E7
0	9208	2603	2	10	2.1588E7
0	9217	2598	2	10	2.1589E7
0	9226	2593	2	10	2.159E7
0	9235	2587	2	10	2.1591E7
0	9244	2582	2	10	2.1592E7
0	9252	2578	2	7	2.1593E7
0	9257	2575	2	4	2.1594E7
0	9260	2573	2	2	2.1595E7
0	9261	2573	2	0	2.1596E7
0	9261	2573	2	0	2.1597E7
0	9261	2573	2	0	2.1598E7
0	9261	2573	2	0	2.1599E7
0	9261	2573	2	0	2.16E7
0	9261	2573	2	0	2.1601E7
0	9261	2573	2	0	2.1602E7
0	9261	2573	2	0	2.1603E7
0	9261	2573	2	0	2.1604E7
0	9261	2573	2	0	2.1605E7
0	9261	2573	2	0	2.1606E7
0	9261	2573	2	0	2.1607E7
0	9261	2573	2	0	2.1608E7
0	9261	2573	2	0	2.1609E7
0	9261	2573	2	0	2.161E7
0	9261	2573	2	0	2.1611E7
0	9261	2573	2	0	2.1612E7
0	9261	2573	2	0	2.1613E7
0	9261	2573	2	0	2.1614E7
0	9261	2573	2	0	2.1615E7
0	9262	2572	2	2	2.1616E7
0	9264	2571	2	3	2.1617E7
0	9269	2568	2	5	2.1618E7
0	9274	2565	2	7	2.1619E7
0	9282	2560	2	9	2.162E7
0	9291	2554	2	10	2.1621E7
0	9300	2549	2	10	2.1622E7
0	9309	2547	1	10	2.1623E7
0	9314	2556	8	10	2.1624E7
0	9320	2565	8	10	2.1625E7
0	9325	2574	8	10	2.1626E7
0	9330	2584	8	10	2.1627E7
0	9336	2593	8	10	2.1628E7
0	9341	2602	8	10	2.1629E7
0	9346	2611	8	10	2.163E7
0	9352	2620	8	10	2.1631E7
0	9357	2629	8	10	2.1632E7
0	9363	2638	8	10	2.1633E7
0	9368	2647	8	10	2.1634E7
0	9374	2656	8	10	2.1635E7
0	9379	2665	8	10	2.1636E7
0	9384	2674	8	10	2.1637E7
0	9390	2684	8	10	2.1638E7
0	9395	2693	8	10	2.1639E7
0	9400	2702	8	10	2.164E7
0	9406	2711	8	10	2.1641E7
0	9411	2720	8	10	2.1642E7
0	9416	2727	8	7	2.1643E7
0	9419	2732	8	4	2.1644E7
0	9421	2735	8	2	2.1645E7
0	9421	2735	8	0	2.1646E7
0	9421	2735	8	0	2.1647E7
0	9421	2735	8	0	2.1648E7
0	9421	2735	8	0	2.1649E7
0	9421	2735	8	0	2.165E7
0	9421	2735	8	0	2.1651E7
0	9421	2735	8	0	2.1652E7
0	9421	2735	8	0	2.1653E7
0	9421	2735	8	0	2.1654E7
0	9421	2735	8	0	2.1655E7
0	9421	2735	8	0	2.1656E7
0	9421	2735	8	0	2.1657E7
0	9421	2735	8	0	2.1658E7
0	9421	2735	8	0	2.1659E7
0	9421	2735	8	0	2.166E7
0	9421	2735	8	0	2.1661E7
0	9421	2735	8	0	2.1662E7
0	9421	2735	8	0	2.1663E7
0	9421	2735	8	0	2.1664E7
0	9421	2735	8	0	2.1665E7
0	9422	2736	8	2	2.1666E7
0	9426	2737	8	3	2.1667E7
0	9429	2741	8	5	2.1668E7
0	9433	2747	8	7	2.1669E7
0	9438	2754	8	9	2.167E7
0	9443	2763	8	10	2.1671E7
0	9449	2771	8	10	2.1672E7
0	9455	2780	8	10	2.1673E7
0	9461	2789	8	10	2.1674E7
0	9467	2798	8	10	2.1675E7
0	9473	2807	8	10	2.1676E7
0	9479	2815	8	9	2.1677E7
0	9483	2822	8	6	2.1678E7
0	9486	2826	8	3	2.1679E7
0	9489	2829	8	5	2.168E7
0	9495	2828	1	7	2.1681E7
0	9502	2822	2	9	2.1682E7
0	9509	2816	2	10	2.1683E7
0	9517	2809	2	10	2.1684E7
0	9525	2802	2	10	2.1685E7
0	9533	2795	2	10	2.1686E7
0	9542	2788	2	10	2.1687E7
0	9550	2781	2	10	2.1688E7
0	9558	2774	2	10	2.1689E7
0	9566	2768	2	10	2.169E7
0	9574	2761	2	10	2.1691E7
0	9582	2754	2	10	2.1692E7
0	9590	2747	2	10	2.1693E7
0	9598	2740	2	10	2.1694E7
0	9606	2733	2	10	2.1695E7
0	9614	2726	2	10	2.1696E7
0	9622	2719	2	10	2.1697E7
0	9630	2712	2	10	2.1698E7
0	9637	2705	2	10	2.1699E7
0	9645	2698	2	10	2.17E7
0	9653	2691	2	10	2.1701E7
0	9661	2684	2	10	2.1702E7
0	9669	2677	2	10	2.1703E7
0	9677	2670	2	10	2.1704E7
0	9684	2662	2	10	2.1705E7
0	9690	2654	2	10	2.1706E7
0	9697	2646	2	10	2.1707E7
0	9703	2637	2	10	2.1708E7
0	9710	2629	2	10	2.1709E7
0	9716	2620	2	10	2.171E7
0	9722	2612	2	8	2.1711E7
0	9726	2607	2	5	2.1712E7
0	9729	2603	2	3	2.1713E7
0	9730	2601	2	0	2.1714E7
0	9730	2601	2	0	2.1715E7
0	9730	2601	2	0	2.1716E7
0	9730	2601	2	0	2.1717E7
0	9730	2601	2	0	2.1718E7
0	9730	2601	2	0	2.1719E7
0	9730	2601	2	0	2.172E7
0	9730	2601	2	0	2.1721E7
0	9730	2601	2	0	2.1722E7
0	9730	2601	2	0	2.1723E7
0	9730	2601	2	0	2.1724E7
0	9730	2601	2	0	2.1725E7
0	9730	2601	2	0	2.1726E7
0	9730	2601	2	0	2.1727E7
0	9730	2601	2	0	2.1728E7
0	9730	2601	2	0	2.1729E7
0	9730	2601	2	0	2.173E7
0	9730	2601	2	0	2.1731E7
0	9730	2601	2	0	2.1732E7
0	9730	2601	2	0	2.1733E7
0	9730	2601	2	1	2.1734E7
0	9731	2599	2	3	2.1735E7
0	9733	2595	2	5	2.1736E7
0	9737	2590	2	7	2.1737E7
0	9741	2583	2	9	2.1738E7
0	9746	2574	2	10	2.1739E7
0	9751	2565	2	10	2.174E7
0	9756	2555	2	10	2.1741E7
0	9761	2546	2	10	2.1742E7
0	9766	2537	2	10	2.1743E7
0	9771	2528	2	10	2.1744E7
0	9777	2519	2	10	2.1745E7
0	9782	2510	2	10	2.1746E7
0	9788	2501	2	10	2.1747E7
0	9794	2492	2	10	2.1748E7
0	9800	2484	2	10	2.1749E7
0	9807	2476	2	10	2.175E7
0	9814	2468	2	10	2.1751E7
0	9821	2460	2	10	2.1752E7
0	9828	2452	2	10	2.1753E7
0	9837	2445	2	10	2.1754E7
0	9845	2439	2	10	2.1755E7
0	9852	2433	2	7	2.1756E7
0	9857	2429	2	5	2.1757E7
0	9860	2426	2	3	2.1758E7
0	9865	2423	2	6	2.1759E7
0	9870	2418	2	8	2.176E7
0	9880	2415	2	10	2.1761E7
0	9888	2408	2	10	2.1762E7
0	9896	2401	2	10	2.1763E7
0	9902	2393	2	10	2.1764E7
0	9908	2383	2	10	2.1765E7
0	9913	2374	2	10	2.1766E7
0	9917	2364	2	10	2.1767E7
0	9926	2364	1	10	2.1768E7
0	9937	2363	1	10	2.1769E7
0	9945	2358	2	10	2.177E7
0	9953	2351	2	10	2.1771E7
0	9961	2344	2	10	2.1772E7
0	9969	2337	2	10	2.1773E7
0	9978	2330	2	10	2.1774E7
0	9986	2324	2	10	2.1775E7
0	9994	2317	2	10	2.1776E7
0	10002	2310	2	10	2.1777E7
0	10010	2303	2	10	2.1778E7
0	10018	2297	2	10	2.1779E7
0	10026	2290	2	10	2.178E7
0	10035	2283	2	10	2.1781E7
0	10042	2277	2	7	2.1782E7
0	10046	2273	2	4	2.1783E7
0	10049	2271	2	2	2.1784E7
0	10050	2270	2	0	2.1785E7
0	10050	2270	2	0	2.1786E7
0	10050	2270	2	0	2.1787E7
0	10050	2270	2	0	2.1788E7
0	10050	2270	2	0	2.1789E7
0	10050	2270	2	0	2.179E7
0	10050	2270	2	0	2.1791E7
0	10050	2270	2	0	2.1792E7
0	10050	2270	2	0	2.1793E7
0	10050	2270	2	0	2.1794E7
0	10050	2270	2	0	2.1795E7
0	10050	2270	2	0	2.1796E7
0	10050	2270	2	0	2.1797E7
0	10050	2270	2	0	2.1798E7
0	10050	2270	2	0	2.1799E7
0	10050	2270	2	0	2.18E7
0	10050	2270	2	0	2.1801E7
0	10050	2270	2	0	2.1802E7
0	10050	2270	2	0	2.1803E7
0	10050	2270	2	0	2.1804E7
0	10050	2270	2	1	2.1805E7
0	10053	2268	2	3	2.1806E7
0	10056	2264	2	5	2.1807E7
0	10061	2260	2	7	2.1808E7
0	10067	2254	2	9	2.1809E7
0	10075	2247	2	10	2.181E7
0	10083	2240	2	10	2.1811E7
0	10090	2233	2	10	2.1812E7
0	10098	2225	2	10	2.1813E7
0	10106	2218	2	10	2.1814E7
0	10114	2211	2	10	2.1815E7
0	10122	2204	2	10	2.1816E7
0	10128	2199	2	6	2.1817E7
0	10132	2195	2	4	2.1818E7
0	10135	2192	2	4	2.1819E7
0	10138	2188	2	6	2.182E7
0	10136	2181	3	8	2.1821E7
0	10130	2173	4	10	2.1822E7
0	10123	2165	4	10	2.1823E7
0	10116	2157	4	10	2.1824E7
0	10109	2149	4	10	2.1825E7
0	10102	2141	4	10	2.1826E7
0	10095	2133	4	10	2.1827E7
0	10088	2125	4	10	2.1828E7
0	10081	2117	4	10	2.1829E7
0	10075	2111	4	7	2.183E7
0	10071	2106	4	4	2.1831E7
0	10069	2104	4	2	2.1832E7
0	10069	2103	4	0	2.1833E7
0	10069	2103	4	0	2.1834E7
0	10069	2103	4	0	2.1835E7
0	10069	2103	4	0	2.1836E7
0	10069	2103	4	0	2.1837E7
0	10069	2103	4	0	2.1838E7
0	10069	2103	4	0	2.1839E7
0	10069	2103	4	0	2.184E7
0	10069	2103	4	0	2.1841E7
0	10069	2103	4	0	2.1842E7
0	10069	2103	4	0	2.1843E7
0	10069	2103	4	0	2.1844E7
0	10069	2103	4	0	2.1845E7
0	10069	2103	4	0	2.1846E7
0	10069	2103	4	0	2.1847E7
0	10069	2103	4	0	2.1848E7
0	10069	2103	4	0	2.1849E7
0	10069	2103	4	0	2.185E7
0	10069	2103	4	0	2.1851E7
0	10069	2103	4	0	2.1852E7
0	10068	2102	4	2	2.1853E7
0	10066	2100	4	4	2.1854E7
0	10062	2096	4	5	2.1855E7
0	10058	2091	4	7	2.1856E7
0	10052	2084	4	9	2.1857E7
0	10045	2076	4	10	2.1858E7
0	10039	2068	4	9	2.1859E7
0	10035	2062	4	6	2.186E7
0	10032	2058	4	3	2.1861E7
0	10030	2056	4	1	2.1862E7
0	10029	2055	4	0	2.1863E7
0	10029	2055	4	0	2.1864E7
0	10029	2054	4	0	2.1865E7
0	10029	2054	4	0	2.1866E7
0	10029	2054	4	0	2.1867E7
0	10029	2054	4	0	2.1868E7
0	10029	2054	4	0	2.1869E7
0	10029	2054	4	0	2.187E7
0	10029	2054	4	0	2.1871E7
0	10029	2054	4	0	2.1872E7
0	10029	2054	4	0	2.1873E7
0	10029	2054	4	0	2.1874E7
0	10029	2054	4	0	2.1875E7
0	10029	2054	4	0	2.1876E7
0	10029	2054	4	0	2.1877E7
0	10029	2054	4	0	2.1878E7
0	10029	2054	4	0	2.1879E7
0	10029	2054	4	0	2.188E7
0	10029	2054	4	0	2.1881E7
0	10029	2054	4	0	2.1882E7
0	10029	2054	4	0	2.1883E7
0	10029	2054	4	0	2.1884E7
0	10029	2054	4	0	2.1885E7
0	10029	2054	4	0	2.1886E7
0	10028	2053	4	2	2.1887E7
0	10028	2050	4	4	2.1888E7
0	10031	2046	3	6	2.1889E7
0	10037	2041	2	8	2.189E7
0	10044	2034	2	10	2.1891E7
0	10052	2027	2	10	2.1892E7
0	10059	2020	2	10	2.1893E7
0	10067	2013	2	10	2.1894E7
0	10075	2006	2	10	2.1895E7
0	10083	1999	2	10	2.1896E7
0	10090	1991	2	10	2.1897E7
0	10098	1984	2	10	2.1898E7
0	10106	1977	2	10	2.1899E7
0	10114	1970	2	10	2.19E7
0	10121	1963	2	10	2.1901E7
0	10129	1955	2	10	2.1902E7
0	10137	1948	2	10	2.1903E7
0	10145	1941	2	10	2.1904E7
0	10153	1934	2	10	2.1905E7
0	10160	1928	2	8	2.1906E7
0	10164	1924	2	5	2.1907E7
0	10167	1921	2	3	2.1908E7
0	10168	1920	2	0	2.1909E7
0	10168	1920	2	0	2.191E7
0	10168	1920	2	0	2.1911E7
0	10168	1920	2	0	2.1912E7
0	10168	1920	2	0	2.1913E7
0	10168	1920	2	0	2.1914E7
0	10168	1920	2	0	2.1915E7
0	10168	1920	2	0	2.1916E7
0	10168	1920	2	0	2.1917E7
0	10168	1920	2	0	2.1918E7
0	10168	1920	2	0	2.1919E7
0	10168	1920	2	0	2.192E7
0	10168	1920	2	0	2.1921E7
0	10168	1920	2	0	2.1922E7
0	10168	1920	2	0	2.1923E7
0	10168	1920	2	0	2.1924E7
0	10168	1920	2	0	2.1925E7
0	10168	1920	2	0	2.1926E7
0	10168	1920	2	0	2.1927E7
0	10168	1920	2	0	2.1928E7
0	10169	1920	2	1	2.1929E7
0	10171	1918	2	3	2.193E7
0	10174	1914	2	5	2.1931E7
0	10179	1910	2	7	2.1932E7
0	10185	1904	2	9	2.1933E7
0	10193	1897	2	10	2.1934E7
0	10201	1890	2	10	2.1935E7
0	10209	1883	2	10	2.1936E7
0	10216	1876	2	10	2.1937E7
0	10224	1868	2	10	2.1938E7
0	10232	1861	2	10	2.1939E7
0	10240	1854	2	10	2.194E7
0	10247	1847	2	10	2.1941E7
0	10255	1840	2	10	2.1942E7
0	10263	1833	2	10	2.1943E7
0	10271	1826	2	10	2.1944E7
0	10279	1818	2	10	2.1945E7
0	10286	1811	2	10	2.1946E7
0	10294	1804	2	10	2.1947E7
0	10302	1797	2	10	2.1948E7
0	10310	1790	2	10	2.1949E7
0	10318	1783	2	10	2.195E7
0	10325	1776	2	10	2.1951E7
0	10333	1769	2	10	2.1952E7
0	10341	1762	2	10	2.1953E7
0	10349	1755	2	10	2.1954E7
0	10357	1748	2	10	2.1955E7
0	10365	1742	2	10	2.1956E7
0	10373	1735	2	10	2.1957E7
0	10382	1729	2	10	2.1958E7
0	10391	1725	2	10	2.1959E7
0	10402	1723	1	10	2.196E7
0	10412	1724	1	10	2.1961E7
0	10423	1724	1	10	2.1962E7
0	10433	1727	1	10	2.1963E7
0	10443	1730	1	10	2.1964E7
0	10452	1734	1	10	2.1965E7
0	10462	1738	1	10	2.1966E7
0	10472	1742	1	10	2.1967E7
0	10481	1746	1	10	2.1968E7
0	10491	1750	1	10	2.1969E7
0	10501	1754	8	10	2.197E7
0	10510	1758	8	10	2.1971E7
0	10520	1762	8	10	2.1972E7
0	10530	1767	8	10	2.1973E7
0	10539	1771	8	10	2.1974E7
0	10549	1776	8	10	2.1975E7
0	10558	1780	8	10	2.1976E7
0	10568	1784	8	10	2.1977E7
0	10577	1789	8	10	2.1978E7
0	10587	1793	8	10	2.1979E7
0	10596	1799	8	10	2.198E7
0	10604	1806	8	10	2.1981E7
0	10612	1813	8	10	2.1982E7
0	10619	1820	8	10	2.1983E7
0	10627	1828	8	10	2.1984E7
0	10634	1835	8	10	2.1985E7
0	10641	1843	8	10	2.1986E7
0	10648	1851	8	10	2.1987E7
0	10655	1859	8	10	2.1988E7
0	10661	1868	8	10	2.1989E7
0	10668	1876	8	10	2.199E7
0	10675	1884	8	10	2.1991E7
0	10682	1892	8	10	2.1992E7
0	10688	1900	8	9	2.1993E7
0	10694	1906	8	6	2.1994E7
0	10698	1910	8	4	2.1995E7
0	10701	1913	8	5	2.1996E7
0	10703	1916	8	7	2.1997E7
0	10698	1922	6	9	2.1998E7
0	10692	1932	6	10	2.1999E7
0	10691	1943	7	10	2.2E7
0	10692	1955	7	10	2.2001E7
0	10694	1961	7	10	2.2002E7
0	10686	1967	6	10	2.2003E7
0	10678	1973	6	10	2.2004E7
0	10669	1980	6	10	2.2005E7
0	10661	1986	6	10	2.2006E7
0	10653	1993	6	10	2.2007E7
0	10644	1999	6	10	2.2008E7
0	10636	2006	6	10	2.2009E7
0	10627	2012	6	10	2.201E7
0	10619	2019	6	10	2.2011E7
0	10611	2025	6	10	2.2012E7
0	10602	2032	6	10	2.2013E7
0	10594	2038	6	10	2.2014E7
0	10586	2045	6	10	2.2015E7
0	10578	2052	6	10	2.2016E7
0	10570	2059	6	10	2.2017E7
0	10562	2066	6	10	2.2018E7
0	10554	2073	6	10	2.2019E7
0	10546	2079	6	10	2.202E7
0	10538	2086	6	10	2.2021E7
0	10530	2093	6	10	2.2022E7
0	10522	2100	6	10	2.2023E7
0	10514	2107	6	10	2.2024E7
0	10506	2114	6	10	2.2025E7
0	10498	2121	6	10	2.2026E7
0	10490	2128	6	10	2.2027E7
0	10482	2135	6	10	2.2028E7
0	10474	2142	6	10	2.2029E7
0	10466	2148	6	10	2.203E7
0	10458	2155	6	10	2.2031E7
0	10450	2162	6	10	2.2032E7
0	10442	2169	6	10	2.2033E7
0	10434	2176	6	10	2.2034E7
0	10426	2183	6	10	2.2035E7
0	10418	2190	6	10	2.2036E7
0	10410	2197	6	10	2.2037E7
0	10402	2204	6	10	2.2038E7
0	10394	2211	6	10	2.2039E7
0	10386	2218	6	10	2.204E7
0	10378	2225	6	10	2.2041E7
0	10370	2233	6	10	2.2042E7
0	10363	2240	6	10	2.2043E7
0	10355	2247	6	10	2.2044E7
0	10347	2254	6	10	2.2045E7
0	10339	2260	6	10	2.2046E7
0	10331	2267	6	10	2.2047E7
0	10323	2274	6	10	2.2048E7
0	10316	2280	6	7	2.2049E7
0	10312	2284	6	4	2.205E7
0	10309	2286	6	2	2.2051E7
0	10308	2287	6	0	2.2052E7
0	10308	2287	6	0	2.2053E7
0	10308	2287	6	0	2.2054E7
0	10308	2287	6	0	2.2055E7
0	10308	2287	6	0	2.2056E7
0	10308	2287	6	0	2.2057E7
0	10308	2287	6	0	2.2058E7
0	10308	2287	6	0	2.2059E7
0	10308	2287	6	0	2.206E7
0	10308	2287	6	0	2.2061E7
0	10308	2287	6	0	2.2062E7
0	10308	2287	6	0	2.2063E7
0	10308	2287	6	0	2.2064E7
0	10308	2287	6	0	2.2065E7
0	10308	2287	6	0	2.2066E7
0	10308	2287	6	0	2.2067E7
0	10308	2287	6	0	2.2068E7
0	10308	2287	6	0	2.2069E7
0	10308	2287	6	0	2.207E7
0	10308	2287	6	0	2.2071E7
0	10308	2288	6	1	2.2072E7
0	10305	2289	6	3	2.2073E7
0	10302	2293	6	6	2.2074E7
0	10296	2298	6	7	2.2075E7
0	10290	2304	6	9	2.2076E7
0	10282	2311	6	10	2.2077E7
0	10275	2318	6	10	2.2078E7
