1.9983006E7
1.9983016E7
1.9983026E7
1.9983036E7
1.9983046E7
1.9983056E7
1.9983066E7
1.9983076E7
1.9983086E7
1.9983096E7
1.9983106E7
1.9983116E7
1.9983126E7
1.9983136E7
1.9983146E7
1.9983156E7
1.9983166E7
1.9983176E7
1.9983186E7
1.9983196E7
1.9983206E7
1.9983216E7
1.9983226E7
1.9983236E7
1.9983246E7
1.9983256E7
1.9983266E7
1.9983276E7
1.9983286E7
1.9983296E7
1.9983306E7
1.9983316E7
1.9983326E7
1.9983336E7
1.9983346E7
1.9983356E7
1.9983366E7
1.9983376E7
1.9983386E7
1.9983396E7
1.9983406E7
1.9983416E7
1.9983426E7
1.9983436E7
1.9983446E7
1.9983456E7
1.9983466E7
1.9983476E7
1.9983486E7
1.9983496E7
1.9983506E7
1.9983516E7
1.9983526E7
1.9983536E7
1.9983546E7
1.9983556E7
1.9983566E7
1.9983576E7
1.9983586E7
1.9983596E7
1.9983606E7
1.9983616E7
1.9983626E7
1.9983636E7
1.9983646E7
1.9983656E7
1.9983666E7
1.9983676E7
1.9983686E7
1.9983696E7
1.9983706E7
1.9983716E7
1.9983726E7
1.9983736E7
1.9983746E7
1.9983756E7
1.9983766E7
1.9983776E7
1.9983786E7
1.9983796E7
1.9983806E7
1.9983816E7
1.9983826E7
1.9983836E7
1.9983846E7
1.9983856E7
1.9983866E7
1.9983876E7
1.9983886E7
1.9983896E7
1.9983906E7
1.9983916E7
1.9983926E7
1.9983936E7
1.9983946E7
1.9983956E7
1.9983966E7
1.9983976E7
1.9983986E7
1.9983996E7
1.9984006E7
1.9984016E7
1.9984026E7
1.9984036E7
1.9984046E7
1.9984056E7
1.9984066E7
1.9984076E7
1.9984086E7
1.9984096E7
1.9984106E7
1.9984116E7
1.9984126E7
1.9984136E7
1.9984146E7
1.9984156E7
2.020100337240573E7
2.0201003372413762E7
2.0201006E7
2.020101337240573E7
2.0201013372413762E7
2.0201016E7
2.020102337240573E7
2.0201023372413762E7
2.0201026E7
2.020103337240573E7
2.0201033372413762E7
2.0201036E7
2.020104337240573E7
2.0201043372413762E7
2.0201046E7
2.020105337240573E7
2.0201053372413762E7
2.0201056E7
2.020106337240573E7
2.0201063372413762E7
2.0201066E7
2.0201076E7
2.020108337240573E7
2.0201083372413762E7
2.0201086E7
2.020109337240573E7
2.0201093372413762E7
2.0201096E7
2.020110337240573E7
2.0201103372413762E7
2.0201106E7
2.020111337240573E7
2.0201113372413762E7
2.0201116E7
2.020112337240573E7
2.0201123372413762E7
2.0201126E7
2.0201136E7
2.0201146E7
2.0201156E7
2.0201166E7
2.0201176E7
2.0201186E7
2.0201196E7
2.0201206E7
2.0201216E7
2.0201226E7
2.0201236E7
2.0201246E7
2.0201256E7
2.0201266E7
2.0201276E7
2.0201286E7
2.0201296E7
2.0201306E7
2.0201316E7
2.0201326E7
2.0201336E7
2.0201346E7
2.0201356E7
2.0201366E7
2.0201376E7
2.0201386E7
2.0201396E7
2.0201406E7
2.0201416E7
2.0201426E7
2.0201436E7
2.0201446E7
2.0201456E7
2.0201466E7
2.0201476E7
2.0201486E7
2.0201496E7
2.0201506E7
2.0201516E7
2.0201526E7
2.0201536E7
2.0201546E7
2.0201556E7
2.0201566E7
2.0201576E7
2.0201586E7
2.0201596E7
2.0201606E7
2.0201616E7
2.0201626E7
2.0201636E7
2.0201646E7
2.0201656E7
2.0201666E7
2.0201676E7
2.0201686E7
2.0201696E7
2.0201706E7
2.0201716E7
2.0201726E7
2.0201736E7
2.0201746E7
2.0201756E7
2.0201766E7
2.0201776E7
2.0201786E7
2.0201796E7
2.0201806E7
2.0201816E7
2.0201826E7
2.0230002944801055E7
2.0230002944809087E7
2.0230006E7
2.0230012944801055E7
2.0230012944809087E7
2.0230016E7
2.0230022944801055E7
2.0230022944809087E7
2.0230026E7
2.0230032944801055E7
2.0230032944809087E7
2.0230036E7
2.0230042944801055E7
2.0230042944809087E7
2.0230046E7
2.0230052944801055E7
2.0230052944809087E7
2.0230056E7
2.0230062944801055E7
2.0230062944809087E7
2.0230066E7
2.0230072944801055E7
2.0230072944809087E7
2.0230076E7
2.0230082944801055E7
2.0230082944809087E7
2.0230086E7
2.0230092944801055E7
2.0230092944809087E7
2.0230096E7
2.0230102944801055E7
2.0230102944809087E7
2.0230106E7
2.0230116E7
2.0230122944801055E7
2.0230122944809087E7
2.0230126E7
2.0230136E7
2.0230142944801055E7
2.0230142944809087E7
2.0230146E7
2.0230152944801055E7
2.0230152944809087E7
2.0230156E7
2.0230162944801055E7
2.0230162944809087E7
2.0230166E7
2.0230172944801055E7
2.0230172944809087E7
2.0230176E7
2.0230186E7
2.0230192944801055E7
2.0230192944809087E7
2.0230196E7
2.0230202944801055E7
2.0230202944809087E7
2.0230206E7
2.0230212944801055E7
2.0230212944809087E7
2.0230216E7
2.0230222944801055E7
2.0230222944809087E7
2.0230226E7
2.0230236E7
2.0230242944801055E7
2.0230242944809087E7
2.0230246E7
2.0230252944801055E7
2.0230252944809087E7
2.0230256E7
2.0230262944801055E7
2.0230262944809087E7
2.0230266E7
2.0230272944801055E7
2.0230272944809087E7
2.0230276E7
2.0230282944801055E7
2.0230282944809087E7
2.0230286E7
2.0230292944801055E7
2.0230292944809087E7
2.0230296E7
2.0230302944801055E7
2.0230302944809087E7
2.0230306E7
2.0230312944801055E7
2.0230312944809087E7
2.0230316E7
2.0230322944801055E7
2.0230322944809087E7
2.0230326E7
2.0230332944801055E7
2.0230332944809087E7
2.0230336E7
2.0230342944801055E7
2.0230342944809087E7
2.0230346E7
2.0230352944801055E7
2.0230352944809087E7
2.0230356E7
2.0230362944801055E7
2.0230362944809087E7
2.0230366E7
2.0230372944801055E7
2.0230372944809087E7
2.0230376E7
2.0230382944801055E7
2.0230382944809087E7
2.0230386E7
2.0230392944801055E7
2.0230392944809087E7
2.0230396E7
2.0230402944801055E7
2.0230402944809087E7
2.0230406E7
2.0230412944801055E7
2.0230412944809087E7
2.0230416E7
2.0230422944801055E7
2.0230422944809087E7
2.0230426E7
2.0230432944801055E7
2.0230432944809087E7
2.0230436E7
2.0230442944801055E7
2.0230442944809087E7
2.0230446E7
2.0230452944801055E7
2.0230452944809087E7
2.0230456E7
2.0230462944801055E7
2.0230462944809087E7
2.0230466E7
2.0230472944801055E7
2.0230472944809087E7
2.0230476E7
2.0230482944801055E7
2.0230482944809087E7
2.0230486E7
2.0230492944801055E7
2.0230492944809087E7
2.0230496E7
2.0230502944801055E7
2.0230502944809087E7
2.0230506E7
2.0230512944801055E7
2.0230512944809087E7
2.0230516E7
2.0230522944801055E7
2.0230522944809087E7
2.0230526E7
2.0230536E7
2.0230542944801055E7
2.0230542944809087E7
2.0230546E7
2.0230552944801055E7
2.0230552944809087E7
2.0230556E7
2.0230562944801055E7
2.0230562944809087E7
2.0230566E7
2.0230572944801055E7
2.0230572944809087E7
2.0230576E7
2.0230582944801055E7
2.0230582944809087E7
2.0230586E7
2.0230592944801055E7
2.0230592944809087E7
2.0230596E7
2.0230602944801055E7
2.0230602944809087E7
2.0230606E7
2.0230616E7
2.0230626E7
2.0230636E7
2.0230646E7
2.0230656E7
2.0230666E7
2.0230676E7
2.0230686E7
2.0230696E7
2.0230706E7
2.0230716E7
2.0230726E7
2.0230736E7
2.0230746E7
2.0230756E7
2.0230766E7
2.0230776E7
2.0230786E7
2.0230796E7
2.0230806E7
2.0230816E7
2.0230826E7
2.0230836E7
2.0230846E7
2.0230856E7
2.0230866E7
2.0230876E7
2.0230886E7
2.0230896E7
2.0230906E7
2.0230916E7
2.0230926E7
2.0230936E7
2.0230946E7
2.0230956E7
2.0230966E7
2.0230976E7
2.0628006E7
2.0628006305091333E7
2.0628016E7
2.0628016305091333E7
2.0628026E7
2.0628026305091333E7
2.0628036E7
2.0628036305091333E7
2.0628046E7
2.0628046305091333E7
2.0628056E7
2.0628056305091333E7
2.0628066E7
2.0628066305091333E7
2.0628076E7
2.0628076305091333E7
2.0628086E7
2.0628086305091333E7
2.0628096E7
2.0628096305091333E7
2.0628106E7
2.0628106305091333E7
2.0628116E7
2.0628116305091333E7
2.0628126E7
2.0628126305091333E7
2.0628136E7
2.0628136305091333E7
2.0628146E7
2.0628146305091333E7
2.0628156E7
2.0628156305091333E7
2.0628166E7
2.0628166305091333E7
2.0628176E7
2.0628176305091333E7
2.0628186E7
2.0628186305091333E7
2.0628196E7
2.0628196305091333E7
2.0628206E7
2.0628206305091333E7
2.0628216E7
2.0628216305091333E7
2.0628226E7
2.0628226305091333E7
2.0628236E7
2.0628236305091333E7
2.0628246E7
2.0628246305091333E7
2.0628256E7
2.0628256305091333E7
2.0628266E7
2.0628266305091333E7
2.0628276E7
2.0628276305091333E7
2.0628286E7
2.0628286305091333E7
2.0628296E7
2.0628296305091333E7
2.0628306E7
2.0628306305091333E7
2.0628316E7
2.0628316305091333E7
2.0628326E7
2.0628326305091333E7
2.0628336E7
2.0628336305091333E7
2.0628346E7
2.0628346305091333E7
2.0628356E7
2.0628356305091333E7
2.0628366E7
2.0628366305091333E7
2.0628370483362008E7
2.0628376E7
2.0628376305091333E7
2.0628386E7
2.0628386305091333E7
2.0628396E7
2.0628396305091333E7
2.0628406E7
2.0628406305091333E7
2.0628416E7
2.0628416305091333E7
2.0628426E7
2.0628436E7
2.0628436305091333E7
2.0628446E7
2.0628446305091333E7
2.0628456E7
2.0628456305091333E7
2.0628466E7
2.0628466305091333E7
2.0628476E7
2.0628486E7
2.0628486305091333E7
2.0628496E7
2.0628496305091333E7
2.0628506E7
2.0628506305091333E7
2.0628516E7
2.0628516305091333E7
2.0628526E7
2.0628536E7
2.0628536305091333E7
2.0628546E7
2.0628546305091333E7
2.0628556E7
2.0628556305091333E7
2.0628566E7
2.0628566305091333E7
2.0628576E7
2.0628576305091333E7
2.0628586E7
2.0628586305091333E7
2.0628596E7
2.0628596305091333E7
2.0628606E7
2.0628606305091333E7
2.0628616E7
2.0628616305091333E7
2.0628626E7
2.0628626305091333E7
2.0628636E7
2.0628636305091333E7
2.0628646E7
2.0628646305091333E7
2.0628656E7
2.0628656305091333E7
2.0628666E7
2.0628676E7
2.0628676305091333E7
2.0628686E7
2.0628686305091333E7
2.0628696E7
2.0628696305091333E7
2.0628706E7
2.0628706305091333E7
2.0628716E7
2.0628716305091333E7
2.0628726E7
2.0628736E7
2.0628746E7
2.0628756E7
2.0628766E7
2.0628776E7
2.0628786E7
2.0628796E7
2.0628806E7
2.0628816E7
2.0628826E7
2.0628836E7
2.0628846E7
2.0628856E7
2.0628866E7
2.0628876E7
2.0628886E7
2.0628896E7
2.0628906E7
2.0628916E7
2.0628926E7
2.0628936E7
2.0628946E7
2.0628956E7
2.1059004691245575E7
2.1059006E7
2.1059016E7
2.1059024691245575E7
2.1059026E7
2.1059034691245575E7
2.1059036E7
2.1059044691245575E7
2.1059046E7
2.1059054691245575E7
2.1059056E7
2.1059064691245575E7
2.1059066E7
2.1059074691245575E7
2.1059076E7
2.1059084691245575E7
2.1059086E7
2.1059094691245575E7
2.1059096E7
2.1059104691245575E7
2.1059106E7
2.1059114691245575E7
2.1059116E7
2.1059124691245575E7
2.1059126E7
2.1059136E7
2.1059146E7
2.1059156E7
2.1059166E7
2.1059176E7
2.1059186E7
2.1059196E7
2.1059206E7
2.1059216E7
2.1059226E7
2.1059236E7
2.1059246E7
2.1059256E7
2.1059266E7
2.1059276E7
2.1059286E7
2.1059296E7
2.1059306E7
2.1059316E7
2.1059326E7
2.1059336E7
2.1059346E7
2.1059356E7
2.1059366E7
2.1059376E7
2.1059386E7
2.1059396E7
2.1059406E7
2.1059416E7
2.1059426E7
2.1059436E7
2.1059446E7
2.1059456E7
2.1059466E7
2.1059476E7
2.1059486E7
2.1059496E7
2.1059506E7
2.1059516E7
2.1059526E7
2.1059536E7
2.1059546E7
2.1059556E7
2.1059566E7
2.1059576E7
2.1059586E7
2.1059596E7
2.1059606E7
2.1059616E7
2.1059626E7
2.1059636E7
2.1059646E7
2.1059656E7
2.1059666E7
2.1059676E7
2.1059686E7
2.1059696E7
2.1059706E7
2.1059716E7
2.1059726E7
2.1059736E7
2.1059746E7
2.1059756E7
2.1059766E7
2.1059776E7
2.1059786E7
2.1059796E7
2.1059806E7
2.1059816E7
2.1059826E7
2.1059836E7
2.1059846E7
2.1059856E7
2.1059866E7
2.1059876E7
2.1059886E7
2.1059896E7
2.125600341469528E7
2.1256006E7
2.125601341469528E7
2.1256016E7
2.125602341469528E7
2.1256026E7
2.125603341469528E7
2.1256036E7
2.125604341469528E7
2.1256046E7
2.125605341469528E7
2.1256056E7
2.125606341469528E7
2.1256066E7
2.125607341469528E7
2.1256076E7
2.125608341469528E7
2.1256086E7
2.125609341469528E7
2.1256096E7
2.125610341469528E7
2.1256106E7
2.125611341469528E7
2.1256116E7
2.1256126E7
2.1256136E7
2.1256146E7
2.1256156E7
2.1256166E7
2.1256176E7
2.1256186E7
2.1256196E7
2.1256206E7
2.1256216E7
2.1256226E7
2.1256236E7
2.1256246E7
2.1256256E7
2.1256266E7
2.1256276E7
2.1256286E7
2.1256296E7
2.1256306E7
2.1256316E7
2.1256326E7
2.1256336E7
2.1256346E7
2.1256356E7
2.1256366E7
2.1256376E7
2.1256386E7
2.1256396E7
2.1256406E7
2.1256416E7
2.1256426E7
2.1256436E7
2.1256446E7
2.1256456E7
2.1256466E7
2.1256476E7
2.1256486E7
2.1256496E7
2.1256506E7
2.1256516E7
2.1256526E7
2.1256536E7
2.1256546E7
2.1256556E7
2.1256566E7
2.1256576E7
2.1256586E7
2.1256596E7
2.1256606E7
2.1256616E7
2.1256626E7
2.1256636E7
2.1256646E7
2.1256656E7
2.1256666E7
2.1256676E7
2.1256686E7
2.1256696E7
2.1256706E7
2.1256716E7
2.1256726E7
2.1256736E7
2.1256746E7
2.1256756E7
2.1256766E7
2.1256776E7
2.1256786E7
2.1256796E7
2.1256806E7
2.1256816E7
2.1256826E7
2.1256836E7
2.1256846E7
2.1256856E7
2.1256866E7
2.1386003550383464E7
2.1386006E7
2.1386016E7
2.1386026E7
2.1386036E7
2.1386046E7
2.1386056E7
2.1386066E7
2.1386076E7
2.1386086E7
2.1386096E7
2.1386106E7
2.1386116E7
2.1386126E7
2.1386136E7
2.1386146E7
2.1386156E7
2.1386166E7
2.1386176E7
2.1386186E7
2.1386196E7
2.1386206E7
2.1386216E7
2.1386226E7
2.1386236E7
2.1386246E7
2.1386256E7
2.1386266E7
2.1386276E7
2.1386286E7
2.1386296E7
2.1386306E7
2.1386316E7
2.1386326E7
2.1386336E7
2.1386346E7
2.1386356E7
2.1386366E7
2.1386376E7
2.1386386E7
2.1386396E7
2.1386406E7
2.1386416E7
2.1386426E7
2.1386436E7
2.1386446E7
2.1386456E7
2.1386466E7
2.1386476E7
2.1386486E7
2.1386496E7
2.1386506E7
2.1386516E7
2.1386526E7
2.1386536E7
2.1386546E7
2.1386556E7
2.1386566E7
2.1386576E7
2.1386586E7
2.1386596E7
2.1386606E7
2.1386616E7
2.1386626E7
2.1386636E7
2.1386646E7
2.1386656E7
2.1386666E7
2.1386676E7
2.1386686E7
2.1386696E7
2.1386706E7
2.1386716E7
2.1386726E7
2.1386736E7
2.1386746E7
2.1386756E7
2.1386766E7
2.1386776E7
2.1386786E7
2.1386796E7
2.1386806E7
2.1386816E7
2.1386826E7
2.1386836E7
2.1386846E7
2.1386856E7
2.1386866E7
2.1386876E7
2.1386886E7
2.1386896E7
2.1386906E7
2.1386916E7
2.1386926E7
2.1386936E7
2.1386946E7
2.1386956E7
2.1561004378058806E7
2.1561006E7
2.1561014378058806E7
2.1561016E7
2.1561024378058806E7
2.1561026E7
2.1561034378058806E7
2.1561036E7
2.1561044378058806E7
2.1561046E7
2.1561054378058806E7
2.1561056E7
2.1561064378058806E7
2.1561066E7
2.1561074378058806E7
2.1561076E7
2.1561084378058806E7
2.1561086E7
2.1561096E7
2.1561104378058806E7
2.1561106E7
2.1561114378058806E7
2.1561116E7
2.1561124378058806E7
2.1561126E7
2.1561136E7
2.1561146E7
2.1561156E7
2.1561166E7
2.1561176E7
2.1561186E7
2.1561196E7
2.1561206E7
2.1561216E7
2.1561226E7
2.1561236E7
2.1561246E7
2.1561256E7
2.1561266E7
2.1561276E7
2.1561286E7
2.1561296E7
2.1561306E7
2.1561316E7
2.1561326E7
2.1561336E7
2.1561346E7
2.1561356E7
2.1561366E7
2.1561376E7
2.1561386E7
2.1561396E7
2.1561406E7
2.1561416E7
2.1561426E7
2.1561436E7
2.1561446E7
2.1561456E7
2.1561466E7
2.1561476E7
2.1561486E7
2.1561496E7
2.1561506E7
2.1561516E7
2.1561526E7
2.1561536E7
2.1561546E7
2.1561556E7
2.1561566E7
2.1561576E7
2.1561586E7
2.1561596E7
2.1561606E7
2.1561616E7
2.1561626E7
2.1561636E7
2.1561646E7
2.1561656E7
2.1561666E7
2.1561676E7
2.1561686E7
2.1561696E7
2.1561706E7
2.1561716E7
2.1561726E7
2.1561736E7
2.1561746E7
2.1561756E7
2.1561766E7
2.1561776E7
2.1561786E7
2.1561796E7
2.1893006E7
2.1893007425006248E7
2.189300742501389E7
2.189300742502153E7
2.189300742502917E7
2.189300742503681E7
2.1893016E7
2.1893017425006248E7
2.189301742501389E7
2.189301742502153E7
2.189301742502917E7
2.189301742503681E7
2.1893026E7
2.1893026827603653E7
2.1893026827611294E7
2.1893026827618934E7
2.1893036E7
2.1893037425006248E7
2.189303742501389E7
2.189303742502153E7
2.189303742502917E7
2.189303742503681E7
2.1893046E7
2.1893046827603653E7
2.1893046827611294E7
2.1893046827618934E7
2.1893056E7
2.1893065831499755E7
2.1893065831507396E7
2.1893065831515037E7
2.1893066E7
2.1893067425006248E7
2.189306742501389E7
2.189306742502153E7
2.189306742502917E7
2.189306742503681E7
2.1893076E7
2.1893077425006248E7
2.189307742501389E7
2.189307742502153E7
2.189307742502917E7
2.189307742503681E7
2.1893086E7
2.1893086827603653E7
2.1893086827611294E7
2.1893086827618934E7
2.1893096E7
2.1893097425006248E7
2.189309742501389E7
2.189309742502153E7
2.189309742502917E7
2.189309742503681E7
2.1893106E7
2.1893107425006248E7
2.189310742501389E7
2.189310742502153E7
2.189310742502917E7
2.189310742503681E7
2.1893116E7
2.1893117425006248E7
2.189311742501389E7
2.189311742502153E7
2.189311742502917E7
2.189311742503681E7
2.1893126E7
2.1893127425006248E7
2.189312742501389E7
2.189312742502153E7
2.189312742502917E7
2.189312742503681E7
2.1893136E7
2.1893137425006248E7
2.189313742501389E7
2.189313742502153E7
2.189313742502917E7
2.189313742503681E7
2.1893146E7
2.1893147425006248E7
2.189314742501389E7
2.189314742502153E7
2.189314742502917E7
2.189314742503681E7
2.1893156E7
2.1893157425006248E7
2.189315742501389E7
2.189315742502153E7
2.189315742502917E7
2.189315742503681E7
2.1893166E7
2.1893167425006248E7
2.189316742501389E7
2.189316742502153E7
2.189316742502917E7
2.189316742503681E7
2.1893176E7
2.1893186E7
2.1893196E7
2.1893206E7
2.1893206230201054E7
2.1893216E7
2.1893216230201054E7
2.1893226E7
2.1893226230201054E7
2.1893236E7
2.1893236230201054E7
2.1893246E7
2.1893246230201054E7
2.1893256E7
2.1893266E7
2.1893266230201054E7
2.1893276E7
2.1893276230201054E7
2.1893286E7
2.1893286230201054E7
2.1893296E7
2.1893296230201054E7
2.1893306E7
2.1893306230201054E7
2.1893316E7
2.1893316230201054E7
2.1893326E7
2.1893326230201054E7
2.1893336E7
2.1893346E7
2.1893346230201054E7
2.1893356E7
2.1893356230201054E7
2.1893366E7
2.1893366230201054E7
2.1893376E7
2.1893376230201054E7
2.1893386E7
2.1893386230201054E7
2.1893396E7
2.1893396230201054E7
2.1893406E7
2.1893406230201054E7
2.1893416E7
2.1893416230201054E7
2.1893426E7
2.1893426230201054E7
2.1893436E7
2.1893436230201054E7
2.1893446E7
2.1893446230201054E7
2.1893456E7
2.1893456230201054E7
2.1893466E7
2.1893466230201054E7
2.1893476E7
2.1893476230201054E7
2.1893486E7
2.1893486230201054E7
2.1893496E7
2.1893496230201054E7
2.1893506E7
2.1893506230201054E7
2.1893516E7
2.1893516230201054E7
2.1893526E7
2.1893526230201054E7
2.1893536E7
2.1893536230201054E7
2.1893546E7
2.1893546230201054E7
2.1893556E7
2.1893556230201054E7
2.1893566E7
2.1893566230201054E7
2.1893576E7
2.1893576230201054E7
2.1893586E7
2.1893596E7
2.1893596230201054E7
2.1893606E7
2.1893606230201054E7
2.1893616E7
2.1893626E7
2.1893626230201054E7
2.1893636E7
2.1893636230201054E7
2.1893646E7
2.1893656E7
2.1893656230201054E7
2.1893666E7
2.1893666230201054E7
2.1893676E7
2.1893676230201054E7
2.1893686E7
2.1893696E7
2.1893696230201054E7
2.1893706E7
2.1893706230201054E7
2.1893716E7
2.1893716198199876E7
2.1893726E7
2.1893726230201054E7
2.1893736E7
2.1893736198199876E7
2.1893746E7
2.1893756E7
2.1893766E7
2.1893776E7
2.1893786E7
2.1893796E7
2.1893806E7
2.1893816E7
2.1893826E7
2.1893836E7
2.1893846E7
2.1893856E7
2.1893866E7
2.1952004931922246E7
2.1952006E7
2.1952016E7
2.1952024931922246E7
2.1952026E7
2.1952034931922246E7
2.1952036E7
2.1952044931922246E7
2.1952046E7
2.1952054931922246E7
2.1952056E7
2.1952064931922246E7
2.1952066E7
2.1952074931922246E7
2.1952076E7
2.1952084931922246E7
2.1952086E7
2.1952094931922246E7
2.1952096E7
2.1952104931922246E7
2.1952106E7
2.1952114931922246E7
2.1952116E7
2.1952124931922246E7
2.1952126E7
2.1952134931922246E7
2.1952136E7
2.1952144931922246E7
2.1952146E7
2.1952154931922246E7
2.1952156E7
2.1952166E7
2.1952176E7
2.1952186E7
2.1952194931922246E7
2.1952196E7
2.1952204931922246E7
2.1952206E7
2.1952214931922246E7
2.1952216E7
2.1952224931922246E7
2.1952226E7
2.1952234931922246E7
2.1952236E7
2.1952244931922246E7
2.1952246E7
2.1952254931922246E7
2.1952256E7
2.1952264931922246E7
2.1952266E7
2.1952276E7
2.1952284931922246E7
2.1952286E7
2.1952294931922246E7
2.1952296E7
2.1952304931922246E7
2.1952306E7
2.1952314931922246E7
2.1952316E7
2.1952326E7
2.1952334931922246E7
2.1952336E7
2.1952344931922246E7
2.1952346E7
2.1952354931922246E7
2.1952356E7
2.1952364931922246E7
2.1952366E7
2.1952374931922246E7
2.1952376E7
2.1952384931922246E7
2.1952386E7
2.1952394931922246E7
2.1952396E7
2.1952404931922246E7
2.1952406E7
2.1952414931922246E7
2.1952416E7
2.1952424931922246E7
2.1952426E7
2.1952434931922246E7
2.1952436E7
2.1952446E7
2.1952454931922246E7
2.1952456E7
2.1952464931922246E7
2.1952466E7
2.1952474931922246E7
2.1952476E7
2.1952486E7
2.1952494931922246E7
2.1952496E7
2.1952504931922246E7
2.1952506E7
2.1952514931922246E7
2.1952516E7
2.1952524931922246E7
2.1952526E7
2.1952534931922246E7
2.1952536E7
2.1952544931922246E7
2.1952546E7
2.1952554931922246E7
2.1952556E7
2.1952566E7
2.1952574931922246E7
2.1952576E7
2.1952586E7
2.1952594931922246E7
2.1952596E7
2.1952606E7
2.1952614931922246E7
2.1952616E7
2.1952624931922246E7
2.1952625014164306E7
2.1952626E7
2.1952634931922246E7
2.1952636E7
2.1952644931922246E7
2.1952646E7
2.1952654931922246E7
2.1952656E7
2.1952664931922246E7
2.1952666E7
2.1952674931922246E7
2.1952676E7
2.1952684931922246E7
2.1952686E7
2.1952696E7
2.1952704931922246E7
2.1952706E7
2.1952714931922246E7
2.1952716E7
2.1952724931922246E7
2.1952726E7
2.1952734931922246E7
2.1952736E7
2.1952746E7
2.1952756E7
2.1952766E7
2.1952776E7
2.1952786E7
2.1952796E7
2.1952806E7
2.1952816E7
2.1952826E7
2.1952836E7
2.1952846E7
2.1952856E7
2.1952866E7
2.1952876E7
2.1952886E7
2.1952896E7
2.1952906E7
2.1952916E7
2.1952926E7
2.1952936E7
2.1952946E7
2.1952956E7
2.1952966E7
2.1952976E7
2.1952986E7
2.1952996E7
2.1953006E7
2.1953016E7
2.1953026E7
2.1953036E7
2.1953046E7
2.1953056E7
2.1953066E7
2.1953076E7
2.1953086E7
2.1953096E7
2.1953106E7
2.1953116E7
2.1953126E7
2.2044005439490605E7
2.2044006E7
2.2044015439490605E7
2.2044016E7
2.2044025439490605E7
2.2044026E7
2.2044035439490605E7
2.2044036E7
2.2044045439490605E7
2.2044046E7
2.2044055439490605E7
2.2044056E7
2.2044065439490605E7
2.2044066E7
2.2044075439490605E7
2.2044076E7
2.2044085439490605E7
2.2044086E7
2.2044095439490605E7
2.2044096E7
2.2044105439490605E7
2.2044106E7
2.2044115439490605E7
2.2044116E7
2.2044125439490605E7
2.2044126E7
2.2044136E7
2.2044145439490605E7
2.2044146E7
2.2044155439490605E7
2.2044156E7
2.2044165439490605E7
2.2044166E7
2.2044175439490605E7
2.2044176E7
2.2044185439490605E7
2.2044186E7
2.2044195439490605E7
2.2044196E7
2.2044205439490605E7
2.2044206E7
2.2044215439490605E7
2.2044216E7
2.2044226E7
2.2044235439490605E7
2.2044236E7
2.2044246E7
2.2044255439490605E7
2.2044256E7
2.2044265439490605E7
2.2044266E7
2.2044275439490605E7
2.2044276E7
2.2044285439490605E7
2.2044286E7
2.2044295439490605E7
2.2044296E7
2.2044305439490605E7
2.2044306E7
2.2044315439490605E7
2.2044316E7
2.2044325439490605E7
2.2044326E7
2.2044335439490605E7
2.2044336E7
2.2044345439490605E7
2.2044346E7
2.2044355439490605E7
2.2044356E7
2.2044365439490605E7
2.2044366E7
2.2044375439490605E7
2.2044376E7
2.2044385439490605E7
2.2044386E7
2.2044396E7
2.2044405439490605E7
2.2044406E7
2.2044415439490605E7
2.2044416E7
2.2044425439490605E7
2.2044426E7
2.2044435439490605E7
2.2044436E7
2.2044445439490605E7
2.2044446E7
2.2044455439490605E7
2.2044456E7
2.2044465439490605E7
2.2044466E7
2.2044475439490605E7
2.2044476E7
2.2044485439490605E7
2.2044486E7
2.2044495439490605E7
2.2044496E7
2.2044505439490605E7
2.2044506E7
2.2044515439490605E7
2.2044516E7
2.2044526E7
2.2044535439490605E7
2.2044536E7
2.2044545439490605E7
2.2044546E7
2.2044556E7
2.2044565439490605E7
2.2044566E7
2.2044575439490605E7
2.2044576E7
2.2044585439490605E7
2.2044586E7
2.2044595439490605E7
2.2044596E7
2.2044605439490605E7
2.2044606E7
2.2044615439490605E7
2.2044616E7
2.2044625439490605E7
2.2044626E7
2.2044635439490605E7
2.2044636E7
2.2044645439490605E7
2.2044646E7
2.2044655439490605E7
2.2044656E7
2.2044665439490605E7
2.2044666E7
2.2044675439490605E7
2.2044676E7
2.2044685439490605E7
2.2044686E7
2.2044695439490605E7
2.2044696E7
2.2044705439490605E7
2.2044706E7
2.2044715439490605E7
2.2044716E7
2.2044725439490605E7
2.2044726E7
2.2044735439490605E7
2.2044736E7
2.2044746E7
2.2044756E7
2.2044766E7
