3962004.7942663655
3962004.7942674947
3962006.0
3962016.0
3962026.0
3962036.0
3962046.0
3962056.0
3962066.0
3962076.0
3962086.0
3962096.0
3962106.0
3962116.0
3962126.0
3962136.0
3962146.0
3962156.0
3962166.0
3962176.0
3962186.0
3962196.0
3962206.0
3962216.0
3962226.0
3962236.0
3962246.0
3962256.0
3962266.0
3962276.0
3962286.0
3962296.0
3962306.0
3962316.0
3962326.0
3962336.0
3962346.0
3962356.0
3962366.0
3962376.0
3962386.0
3962396.0
3962406.0
3962416.0
3962426.0
3962436.0
3962446.0
3962456.0
3962466.0
3962476.0
3962486.0
3962496.0
3962506.0
3962516.0
3962526.0
3962536.0
3962546.0
3962556.0
3962566.0
3962576.0
3962586.0
3962596.0
3962606.0
3962616.0
3962626.0
3962636.0
3962646.0
3962656.0
3962666.0
3962676.0
3962686.0
3962696.0
3962706.0
3962716.0
3962726.0
3962736.0
3962746.0
3962756.0
3962766.0
3962776.0
4121006.0
4121016.0
4121026.0
4121036.0
4121046.0
4121056.0
4121066.0
4121076.0
4121086.0
4121096.0
4121106.0
4121116.0
4121126.0
4121136.0
4121146.0
4121156.0
4121166.0
4121176.0
4121186.0
4121196.0
4121206.0
4121216.0
4121226.0
4121236.0
4121246.0
4121256.0
4121266.0
4121276.0
4121286.0
4121296.0
4121306.0
4121316.0
4121326.0
4121336.0
4121346.0
4121356.0
4121366.0
4121376.0
4121386.0
4121396.0
4121406.0
4121416.0
4121426.0
4121436.0
4121446.0
4121456.0
4121466.0
4121476.0
4121486.0
4121496.0
4121506.0
4121516.0
4121526.0
4121536.0
4121546.0
4121556.0
4121566.0
4121576.0
4121586.0
4121596.0
4121606.0
4121616.0
4121626.0
4121636.0
4121646.0
4121656.0
4121666.0
4121676.0
4121686.0
4121696.0
4121706.0
4121716.0
4121726.0
4121736.0
4121746.0
4121756.0
4121766.0
4121776.0
4121786.0
4121796.0
4121806.0
4121816.0
4121826.0
4121836.0
4121846.0
4121856.0
4121866.0
4121876.0
4121886.0
4121896.0
4121906.0
4121913.170544061
4121913.17054519
4121916.0
4121926.0
4220006.0
4220009.900318594
4220009.900319723
4220016.0
4220019.900318594
4220019.900319723
4220026.0
4220029.900318594
4220029.900319723
4220036.0
4220039.900318594
4220039.900319723
4220046.0
4220056.0
4220066.0
4220076.0
4220086.0
4220096.0
4220106.0
4220116.0
4220126.0
4220136.0
4220146.0
4220156.0
4220166.0
4220176.0
4220186.0
4220196.0
4220206.0
4220216.0
4220226.0
4220236.0
4220246.0
4220256.0
4220266.0
4220276.0
4220286.0
4220296.0
4220306.0
4220316.0
4220326.0
4220336.0
4220346.0
4220356.0
4220366.0
4220376.0
4220386.0
4220396.0
4220406.0
4220416.0
4220426.0
4220436.0
4220446.0
4220456.0
4220466.0
4220476.0
4220486.0
4220496.0
4220506.0
4220516.0
4220526.0
4220536.0
4220546.0
4220556.0
4220566.0
4220576.0
4220586.0
4220596.0
4220606.0
4220616.0
4220626.0
4220636.0
4220646.0
4220656.0
4220666.0
4220676.0
4220686.0
4220696.0
4220706.0
4220716.0
4220726.0
4220736.0
4220746.0
4220756.0
4220766.0
4220776.0
4220786.0
4220796.0
4220806.0
4220816.0
4220826.0
4220836.0
4220846.0
4220856.0
4220866.0
4220876.0
4220886.0
4220896.0
4220906.0
4220916.0
4220926.0
4220936.0
4220946.0
4220956.0
4220966.0
4220976.0
4220986.0
4220996.0
4221006.0
4221016.0
4221026.0
4221036.0
4221046.0
4221056.0
4221066.0
4221076.0
4221086.0
4221096.0
4221106.0
4221116.0
4221126.0
4221136.0
4221146.0
4221156.0
4221166.0
4221176.0
4221186.0
4347006.0
4347009.397509061
4347016.0
4347026.0
4347036.0
4347046.0
4347056.0
4347066.0
4347076.0
4347086.0
4347096.0
4347106.0
4347116.0
4347126.0
4347136.0
4347146.0
4347156.0
4347166.0
4347176.0
4347186.0
4347196.0
4347206.0
4347216.0
4347226.0
4347236.0
4347246.0
4347256.0
4347266.0
4347276.0
4347286.0
4347296.0
4347306.0
4347316.0
4347326.0
4347336.0
4347346.0
4347356.0
4347366.0
4347376.0
4347386.0
4347396.0
4347406.0
4347416.0
4347426.0
4347436.0
4347446.0
4347456.0
4347466.0
4347476.0
4347486.0
4347496.0
4347506.0
4347516.0
4347526.0
4347536.0
4347546.0
4347556.0
4347566.0
4347576.0
4347586.0
4347596.0
4347606.0
4347616.0
4347626.0
4347636.0
4347646.0
4347656.0
4347666.0
4347676.0
4347686.0
4347696.0
4347706.0
4347716.0
4347726.0
4347736.0
4347746.0
4347756.0
4347766.0
4347776.0
4347786.0
4347796.0
4347806.0
4347816.0
4347826.0
4347836.0
4347846.0
4347856.0
4347866.0
4347876.0
4347886.0
4452001.24223467
4452006.0
4452011.24223467
4452016.0
4452026.0
4452036.0
4452046.0
4452056.0
4452066.0
4452076.0
4452086.0
4452096.0
4452106.0
4452116.0
4452126.0
4452136.0
4452146.0
4452156.0
4452166.0
4452176.0
4452186.0
4452196.0
4452206.0
4452216.0
4452226.0
4452236.0
4452246.0
4452256.0
4452266.0
4452276.0
4452286.0
4452296.0
4452306.0
4452316.0
4452326.0
4452336.0
4452346.0
4452356.0
4452366.0
4452376.0
4452386.0
4452396.0
4452406.0
4452416.0
4452426.0
4452436.0
4452446.0
4452456.0
4452466.0
4452476.0
4452486.0
4452496.0
4452506.0
4452516.0
4452526.0
4452536.0
4452546.0
4452556.0
4452566.0
4452576.0
4452586.0
4452596.0
4452606.0
4452616.0
4452626.0
4452636.0
4452646.0
4452656.0
4452666.0
4452676.0
4452686.0
4452696.0
4452706.0
4452716.0
4452726.0
4452736.0
4452746.0
4452756.0
4452766.0
4452776.0
4452786.0
4452796.0
4452806.0
4452816.0
4452826.0
4452836.0
4452846.0
4452856.0
4452866.0
4452876.0
4452886.0
4452896.0
4452906.0
4452916.0
4452926.0
4452936.0
4452946.0
4452956.0
4452966.0
4452976.0
4452986.0
4523006.0
4523008.584414922
4523016.0
4523026.0
4523036.0
4523046.0
4523056.0
4523066.0
4523076.0
4523086.0
4523096.0
4523106.0
4523116.0
4523126.0
4523136.0
4523146.0
4523156.0
4523166.0
4523176.0
4523186.0
4523196.0
4523206.0
4523216.0
4523226.0
4523236.0
4523246.0
4523256.0
4523266.0
4523276.0
4523286.0
4523296.0
4523306.0
4523316.0
4523326.0
4523336.0
4523346.0
4523356.0
4523366.0
4523376.0
4523386.0
4523396.0
4523406.0
4523416.0
4523426.0
4523436.0
4523446.0
4523456.0
4523466.0
4523476.0
4523486.0
4523496.0
4523506.0
4523516.0
4523526.0
4523536.0
4523546.0
4523556.0
4523566.0
4523576.0
4523586.0
4523596.0
4523606.0
4523616.0
4523626.0
4523636.0
4523646.0
4523656.0
4523666.0
4523676.0
4523686.0
4523696.0
4523706.0
4523716.0
4523726.0
4523736.0
4523746.0
4523756.0
4523766.0
4523776.0
4523786.0
4579001.5864271745
4579006.0
4579011.5864271745
4579016.0
4579026.0
4579036.0
4579046.0
4579056.0
4579066.0
4579076.0
4579086.0
4579096.0
4579106.0
4579116.0
4579126.0
4579136.0
4579146.0
4579156.0
4579166.0
4579176.0
4579186.0
4579196.0
4579206.0
4579216.0
4579226.0
4579236.0
4579246.0
4579256.0
4579266.0
4579276.0
4579286.0
4579296.0
4579306.0
4579316.0
4579326.0
4579336.0
4579346.0
4579356.0
4579366.0
4579376.0
4579386.0
4579396.0
4579406.0
4579416.0
4579426.0
4579436.0
4579446.0
4579456.0
4579466.0
4579476.0
4579486.0
4579496.0
4579506.0
4579516.0
4579526.0
4579536.0
4579546.0
4579556.0
4579566.0
4579576.0
4579586.0
4579596.0
4579606.0
4579616.0
4579626.0
4579636.0
4579646.0
4579656.0
4579666.0
4579676.0
4579686.0
4579696.0
4579706.0
4579716.0
4579726.0
4579736.0
4579746.0
4579756.0
4579766.0
4579776.0
4579786.0
4579796.0
4801006.0
4801016.0
4801026.0
4801036.0
4801046.0
4801056.0
4801066.0
4801076.0
4801086.0
4801096.0
4801106.0
4801116.0
4801126.0
4801136.0
4801146.0
4801156.0
4801166.0
4801176.0
4801186.0
4801196.0
4801206.0
4801216.0
4801226.0
4801236.0
4801246.0
4801256.0
4801266.0
4801276.0
4801286.0
4801296.0
4801306.0
4801316.0
4801326.0
4801336.0
4801346.0
4801356.0
4801366.0
4801376.0
4801386.0
4801396.0
4801406.0
4801416.0
4801426.0
4801436.0
4801446.0
4801456.0
4801466.0
4801476.0
4801486.0
4801496.0
4801506.0
4801516.0
4801526.0
4801536.0
4801546.0
4801556.0
4801566.0
4801576.0
4801586.0
4801596.0
4801606.0
4801616.0
4801626.0
4801636.0
4801646.0
4801653.027835628
4801656.0
4801666.0
4801676.0
4801686.0
4801696.0
4801706.0
4801716.0
4801726.0
4801736.0
4801746.0
4801756.0
4801766.0
4801776.0
4801786.0
4801796.0
4801806.0
4801816.0
4801826.0
4801836.0
4801846.0
4801856.0
4801866.0
4801876.0
4801886.0
4801896.0
4801906.0
4801916.0
4801926.0
4801936.0
4801946.0
4801956.0
4801966.0
4801976.0
4801986.0
4801996.0
4802006.0
4802016.0
4802026.0
5264001.572904076
5264006.0
5264016.0
5264026.0
5264036.0
5264046.0
5264056.0
5264066.0
5264076.0
5264086.0
5264096.0
5264106.0
5264116.0
5264126.0
5264136.0
5264146.0
5264156.0
5264166.0
5264176.0
5264186.0
5264196.0
5264206.0
5264216.0
5264226.0
5264236.0
5264246.0
5264256.0
5264266.0
5264276.0
5264286.0
5264296.0
5264306.0
5264316.0
5264326.0
5264336.0
5264346.0
5264356.0
5264366.0
5264376.0
5264386.0
5264396.0
5264406.0
5264416.0
5264426.0
5264436.0
5264446.0
5264456.0
5264466.0
5264476.0
5264486.0
5264496.0
5264506.0
5264516.0
5264526.0
5264536.0
5264546.0
5264556.0
5264566.0
5264576.0
5264586.0
5264596.0
5264606.0
5264616.0
5264626.0
5264636.0
5264646.0
5264656.0
5264666.0
5264676.0
5264686.0
5264696.0
5264706.0
5264716.0
5264726.0
5264736.0
5264746.0
5264756.0
5264766.0
5264776.0
5264786.0
5264796.0
5264806.0
5264816.0
5264826.0
5264836.0
5264846.0
5264856.0
5264866.0
5264876.0
5264886.0
5264896.0
5264906.0
5264916.0
5264926.0
5264936.0
5264946.0
5264956.0
5264966.0
5264976.0
5264986.0
5264996.0
5265006.0
5265016.0
5265026.0
5265036.0
5265046.0
5265056.0
5265066.0
5265076.0
