81	6194	5740	6208	5741	6208	5741	14.035668847618199	14.035668847618199	0.0	14
81	6194	5740	6208	5741	6208	5741	14.035668847618199	14.035668847618199	0.0	14
81	6194	5740	6208	5741	6208	5741	14.035668847618199	14.035668847618199	0.0	14
81	6194	5740	6208	5741	6208	5741	14.035668847618199	14.035668847618199	0.0	14
81	6194	5740	6208	5741	6208	5741	14.035668847618199	14.035668847618199	0.0	14
81	6194	5740	6208	5741	6208	5741	14.035668847618199	14.035668847618199	0.0	14
81	6194	5740	6208	5741	6208	5741	14.035668847618199	14.035668847618199	0.0	14
81	6194	5740	6208	5741	6208	5741	14.035668847618199	14.035668847618199	0.0	14
81	6194	5740	6208	5741	6208	5741	14.035668847618199	14.035668847618199	0.0	14
741	7029	4455	7028	4441	7028	4441	14.035668847618199	14.035668847618199	0.0	14
741	7029	4455	7028	4441	7028	4441	14.035668847618199	14.035668847618199	0.0	14
741	7029	4455	7028	4441	7028	4441	14.035668847618199	14.035668847618199	0.0	14
741	7029	4455	7028	4441	7028	4441	14.035668847618199	14.035668847618199	0.0	14
741	7029	4455	7028	4441	7028	4441	14.035668847618199	14.035668847618199	0.0	14
741	7029	4455	7028	4441	7028	4441	14.035668847618199	14.035668847618199	0.0	14
741	7029	4455	7028	4441	7028	4441	14.035668847618199	14.035668847618199	0.0	14
741	7029	4455	7028	4441	7028	4441	14.035668847618199	14.035668847618199	0.0	14
741	7029	4455	7028	4441	7028	4441	14.035668847618199	14.035668847618199	0.0	14
742	7028	4441	7028	4428	7028	4428	13.0	13.0	0.0	14
742	7028	4441	7028	4428	7028	4428	13.0	13.0	0.0	14
742	7028	4441	7028	4428	7028	4428	13.0	13.0	0.0	14
742	7028	4441	7028	4428	7028	4428	13.0	13.0	0.0	14
742	7028	4441	7028	4428	7028	4428	13.0	13.0	0.0	14
742	7028	4441	7028	4428	7028	4428	13.0	13.0	0.0	14
742	7028	4441	7028	4428	7028	4428	13.0	13.0	0.0	14
742	7028	4441	7028	4428	7028	4428	13.0	13.0	0.0	14
742	7028	4441	7028	4428	7028	4428	13.0	13.0	0.0	14
1207	7528	4411	7537	4422	7537	4422	14.212670403551895	14.212670403551895	0.0	14
1207	7528	4411	7537	4422	7537	4422	14.212670403551895	14.212670403551895	0.0	14
1207	7528	4411	7537	4422	7537	4422	14.212670403551895	14.212670403551895	0.0	14
1207	7528	4411	7537	4422	7537	4422	14.212670403551895	14.212670403551895	0.0	14
1207	7528	4411	7537	4422	7537	4422	14.212670403551895	14.212670403551895	0.0	14
1207	7528	4411	7537	4422	7537	4422	14.212670403551895	14.212670403551895	0.0	14
1207	7528	4411	7537	4422	7537	4422	14.212670403551895	14.212670403551895	0.0	14
1207	7528	4411	7537	4422	7537	4422	14.212670403551895	14.212670403551895	0.0	14
1207	7528	4411	7537	4422	7537	4422	14.212670403551895	14.212670403551895	0.0	14
1430	8947	3871	8959	3865	8959	3865	13.416407864998739	13.416407864998739	0.0	14
1430	8947	3871	8959	3865	8959	3865	13.416407864998739	13.416407864998739	0.0	14
1430	8947	3871	8959	3865	8959	3865	13.416407864998739	13.416407864998739	0.0	14
1430	8947	3871	8959	3865	8959	3865	13.416407864998739	13.416407864998739	0.0	14
1430	8947	3871	8959	3865	8959	3865	13.416407864998739	13.416407864998739	0.0	14
1430	8947	3871	8959	3865	8959	3865	13.416407864998739	13.416407864998739	0.0	14
1430	8947	3871	8959	3865	8959	3865	13.416407864998739	13.416407864998739	0.0	14
1430	8947	3871	8959	3865	8959	3865	13.416407864998739	13.416407864998739	0.0	14
1430	8947	3871	8959	3865	8959	3865	13.416407864998739	13.416407864998739	0.0	14
2120	9716	4041	9703	4046	9703	4046	13.92838827718412	13.92838827718412	0.0	14
2120	9716	4041	9703	4046	9703	4046	13.92838827718412	13.92838827718412	0.0	14
2120	9716	4041	9703	4046	9703	4046	13.92838827718412	13.92838827718412	0.0	14
2120	9716	4041	9703	4046	9703	4046	13.92838827718412	13.92838827718412	0.0	14
2120	9716	4041	9703	4046	9703	4046	13.92838827718412	13.92838827718412	0.0	14
2120	9716	4041	9703	4046	9703	4046	13.92838827718412	13.92838827718412	0.0	14
2120	9716	4041	9703	4046	9703	4046	13.92838827718412	13.92838827718412	0.0	14
2120	9716	4041	9703	4046	9703	4046	13.92838827718412	13.92838827718412	0.0	14
2120	9716	4041	9703	4046	9703	4046	13.92838827718412	13.92838827718412	0.0	14
2121	9703	4046	9689	4050	9689	4050	14.560219778561036	14.560219778561036	0.0	14
2121	9703	4046	9689	4050	9689	4050	14.560219778561036	14.560219778561036	0.0	14
2121	9703	4046	9689	4050	9689	4050	14.560219778561036	14.560219778561036	0.0	14
2121	9703	4046	9689	4050	9689	4050	14.560219778561036	14.560219778561036	0.0	14
2121	9703	4046	9689	4050	9689	4050	14.560219778561036	14.560219778561036	0.0	14
2121	9703	4046	9689	4050	9689	4050	14.560219778561036	14.560219778561036	0.0	14
2121	9703	4046	9689	4050	9689	4050	14.560219778561036	14.560219778561036	0.0	14
2121	9703	4046	9689	4050	9689	4050	14.560219778561036	14.560219778561036	0.0	14
2121	9703	4046	9689	4050	9689	4050	14.560219778561036	14.560219778561036	0.0	14
2288	8484	4428	8476	4428	8476	4428	8.0	8.0	0.0	7
2288	8484	4428	8476	4428	8476	4428	8.0	8.0	0.0	7
2288	8484	4428	8476	4428	8476	4428	8.0	8.0	0.0	7
2288	8484	4428	8476	4428	8476	4428	8.0	8.0	0.0	7
2288	8484	4428	8476	4428	8476	4428	8.0	8.0	0.0	7
2288	8484	4428	8476	4428	8476	4428	8.0	8.0	0.0	7
2288	8484	4428	8476	4428	8476	4428	8.0	8.0	0.0	7
2288	8484	4428	8476	4428	8476	4428	8.0	8.0	0.0	7
2288	8484	4428	8476	4428	8476	4428	8.0	8.0	0.0	7
2702	7073	4230	7060	4235	7060	4235	13.92838827718412	13.92838827718412	0.0	14
2702	7073	4230	7060	4235	7060	4235	13.92838827718412	13.92838827718412	0.0	14
2702	7073	4230	7060	4235	7060	4235	13.92838827718412	13.92838827718412	0.0	14
2702	7073	4230	7060	4235	7060	4235	13.92838827718412	13.92838827718412	0.0	14
2702	7073	4230	7060	4235	7060	4235	13.92838827718412	13.92838827718412	0.0	14
2702	7073	4230	7060	4235	7060	4235	13.92838827718412	13.92838827718412	0.0	14
2702	7073	4230	7060	4235	7060	4235	13.92838827718412	13.92838827718412	0.0	14
2702	7073	4230	7060	4235	7060	4235	13.92838827718412	13.92838827718412	0.0	14
2702	7073	4230	7060	4235	7060	4235	13.92838827718412	13.92838827718412	0.0	14
2886	7278	4736	7290	4744	7290	4744	14.422205101855956	14.422205101855956	0.0	14
2886	7278	4736	7290	4744	7290	4744	14.422205101855956	14.422205101855956	0.0	14
2886	7278	4736	7290	4744	7290	4744	14.422205101855956	14.422205101855956	0.0	14
2886	7278	4736	7290	4744	7290	4744	14.422205101855956	14.422205101855956	0.0	14
2886	7278	4736	7290	4744	7290	4744	14.422205101855956	14.422205101855956	0.0	14
2886	7278	4736	7290	4744	7290	4744	14.422205101855956	14.422205101855956	0.0	14
2886	7278	4736	7290	4744	7290	4744	14.422205101855956	14.422205101855956	0.0	14
2886	7278	4736	7290	4744	7290	4744	14.422205101855956	14.422205101855956	0.0	14
2886	7278	4736	7290	4744	7290	4744	14.422205101855956	14.422205101855956	0.0	14
2887	7290	4744	7299	4752	7299	4752	12.041594578792296	12.041594578792296	0.0	13
2887	7290	4744	7299	4752	7299	4752	12.041594578792296	12.041594578792296	0.0	13
2887	7290	4744	7299	4752	7299	4752	12.041594578792296	12.041594578792296	0.0	13
2887	7290	4744	7299	4752	7299	4752	12.041594578792296	12.041594578792296	0.0	13
2887	7290	4744	7299	4752	7299	4752	12.041594578792296	12.041594578792296	0.0	13
2887	7290	4744	7299	4752	7299	4752	12.041594578792296	12.041594578792296	0.0	13
2887	7290	4744	7299	4752	7299	4752	12.041594578792296	12.041594578792296	0.0	13
2887	7290	4744	7299	4752	7299	4752	12.041594578792296	12.041594578792296	0.0	13
2887	7290	4744	7299	4752	7299	4752	12.041594578792296	12.041594578792296	0.0	13
