1.4585003030418124E7
1.458500303041925E7
1.4585006E7
1.4585016E7
1.4585026E7
1.4585036E7
1.4585046E7
1.4585056E7
1.4585066E7
1.4585076E7
1.4585086E7
1.4585096E7
1.4585106E7
1.4585116E7
1.4585126E7
1.4585136E7
1.4585146E7
1.4585156E7
1.4585166E7
1.4585176E7
1.4585186E7
1.4585196E7
1.4585206E7
1.4585216E7
1.4585223255453495E7
1.458522325545462E7
1.4585226E7
1.4585236E7
1.4585246E7
1.4585256E7
1.4585266E7
1.4585276E7
1.4585286E7
1.4585296E7
1.4585306E7
1.4585316E7
1.4585326E7
1.4585336E7
1.4585346E7
1.4585356E7
1.4585366E7
1.4585376E7
1.4585386E7
1.4585396E7
1.4585406E7
1.4585416E7
1.4585426E7
1.4585436E7
1.4585446E7
1.4585456E7
1.4585466E7
1.4585476E7
1.4585486E7
1.4585496E7
1.4585506E7
1.4585516E7
1.4585526E7
1.4585536E7
1.4585546E7
1.4585556E7
1.4585566E7
1.4585576E7
1.4585586E7
1.4585596E7
1.4585606E7
1.4585616E7
1.4585626E7
1.4585636E7
1.4585646E7
1.4585656E7
1.4585666E7
1.4585676E7
1.4585686E7
1.4585696E7
1.4585706E7
1.4585716E7
1.4585726E7
1.4585736E7
1.4585746E7
1.4585756E7
1.4585766E7
1.4585776E7
1.4585786E7
1.4585796E7
1.4585806E7
1.4585816E7
1.4585826E7
1.4585836E7
1.4585846E7
1.4585856E7
1.4585866E7
1.4585876E7
1.4585886E7
1.4585896E7
1.4585906E7
1.4585916E7
1.4585926E7
1.4585936E7
1.4585946E7
1.4585956E7
1.4585966E7
1.4585976E7
1.4585986E7
1.4585996E7
1.4586006E7
1.4586016E7
1.4586026E7
1.4586036E7
1.4586046E7
1.4586056E7
1.4586066E7
1.4586076E7
1.4586086E7
1.4586096E7
1.4586106E7
1.4586116E7
1.4586126E7
1.4740001971810069E7
1.4740001971811194E7
1.4740006E7
1.4740016E7
1.4740026E7
1.4740036E7
1.4740046E7
1.4740056E7
1.4740066E7
1.4740076E7
1.4740086E7
1.4740096E7
1.4740106E7
1.4740116E7
1.4740126E7
1.4740136E7
1.4740146E7
1.4740156E7
1.4740166E7
1.4740176E7
1.4740186E7
1.4740196E7
1.4740206E7
1.4740216E7
1.4740226E7
1.4740236E7
1.4740246E7
1.4740256E7
1.4740266E7
1.4740276E7
1.4740286E7
1.4740296E7
1.4740306E7
1.4740316E7
1.4740326E7
1.4740336E7
1.4740346E7
1.4740356E7
1.4740366E7
1.4740376E7
1.4740386E7
1.4740396E7
1.4740406E7
1.4740416E7
1.4740426E7
1.4740436E7
1.4740446E7
1.4740456E7
1.4740466E7
1.4740476E7
1.4740486E7
1.4740496E7
1.4740506E7
1.4740516E7
1.4740526E7
1.4740536E7
1.4740546E7
1.4740556E7
1.4740566E7
1.4740576E7
1.4740586E7
1.4740596E7
1.4740606E7
1.4740616E7
1.4740626E7
1.4740636E7
1.4740646E7
1.4740656E7
1.4740666E7
1.4740676E7
1.4740686E7
1.4740696E7
1.4740706E7
1.4740716E7
1.4740726E7
1.4740736E7
1.4740746E7
1.4740756E7
1.4740766E7
1.4740776E7
1.4740786E7
1.4740796E7
1.4740806E7
1.4740816E7
1.4740826E7
1.4740836E7
1.4740846E7
1.4740856E7
1.4740866E7
1.4843006E7
1.4843008839409318E7
1.4843008839410443E7
1.4843016E7
1.4843018839409318E7
1.4843018839410443E7
1.4843026E7
1.4843028839409318E7
1.4843028839410443E7
1.4843036E7
1.4843038839409318E7
1.4843038839410443E7
1.4843046E7
1.4843056E7
1.4843066E7
1.4843076E7
1.4843086E7
1.4843096E7
1.4843106E7
1.4843116E7
1.4843126E7
1.4843136E7
1.4843146E7
1.4843156E7
1.4843166E7
1.4843176E7
1.4843186E7
1.4843196E7
1.4843206E7
1.4843216E7
1.4843226E7
1.4843236E7
1.4843246E7
1.4843256E7
1.4843266E7
1.4843276E7
1.4843286E7
1.4843296E7
1.4843306E7
1.4843316E7
1.4843326E7
1.4843336E7
1.4843346E7
1.4843356E7
1.4843366E7
1.4843376E7
1.4843386E7
1.4843396E7
1.4843406E7
1.4843416E7
1.4843426E7
1.4843436E7
1.4843446E7
1.4843456E7
1.4843466E7
1.4843476E7
1.4843486E7
1.4843496E7
1.4843506E7
1.4843516E7
1.4843526E7
1.4843536E7
1.4843546E7
1.4843556E7
1.4843566E7
1.4843576E7
1.4843586E7
1.4843596E7
1.4843606E7
1.4843616E7
1.4843626E7
1.4843636E7
1.4843646E7
1.4843656E7
1.4843666E7
1.4843676E7
1.4843686E7
1.4843696E7
1.4843706E7
1.4843716E7
1.4970004158665147E7
1.4970004158666272E7
1.4970006E7
1.4970014158665147E7
1.4970014158666272E7
1.4970016E7
1.4970026E7
1.4970036E7
1.4970043759963848E7
1.4970043759964973E7
1.4970046E7
1.4970056E7
1.4970066E7
1.4970076E7
1.4970086E7
1.4970096E7
1.4970106E7
1.4970116E7
1.4970126E7
1.4970136E7
1.4970146E7
1.4970156E7
1.4970166E7
1.4970176E7
1.4970186E7
1.4970196E7
1.4970206E7
1.4970216E7
1.4970226E7
1.4970236E7
1.4970246E7
1.4970256E7
1.4970266E7
1.4970276E7
1.4970286E7
1.4970296E7
1.4970306E7
1.4970316E7
1.4970326E7
1.4970336E7
1.4970346E7
1.4970356E7
1.4970366E7
1.4970376E7
1.4970386E7
1.4970396E7
1.4970406E7
1.4970416E7
1.4970426E7
1.4970436E7
1.4970446E7
1.4970456E7
1.4970466E7
1.4970476E7
1.4970486E7
1.4970496E7
1.4970506E7
1.4970516E7
1.4970526E7
1.4970536E7
1.4970546E7
1.4970556E7
1.4970566E7
1.4970576E7
1.4970586E7
1.4970596E7
1.4970605819577007E7
1.4970605819578132E7
1.4970606E7
1.4970616E7
1.4970626E7
1.4970636E7
1.4970646E7
1.4970656E7
1.4970666E7
1.4970676E7
1.4970686E7
1.4970696E7
1.4970706E7
1.4970716E7
1.4970726E7
1.4970736E7
1.4970746E7
1.4970756E7
1.4970766E7
1.4970776E7
1.4970786E7
1.4970796E7
1.4970806E7
1.4970816E7
1.4970826E7
1.4970836E7
1.4970846E7
1.4970856E7
1.4970866E7
1.4970876E7
1.4970886E7
1.4970896E7
1.4970906E7
1.4970916E7
1.4970926E7
1.4970936E7
1.4970946E7
1.4970956E7
1.4970966E7
1.4970976E7
1.4970986E7
1.4970996E7
1.4971006E7
1.4971016E7
1.4971023919577006E7
1.4971023919578131E7
1.4971026E7
1.4971036E7
1.4971046E7
1.4971056E7
1.4971066E7
1.4971076E7
1.4971086E7
1.4971096E7
1.4971106E7
