49	6044	5731	6058	5732	6058	5732	14.035668847618199	14.035668847618199	0.0	13
49	6044	5731	6058	5732	6058	5732	14.035668847618199	14.035668847618199	0.0	13
49	6044	5731	6058	5732	6058	5732	14.035668847618199	14.035668847618199	0.0	13
49	6044	5731	6058	5732	6058	5732	14.035668847618199	14.035668847618199	0.0	13
49	6044	5731	6058	5732	6058	5732	14.035668847618199	14.035668847618199	0.0	13
49	6044	5731	6058	5732	6058	5732	14.035668847618199	14.035668847618199	0.0	13
49	6044	5731	6058	5732	6058	5732	14.035668847618199	14.035668847618199	0.0	13
49	6044	5731	6058	5732	6058	5732	14.035668847618199	14.035668847618199	0.0	13
49	6044	5731	6058	5732	6058	5732	14.035668847618199	14.035668847618199	0.0	13
712	6976	4590	6982	4580	6982	4580	11.661903789690601	11.661903789690601	0.0	13
712	6976	4590	6982	4580	6982	4580	11.661903789690601	11.661903789690601	0.0	13
712	6976	4590	6982	4580	6982	4580	11.661903789690601	11.661903789690601	0.0	13
712	6976	4590	6982	4580	6982	4580	11.661903789690601	11.661903789690601	0.0	13
712	6976	4590	6982	4580	6982	4580	11.661903789690601	11.661903789690601	0.0	13
712	6976	4590	6982	4580	6982	4580	11.661903789690601	11.661903789690601	0.0	13
712	6976	4590	6982	4580	6982	4580	11.661903789690601	11.661903789690601	0.0	13
712	6976	4590	6982	4580	6982	4580	11.661903789690601	11.661903789690601	0.0	13
712	6976	4590	6982	4580	6982	4580	11.661903789690601	11.661903789690601	0.0	13
713	6982	4580	6995	4578	6995	4578	13.152946437965905	13.152946437965905	0.0	13
713	6982	4580	6995	4578	6995	4578	13.152946437965905	13.152946437965905	0.0	13
713	6982	4580	6995	4578	6995	4578	13.152946437965905	13.152946437965905	0.0	13
713	6982	4580	6995	4578	6995	4578	13.152946437965905	13.152946437965905	0.0	13
713	6982	4580	6995	4578	6995	4578	13.152946437965905	13.152946437965905	0.0	13
713	6982	4580	6995	4578	6995	4578	13.152946437965905	13.152946437965905	0.0	13
713	6982	4580	6995	4578	6995	4578	13.152946437965905	13.152946437965905	0.0	13
713	6982	4580	6995	4578	6995	4578	13.152946437965905	13.152946437965905	0.0	13
713	6982	4580	6995	4578	6995	4578	13.152946437965905	13.152946437965905	0.0	13
714	6995	4578	7009	4576	7009	4576	14.142135623730951	14.142135623730951	0.0	13
714	6995	4578	7009	4576	7009	4576	14.142135623730951	14.142135623730951	0.0	13
714	6995	4578	7009	4576	7009	4576	14.142135623730951	14.142135623730951	0.0	13
714	6995	4578	7009	4576	7009	4576	14.142135623730951	14.142135623730951	0.0	13
714	6995	4578	7009	4576	7009	4576	14.142135623730951	14.142135623730951	0.0	13
714	6995	4578	7009	4576	7009	4576	14.142135623730951	14.142135623730951	0.0	13
714	6995	4578	7009	4576	7009	4576	14.142135623730951	14.142135623730951	0.0	13
714	6995	4578	7009	4576	7009	4576	14.142135623730951	14.142135623730951	0.0	13
714	6995	4578	7009	4576	7009	4576	14.142135623730951	14.142135623730951	0.0	13
715	7009	4576	7021	4570	7021	4570	13.416407864998739	13.416407864998739	0.0	13
715	7009	4576	7021	4570	7021	4570	13.416407864998739	13.416407864998739	0.0	13
715	7009	4576	7021	4570	7021	4570	13.416407864998739	13.416407864998739	0.0	13
715	7009	4576	7021	4570	7021	4570	13.416407864998739	13.416407864998739	0.0	13
715	7009	4576	7021	4570	7021	4570	13.416407864998739	13.416407864998739	0.0	13
715	7009	4576	7021	4570	7021	4570	13.416407864998739	13.416407864998739	0.0	13
715	7009	4576	7021	4570	7021	4570	13.416407864998739	13.416407864998739	0.0	13
715	7009	4576	7021	4570	7021	4570	13.416407864998739	13.416407864998739	0.0	13
715	7009	4576	7021	4570	7021	4570	13.416407864998739	13.416407864998739	0.0	13
716	7021	4570	7031	4561	7031	4561	13.45362404707371	13.45362404707371	0.0	13
716	7021	4570	7031	4561	7031	4561	13.45362404707371	13.45362404707371	0.0	13
716	7021	4570	7031	4561	7031	4561	13.45362404707371	13.45362404707371	0.0	13
716	7021	4570	7031	4561	7031	4561	13.45362404707371	13.45362404707371	0.0	13
716	7021	4570	7031	4561	7031	4561	13.45362404707371	13.45362404707371	0.0	13
716	7021	4570	7031	4561	7031	4561	13.45362404707371	13.45362404707371	0.0	13
716	7021	4570	7031	4561	7031	4561	13.45362404707371	13.45362404707371	0.0	13
716	7021	4570	7031	4561	7031	4561	13.45362404707371	13.45362404707371	0.0	13
716	7021	4570	7031	4561	7031	4561	13.45362404707371	13.45362404707371	0.0	13
717	7031	4561	7034	4548	7034	4548	13.341664064126334	13.341664064126334	0.0	13
717	7031	4561	7034	4548	7034	4548	13.341664064126334	13.341664064126334	0.0	13
717	7031	4561	7034	4548	7034	4548	13.341664064126334	13.341664064126334	0.0	13
717	7031	4561	7034	4548	7034	4548	13.341664064126334	13.341664064126334	0.0	13
717	7031	4561	7034	4548	7034	4548	13.341664064126334	13.341664064126334	0.0	13
717	7031	4561	7034	4548	7034	4548	13.341664064126334	13.341664064126334	0.0	13
717	7031	4561	7034	4548	7034	4548	13.341664064126334	13.341664064126334	0.0	13
717	7031	4561	7034	4548	7034	4548	13.341664064126334	13.341664064126334	0.0	13
717	7031	4561	7034	4548	7034	4548	13.341664064126334	13.341664064126334	0.0	13
718	7034	4548	7033	4538	7033	4538	10.04987562112089	10.04987562112089	0.0	11
718	7034	4548	7033	4538	7033	4538	10.04987562112089	10.04987562112089	0.0	11
718	7034	4548	7033	4538	7033	4538	10.04987562112089	10.04987562112089	0.0	11
718	7034	4548	7033	4538	7033	4538	10.04987562112089	10.04987562112089	0.0	11
718	7034	4548	7033	4538	7033	4538	10.04987562112089	10.04987562112089	0.0	11
718	7034	4548	7033	4538	7033	4538	10.04987562112089	10.04987562112089	0.0	11
718	7034	4548	7033	4538	7033	4538	10.04987562112089	10.04987562112089	0.0	11
718	7034	4548	7033	4538	7033	4538	10.04987562112089	10.04987562112089	0.0	11
718	7034	4548	7033	4538	7033	4538	10.04987562112089	10.04987562112089	0.0	11
719	7033	4538	7033	4531	7033	4531	7.0	7.0	0.0	8
719	7033	4538	7033	4531	7033	4531	7.0	7.0	0.0	8
719	7033	4538	7033	4531	7033	4531	7.0	7.0	0.0	8
719	7033	4538	7033	4531	7033	4531	7.0	7.0	0.0	8
719	7033	4538	7033	4531	7033	4531	7.0	7.0	0.0	8
719	7033	4538	7033	4531	7033	4531	7.0	7.0	0.0	8
719	7033	4538	7033	4531	7033	4531	7.0	7.0	0.0	8
719	7033	4538	7033	4531	7033	4531	7.0	7.0	0.0	8
719	7033	4538	7033	4531	7033	4531	7.0	7.0	0.0	8
720	7033	4531	7033	4526	7033	4526	5.0	5.0	0.0	5
720	7033	4531	7033	4526	7033	4526	5.0	5.0	0.0	5
720	7033	4531	7033	4526	7033	4526	5.0	5.0	0.0	5
720	7033	4531	7033	4526	7033	4526	5.0	5.0	0.0	5
720	7033	4531	7033	4526	7033	4526	5.0	5.0	0.0	5
720	7033	4531	7033	4526	7033	4526	5.0	5.0	0.0	5
720	7033	4531	7033	4526	7033	4526	5.0	5.0	0.0	5
720	7033	4531	7033	4526	7033	4526	5.0	5.0	0.0	5
720	7033	4531	7033	4526	7033	4526	5.0	5.0	0.0	5
721	7033	4526	7033	4524	7033	4524	2.0	2.0	0.0	3
721	7033	4526	7033	4524	7033	4524	2.0	2.0	0.0	3
721	7033	4526	7033	4524	7033	4524	2.0	2.0	0.0	3
721	7033	4526	7033	4524	7033	4524	2.0	2.0	0.0	3
721	7033	4526	7033	4524	7033	4524	2.0	2.0	0.0	3
721	7033	4526	7033	4524	7033	4524	2.0	2.0	0.0	3
721	7033	4526	7033	4524	7033	4524	2.0	2.0	0.0	3
721	7033	4526	7033	4524	7033	4524	2.0	2.0	0.0	3
721	7033	4526	7033	4524	7033	4524	2.0	2.0	0.0	3
742	7033	4524	7033	4522	7033	4522	2.0	2.0	0.0	1
742	7033	4524	7033	4522	7033	4522	2.0	2.0	0.0	1
742	7033	4524	7033	4522	7033	4522	2.0	2.0	0.0	1
742	7033	4524	7033	4522	7033	4522	2.0	2.0	0.0	1
742	7033	4524	7033	4522	7033	4522	2.0	2.0	0.0	1
742	7033	4524	7033	4522	7033	4522	2.0	2.0	0.0	1
742	7033	4524	7033	4522	7033	4522	2.0	2.0	0.0	1
742	7033	4524	7033	4522	7033	4522	2.0	2.0	0.0	1
742	7033	4524	7033	4522	7033	4522	2.0	2.0	0.0	1
743	7033	4522	7033	4517	7033	4517	5.0	5.0	0.0	3
743	7033	4522	7033	4517	7033	4517	5.0	5.0	0.0	3
743	7033	4522	7033	4517	7033	4517	5.0	5.0	0.0	3
743	7033	4522	7033	4517	7033	4517	5.0	5.0	0.0	3
743	7033	4522	7033	4517	7033	4517	5.0	5.0	0.0	3
743	7033	4522	7033	4517	7033	4517	5.0	5.0	0.0	3
743	7033	4522	7033	4517	7033	4517	5.0	5.0	0.0	3
743	7033	4522	7033	4517	7033	4517	5.0	5.0	0.0	3
743	7033	4522	7033	4517	7033	4517	5.0	5.0	0.0	3
744	7033	4517	7032	4511	7032	4511	6.082762530298219	6.082762530298219	0.0	5
744	7033	4517	7032	4511	7032	4511	6.082762530298219	6.082762530298219	0.0	5
744	7033	4517	7032	4511	7032	4511	6.082762530298219	6.082762530298219	0.0	5
744	7033	4517	7032	4511	7032	4511	6.082762530298219	6.082762530298219	0.0	5
744	7033	4517	7032	4511	7032	4511	6.082762530298219	6.082762530298219	0.0	5
744	7033	4517	7032	4511	7032	4511	6.082762530298219	6.082762530298219	0.0	5
744	7033	4517	7032	4511	7032	4511	6.082762530298219	6.082762530298219	0.0	5
744	7033	4517	7032	4511	7032	4511	6.082762530298219	6.082762530298219	0.0	5
744	7033	4517	7032	4511	7032	4511	6.082762530298219	6.082762530298219	0.0	5
745	7032	4511	7032	4503	7032	4503	8.0	8.0	0.0	7
745	7032	4511	7032	4503	7032	4503	8.0	8.0	0.0	7
745	7032	4511	7032	4503	7032	4503	8.0	8.0	0.0	7
745	7032	4511	7032	4503	7032	4503	8.0	8.0	0.0	7
745	7032	4511	7032	4503	7032	4503	8.0	8.0	0.0	7
745	7032	4511	7032	4503	7032	4503	8.0	8.0	0.0	7
745	7032	4511	7032	4503	7032	4503	8.0	8.0	0.0	7
745	7032	4511	7032	4503	7032	4503	8.0	8.0	0.0	7
745	7032	4511	7032	4503	7032	4503	8.0	8.0	0.0	7
746	7032	4503	7031	4492	7031	4492	11.045361017187261	11.045361017187261	0.0	9
746	7032	4503	7031	4492	7031	4492	11.045361017187261	11.045361017187261	0.0	9
746	7032	4503	7031	4492	7031	4492	11.045361017187261	11.045361017187261	0.0	9
746	7032	4503	7031	4492	7031	4492	11.045361017187261	11.045361017187261	0.0	9
746	7032	4503	7031	4492	7031	4492	11.045361017187261	11.045361017187261	0.0	9
746	7032	4503	7031	4492	7031	4492	11.045361017187261	11.045361017187261	0.0	9
746	7032	4503	7031	4492	7031	4492	11.045361017187261	11.045361017187261	0.0	9
746	7032	4503	7031	4492	7031	4492	11.045361017187261	11.045361017187261	0.0	9
746	7032	4503	7031	4492	7031	4492	11.045361017187261	11.045361017187261	0.0	9
747	7031	4492	7030	4480	7030	4480	12.041594578792296	12.041594578792296	0.0	11
747	7031	4492	7030	4480	7030	4480	12.041594578792296	12.041594578792296	0.0	11
747	7031	4492	7030	4480	7030	4480	12.041594578792296	12.041594578792296	0.0	11
747	7031	4492	7030	4480	7030	4480	12.041594578792296	12.041594578792296	0.0	11
747	7031	4492	7030	4480	7030	4480	12.041594578792296	12.041594578792296	0.0	11
747	7031	4492	7030	4480	7030	4480	12.041594578792296	12.041594578792296	0.0	11
747	7031	4492	7030	4480	7030	4480	12.041594578792296	12.041594578792296	0.0	11
747	7031	4492	7030	4480	7030	4480	12.041594578792296	12.041594578792296	0.0	11
747	7031	4492	7030	4480	7030	4480	12.041594578792296	12.041594578792296	0.0	11
748	7030	4480	7029	4467	7029	4467	13.038404810405298	13.038404810405298	0.0	13
748	7030	4480	7029	4467	7029	4467	13.038404810405298	13.038404810405298	0.0	13
748	7030	4480	7029	4467	7029	4467	13.038404810405298	13.038404810405298	0.0	13
748	7030	4480	7029	4467	7029	4467	13.038404810405298	13.038404810405298	0.0	13
748	7030	4480	7029	4467	7029	4467	13.038404810405298	13.038404810405298	0.0	13
748	7030	4480	7029	4467	7029	4467	13.038404810405298	13.038404810405298	0.0	13
748	7030	4480	7029	4467	7029	4467	13.038404810405298	13.038404810405298	0.0	13
748	7030	4480	7029	4467	7029	4467	13.038404810405298	13.038404810405298	0.0	13
748	7030	4480	7029	4467	7029	4467	13.038404810405298	13.038404810405298	0.0	13
749	7029	4467	7029	4453	7029	4453	14.0	14.0	0.0	13
749	7029	4467	7029	4453	7029	4453	14.0	14.0	0.0	13
749	7029	4467	7029	4453	7029	4453	14.0	14.0	0.0	13
749	7029	4467	7029	4453	7029	4453	14.0	14.0	0.0	13
749	7029	4467	7029	4453	7029	4453	14.0	14.0	0.0	13
749	7029	4467	7029	4453	7029	4453	14.0	14.0	0.0	13
749	7029	4467	7029	4453	7029	4453	14.0	14.0	0.0	13
749	7029	4467	7029	4453	7029	4453	14.0	14.0	0.0	13
749	7029	4467	7029	4453	7029	4453	14.0	14.0	0.0	13
750	7029	4453	7028	4439	7028	4439	14.035668847618199	14.035668847618199	0.0	13
750	7029	4453	7028	4439	7028	4439	14.035668847618199	14.035668847618199	0.0	13
750	7029	4453	7028	4439	7028	4439	14.035668847618199	14.035668847618199	0.0	13
750	7029	4453	7028	4439	7028	4439	14.035668847618199	14.035668847618199	0.0	13
750	7029	4453	7028	4439	7028	4439	14.035668847618199	14.035668847618199	0.0	13
750	7029	4453	7028	4439	7028	4439	14.035668847618199	14.035668847618199	0.0	13
750	7029	4453	7028	4439	7028	4439	14.035668847618199	14.035668847618199	0.0	13
750	7029	4453	7028	4439	7028	4439	14.035668847618199	14.035668847618199	0.0	13
750	7029	4453	7028	4439	7028	4439	14.035668847618199	14.035668847618199	0.0	13
751	7028	4439	7028	4427	7028	4427	12.0	12.0	0.0	13
751	7028	4439	7028	4427	7028	4427	12.0	12.0	0.0	13
751	7028	4439	7028	4427	7028	4427	12.0	12.0	0.0	13
751	7028	4439	7028	4427	7028	4427	12.0	12.0	0.0	13
751	7028	4439	7028	4427	7028	4427	12.0	12.0	0.0	13
751	7028	4439	7028	4427	7028	4427	12.0	12.0	0.0	13
751	7028	4439	7028	4427	7028	4427	12.0	12.0	0.0	13
751	7028	4439	7028	4427	7028	4427	12.0	12.0	0.0	13
751	7028	4439	7028	4427	7028	4427	12.0	12.0	0.0	13
1197	7424	4296	7432	4307	7432	4307	13.601470508735444	13.601470508735444	0.0	13
1197	7424	4296	7432	4307	7432	4307	13.601470508735444	13.601470508735444	0.0	13
1197	7424	4296	7432	4307	7432	4307	13.601470508735444	13.601470508735444	0.0	13
1197	7424	4296	7432	4307	7432	4307	13.601470508735444	13.601470508735444	0.0	13
1197	7424	4296	7432	4307	7432	4307	13.601470508735444	13.601470508735444	0.0	13
1197	7424	4296	7432	4307	7432	4307	13.601470508735444	13.601470508735444	0.0	13
1197	7424	4296	7432	4307	7432	4307	13.601470508735444	13.601470508735444	0.0	13
1197	7424	4296	7432	4307	7432	4307	13.601470508735444	13.601470508735444	0.0	13
1197	7424	4296	7432	4307	7432	4307	13.601470508735444	13.601470508735444	0.0	13
1198	7432	4307	7439	4319	7439	4319	13.892443989449804	13.892443989449804	0.0	13
1198	7432	4307	7439	4319	7439	4319	13.892443989449804	13.892443989449804	0.0	13
1198	7432	4307	7439	4319	7439	4319	13.892443989449804	13.892443989449804	0.0	13
1198	7432	4307	7439	4319	7439	4319	13.892443989449804	13.892443989449804	0.0	13
1198	7432	4307	7439	4319	7439	4319	13.892443989449804	13.892443989449804	0.0	13
1198	7432	4307	7439	4319	7439	4319	13.892443989449804	13.892443989449804	0.0	13
1198	7432	4307	7439	4319	7439	4319	13.892443989449804	13.892443989449804	0.0	13
1198	7432	4307	7439	4319	7439	4319	13.892443989449804	13.892443989449804	0.0	13
1198	7432	4307	7439	4319	7439	4319	13.892443989449804	13.892443989449804	0.0	13
1199	7439	4319	7445	4331	7445	4331	13.416407864998739	13.416407864998739	0.0	13
1199	7439	4319	7445	4331	7445	4331	13.416407864998739	13.416407864998739	0.0	13
1199	7439	4319	7445	4331	7445	4331	13.416407864998739	13.416407864998739	0.0	13
1199	7439	4319	7445	4331	7445	4331	13.416407864998739	13.416407864998739	0.0	13
1199	7439	4319	7445	4331	7445	4331	13.416407864998739	13.416407864998739	0.0	13
1199	7439	4319	7445	4331	7445	4331	13.416407864998739	13.416407864998739	0.0	13
1199	7439	4319	7445	4331	7445	4331	13.416407864998739	13.416407864998739	0.0	13
1199	7439	4319	7445	4331	7445	4331	13.416407864998739	13.416407864998739	0.0	13
1199	7439	4319	7445	4331	7445	4331	13.416407864998739	13.416407864998739	0.0	13
1200	7445	4331	7452	4342	7452	4342	13.038404810405298	13.038404810405298	0.0	13
1200	7445	4331	7452	4342	7452	4342	13.038404810405298	13.038404810405298	0.0	13
1200	7445	4331	7452	4342	7452	4342	13.038404810405298	13.038404810405298	0.0	13
1200	7445	4331	7452	4342	7452	4342	13.038404810405298	13.038404810405298	0.0	13
1200	7445	4331	7452	4342	7452	4342	13.038404810405298	13.038404810405298	0.0	13
1200	7445	4331	7452	4342	7452	4342	13.038404810405298	13.038404810405298	0.0	13
1200	7445	4331	7452	4342	7452	4342	13.038404810405298	13.038404810405298	0.0	13
1200	7445	4331	7452	4342	7452	4342	13.038404810405298	13.038404810405298	0.0	13
1200	7445	4331	7452	4342	7452	4342	13.038404810405298	13.038404810405298	0.0	13
1201	7452	4342	7459	4354	7459	4354	13.892443989449804	13.892443989449804	0.0	13
1201	7452	4342	7459	4354	7459	4354	13.892443989449804	13.892443989449804	0.0	13
1201	7452	4342	7459	4354	7459	4354	13.892443989449804	13.892443989449804	0.0	13
1201	7452	4342	7459	4354	7459	4354	13.892443989449804	13.892443989449804	0.0	13
1201	7452	4342	7459	4354	7459	4354	13.892443989449804	13.892443989449804	0.0	13
1201	7452	4342	7459	4354	7459	4354	13.892443989449804	13.892443989449804	0.0	13
1201	7452	4342	7459	4354	7459	4354	13.892443989449804	13.892443989449804	0.0	13
1201	7452	4342	7459	4354	7459	4354	13.892443989449804	13.892443989449804	0.0	13
1201	7452	4342	7459	4354	7459	4354	13.892443989449804	13.892443989449804	0.0	13
1202	7459	4354	7466	4365	7466	4365	13.038404810405298	13.038404810405298	0.0	13
1202	7459	4354	7466	4365	7466	4365	13.038404810405298	13.038404810405298	0.0	13
1202	7459	4354	7466	4365	7466	4365	13.038404810405298	13.038404810405298	0.0	13
1202	7459	4354	7466	4365	7466	4365	13.038404810405298	13.038404810405298	0.0	13
1202	7459	4354	7466	4365	7466	4365	13.038404810405298	13.038404810405298	0.0	13
1202	7459	4354	7466	4365	7466	4365	13.038404810405298	13.038404810405298	0.0	13
1202	7459	4354	7466	4365	7466	4365	13.038404810405298	13.038404810405298	0.0	13
1202	7459	4354	7466	4365	7466	4365	13.038404810405298	13.038404810405298	0.0	13
1202	7459	4354	7466	4365	7466	4365	13.038404810405298	13.038404810405298	0.0	13
1203	7466	4365	7478	4371	7478	4371	13.416407864998739	13.416407864998739	0.0	13
1203	7466	4365	7478	4371	7478	4371	13.416407864998739	13.416407864998739	0.0	13
1203	7466	4365	7478	4371	7478	4371	13.416407864998739	13.416407864998739	0.0	13
1203	7466	4365	7478	4371	7478	4371	13.416407864998739	13.416407864998739	0.0	13
1203	7466	4365	7478	4371	7478	4371	13.416407864998739	13.416407864998739	0.0	13
1203	7466	4365	7478	4371	7478	4371	13.416407864998739	13.416407864998739	0.0	13
1203	7466	4365	7478	4371	7478	4371	13.416407864998739	13.416407864998739	0.0	13
1203	7466	4365	7478	4371	7478	4371	13.416407864998739	13.416407864998739	0.0	13
1203	7466	4365	7478	4371	7478	4371	13.416407864998739	13.416407864998739	0.0	13
1204	7478	4371	7492	4370	7492	4370	14.035668847618199	14.035668847618199	0.0	13
1204	7478	4371	7492	4370	7492	4370	14.035668847618199	14.035668847618199	0.0	13
1204	7478	4371	7492	4370	7492	4370	14.035668847618199	14.035668847618199	0.0	13
1204	7478	4371	7492	4370	7492	4370	14.035668847618199	14.035668847618199	0.0	13
1204	7478	4371	7492	4370	7492	4370	14.035668847618199	14.035668847618199	0.0	13
1204	7478	4371	7492	4370	7492	4370	14.035668847618199	14.035668847618199	0.0	13
1204	7478	4371	7492	4370	7492	4370	14.035668847618199	14.035668847618199	0.0	13
1204	7478	4371	7492	4370	7492	4370	14.035668847618199	14.035668847618199	0.0	13
1204	7478	4371	7492	4370	7492	4370	14.035668847618199	14.035668847618199	0.0	13
1205	7492	4370	7504	4374	7504	4374	12.649110640673518	12.649110640673518	0.0	13
1205	7492	4370	7504	4374	7504	4374	12.649110640673518	12.649110640673518	0.0	13
1205	7492	4370	7504	4374	7504	4374	12.649110640673518	12.649110640673518	0.0	13
1205	7492	4370	7504	4374	7504	4374	12.649110640673518	12.649110640673518	0.0	13
1205	7492	4370	7504	4374	7504	4374	12.649110640673518	12.649110640673518	0.0	13
1205	7492	4370	7504	4374	7504	4374	12.649110640673518	12.649110640673518	0.0	13
1205	7492	4370	7504	4374	7504	4374	12.649110640673518	12.649110640673518	0.0	13
1205	7492	4370	7504	4374	7504	4374	12.649110640673518	12.649110640673518	0.0	13
1205	7492	4370	7504	4374	7504	4374	12.649110640673518	12.649110640673518	0.0	13
1206	7504	4374	7511	4386	7511	4386	13.892443989449804	13.892443989449804	0.0	13
1206	7504	4374	7511	4386	7511	4386	13.892443989449804	13.892443989449804	0.0	13
1206	7504	4374	7511	4386	7511	4386	13.892443989449804	13.892443989449804	0.0	13
1206	7504	4374	7511	4386	7511	4386	13.892443989449804	13.892443989449804	0.0	13
1206	7504	4374	7511	4386	7511	4386	13.892443989449804	13.892443989449804	0.0	13
1206	7504	4374	7511	4386	7511	4386	13.892443989449804	13.892443989449804	0.0	13
1206	7504	4374	7511	4386	7511	4386	13.892443989449804	13.892443989449804	0.0	13
1206	7504	4374	7511	4386	7511	4386	13.892443989449804	13.892443989449804	0.0	13
1206	7504	4374	7511	4386	7511	4386	13.892443989449804	13.892443989449804	0.0	13
1207	7511	4386	7518	4397	7518	4397	13.038404810405298	13.038404810405298	0.0	13
1207	7511	4386	7518	4397	7518	4397	13.038404810405298	13.038404810405298	0.0	13
1207	7511	4386	7518	4397	7518	4397	13.038404810405298	13.038404810405298	0.0	13
1207	7511	4386	7518	4397	7518	4397	13.038404810405298	13.038404810405298	0.0	13
1207	7511	4386	7518	4397	7518	4397	13.038404810405298	13.038404810405298	0.0	13
1207	7511	4386	7518	4397	7518	4397	13.038404810405298	13.038404810405298	0.0	13
1207	7511	4386	7518	4397	7518	4397	13.038404810405298	13.038404810405298	0.0	13
1207	7511	4386	7518	4397	7518	4397	13.038404810405298	13.038404810405298	0.0	13
1207	7511	4386	7518	4397	7518	4397	13.038404810405298	13.038404810405298	0.0	13
1208	7518	4397	7526	4408	7526	4408	13.601470508735444	13.601470508735444	0.0	13
1208	7518	4397	7526	4408	7526	4408	13.601470508735444	13.601470508735444	0.0	13
1208	7518	4397	7526	4408	7526	4408	13.601470508735444	13.601470508735444	0.0	13
1208	7518	4397	7526	4408	7526	4408	13.601470508735444	13.601470508735444	0.0	13
1208	7518	4397	7526	4408	7526	4408	13.601470508735444	13.601470508735444	0.0	13
1208	7518	4397	7526	4408	7526	4408	13.601470508735444	13.601470508735444	0.0	13
1208	7518	4397	7526	4408	7526	4408	13.601470508735444	13.601470508735444	0.0	13
1208	7518	4397	7526	4408	7526	4408	13.601470508735444	13.601470508735444	0.0	13
1208	7518	4397	7526	4408	7526	4408	13.601470508735444	13.601470508735444	0.0	13
1209	7526	4408	7534	4419	7534	4419	13.601470508735444	13.601470508735444	0.0	13
1209	7526	4408	7534	4419	7534	4419	13.601470508735444	13.601470508735444	0.0	13
1209	7526	4408	7534	4419	7534	4419	13.601470508735444	13.601470508735444	0.0	13
1209	7526	4408	7534	4419	7534	4419	13.601470508735444	13.601470508735444	0.0	13
1209	7526	4408	7534	4419	7534	4419	13.601470508735444	13.601470508735444	0.0	13
1209	7526	4408	7534	4419	7534	4419	13.601470508735444	13.601470508735444	0.0	13
1209	7526	4408	7534	4419	7534	4419	13.601470508735444	13.601470508735444	0.0	13
1209	7526	4408	7534	4419	7534	4419	13.601470508735444	13.601470508735444	0.0	13
1209	7526	4408	7534	4419	7534	4419	13.601470508735444	13.601470508735444	0.0	13
1210	7534	4419	7543	4429	7543	4429	13.45362404707371	13.45362404707371	0.0	13
1210	7534	4419	7543	4429	7543	4429	13.45362404707371	13.45362404707371	0.0	13
1210	7534	4419	7543	4429	7543	4429	13.45362404707371	13.45362404707371	0.0	13
1210	7534	4419	7543	4429	7543	4429	13.45362404707371	13.45362404707371	0.0	13
1210	7534	4419	7543	4429	7543	4429	13.45362404707371	13.45362404707371	0.0	13
1210	7534	4419	7543	4429	7543	4429	13.45362404707371	13.45362404707371	0.0	13
1210	7534	4419	7543	4429	7543	4429	13.45362404707371	13.45362404707371	0.0	13
1210	7534	4419	7543	4429	7543	4429	13.45362404707371	13.45362404707371	0.0	13
1210	7534	4419	7543	4429	7543	4429	13.45362404707371	13.45362404707371	0.0	13
1211	7543	4429	7552	4439	7552	4439	13.45362404707371	13.45362404707371	0.0	13
1211	7543	4429	7552	4439	7552	4439	13.45362404707371	13.45362404707371	0.0	13
1211	7543	4429	7552	4439	7552	4439	13.45362404707371	13.45362404707371	0.0	13
1211	7543	4429	7552	4439	7552	4439	13.45362404707371	13.45362404707371	0.0	13
1211	7543	4429	7552	4439	7552	4439	13.45362404707371	13.45362404707371	0.0	13
1211	7543	4429	7552	4439	7552	4439	13.45362404707371	13.45362404707371	0.0	13
1211	7543	4429	7552	4439	7552	4439	13.45362404707371	13.45362404707371	0.0	13
1211	7543	4429	7552	4439	7552	4439	13.45362404707371	13.45362404707371	0.0	13
1211	7543	4429	7552	4439	7552	4439	13.45362404707371	13.45362404707371	0.0	13
1421	8811	3957	8823	3951	8823	3951	13.416407864998739	13.416407864998739	0.0	13
1421	8811	3957	8823	3951	8823	3951	13.416407864998739	13.416407864998739	0.0	13
1421	8811	3957	8823	3951	8823	3951	13.416407864998739	13.416407864998739	0.0	13
1421	8811	3957	8823	3951	8823	3951	13.416407864998739	13.416407864998739	0.0	13
1421	8811	3957	8823	3951	8823	3951	13.416407864998739	13.416407864998739	0.0	13
1421	8811	3957	8823	3951	8823	3951	13.416407864998739	13.416407864998739	0.0	13
1421	8811	3957	8823	3951	8823	3951	13.416407864998739	13.416407864998739	0.0	13
1421	8811	3957	8823	3951	8823	3951	13.416407864998739	13.416407864998739	0.0	13
1421	8811	3957	8823	3951	8823	3951	13.416407864998739	13.416407864998739	0.0	13
1778	11117	3338	11130	3342	11130	3342	13.601470508735444	13.601470508735444	0.0	13
1778	11117	3338	11130	3342	11130	3342	13.601470508735444	13.601470508735444	0.0	13
1778	11117	3338	11130	3342	11130	3342	13.601470508735444	13.601470508735444	0.0	13
1778	11117	3338	11130	3342	11130	3342	13.601470508735444	13.601470508735444	0.0	13
1778	11117	3338	11130	3342	11130	3342	13.601470508735444	13.601470508735444	0.0	13
1778	11117	3338	11130	3342	11130	3342	13.601470508735444	13.601470508735444	0.0	13
1778	11117	3338	11130	3342	11130	3342	13.601470508735444	13.601470508735444	0.0	13
1778	11117	3338	11130	3342	11130	3342	13.601470508735444	13.601470508735444	0.0	13
1778	11117	3338	11130	3342	11130	3342	13.601470508735444	13.601470508735444	0.0	13
1779	11130	3342	11143	3346	11143	3346	13.601470508735444	13.601470508735444	0.0	13
1779	11130	3342	11143	3346	11143	3346	13.601470508735444	13.601470508735444	0.0	13
1779	11130	3342	11143	3346	11143	3346	13.601470508735444	13.601470508735444	0.0	13
1779	11130	3342	11143	3346	11143	3346	13.601470508735444	13.601470508735444	0.0	13
1779	11130	3342	11143	3346	11143	3346	13.601470508735444	13.601470508735444	0.0	13
1779	11130	3342	11143	3346	11143	3346	13.601470508735444	13.601470508735444	0.0	13
1779	11130	3342	11143	3346	11143	3346	13.601470508735444	13.601470508735444	0.0	13
1779	11130	3342	11143	3346	11143	3346	13.601470508735444	13.601470508735444	0.0	13
1779	11130	3342	11143	3346	11143	3346	13.601470508735444	13.601470508735444	0.0	13
1780	11143	3346	11156	3351	11156	3351	13.92838827718412	13.92838827718412	0.0	13
1780	11143	3346	11156	3351	11156	3351	13.92838827718412	13.92838827718412	0.0	13
1780	11143	3346	11156	3351	11156	3351	13.92838827718412	13.92838827718412	0.0	13
1780	11143	3346	11156	3351	11156	3351	13.92838827718412	13.92838827718412	0.0	13
1780	11143	3346	11156	3351	11156	3351	13.92838827718412	13.92838827718412	0.0	13
1780	11143	3346	11156	3351	11156	3351	13.92838827718412	13.92838827718412	0.0	13
1780	11143	3346	11156	3351	11156	3351	13.92838827718412	13.92838827718412	0.0	13
1780	11143	3346	11156	3351	11156	3351	13.92838827718412	13.92838827718412	0.0	13
1780	11143	3346	11156	3351	11156	3351	13.92838827718412	13.92838827718412	0.0	13
1781	11156	3351	11169	3355	11169	3355	13.601470508735444	13.601470508735444	0.0	13
1781	11156	3351	11169	3355	11169	3355	13.601470508735444	13.601470508735444	0.0	13
1781	11156	3351	11169	3355	11169	3355	13.601470508735444	13.601470508735444	0.0	13
1781	11156	3351	11169	3355	11169	3355	13.601470508735444	13.601470508735444	0.0	13
1781	11156	3351	11169	3355	11169	3355	13.601470508735444	13.601470508735444	0.0	13
1781	11156	3351	11169	3355	11169	3355	13.601470508735444	13.601470508735444	0.0	13
1781	11156	3351	11169	3355	11169	3355	13.601470508735444	13.601470508735444	0.0	13
1781	11156	3351	11169	3355	11169	3355	13.601470508735444	13.601470508735444	0.0	13
1781	11156	3351	11169	3355	11169	3355	13.601470508735444	13.601470508735444	0.0	13
1782	11169	3355	11181	3361	11181	3361	13.416407864998739	13.416407864998739	0.0	13
1782	11169	3355	11181	3361	11181	3361	13.416407864998739	13.416407864998739	0.0	13
1782	11169	3355	11181	3361	11181	3361	13.416407864998739	13.416407864998739	0.0	13
1782	11169	3355	11181	3361	11181	3361	13.416407864998739	13.416407864998739	0.0	13
1782	11169	3355	11181	3361	11181	3361	13.416407864998739	13.416407864998739	0.0	13
1782	11169	3355	11181	3361	11181	3361	13.416407864998739	13.416407864998739	0.0	13
1782	11169	3355	11181	3361	11181	3361	13.416407864998739	13.416407864998739	0.0	13
1782	11169	3355	11181	3361	11181	3361	13.416407864998739	13.416407864998739	0.0	13
1782	11169	3355	11181	3361	11181	3361	13.416407864998739	13.416407864998739	0.0	13
1783	11181	3361	11193	3366	11193	3366	13.0	13.0	0.0	13
1783	11181	3361	11193	3366	11193	3366	13.0	13.0	0.0	13
1783	11181	3361	11193	3366	11193	3366	13.0	13.0	0.0	13
1783	11181	3361	11193	3366	11193	3366	13.0	13.0	0.0	13
1783	11181	3361	11193	3366	11193	3366	13.0	13.0	0.0	13
1783	11181	3361	11193	3366	11193	3366	13.0	13.0	0.0	13
1783	11181	3361	11193	3366	11193	3366	13.0	13.0	0.0	13
1783	11181	3361	11193	3366	11193	3366	13.0	13.0	0.0	13
1783	11181	3361	11193	3366	11193	3366	13.0	13.0	0.0	13
1784	11193	3366	11206	3372	11206	3372	14.317821063276353	14.317821063276353	0.0	13
1784	11193	3366	11206	3372	11206	3372	14.317821063276353	14.317821063276353	0.0	13
1784	11193	3366	11206	3372	11206	3372	14.317821063276353	14.317821063276353	0.0	13
1784	11193	3366	11206	3372	11206	3372	14.317821063276353	14.317821063276353	0.0	13
1784	11193	3366	11206	3372	11206	3372	14.317821063276353	14.317821063276353	0.0	13
1784	11193	3366	11206	3372	11206	3372	14.317821063276353	14.317821063276353	0.0	13
1784	11193	3366	11206	3372	11206	3372	14.317821063276353	14.317821063276353	0.0	13
1784	11193	3366	11206	3372	11206	3372	14.317821063276353	14.317821063276353	0.0	13
1784	11193	3366	11206	3372	11206	3372	14.317821063276353	14.317821063276353	0.0	13
1785	11206	3372	11218	3379	11218	3379	13.892443989449804	13.892443989449804	0.0	13
1785	11206	3372	11218	3379	11218	3379	13.892443989449804	13.892443989449804	0.0	13
1785	11206	3372	11218	3379	11218	3379	13.892443989449804	13.892443989449804	0.0	13
1785	11206	3372	11218	3379	11218	3379	13.892443989449804	13.892443989449804	0.0	13
1785	11206	3372	11218	3379	11218	3379	13.892443989449804	13.892443989449804	0.0	13
1785	11206	3372	11218	3379	11218	3379	13.892443989449804	13.892443989449804	0.0	13
1785	11206	3372	11218	3379	11218	3379	13.892443989449804	13.892443989449804	0.0	13
1785	11206	3372	11218	3379	11218	3379	13.892443989449804	13.892443989449804	0.0	13
1785	11206	3372	11218	3379	11218	3379	13.892443989449804	13.892443989449804	0.0	13
1786	11218	3379	11230	3385	11230	3385	13.416407864998739	13.416407864998739	0.0	13
1786	11218	3379	11230	3385	11230	3385	13.416407864998739	13.416407864998739	0.0	13
1786	11218	3379	11230	3385	11230	3385	13.416407864998739	13.416407864998739	0.0	13
1786	11218	3379	11230	3385	11230	3385	13.416407864998739	13.416407864998739	0.0	13
1786	11218	3379	11230	3385	11230	3385	13.416407864998739	13.416407864998739	0.0	13
1786	11218	3379	11230	3385	11230	3385	13.416407864998739	13.416407864998739	0.0	13
1786	11218	3379	11230	3385	11230	3385	13.416407864998739	13.416407864998739	0.0	13
1786	11218	3379	11230	3385	11230	3385	13.416407864998739	13.416407864998739	0.0	13
1786	11218	3379	11230	3385	11230	3385	13.416407864998739	13.416407864998739	0.0	13
1787	11230	3385	11242	3391	11242	3391	13.416407864998739	13.416407864998739	0.0	13
1787	11230	3385	11242	3391	11242	3391	13.416407864998739	13.416407864998739	0.0	13
1787	11230	3385	11242	3391	11242	3391	13.416407864998739	13.416407864998739	0.0	13
1787	11230	3385	11242	3391	11242	3391	13.416407864998739	13.416407864998739	0.0	13
1787	11230	3385	11242	3391	11242	3391	13.416407864998739	13.416407864998739	0.0	13
1787	11230	3385	11242	3391	11242	3391	13.416407864998739	13.416407864998739	0.0	13
1787	11230	3385	11242	3391	11242	3391	13.416407864998739	13.416407864998739	0.0	13
1787	11230	3385	11242	3391	11242	3391	13.416407864998739	13.416407864998739	0.0	13
1787	11230	3385	11242	3391	11242	3391	13.416407864998739	13.416407864998739	0.0	13
1788	11242	3391	11254	3396	11254	3396	13.0	13.0	0.0	13
1788	11242	3391	11254	3396	11254	3396	13.0	13.0	0.0	13
1788	11242	3391	11254	3396	11254	3396	13.0	13.0	0.0	13
1788	11242	3391	11254	3396	11254	3396	13.0	13.0	0.0	13
1788	11242	3391	11254	3396	11254	3396	13.0	13.0	0.0	13
1788	11242	3391	11254	3396	11254	3396	13.0	13.0	0.0	13
1788	11242	3391	11254	3396	11254	3396	13.0	13.0	0.0	13
1789	11254	3396	11266	3402	11266	3402	13.416407864998739	13.416407864998739	0.0	13
1789	11254	3396	11266	3402	11266	3402	13.416407864998739	13.416407864998739	0.0	13
1789	11254	3396	11266	3402	11266	3402	13.416407864998739	13.416407864998739	0.0	13
1789	11254	3396	11266	3402	11266	3402	13.416407864998739	13.416407864998739	0.0	13
1789	11254	3396	11266	3402	11266	3402	13.416407864998739	13.416407864998739	0.0	13
1790	11266	3402	11278	3408	11278	3408	13.416407864998739	13.416407864998739	0.0	13
1790	11266	3402	11278	3408	11278	3408	13.416407864998739	13.416407864998739	0.0	13
1790	11266	3402	11278	3408	11278	3408	13.416407864998739	13.416407864998739	0.0	13
1790	11266	3402	11278	3408	11278	3408	13.416407864998739	13.416407864998739	0.0	13
1790	11266	3402	11278	3408	11278	3408	13.416407864998739	13.416407864998739	0.0	13
1790	11266	3402	11278	3408	11278	3408	13.416407864998739	13.416407864998739	0.0	13
1790	11266	3402	11278	3408	11278	3408	13.416407864998739	13.416407864998739	0.0	13
1790	11266	3402	11278	3408	11278	3408	13.416407864998739	13.416407864998739	0.0	13
1790	11266	3402	11278	3408	11278	3408	13.416407864998739	13.416407864998739	0.0	13
1791	11278	3408	11286	3412	11286	3412	8.94427190999916	8.94427190999916	0.0	10
1791	11278	3408	11286	3412	11286	3412	8.94427190999916	8.94427190999916	0.0	10
1791	11278	3408	11286	3412	11286	3412	8.94427190999916	8.94427190999916	0.0	10
1791	11278	3408	11286	3412	11286	3412	8.94427190999916	8.94427190999916	0.0	10
1791	11278	3408	11286	3412	11286	3412	8.94427190999916	8.94427190999916	0.0	10
1791	11278	3408	11286	3412	11286	3412	8.94427190999916	8.94427190999916	0.0	10
1791	11278	3408	11286	3412	11286	3412	8.94427190999916	8.94427190999916	0.0	10
1791	11278	3408	11286	3412	11286	3412	8.94427190999916	8.94427190999916	0.0	10
1791	11278	3408	11286	3412	11286	3412	8.94427190999916	8.94427190999916	0.0	10
1820	11328	3429	11340	3434	11340	3434	13.0	13.0	0.0	11
1820	11328	3429	11340	3434	11340	3434	13.0	13.0	0.0	11
1820	11328	3429	11340	3434	11340	3434	13.0	13.0	0.0	11
1820	11328	3429	11340	3434	11340	3434	13.0	13.0	0.0	11
1820	11328	3429	11340	3434	11340	3434	13.0	13.0	0.0	11
1820	11328	3429	11340	3434	11340	3434	13.0	13.0	0.0	11
1820	11328	3429	11340	3434	11340	3434	13.0	13.0	0.0	11
1820	11328	3429	11340	3434	11340	3434	13.0	13.0	0.0	11
1820	11328	3429	11340	3434	11340	3434	13.0	13.0	0.0	11
2691	7220	4164	7208	4170	7208	4170	13.416407864998739	13.416407864998739	0.0	13
2691	7220	4164	7208	4170	7208	4170	13.416407864998739	13.416407864998739	0.0	13
2691	7220	4164	7208	4170	7208	4170	13.416407864998739	13.416407864998739	0.0	13
2691	7220	4164	7208	4170	7208	4170	13.416407864998739	13.416407864998739	0.0	13
2691	7220	4164	7208	4170	7208	4170	13.416407864998739	13.416407864998739	0.0	13
2691	7220	4164	7208	4170	7208	4170	13.416407864998739	13.416407864998739	0.0	13
2691	7220	4164	7208	4170	7208	4170	13.416407864998739	13.416407864998739	0.0	13
2691	7220	4164	7208	4170	7208	4170	13.416407864998739	13.416407864998739	0.0	13
2691	7220	4164	7208	4170	7208	4170	13.416407864998739	13.416407864998739	0.0	13
3093	7416	5631	7422	5643	7422	5643	13.416407864998739	13.416407864998739	0.0	13
3093	7416	5631	7422	5643	7422	5643	13.416407864998739	13.416407864998739	0.0	13
3093	7416	5631	7422	5643	7422	5643	13.416407864998739	13.416407864998739	0.0	13
3093	7416	5631	7422	5643	7422	5643	13.416407864998739	13.416407864998739	0.0	13
3093	7416	5631	7422	5643	7422	5643	13.416407864998739	13.416407864998739	0.0	13
3093	7416	5631	7422	5643	7422	5643	13.416407864998739	13.416407864998739	0.0	13
3093	7416	5631	7422	5643	7422	5643	13.416407864998739	13.416407864998739	0.0	13
3093	7416	5631	7422	5643	7422	5643	13.416407864998739	13.416407864998739	0.0	13
3093	7416	5631	7422	5643	7422	5643	13.416407864998739	13.416407864998739	0.0	13
