6102005.737900803
6102015.737900803
6102025.737900803
6102035.737900803
6102045.737900803
6102055.737900803
6102065.737900803
6102075.737900803
6102085.737900803
6102095.737900803
6102105.737900803
6102115.737900803
6102125.737900803
6102135.737900803
6102145.737900803
6102155.737900803
6102175.737900803
6102185.737900803
6102195.737900803
6102205.737900803
6102215.737900803
6102225.737900803
6102235.737900803
6102245.737900803
6102255.737900803
6102275.737900803
6102285.737900803
6102295.737900803
6102305.737900803
6102315.737900803
6102325.737900803
6102335.737900803
6102345.737900803
6102365.737900803
