203	9871	2671	9860	2680	9860	2680	14.212670403551895	14.212670403551895	0.0	12
203	9871	2671	9860	2680	9860	2680	14.212670403551895	14.212670403551895	0.0	12
203	9871	2671	9860	2680	9860	2680	14.212670403551895	14.212670403551895	0.0	12
203	9871	2671	9860	2680	9860	2680	14.212670403551895	14.212670403551895	0.0	12
203	9871	2671	9860	2680	9860	2680	14.212670403551895	14.212670403551895	0.0	12
203	9871	2671	9860	2680	9860	2680	14.212670403551895	14.212670403551895	0.0	12
203	9871	2671	9860	2680	9860	2680	14.212670403551895	14.212670403551895	0.0	12
203	9871	2671	9860	2680	9860	2680	14.212670403551895	14.212670403551895	0.0	12
203	9871	2671	9860	2680	9860	2680	14.212670403551895	14.212670403551895	0.0	12
204	9860	2680	9849	2689	9849	2689	14.212670403551895	14.212670403551895	0.0	14
204	9860	2680	9849	2689	9849	2689	14.212670403551895	14.212670403551895	0.0	14
204	9860	2680	9849	2689	9849	2689	14.212670403551895	14.212670403551895	0.0	14
204	9860	2680	9849	2689	9849	2689	14.212670403551895	14.212670403551895	0.0	14
204	9860	2680	9849	2689	9849	2689	14.212670403551895	14.212670403551895	0.0	14
204	9860	2680	9849	2689	9849	2689	14.212670403551895	14.212670403551895	0.0	14
204	9860	2680	9849	2689	9849	2689	14.212670403551895	14.212670403551895	0.0	14
204	9860	2680	9849	2689	9849	2689	14.212670403551895	14.212670403551895	0.0	14
204	9860	2680	9849	2689	9849	2689	14.212670403551895	14.212670403551895	0.0	14
205	9849	2689	9838	2699	9838	2699	14.866068747318506	14.866068747318506	0.0	14
205	9849	2689	9838	2699	9838	2699	14.866068747318506	14.866068747318506	0.0	14
205	9849	2689	9838	2699	9838	2699	14.866068747318506	14.866068747318506	0.0	14
205	9849	2689	9838	2699	9838	2699	14.866068747318506	14.866068747318506	0.0	14
205	9849	2689	9838	2699	9838	2699	14.866068747318506	14.866068747318506	0.0	14
205	9849	2689	9838	2699	9838	2699	14.866068747318506	14.866068747318506	0.0	14
205	9849	2689	9838	2699	9838	2699	14.866068747318506	14.866068747318506	0.0	14
205	9849	2689	9838	2699	9838	2699	14.866068747318506	14.866068747318506	0.0	14
205	9849	2689	9838	2699	9838	2699	14.866068747318506	14.866068747318506	0.0	14
206	9838	2699	9827	2708	9827	2708	14.212670403551895	14.212670403551895	0.0	14
206	9838	2699	9827	2708	9827	2708	14.212670403551895	14.212670403551895	0.0	14
206	9838	2699	9827	2708	9827	2708	14.212670403551895	14.212670403551895	0.0	14
206	9838	2699	9827	2708	9827	2708	14.212670403551895	14.212670403551895	0.0	14
206	9838	2699	9827	2708	9827	2708	14.212670403551895	14.212670403551895	0.0	14
206	9838	2699	9827	2708	9827	2708	14.212670403551895	14.212670403551895	0.0	14
206	9838	2699	9827	2708	9827	2708	14.212670403551895	14.212670403551895	0.0	14
206	9838	2699	9827	2708	9827	2708	14.212670403551895	14.212670403551895	0.0	14
206	9838	2699	9827	2708	9827	2708	14.212670403551895	14.212670403551895	0.0	14
207	9827	2708	9816	2718	9816	2718	14.866068747318506	14.866068747318506	0.0	14
207	9827	2708	9816	2718	9816	2718	14.866068747318506	14.866068747318506	0.0	14
207	9827	2708	9816	2718	9816	2718	14.866068747318506	14.866068747318506	0.0	14
207	9827	2708	9816	2718	9816	2718	14.866068747318506	14.866068747318506	0.0	14
207	9827	2708	9816	2718	9816	2718	14.866068747318506	14.866068747318506	0.0	14
207	9827	2708	9816	2718	9816	2718	14.866068747318506	14.866068747318506	0.0	14
207	9827	2708	9816	2718	9816	2718	14.866068747318506	14.866068747318506	0.0	14
207	9827	2708	9816	2718	9816	2718	14.866068747318506	14.866068747318506	0.0	14
207	9827	2708	9816	2718	9816	2718	14.866068747318506	14.866068747318506	0.0	14
208	9816	2718	9805	2728	9805	2728	14.866068747318506	14.866068747318506	0.0	14
208	9816	2718	9805	2728	9805	2728	14.866068747318506	14.866068747318506	0.0	14
208	9816	2718	9805	2728	9805	2728	14.866068747318506	14.866068747318506	0.0	14
208	9816	2718	9805	2728	9805	2728	14.866068747318506	14.866068747318506	0.0	14
208	9816	2718	9805	2728	9805	2728	14.866068747318506	14.866068747318506	0.0	14
208	9816	2718	9805	2728	9805	2728	14.866068747318506	14.866068747318506	0.0	14
208	9816	2718	9805	2728	9805	2728	14.866068747318506	14.866068747318506	0.0	14
208	9816	2718	9805	2728	9805	2728	14.866068747318506	14.866068747318506	0.0	14
208	9816	2718	9805	2728	9805	2728	14.866068747318506	14.866068747318506	0.0	14
209	9805	2728	9793	2737	9793	2737	15.0	15.0	0.0	14
209	9805	2728	9793	2737	9793	2737	15.0	15.0	0.0	14
209	9805	2728	9793	2737	9793	2737	15.0	15.0	0.0	14
209	9805	2728	9793	2737	9793	2737	15.0	15.0	0.0	14
209	9805	2728	9793	2737	9793	2737	15.0	15.0	0.0	14
209	9805	2728	9793	2737	9793	2737	15.0	15.0	0.0	14
209	9805	2728	9793	2737	9793	2737	15.0	15.0	0.0	14
209	9805	2728	9793	2737	9793	2737	15.0	15.0	0.0	14
209	9805	2728	9793	2737	9793	2737	15.0	15.0	0.0	14
210	9793	2737	9782	2747	9782	2747	14.866068747318506	14.866068747318506	0.0	14
210	9793	2737	9782	2747	9782	2747	14.866068747318506	14.866068747318506	0.0	14
210	9793	2737	9782	2747	9782	2747	14.866068747318506	14.866068747318506	0.0	14
210	9793	2737	9782	2747	9782	2747	14.866068747318506	14.866068747318506	0.0	14
210	9793	2737	9782	2747	9782	2747	14.866068747318506	14.866068747318506	0.0	14
210	9793	2737	9782	2747	9782	2747	14.866068747318506	14.866068747318506	0.0	14
210	9793	2737	9782	2747	9782	2747	14.866068747318506	14.866068747318506	0.0	14
210	9793	2737	9782	2747	9782	2747	14.866068747318506	14.866068747318506	0.0	14
210	9793	2737	9782	2747	9782	2747	14.866068747318506	14.866068747318506	0.0	14
211	9782	2747	9771	2756	9771	2756	14.212670403551895	14.212670403551895	0.0	14
211	9782	2747	9771	2756	9771	2756	14.212670403551895	14.212670403551895	0.0	14
211	9782	2747	9771	2756	9771	2756	14.212670403551895	14.212670403551895	0.0	14
211	9782	2747	9771	2756	9771	2756	14.212670403551895	14.212670403551895	0.0	14
211	9782	2747	9771	2756	9771	2756	14.212670403551895	14.212670403551895	0.0	14
211	9782	2747	9771	2756	9771	2756	14.212670403551895	14.212670403551895	0.0	14
211	9782	2747	9771	2756	9771	2756	14.212670403551895	14.212670403551895	0.0	14
211	9782	2747	9771	2756	9771	2756	14.212670403551895	14.212670403551895	0.0	14
211	9782	2747	9771	2756	9771	2756	14.212670403551895	14.212670403551895	0.0	14
212	9771	2756	9760	2766	9760	2766	14.866068747318506	14.866068747318506	0.0	14
212	9771	2756	9760	2766	9760	2766	14.866068747318506	14.866068747318506	0.0	14
212	9771	2756	9760	2766	9760	2766	14.866068747318506	14.866068747318506	0.0	14
212	9771	2756	9760	2766	9760	2766	14.866068747318506	14.866068747318506	0.0	14
212	9771	2756	9760	2766	9760	2766	14.866068747318506	14.866068747318506	0.0	14
212	9771	2756	9760	2766	9760	2766	14.866068747318506	14.866068747318506	0.0	14
212	9771	2756	9760	2766	9760	2766	14.866068747318506	14.866068747318506	0.0	14
212	9771	2756	9760	2766	9760	2766	14.866068747318506	14.866068747318506	0.0	14
212	9771	2756	9760	2766	9760	2766	14.866068747318506	14.866068747318506	0.0	14
213	9760	2766	9749	2776	9749	2776	14.866068747318506	14.866068747318506	0.0	14
213	9760	2766	9749	2776	9749	2776	14.866068747318506	14.866068747318506	0.0	14
213	9760	2766	9749	2776	9749	2776	14.866068747318506	14.866068747318506	0.0	14
213	9760	2766	9749	2776	9749	2776	14.866068747318506	14.866068747318506	0.0	14
213	9760	2766	9749	2776	9749	2776	14.866068747318506	14.866068747318506	0.0	14
213	9760	2766	9749	2776	9749	2776	14.866068747318506	14.866068747318506	0.0	14
213	9760	2766	9749	2776	9749	2776	14.866068747318506	14.866068747318506	0.0	14
213	9760	2766	9749	2776	9749	2776	14.866068747318506	14.866068747318506	0.0	14
213	9760	2766	9749	2776	9749	2776	14.866068747318506	14.866068747318506	0.0	14
214	9749	2776	9738	2785	9738	2785	14.212670403551895	14.212670403551895	0.0	14
214	9749	2776	9738	2785	9738	2785	14.212670403551895	14.212670403551895	0.0	14
214	9749	2776	9738	2785	9738	2785	14.212670403551895	14.212670403551895	0.0	14
214	9749	2776	9738	2785	9738	2785	14.212670403551895	14.212670403551895	0.0	14
214	9749	2776	9738	2785	9738	2785	14.212670403551895	14.212670403551895	0.0	14
214	9749	2776	9738	2785	9738	2785	14.212670403551895	14.212670403551895	0.0	14
214	9749	2776	9738	2785	9738	2785	14.212670403551895	14.212670403551895	0.0	14
214	9749	2776	9738	2785	9738	2785	14.212670403551895	14.212670403551895	0.0	14
214	9749	2776	9738	2785	9738	2785	14.212670403551895	14.212670403551895	0.0	14
215	9738	2785	9727	2795	9727	2795	14.866068747318506	14.866068747318506	0.0	14
215	9738	2785	9727	2795	9727	2795	14.866068747318506	14.866068747318506	0.0	14
215	9738	2785	9727	2795	9727	2795	14.866068747318506	14.866068747318506	0.0	14
215	9738	2785	9727	2795	9727	2795	14.866068747318506	14.866068747318506	0.0	14
215	9738	2785	9727	2795	9727	2795	14.866068747318506	14.866068747318506	0.0	14
215	9738	2785	9727	2795	9727	2795	14.866068747318506	14.866068747318506	0.0	14
215	9738	2785	9727	2795	9727	2795	14.866068747318506	14.866068747318506	0.0	14
215	9738	2785	9727	2795	9727	2795	14.866068747318506	14.866068747318506	0.0	14
215	9738	2785	9727	2795	9727	2795	14.866068747318506	14.866068747318506	0.0	14
216	9727	2795	9716	2805	9716	2805	14.866068747318506	14.866068747318506	0.0	14
216	9727	2795	9716	2805	9716	2805	14.866068747318506	14.866068747318506	0.0	14
216	9727	2795	9716	2805	9716	2805	14.866068747318506	14.866068747318506	0.0	14
216	9727	2795	9716	2805	9716	2805	14.866068747318506	14.866068747318506	0.0	14
216	9727	2795	9716	2805	9716	2805	14.866068747318506	14.866068747318506	0.0	14
216	9727	2795	9716	2805	9716	2805	14.866068747318506	14.866068747318506	0.0	14
216	9727	2795	9716	2805	9716	2805	14.866068747318506	14.866068747318506	0.0	14
216	9727	2795	9716	2805	9716	2805	14.866068747318506	14.866068747318506	0.0	14
216	9727	2795	9716	2805	9716	2805	14.866068747318506	14.866068747318506	0.0	14
347	8939	3365	8926	3372	8926	3372	14.7648230602334	14.7648230602334	0.0	14
347	8939	3365	8926	3372	8926	3372	14.7648230602334	14.7648230602334	0.0	14
347	8939	3365	8926	3372	8926	3372	14.7648230602334	14.7648230602334	0.0	14
347	8939	3365	8926	3372	8926	3372	14.7648230602334	14.7648230602334	0.0	14
347	8939	3365	8926	3372	8926	3372	14.7648230602334	14.7648230602334	0.0	14
347	8939	3365	8926	3372	8926	3372	14.7648230602334	14.7648230602334	0.0	14
347	8939	3365	8926	3372	8926	3372	14.7648230602334	14.7648230602334	0.0	14
347	8939	3365	8926	3372	8926	3372	14.7648230602334	14.7648230602334	0.0	14
347	8939	3365	8926	3372	8926	3372	14.7648230602334	14.7648230602334	0.0	14
874	6988	4743	6994	4757	6994	4757	15.231546211727817	15.231546211727817	0.0	14
874	6988	4743	6994	4757	6994	4757	15.231546211727817	15.231546211727817	0.0	14
874	6988	4743	6994	4757	6994	4757	15.231546211727817	15.231546211727817	0.0	14
874	6988	4743	6994	4757	6994	4757	15.231546211727817	15.231546211727817	0.0	14
874	6988	4743	6994	4757	6994	4757	15.231546211727817	15.231546211727817	0.0	14
874	6988	4743	6994	4757	6994	4757	15.231546211727817	15.231546211727817	0.0	14
874	6988	4743	6994	4757	6994	4757	15.231546211727817	15.231546211727817	0.0	14
874	6988	4743	6994	4757	6994	4757	15.231546211727817	15.231546211727817	0.0	14
874	6988	4743	6994	4757	6994	4757	15.231546211727817	15.231546211727817	0.0	14
