7537002.599248625
7537002.599249762
7537006.0
7537016.0
7537026.0
7537036.0
7537046.0
7537056.0
7537066.0
7537076.0
7537086.0
7537096.0
7537106.0
7537116.0
7537126.0
7537136.0
7537146.0
7537156.0
7537166.0
7537176.0
7537186.0
7537196.0
7537206.0
7537216.0
7537226.0
7537236.0
7537246.0
7537256.0
7537266.0
7537276.0
7537286.0
7537296.0
7537306.0
7537316.0
7537326.0
7537336.0
7537346.0
7537356.0
7537366.0
7537376.0
7537386.0
7537396.0
7537406.0
7537416.0
7537426.0
7537436.0
7537446.0
7537456.0
7537466.0
7537476.0
7537486.0
7537496.0
7537506.0
7537516.0
7537526.0
7537536.0
7537546.0
7537556.0
7537566.0
7537576.0
7537586.0
7537596.0
7537606.0
7537616.0
7537626.0
7537636.0
7537646.0
7537656.0
7537666.0
7537676.0
7537686.0
7537696.0
7537706.0
7537716.0
7537726.0
7537736.0
7537746.0
7537756.0
7537766.0
7537776.0
7537786.0
7537796.0
7537806.0
7537816.0
7537826.0
7537836.0
7537846.0
7537856.0
8563006.0
8563016.0
8563026.0
8563036.0
8563046.0
8563056.0
8563066.0
8563076.0
8563086.0
8563096.0
8563106.0
8563116.0
8563126.0
8563136.0
8563146.0
8563156.0
8563166.0
8563176.0
8563186.0
8563196.0
8563206.0
8563216.0
8563226.0
8563236.0
8563246.0
8563256.0
8563266.0
8563276.0
8563286.0
8563296.0
8563306.0
8563316.0
8563326.0
8563336.0
8563346.0
8563356.0
8563366.0
8563376.0
8563386.0
8563396.0
8563406.0
8563416.0
8563426.0
8563436.0
8563446.0
8563456.0
8563463.52677135
8563466.0
8563476.0
8563486.0
8563496.0
8563506.0
8563516.0
8563526.0
8563536.0
8563546.0
8563556.0
8563566.0
8563576.0
8563586.0
8563596.0
8563606.0
8563616.0
8563626.0
8563636.0
8563646.0
8563656.0
8563666.0
8563676.0
8563686.0
8563696.0
8563706.0
8563716.0
8563726.0
8563736.0
8563746.0
8563756.0
8563766.0
8563776.0
8563786.0
8563796.0
8563806.0
8563816.0
8563826.0
8563836.0
8563846.0
8655003.091874573
8655006.0
8655016.0
8655026.0
8655036.0
8655046.0
8655056.0
8655066.0
8655076.0
8655086.0
8655096.0
8655106.0
8655116.0
8655126.0
8655136.0
8655146.0
8655156.0
8655166.0
8655176.0
8655186.0
8655196.0
8655206.0
8655216.0
8655226.0
8655236.0
8655246.0
8655256.0
8655266.0
8655276.0
8655286.0
8655296.0
8655306.0
8655316.0
8655326.0
8655336.0
8655346.0
8655356.0
8655366.0
8655376.0
8655386.0
8655396.0
8655406.0
8655416.0
8655426.0
8655436.0
8655446.0
8655456.0
8655466.0
8655476.0
8655486.0
8655496.0
8655506.0
8655516.0
8655526.0
8655536.0
8655546.0
8655556.0
8655566.0
8655576.0
8655586.0
8655596.0
8655606.0
8655616.0
8655626.0
8655636.0
8655646.0
8655656.0
8655666.0
8655676.0
8655686.0
8655696.0
8655706.0
8655716.0
8655726.0
8655736.0
8655746.0
8655756.0
8655766.0
8655776.0
8655786.0
8655796.0
8655806.0
8655816.0
