1.81920019295232E7
1.8192001929524325E7
1.8192006E7
1.8192016E7
1.8192026E7
1.8192036E7
1.8192046E7
1.8192056E7
1.8192066E7
1.8192076E7
1.8192086E7
1.8192096E7
1.8192106E7
1.8192116E7
1.8192126E7
1.8192136E7
1.8192146E7
1.8192156E7
1.8192166E7
1.8192176E7
1.8192186E7
1.8192196E7
1.8192206E7
1.8192216E7
1.8192226E7
1.8192236E7
1.8192246E7
1.8192256E7
1.8192266E7
1.8192276E7
1.8192286E7
1.8192296E7
1.8192306E7
1.8192316E7
1.8192326E7
1.8192336E7
1.8192346E7
1.8192356E7
1.8192366E7
1.8192376E7
1.8192386E7
1.8192396E7
1.8192406E7
1.8192416E7
1.8192426E7
1.8192436E7
1.8192446E7
1.8192456E7
1.8192466E7
1.8192476E7
1.8192486E7
1.8192496E7
1.8192503705006033E7
1.819250370500716E7
1.8192506E7
1.8192516E7
1.8192526E7
1.8192536E7
1.8192546E7
1.8192556E7
1.8192566E7
1.8192576E7
1.8192586E7
1.8192596E7
1.8192606E7
1.8192616E7
1.8192626E7
1.8192636E7
1.8192646E7
1.8192656E7
1.8192666E7
1.8192676E7
1.8192686E7
1.8192696E7
1.8192706E7
1.8192716E7
1.8192726E7
1.8192736E7
1.8192746E7
1.8192756E7
1.8192766E7
1.8192776E7
1.8192786E7
1.820200324855849E7
1.8202003248559617E7
1.8202006E7
1.8202016E7
1.8202026E7
1.8202036E7
1.8202046E7
1.8202056E7
1.8202066E7
1.8202076E7
1.8202086E7
1.8202096E7
1.8202106E7
1.8202116E7
1.8202126E7
1.8202136E7
1.8202146E7
1.8202156E7
1.8202166E7
1.8202176E7
1.8202186E7
1.8202196E7
1.8202206E7
1.8202216E7
1.8202226E7
1.8202236E7
1.8202246E7
1.8202256E7
1.820226036452368E7
1.8202260364524804E7
1.8202266E7
1.8202276E7
1.8202286E7
1.8202296E7
1.8202306E7
1.8202316E7
1.8202326E7
1.8202336E7
1.8202346E7
1.8202356E7
1.8202366E7
1.8202376E7
1.8202386E7
1.8202396E7
1.8202406E7
1.8202416E7
1.8202426E7
1.8202436E7
1.8202446E7
1.8202456E7
1.8202466E7
1.8202476E7
1.8202486E7
1.8202496E7
1.8202506E7
1.8202516E7
1.8202526E7
1.8202536E7
1.8202546E7
1.8202556E7
1.8202566E7
1.8202576E7
1.8202586E7
1.8202596E7
1.8202606E7
1.8202616E7
1.8202626E7
1.8202636E7
1.8202646E7
1.8202656E7
1.8202666E7
1.8202676E7
1.8202686E7
1.8202696E7
1.8202706E7
1.8202716E7
1.8202726E7
1.8202736E7
1.8202746E7
1.8202756E7
1.8202766E7
1.8202776E7
1.8202786E7
1.8202796E7
1.8202806E7
1.8202816E7
1.8202826E7
1.8202836E7
1.8202846E7
1.8202856E7
1.8202866E7
1.8202876E7
1.8202886E7
1.8202896E7
1.8202906E7
1.8202916E7
1.8202926E7
1.8202936E7
1.8202946E7
1.8202956E7
1.8202966E7
1.8202976E7
1.820297736452368E7
1.8202977364524804E7
1.8202986E7
1.8202996E7
1.8203006E7
1.8203016E7
1.8203026E7
1.8203036E7
1.8203046E7
1.8203056E7
1.8203066E7
1.8203076E7
1.8203086E7
1.8203096E7
1.8203106E7
1.8203116E7
1.8203126E7
1.8203136E7
1.8203146E7
1.850100219322321E7
1.8501002193224333E7
1.8501006E7
1.8501016E7
1.8501026E7
1.8501036E7
1.8501046E7
1.8501056E7
1.8501066E7
1.8501076E7
1.8501086E7
1.8501096E7
1.8501106E7
1.8501116E7
1.8501126E7
1.8501136E7
1.8501146E7
1.8501156E7
1.8501166E7
1.8501176E7
1.8501186E7
1.8501196E7
1.8501206E7
1.8501216E7
1.8501226E7
1.8501236E7
1.8501246E7
1.8501256E7
1.8501266E7
1.8501276E7
1.8501286E7
1.8501296E7
1.8501306E7
1.8501316E7
1.8501326E7
1.8501336E7
1.8501346E7
1.8501356E7
1.8501366E7
1.8501376E7
1.8501386E7
1.8501396E7
1.8501406E7
1.8501416E7
1.8501426E7
1.8501436E7
1.8501446E7
1.8501456E7
1.8501466E7
1.8501476E7
1.8501486E7
1.8501496E7
1.8501506E7
1.8501516E7
1.8501526E7
1.8501536E7
1.8501546E7
1.8501556E7
1.8501566E7
1.8501576E7
1.8501586E7
1.8501596E7
1.8501606E7
1.8501616E7
1.8501626E7
1.8501636E7
1.8501646E7
1.8501656E7
1.8501666E7
1.8501676E7
1.8501686E7
1.8501696E7
1.8501706E7
1.8501716E7
1.8501726E7
1.8501736E7
1.8501746E7
1.8501756E7
1.8501766E7
1.8707006E7
1.8707008944740742E7
1.8707008944741867E7
1.8707016E7
1.8707018944740742E7
1.8707018944741867E7
1.8707026E7
1.8707028944740742E7
1.8707028944741867E7
1.8707036E7
1.8707038944740742E7
1.8707038944741867E7
1.8707046E7
1.8707056E7
1.8707066E7
1.8707076E7
1.8707086E7
1.8707096E7
1.8707106E7
1.8707116E7
1.8707126E7
1.8707136E7
1.8707146E7
1.8707151212614805E7
1.870715121261593E7
1.8707156E7
1.8707166E7
1.8707176E7
1.8707186E7
1.8707196E7
1.8707206E7
1.8707216E7
1.8707226E7
1.8707236E7
1.8707246E7
1.8707256E7
1.8707266E7
1.8707276E7
1.8707286E7
1.8707296E7
1.8707306E7
1.8707316E7
1.8707326E7
1.8707336E7
1.8707346E7
1.8707356E7
1.8707366E7
1.8707376E7
1.8707386E7
1.8707396E7
1.8707406E7
1.8707416E7
1.8707426E7
1.8707436E7
1.8707446E7
1.8707456E7
1.8707466E7
1.8707476E7
1.8707486E7
1.8707496E7
1.8707506E7
1.8707516E7
1.8707526E7
1.8707536E7
1.8707546E7
1.8707556E7
1.8707566E7
1.8707576E7
1.8707586E7
1.8707596E7
1.8707606E7
1.8707616E7
1.8707626E7
1.8707636E7
1.8707646E7
1.8707656E7
1.8707666E7
1.8707676E7
1.8707686E7
1.8707696E7
1.8707706E7
1.8707716E7
1.8707726E7
1.8707736E7
1.8707746E7
1.8707756E7
1.8707766E7
1.8707776E7
1.8707786E7
1.8707796E7
1.8707806E7
1.8707816E7
1.8707826E7
1.8707836E7
1.8707846E7
1.8707856E7
1.8707866E7
1.8707868212614805E7
1.870786821261593E7
1.8707876E7
1.8707886E7
1.8707896E7
1.8707906E7
1.8707916E7
1.8707926E7
1.8707936E7
1.8707946E7
1.8707956E7
1.8707966E7
1.8707976E7
1.8707986E7
1.8707996E7
1.8708006E7
1.8708016E7
1.8708026E7
1.8708036E7
1.8708046E7
1.8708056E7
1.8708066E7
1.8708076E7
1.8708086E7
1.8708096E7
1.8708106E7
1.8708116E7
1.8708126E7
1.8708136E7
1.8708146E7
1.8808004807423085E7
1.880800480742421E7
1.8808006E7
1.8808014807423085E7
1.880801480742421E7
1.8808016E7
1.8808025404825684E7
1.880802540482681E7
1.8808026E7
1.8808036E7
1.8808044408721786E7
1.880804440872291E7
1.8808046E7
1.8808054408721786E7
1.880805440872291E7
1.8808056E7
1.8808066E7
1.8808076E7
1.8808086E7
1.8808096E7
1.8808106E7
1.8808116E7
1.8808126E7
1.8808136E7
1.8808146E7
1.8808156E7
1.8808166E7
1.8808176E7
1.8808186E7
1.8808196E7
1.8808206E7
1.8808216E7
1.8808226E7
1.8808236E7
1.8808246E7
1.8808256E7
1.8808266E7
1.8808276E7
1.8808286E7
1.8808296E7
1.8808306E7
1.8808316E7
1.8808326E7
1.8808336E7
1.8808346E7
1.8808356E7
1.8808366E7
1.8808376E7
1.8808386E7
1.8808396E7
1.8808406E7
1.8808416E7
1.8808426E7
1.8808436E7
1.8808446E7
1.8808456E7
1.8808466E7
1.8808476E7
1.8808486E7
1.8808496E7
1.8808506E7
1.8808516E7
1.8808526E7
1.8808536E7
1.8808546E7
1.8808556E7
1.8808566E7
1.8808576E7
1.8808586E7
1.8808596E7
1.8808606E7
1.8808616E7
1.8808626E7
1.8808636E7
1.8808646E7
1.8808656E7
1.8808666E7
1.8808676E7
1.8808686E7
1.8808696E7
1.9181001827157352E7
1.9181006E7
1.9181016E7
1.9181026E7
1.9181036E7
1.9181046E7
1.9181056E7
1.9181066E7
1.9181076E7
1.9181086E7
1.9181096E7
1.9181106E7
1.9181116E7
1.9181126E7
1.9181136E7
1.9181146E7
1.9181156E7
1.9181166E7
1.9181176E7
1.9181186E7
1.9181196E7
1.9181206E7
1.9181216E7
1.9181226E7
1.9181236E7
1.9181246E7
1.9181256E7
1.9181266E7
1.9181276E7
1.9181286E7
1.9181296E7
1.9181306E7
1.9181316E7
1.9181326E7
1.9181336E7
1.9181346E7
1.9181356E7
1.9181366E7
1.9181376E7
1.9181386E7
1.9181396E7
1.9181406E7
1.9181416E7
1.9181426E7
1.9181436E7
1.9181446E7
1.9181456E7
1.9181466E7
1.9181476E7
1.9181486E7
1.9181496E7
1.918150496378745E7
1.9181506E7
1.9181516E7
1.9181526E7
1.9181536E7
1.9181546E7
1.9181556E7
1.9181566E7
1.9181576E7
1.9181586E7
1.9181596E7
1.9181606E7
1.9181616E7
1.9181626E7
1.9181636E7
1.9181646E7
1.9181656E7
1.9181666E7
1.9181676E7
1.9181686E7
1.9181696E7
1.9181706E7
1.9181716E7
1.9181726E7
1.9181736E7
1.9181746E7
1.9181756E7
1.9181766E7
1.9750001589010213E7
1.9750006E7
1.9750016E7
1.9750026E7
1.9750036E7
1.9750046E7
1.9750056E7
1.9750066E7
1.9750076E7
1.9750086E7
1.9750096E7
1.9750106E7
1.9750116E7
1.9750126E7
1.9750136E7
1.9750146E7
1.9750156E7
1.9750166E7
1.9750176E7
1.9750186E7
1.9750196E7
1.9750206E7
1.9750216E7
1.9750226E7
1.9750236E7
1.9750246E7
1.9750256E7
1.9750266E7
1.9750276E7
1.9750286E7
1.9750296E7
1.9750306E7
1.9750316E7
1.9750326E7
1.9750336E7
1.9750346E7
1.9750356E7
1.9750366E7
1.9750376E7
1.9750386E7
1.9750396E7
1.9750406E7
1.9750416E7
1.9750426E7
1.9750436E7
1.9750446E7
1.9750456E7
1.9750466E7
1.9750476E7
1.9750486E7
1.9750496E7
1.9750506E7
1.9750516E7
1.9750526E7
1.9750536E7
1.9750546E7
1.9750556E7
1.9750566E7
1.9750576E7
1.9750586E7
1.9750596E7
1.9750606E7
1.9750616E7
1.9750626E7
1.9750636E7
1.9750646E7
1.9750656E7
1.9750666E7
1.9750676E7
1.9750686E7
1.9750696E7
1.9750706E7
1.9750716E7
1.9750726E7
1.9750736E7
1.9750746E7
1.9750756E7
1.9750766E7
1.9750776E7
1.9750786E7
1.9750796E7
1.9750806E7
1.9750816E7
1.9750826E7
1.9750836E7
1.9750846E7
1.9750856E7
1.9750866E7
1.9750876E7
1.9750886E7
1.9750896E7
1.9750906E7
1.9750916E7
1.9750926E7
1.9750936E7
1.9750946E7
