1.6630004875135906E7
1.6630004875144174E7
1.6630006E7
1.6630016E7
1.6630026E7
1.6630036E7
1.6630046E7
1.6630056E7
1.6630066E7
1.6630076E7
1.6630086E7
1.6630096E7
1.6630106E7
1.6630116E7
1.6630126E7
1.6630136E7
1.6630146E7
1.6630156E7
1.6630166E7
1.6630176E7
1.6630186E7
1.6630196E7
1.6630206E7
1.6630216E7
1.6630226E7
1.6630236E7
1.6630246E7
1.6630256E7
1.6630266E7
1.6630276E7
1.6630286E7
1.6630296E7
1.6630306E7
1.6630316E7
1.6630326E7
1.6630336E7
1.6630346E7
1.6630356E7
1.6630366E7
1.6630376E7
1.6630386E7
1.6630396E7
1.6630406E7
1.6630416E7
1.6630426E7
1.6630436E7
1.6630446E7
1.6630456E7
1.6630466E7
1.6630476E7
1.6630486E7
1.6630496E7
1.6630506E7
1.6630516E7
1.6630526E7
1.6630536E7
1.6630546E7
1.6630556E7
1.6630566E7
1.6630576E7
1.6630586E7
1.6630596E7
1.6630606E7
1.6630616E7
1.6630626E7
1.6630636E7
1.6630646E7
1.6630656E7
1.6630666E7
1.6630676E7
1.6630686E7
1.6630696E7
1.6630706E7
1.6630716E7
1.6630726E7
1.6630736E7
1.6630746E7
1.6630756E7
1.6630766E7
1.6630776E7
1.6630786E7
1.6630796E7
1.6630806E7
1.6630816E7
1.6630826E7
1.682300193881377E7
1.682300193882204E7
1.6823006E7
1.6823016E7
1.6823026E7
1.6823036E7
1.6823046E7
1.6823056E7
1.6823066E7
1.6823076E7
1.6823086E7
1.6823096E7
1.6823106E7
1.6823116E7
1.6823126E7
1.6823136E7
1.6823146E7
1.6823156E7
1.6823166E7
1.6823176E7
1.6823186E7
1.6823196E7
1.6823206E7
1.6823216E7
1.6823226E7
1.6823236E7
1.6823246E7
1.6823256E7
1.6823266E7
1.6823276E7
1.6823286E7
1.6823296E7
1.6823306E7
1.6823316E7
1.6823326E7
1.6823336E7
1.6823346E7
1.6823356E7
1.6823366E7
1.6823376E7
1.6823386E7
1.6823396E7
1.6823406E7
1.6823416E7
1.6823426E7
1.6823436E7
1.6823446E7
1.6823456E7
1.6823466E7
1.6823476E7
1.6823486E7
1.6823496E7
1.6823506E7
1.6823516E7
1.6823526E7
1.6823536E7
1.6823546E7
1.6823556E7
1.6823566E7
1.6823576E7
1.6823586E7
1.6823596E7
1.6823606E7
1.6823616E7
1.6823626E7
1.6823636E7
1.6823646E7
1.6823656E7
1.6823666E7
1.6823676E7
1.6823686E7
1.6823696E7
1.6823706E7
1.6823716E7
1.6823726E7
1.6823736E7
1.6823746E7
1.6823756E7
1.6823766E7
1.6823776E7
1.6823786E7
1.6823796E7
1.6823806E7
1.6823816E7
1.6823826E7
1.6823836E7
1.6823846E7
1.6823856E7
1.6823866E7
1.6823876E7
1.6823886E7
1.6823896E7
1.6823906E7
1.6823916E7
1.6823926E7
1.6823936E7
1.6823946E7
1.6823956E7
1.6823966E7
1.6823976E7
1.6823986E7
1.6823996E7
1.6824006E7
1.698700499262234E7
1.698700499263061E7
1.6987006E7
1.698701499262234E7
1.698701499263061E7
1.6987016E7
1.698702499262234E7
1.698702499263061E7
1.6987026E7
1.698703499262234E7
1.698703499263061E7
1.6987036E7
1.698704499262234E7
1.698704499263061E7
1.6987046E7
1.698705499262234E7
1.698705499263061E7
1.6987056E7
1.6987065590024937E7
1.6987065590033207E7
1.6987066E7
1.6987076E7
1.698708459392104E7
1.698708459392931E7
1.6987086E7
1.698709499262234E7
1.698709499263061E7
1.6987096E7
1.698710499262234E7
1.698710499263061E7
1.6987106E7
1.698711499262234E7
1.698711499263061E7
1.6987116E7
1.698712499262234E7
1.698712499263061E7
1.6987126E7
1.6987136E7
1.6987146E7
1.6987156E7
1.6987166E7
1.6987176E7
1.6987186E7
1.6987196E7
1.6987206E7
1.6987216E7
1.6987226E7
1.6987236E7
1.6987246E7
1.6987256E7
1.6987266E7
1.6987276E7
1.6987286E7
1.6987296E7
1.6987306E7
1.6987316E7
1.6987326E7
1.6987336E7
1.6987346E7
1.6987356E7
1.6987366E7
1.6987376E7
1.6987386E7
1.6987396E7
1.6987406E7
1.6987416E7
1.6987426E7
1.6987436E7
1.6987446E7
1.6987456E7
1.6987466E7
1.6987476E7
1.6987486E7
1.6987496E7
1.6987506E7
1.6987516E7
1.6987526E7
1.6987536E7
1.6987546E7
1.6987556E7
1.6987566E7
1.6987576E7
1.6987586E7
1.6987596E7
1.6987606E7
1.6987616E7
1.6987626E7
1.6987636E7
1.6987646E7
1.6987656E7
1.6987666E7
1.6987676E7
1.6987686E7
1.6987696E7
1.6987699236559175E7
1.6987699236567445E7
1.6987706E7
1.6987716E7
1.6987726E7
1.6987736E7
1.6987746E7
1.6987756E7
1.6987766E7
1.6987776E7
1.6987786E7
1.6987796E7
1.6987806E7
1.6987816E7
1.6987826E7
1.6987836E7
1.6987846E7
1.6987856E7
1.6987866E7
1.6987876E7
1.6987886E7
1.6987896E7
1.6987906E7
1.6987916E7
1.6987926E7
1.6987936E7
1.6987946E7
1.6987956E7
1.6987966E7
1.6987976E7
1.6987986E7
1.709700486319729E7
1.709700486320556E7
1.7097006E7
1.709701486319729E7
1.709701486320556E7
1.7097016E7
1.709702486319729E7
1.709702486320556E7
1.7097026E7
1.709703486319729E7
1.709703486320556E7
1.7097036E7
1.709704486319729E7
1.709704486320556E7
1.7097046E7
1.709705486319729E7
1.709705486320556E7
1.7097056E7
1.7097065460599888E7
1.709706546060816E7
1.7097066E7
1.7097076E7
1.709708446449599E7
1.709708446450426E7
1.7097086E7
1.709709486319729E7
1.709709486320556E7
1.7097096E7
1.709710486319729E7
1.709710486320556E7
1.7097106E7
1.709711486319729E7
1.709711486320556E7
1.7097116E7
1.7097126E7
1.7097136E7
1.7097146E7
1.7097156E7
1.7097166E7
1.7097176E7
1.7097186E7
1.7097196E7
1.7097206E7
1.7097216E7
1.7097226E7
1.7097236E7
1.7097246E7
1.7097256E7
1.7097266E7
1.7097276E7
1.7097286E7
1.7097296E7
1.7097306E7
1.7097316E7
1.7097326E7
1.7097336E7
1.7097346E7
1.7097356E7
1.7097366E7
1.7097376E7
1.7097386E7
1.7097396E7
1.7097406E7
1.7097416E7
1.7097426E7
1.7097436E7
1.7097446E7
1.709745417184665E7
1.709745417185492E7
1.7097456E7
1.7097466E7
1.7097476E7
1.7097486E7
1.7097496E7
1.7097506E7
1.7097516E7
1.7097526E7
1.7097536E7
1.7097546E7
1.7097556E7
1.7097566E7
1.7097576E7
1.7097586E7
1.7097596E7
1.7097606E7
1.7097616E7
1.7097626E7
1.7097636E7
1.7097646E7
1.7097656E7
1.7097666E7
1.7097676E7
1.7097686E7
1.7097696E7
1.7097706E7
1.7097716E7
1.7097726E7
1.7097736E7
1.7097746E7
1.7097756E7
1.7097766E7
1.7097776E7
1.7097786E7
1.7097796E7
1.7097806E7
1.7097816E7
1.7097826E7
1.7097836E7
1.7097846E7
1.7097856E7
1.7097866E7
1.7097876E7
1.7097886E7
1.7097896E7
1.7097906E7
1.7097916E7
1.7097926E7
1.7097936E7
1.7097946E7
1.7097956E7
1.7097966E7
1.7097976E7
1.7097986E7
1.7097996E7
1.7098006E7
1.7098016E7
1.7098026E7
1.7098036E7
1.7098046E7
1.7098056E7
1.7098066E7
1.7298005426994286E7
1.7298005427002557E7
1.7298006E7
1.7298015426994286E7
1.7298015427002557E7
1.7298016E7
1.7298025426994286E7
1.7298025427002557E7
1.7298026E7
1.7298035426994286E7
1.7298035427002557E7
1.7298036E7
1.7298045426994286E7
1.7298045427002557E7
1.7298046E7
1.7298055426994286E7
1.7298055427002557E7
1.7298056E7
1.7298066E7
1.7298066024396885E7
1.7298066024405155E7
1.7298076E7
1.7298085426994286E7
1.7298085427002557E7
1.7298086E7
1.7298095426994286E7
1.7298095427002557E7
1.7298096E7
1.7298106E7
1.7298115426994286E7
1.7298115427002557E7
1.7298116E7
1.7298125426994286E7
1.7298125427002557E7
1.7298126E7
1.729812745374515E7
1.729812745375342E7
1.7298136E7
1.7298146E7
1.7298156E7
1.7298166E7
1.7298176E7
1.7298186E7
1.7298196E7
1.7298206E7
1.7298216E7
1.7298226E7
1.7298236E7
1.7298246E7
1.7298256E7
1.7298266E7
1.7298276E7
1.7298286E7
1.7298296E7
1.7298306E7
1.7298316E7
1.7298326E7
1.7298336E7
1.7298346E7
1.7298356E7
1.7298366E7
1.7298376E7
1.7298386E7
1.7298396E7
1.7298406E7
1.7298416E7
1.7298426E7
1.7298436E7
1.7298446E7
1.7298456E7
1.7298466E7
1.7298476E7
1.7298486E7
1.7298496E7
1.7298506E7
1.7298516E7
1.7298526E7
1.7298536E7
1.7298546E7
1.7298556E7
1.7298566E7
1.7298576E7
1.7298586E7
1.7298596E7
1.7298606E7
1.7298616E7
1.7298626E7
1.7298636E7
1.7298646E7
1.7298656E7
1.7298666E7
1.7298676E7
1.7298686E7
1.7298696E7
1.7298706E7
1.7298716E7
1.7298726E7
1.7298736E7
1.7298746E7
1.7298756E7
1.7298766E7
1.7298776E7
1.7298786E7
1.7298796E7
1.7298806E7
1.7298816E7
1.7298826E7
1.7298836E7
1.7298846E7
1.7298856E7
1.7298866E7
1.7298876E7
1.7298886E7
1.7298896E7
1.7298906E7
1.7298916E7
1.7298926E7
1.7298936E7
1.7298946E7
1.7298956E7
1.7298966E7
1.7298976E7
1.7298986E7
1.7298996E7
1.7299006E7
1.7299016E7
1.7299026E7
1.7299036E7
1.7299046E7
1.7299056E7
1.7299066E7
1.7299076E7
1.7299086E7
1.7299096E7
1.7299106E7
1.7299116E7
1.7299126E7
1.7299136E7
1.7299146E7
1.7299156E7
1.7299166E7
1.7299176E7
