7475002.495545663
7475002.495553415
7475006.0
7475016.0
7475026.0
7475036.0
7475046.0
7475056.0
7475066.0
7475076.0
7475086.0
7475096.0
7475106.0
7475116.0
7475126.0
7475136.0
7475146.0
7475156.0
7475166.0
7475176.0
7475186.0
7475196.0
7475206.0
7475216.0
7475226.0
7475236.0
7475246.0
7475256.0
7475266.0
7475276.0
7475286.0
7475296.0
7475306.0
7475316.0
7475326.0
7475336.0
7475346.0
7475356.0
7475366.0
7475376.0
7475386.0
7475396.0
7475406.0
7475416.0
7475426.0
7475436.0
7475446.0
7475456.0
7475466.0
7475476.0
7475486.0
7475496.0
7475506.0
7475516.0
7475526.0
7475536.0
7475537.988020578
7475537.988028331
7475546.0
7475556.0
7475566.0
7475576.0
7475586.0
7475596.0
7475606.0
7475616.0
7475626.0
7475636.0
7475646.0
7475656.0
7475658.988020578
7475658.988028331
7475666.0
7475676.0
7475686.0
7475696.0
7475706.0
7475716.0
7475726.0
7475736.0
7475746.0
7475756.0
7475766.0
7475776.0
7475786.0
7475796.0
7475806.0
7475816.0
7475826.0
7475836.0
7475846.0
7475856.0
7475866.0
7475876.0
7475886.0
7475896.0
7475906.0
7475916.0
7475926.0
7475936.0
7475946.0
7475956.0
7475966.0
7475976.0
7475986.0
7475996.0
7476006.0
7476016.0
7476026.0
7476036.0
7476046.0
7476056.0
7476066.0
7603003.248618998
7603003.24862675
7603006.0
7603016.0
7603026.0
7603036.0
7603046.0
7603056.0
7603066.0
7603076.0
7603086.0
7603096.0
7603106.0
7603116.0
7603126.0
7603136.0
7603146.0
7603156.0
7603166.0
7603176.0
7603186.0
7603196.0
7603206.0
7603216.0
7603226.0
7603236.0
7603246.0
7603256.0
7603266.0
7603276.0
7603286.0
7603296.0
7603306.0
7603316.0
7603326.0
7603336.0
7603346.0
7603356.0
7603366.0
7603376.0
7603386.0
7603396.0
7603406.0
7603416.0
7603426.0
7603436.0
7603446.0
7603456.0
7603466.0
7603476.0
7603486.0
7603496.0
7603506.0
7603516.0
7603526.0
7603536.0
7603546.0
7603556.0
7603566.0
7603576.0
7603586.0
7603596.0
7603606.0
7603616.0
7603626.0
7603636.0
7603646.0
7603656.0
7603666.0
7603676.0
7603686.0
7603696.0
7603706.0
7603716.0
7603726.0
7603736.0
7603746.0
7603756.0
7603766.0
7603776.0
7603786.0
7603796.0
7603806.0
7603816.0
7603826.0
7603836.0
7603846.0
7603856.0
7603866.0
7603876.0
7603886.0
7603896.0
7603906.0
7603916.0
7603926.0
7603936.0
7603946.0
7603956.0
7603966.0
7603976.0
7603986.0
7726003.252548613
7726003.252556365
7726006.0
7726016.0
7726026.0
7726036.0
7726046.0
7726056.0
7726066.0
7726076.0
7726086.0
7726096.0
7726106.0
7726116.0
7726126.0
7726136.0
7726146.0
7726156.0
7726166.0
7726176.0
7726186.0
7726196.0
7726206.0
7726216.0
7726226.0
7726236.0
7726246.0
7726256.0
7726266.0
7726276.0
7726286.0
7726296.0
7726306.0
7726316.0
7726326.0
7726336.0
7726346.0
7726356.0
7726366.0
7726376.0
7726386.0
7726396.0
7726406.0
7726416.0
7726426.0
7726436.0
7726446.0
7726456.0
7726466.0
7726476.0
7726486.0
7726496.0
7726506.0
7726516.0
7726526.0
7726536.0
7726546.0
7726556.0
7726566.0
7726576.0
7726586.0
7726596.0
7726606.0
7726616.0
7726626.0
7726636.0
7726646.0
7726656.0
7726666.0
7726676.0
7726686.0
7726696.0
7726706.0
7726716.0
7726726.0
7726736.0
7726746.0
7726755.366522053
7726755.366529806
7726756.0
7726766.0
8105003.473229088
8105003.47323684
8105006.0
8105016.0
8105026.0
8105036.0
8105046.0
8105056.0
8105066.0
8105076.0
8105086.0
8105096.0
8105106.0
8105116.0
8105126.0
8105136.0
8105146.0
8105156.0
8105166.0
8105176.0
8105186.0
8105196.0
8105206.0
8105216.0
8105226.0
8105236.0
8105246.0
8105256.0
8105266.0
8105276.0
8105286.0
8105296.0
8105306.0
8105316.0
8105326.0
8105336.0
8105346.0
8105356.0
8105366.0
8105376.0
8105386.0
8105396.0
8105406.0
8105416.0
8105426.0
8105436.0
8105446.0
8105456.0
8105466.0
8105476.0
8105486.0
8105496.0
8105506.0
8105516.0
8105526.0
8105536.0
8105546.0
8105556.0
8105566.0
8105576.0
8105586.0
8105596.0
8105606.0
8105616.0
8105626.0
8105636.0
8105646.0
8105656.0
8105666.0
8105676.0
8105686.0
8105696.0
8105706.0
8105716.0
8105726.0
8105736.0
8105746.0
8105756.0
8105766.0
8105776.0
8105786.0
8105796.0
8105806.0
8105816.0
8105826.0
8105836.0
8105846.0
8105856.0
8105866.0
8105876.0
8105886.0
8105896.0
8105906.0
8105916.0
8105926.0
8105936.0
8105946.0
8105956.0
8105966.0
8105976.0
8105986.0
8105996.0
8106006.0
8106016.0
8106026.0
8106036.0
8106046.0
8106056.0
8106066.0
8106076.0
8106086.0
8106096.0
8106106.0
8106116.0
8106126.0
8106136.0
8106146.0
8277005.882056631
8277005.8820643835
8277006.0
8277015.882056631
8277015.8820643835
8277016.0
8277026.0
8277036.0
8277045.882056631
8277045.8820643835
8277046.0
8277056.0
8277066.0
8277075.41562284
8277075.415630592
8277075.814324139
8277075.814331891
8277076.0
8277085.814324139
8277085.814331891
8277086.0
8277095.817082165
8277095.817089917
8277096.0
8277105.923575553
8277105.923583305
8277106.0
8277116.0
8277125.483355332
8277125.4833630845
8277126.0
8277136.0
8277146.0
8277155.210786256
8277155.210794008
8277156.0
8277156.113025437
8277156.113033189
8277156.113040942
8277156.113048694
8277165.882056631
8277165.8820643835
8277166.0
8277176.0
8277185.449489086
8277185.449496838
8277185.848190385
8277185.848198137
8277186.0
8277195.848190385
8277195.848198137
8277196.0
8277205.848190385
8277205.848198137
8277206.0
8277216.0
8277225.483355332
8277225.4833630845
8277226.0
8277235.483355332
8277235.4833630845
8277235.882056631
8277235.8820643835
8277236.0
8277246.0
8277255.483355332
8277255.4833630845
8277256.0
8277265.483355332
8277265.4833630845
8277266.0
8277275.483355332
8277275.4833630845
8277276.0
8277285.41562284
8277285.415630592
8277285.814324139
8277285.814331891
8277286.0
8277296.0
8277305.441755062
8277305.441762814
8277305.840456361
8277305.840464113
8277306.0
8277315.848190385
8277315.848198137
8277316.0
8277326.0
8277335.483355332
8277335.4833630845
8277336.0
8277345.483355332
8277345.4833630845
8277346.0
8277355.483355332
8277355.4833630845
8277356.0
8277365.483355332
8277365.4833630845
8277366.0
8277369.781276062
8277369.781283814
8277375.882056631
8277375.8820643835
8277376.0
8277385.882056631
8277385.8820643835
8277386.0
8277396.0
8277405.874322607
8277405.8743303595
8277406.0
8277416.0
8277425.882056631
8277425.8820643835
8277426.0
8277435.874322607
8277435.8743303595
8277436.0
8277445.882056631
8277445.8820643835
8277446.0
8277455.882056631
8277455.8820643835
8277456.0
8277465.882056631
8277465.8820643835
8277466.0
8277475.882056631
8277475.8820643835
8277476.0
8277485.848190385
8277485.848198137
8277486.0
8277496.0
8277506.0
8277506.18075793
8277506.180765682
8277506.180773434
8277506.180781187
8277516.0
8277516.479459228
8277516.47946698
8277516.479474733
8277516.479482485
8277516.479490237
8277516.47949799
8277526.0
8277535.483355332
8277535.4833630845
8277535.483370837
8277535.483378589
8277535.4833863415
8277535.483394094
8277536.0
8277546.0
8277555.882056631
8277555.8820643835
8277556.0
8277565.882056631
8277565.8820643835
8277566.0
8277575.882056631
8277575.8820643835
8277576.0
8277585.848190385
8277585.848198137
8277586.0
8277596.0
8277605.882056631
8277605.8820643835
8277606.0
8277616.0
8277626.0
8277626.113025437
8277626.113033189
8277626.113040942
8277626.113048694
8277636.0
8277636.4117267355
8277636.411734488
8277636.41174224
8277636.4117499925
8277636.411757745
8277636.411765497
8277646.0
8277646.4117267355
8277646.411734488
8277646.41174224
8277646.4117499925
8277646.411757745
8277646.411765497
8277655.882056631
8277655.8820643835
8277656.0
8277665.814324139
8277665.814331891
8277666.0
8277675.882056631
8277675.8820643835
8277676.0
8277685.882056631
8277685.8820643835
8277686.0
8277695.848190385
8277695.848198137
8277696.0
8277705.848190385
8277705.848198137
8277706.0
8277715.848190385
8277715.848198137
8277716.0
8277725.814324139
8277725.814331891
8277726.0
8277735.848190385
8277735.848198137
8277736.0
8277746.0
8277756.0
8277766.0
8277776.0
8277786.0
8277796.0
8277806.0
8277816.0
8277826.0
8277836.0
8277846.0
8277856.0
8277866.0
8277876.0
8277886.0
8277896.0
8277906.0
8277916.0
8277926.0
8277936.0
8277946.0
8277956.0
8277966.0
8277976.0
8277986.0
8277996.0
8278006.0
8278016.0
8278026.0
8650004.35122467
8650006.0
8650016.0
8650026.0
8650036.0
8650046.0
8650056.0
8650066.0
8650076.0
8650086.0
8650096.0
8650106.0
8650116.0
8650126.0
8650136.0
8650146.0
8650156.0
8650166.0
8650176.0
8650186.0
8650196.0
8650206.0
8650216.0
8650226.0
8650236.0
8650246.0
8650256.0
8650266.0
8650276.0
8650286.0
8650296.0
8650306.0
8650316.0
8650326.0
8650336.0
8650346.0
8650356.0
8650366.0
8650376.0
8650386.0
8650396.0
8650406.0
8650416.0
8650426.0
8650436.0
8650446.0
8650456.0
8650466.0
8650476.0
8650486.0
8650496.0
8650506.0
8650516.0
8650526.0
8650536.0
8650546.0
8650556.0
8650566.0
8650576.0
8650586.0
8650596.0
8650606.0
8650616.0
8650626.0
8650636.0
8650646.0
8650656.0
8650666.0
8650676.0
8650686.0
8650696.0
8650706.0
8650716.0
8650726.0
8650736.0
8650746.0
8650756.0
8650766.0
8650776.0
8650786.0
8650796.0
8650806.0
8650816.0
8650826.0
8650836.0
8650846.0
8650856.0
8650866.0
8650876.0
8650886.0
8650896.0
8650906.0
8650916.0
8650926.0
8650936.0
8650946.0
8650956.0
8650966.0
8650976.0
8650986.0
8650996.0
8651006.0
8651016.0
8651026.0
8651036.0
8651046.0
8651056.0
8651066.0
8651076.0
8651086.0
8651096.0
8651106.0
8651116.0
8651126.0
8651130.53057272
8651136.0
8699006.0
8699007.533385525
8699016.0
8699017.533385525
8699026.0
8699027.533385525
8699036.0
8699037.533385525
8699046.0
8699047.533385525
8699056.0
8699057.533385525
8699066.0
8699067.533385525
8699076.0
8699077.533385525
8699086.0
8699096.0
8699097.533385525
8699106.0
8699107.533385525
8699116.0
8699117.533385525
8699126.0
8699136.0
8699146.0
8699156.0
8699166.0
8699176.0
8699186.0
8699196.0
8699206.0
8699216.0
8699226.0
8699236.0
8699246.0
8699256.0
8699266.0
8699276.0
8699286.0
8699296.0
8699306.0
8699316.0
8699326.0
8699336.0
8699346.0
8699356.0
8699366.0
8699376.0
8699386.0
8699396.0
8699406.0
8699416.0
8699426.0
8699436.0
8699446.0
8699456.0
8699466.0
8699476.0
8699486.0
8699496.0
8699506.0
8699516.0
8699526.0
8699536.0
8699546.0
8699556.0
8699566.0
8699576.0
8699586.0
8699596.0
8699606.0
8699616.0
8699626.0
8699636.0
8699646.0
8699656.0
8699666.0
8699676.0
8699686.0
8699696.0
8699706.0
8699716.0
8699726.0
8699736.0
8699746.0
8699756.0
8699766.0
8699776.0
8699786.0
8699796.0
8699806.0
8699816.0
8699826.0
8699836.0
8699846.0
8699856.0
8699866.0
8699876.0
8699886.0
8699896.0
8699906.0
8810005.669234524
8810006.0
8810015.669234524
8810016.0
8810025.669234524
8810026.0
8810035.669234524
8810036.0
8810045.669234524
8810046.0
8810055.669234524
8810056.0
8810066.0
8810076.0
8810086.0
8810096.0
8810106.0
8810116.0
8810126.0
8810136.0
8810146.0
8810156.0
8810166.0
8810176.0
8810186.0
8810196.0
8810206.0
8810216.0
8810226.0
8810236.0
8810246.0
8810256.0
8810266.0
8810276.0
8810286.0
8810296.0
8810306.0
8810316.0
8810326.0
8810336.0
8810346.0
8810356.0
8810366.0
8810376.0
8810386.0
8810396.0
8810406.0
8810416.0
8810426.0
8810436.0
8810446.0
8810456.0
8810466.0
8810476.0
8810486.0
8810496.0
8810506.0
8810516.0
8810526.0
8810536.0
8810546.0
8810556.0
8810566.0
8810576.0
8810586.0
8810596.0
8810606.0
8810616.0
8810626.0
8810636.0
8810646.0
8810656.0
8810666.0
8810676.0
8810686.0
8810696.0
8810706.0
8810716.0
8810726.0
8810736.0
8810746.0
8810756.0
8810766.0
8810776.0
8810786.0
8810796.0
8810806.0
8810816.0
8810826.0
8810836.0
8810846.0
8810856.0
8810866.0
8810876.0
8810886.0
8810896.0
8810906.0
8810916.0
8810926.0
8810936.0
8810946.0
8810956.0
8810966.0
8810976.0
8810986.0
8810996.0
8811006.0
8811016.0
8811026.0
8811036.0
8811046.0
8811056.0
8811066.0
8811076.0
8811086.0
8811096.0
8811106.0
8811116.0
8811126.0
8811136.0
8811146.0
8811156.0
8811166.0
8934002.417679558
8934006.0
8934016.0
8934026.0
8934036.0
8934046.0
8934053.563800164
8934056.0
8934066.0
8934076.0
8934086.0
8934096.0
8934106.0
8934116.0
8934126.0
8934136.0
8934146.0
8934156.0
8934166.0
8934176.0
8934186.0
8934196.0
8934206.0
8934216.0
8934226.0
8934236.0
8934246.0
8934256.0
8934266.0
8934276.0
8934286.0
8934296.0
8934306.0
8934316.0
8934326.0
8934336.0
8934346.0
8934356.0
8934366.0
8934376.0
8934386.0
8934396.0
8934406.0
8934416.0
8934426.0
8934436.0
8934446.0
8934456.0
8934466.0
8934476.0
8934486.0
8934496.0
8934506.0
8934516.0
8934526.0
8934536.0
8934546.0
8934556.0
8934566.0
8934576.0
8934586.0
8934596.0
8934606.0
8934616.0
8934626.0
8934636.0
8934646.0
8934656.0
8934666.0
8934676.0
8934686.0
8934696.0
8934706.0
8934716.0
8934726.0
8934736.0
8934746.0
8934756.0
8934766.0
8934776.0
8934786.0
8934796.0
8934806.0
8934816.0
8934826.0
8934836.0
8934846.0
8934856.0
8934866.0
8934876.0
8934886.0
8934896.0
9153006.0
9153008.58792844
9153016.0
9153026.0
9153028.58792844
9153036.0
9153038.58792844
9153046.0
9153048.58792844
9153056.0
9153058.58792844
9153066.0
9153068.58792844
9153076.0
9153078.58792844
9153086.0
9153088.58792844
9153096.0
9153098.58792844
9153106.0
9153108.58792844
9153116.0
9153118.58792844
9153126.0
9153128.58792844
9153136.0
9153138.58792844
9153146.0
9153156.0
9153166.0
9153168.58792844
9153176.0
9153178.58792844
9153186.0
9153188.58792844
9153196.0
9153198.58792844
9153206.0
9153208.58792844
9153216.0
9153218.58792844
9153226.0
9153228.58792844
9153236.0
9153238.58792844
9153246.0
9153248.58792844
9153256.0
9153258.58792844
9153266.0
9153268.58792844
9153276.0
9153286.0
9153288.58792844
9153296.0
9153306.0
9153308.58792844
9153316.0
9153318.58792844
9153326.0
9153336.0
9153346.0
9153348.58792844
9153356.0
9153358.58792844
9153366.0
9153368.58792844
9153376.0
9153378.58792844
9153386.0
9153388.58792844
9153396.0
9153398.58792844
9153406.0
9153408.58792844
9153416.0
9153426.0
9153428.58792844
9153436.0
9153438.58792844
9153446.0
9153448.58792844
9153456.0
9153458.58792844
9153466.0
9153468.58792844
9153476.0
9153478.58792844
9153486.0
9153488.58792844
9153496.0
9153498.58792844
9153506.0
9153508.58792844
9153516.0
9153518.58792844
9153526.0
9153528.58792844
9153536.0
9153538.58792844
9153546.0
9153548.58792844
9153556.0
9153558.58792844
9153566.0
9153568.58792844
9153576.0
9153578.58792844
9153586.0
9153588.58792844
9153596.0
9153598.58792844
9153606.0
9153608.58792844
9153616.0
9153618.58792844
9153626.0
9153628.58792844
9153636.0
9153638.58792844
9153646.0
9153648.58792844
9153656.0
9153666.0
9153668.58792844
9153676.0
9153686.0
9153688.58792844
9153696.0
9153698.58792844
9153706.0
9153708.58792844
9153716.0
9153718.58792844
9153726.0
9153728.58792844
9153736.0
9153738.58792844
9153746.0
9153748.58792844
9153756.0
9153758.58792844
9153766.0
9153768.58792844
9153776.0
9153778.58792844
9153786.0
9153788.58792844
9153796.0
9153798.58792844
9153806.0
9153808.58792844
9153816.0
9153818.58792844
9153826.0
9153828.58792844
9153836.0
9153838.58792844
9153846.0
9153848.58792844
9153856.0
9153858.58792844
9153866.0
9153876.0
9153886.0
9153896.0
9153906.0
9153916.0
9559004.961722892
9559006.0
9559014.961722892
9559016.0
9559026.0
9559034.961722892
9559036.0
9559044.961722892
9559046.0
9559054.961722892
9559056.0
9559066.0
9559074.961722892
9559076.0
9559084.961722892
9559086.0
9559094.961722892
9559096.0
9559104.961722892
9559106.0
9559114.961722892
9559116.0
9559124.961722892
9559126.0
9559136.0
9559146.0
9559156.0
9559166.0
9559176.0
9559186.0
9559196.0
9559206.0
9559216.0
9559226.0
9559236.0
9559246.0
9559256.0
9559266.0
9559276.0
9559286.0
9559296.0
9559306.0
9559316.0
9559326.0
9559336.0
9559346.0
9559356.0
9559366.0
9559376.0
9559386.0
9559396.0
9559406.0
9559416.0
9559426.0
9559436.0
9559446.0
9559456.0
9559466.0
9559476.0
9559486.0
9559496.0
9559506.0
9559516.0
9559526.0
9559536.0
9559546.0
9559556.0
9559566.0
9559576.0
9559586.0
9559596.0
9559606.0
9559616.0
9559626.0
9559636.0
9559646.0
9559656.0
9559666.0
9559676.0
9559686.0
9559696.0
9559706.0
9559716.0
9559726.0
9559736.0
9559746.0
9559756.0
9559766.0
9559776.0
9559786.0
9559796.0
9559806.0
9559816.0
9559826.0
9559836.0
9559846.0
9559856.0
9559866.0
9559876.0
9559886.0
9559896.0
9559906.0
9559916.0
9559926.0
9559936.0
9559946.0
9559956.0
9559966.0
9559976.0
9559986.0
9559996.0
9560006.0
9560016.0
9560026.0
9560036.0
9560046.0
9560056.0
9560066.0
9560076.0
9560086.0
9560096.0
9560106.0
9560116.0
9560126.0
9560136.0
