5561001.534085599
5561001.534086725
5561006.0
5561016.0
5561026.0
5561036.0
5561046.0
5561056.0
5561066.0
5561076.0
5561086.0
5561096.0
5561106.0
5561116.0
5561126.0
5561136.0
5561146.0
5561156.0
5561166.0
5561176.0
5561186.0
5561196.0
5561206.0
5561216.0
5561226.0
5561236.0
5561246.0
5561256.0
5561266.0
5561276.0
5561286.0
5561296.0
5561306.0
5561316.0
5561326.0
5561336.0
5561346.0
5561356.0
5561366.0
5561376.0
5561386.0
5561396.0
5561406.0
5561416.0
5561426.0
5561436.0
5561446.0
5561456.0
5561466.0
5561476.0
5561486.0
5561496.0
5561506.0
5561516.0
5561526.0
5561536.0
5561537.507287233
5561537.507288359
5561546.0
5561556.0
5561566.0
5561576.0
5561586.0
5561596.0
5561606.0
5561616.0
5561626.0
5561636.0
5561646.0
5561656.0
5561666.0
5561676.0
5561686.0
5561696.0
5638004.884096521
5638004.884097647
5638006.0
5638016.0
5638026.0
5638036.0
5638046.0
5638056.0
5638066.0
5638076.0
5638086.0
5638096.0
5638106.0
5638116.0
5638126.0
5638136.0
5638146.0
5638156.0
5638166.0
5638176.0
5638186.0
5638196.0
5638206.0
5638216.0
5638226.0
5638236.0
5638246.0
5638256.0
5638266.0
5638276.0
5638286.0
5638296.0
5638306.0
5638316.0
5638326.0
5638336.0
5638346.0
5638356.0
5638366.0
5638376.0
5638386.0
5638396.0
5638406.0
5638416.0
5638426.0
5638436.0
5638446.0
5638456.0
5638466.0
5638476.0
5638486.0
5638496.0
5638506.0
5638516.0
5638526.0
5638536.0
5638546.0
5638556.0
5638566.0
5638576.0
5638586.0
5638596.0
5638606.0
5638616.0
5638626.0
5638636.0
5638646.0
5638656.0
5638666.0
5638676.0
5638686.0
5638696.0
5638706.0
5638716.0
5638726.0
5638736.0
5638746.0
5638756.0
5638766.0
5638776.0
5638786.0
5638796.0
5638806.0
5638816.0
5638826.0
5638836.0
5638846.0
5638856.0
5638866.0
5638876.0
5638886.0
5638896.0
5638906.0
5714001.848308054
5714001.84830918
5714006.0
5714016.0
5714026.0
5714036.0
5714046.0
5714056.0
5714066.0
5714076.0
5714086.0
5714096.0
5714106.0
5714116.0
5714126.0
5714136.0
5714146.0
5714156.0
5714166.0
5714176.0
5714186.0
5714196.0
5714206.0
5714216.0
5714226.0
5714236.0
5714246.0
5714256.0
5714266.0
5714276.0
5714286.0
5714296.0
5714306.0
5714316.0
5714326.0
5714336.0
5714346.0
5714356.0
5714366.0
5714376.0
5714386.0
5714396.0
5714406.0
5714416.0
5714426.0
5714436.0
5714446.0
5714456.0
5714466.0
5714476.0
5714486.0
5714496.0
5714506.0
5714516.0
5714526.0
5714536.0
5714546.0
5714556.0
5714566.0
5714576.0
5714584.664398461
5714584.664399587
5714586.0
5714596.0
5714606.0
5714616.0
5714626.0
5714636.0
5714646.0
5714656.0
5714666.0
5714676.0
5714686.0
5714696.0
5714706.0
5714716.0
5714726.0
5714736.0
5714746.0
5714756.0
5714766.0
5714776.0
5714786.0
5714796.0
5714806.0
5714816.0
5714826.0
5714836.0
5918005.296143022
5918005.296144148
5918006.0
5918015.296143022
5918015.296144148
5918016.0
5918025.893545619
5918025.893546745
5918026.0
5918036.0
5918044.897441723
5918044.897442849
5918046.0
5918054.897441723
5918054.897442849
5918056.0
5918066.0
5918076.0
5918086.0
5918096.0
5918106.0
5918116.0
5918126.0
5918136.0
5918146.0
5918156.0
5918166.0
5918176.0
5918186.0
5918196.0
5918206.0
5918216.0
5918226.0
5918236.0
5918246.0
5918256.0
5918266.0
5918276.0
5918286.0
5918296.0
5918306.0
5918316.0
5918326.0
5918336.0
5918346.0
5918356.0
5918366.0
5918376.0
5918386.0
5918396.0
5918406.0
5918416.0
5918426.0
5918436.0
5918446.0
5918456.0
5918466.0
5918476.0
5918486.0
5918496.0
5918506.0
5918516.0
5918526.0
5918536.0
5918546.0
5918556.0
5918566.0
5918576.0
5918586.0
5918596.0
5918606.0
5918616.0
5918626.0
5918636.0
5918646.0
5918656.0
5918666.0
5918676.0
5918686.0
5918696.0
5918706.0
5918716.0
5918726.0
5918736.0
5918746.0
5918756.0
5918766.0
5918776.0
5918786.0
5918796.0
5918806.0
5918816.0
5918826.0
5918836.0
5918846.0
5918856.0
5918866.0
5918876.0
5918886.0
5918896.0
5918906.0
5918916.0
5918926.0
5918936.0
5918946.0
5918956.0
5918966.0
5918976.0
5918986.0
5918996.0
5919006.0
5919016.0
5919026.0
5919036.0
5919046.0
5919056.0
5919066.0
5919076.0
5919086.0
5919096.0
5919106.0
5919116.0
5919126.0
5919136.0
6061006.0
6061009.758289777
6061016.0
6061026.0
6061029.758289777
6061036.0
6061039.758289777
6061046.0
6061056.0
6061066.0
6061076.0
6061086.0
6061096.0
6061106.0
6061116.0
6061126.0
6061136.0
6061146.0
6061156.0
6061166.0
6061176.0
6061186.0
6061196.0
6061206.0
6061216.0
6061226.0
6061236.0
6061246.0
6061256.0
6061266.0
6061276.0
6061286.0
6061296.0
6061306.0
6061316.0
6061326.0
6061336.0
6061346.0
6061356.0
6061366.0
6061376.0
6061386.0
6061396.0
6061406.0
6061416.0
6061426.0
6061436.0
6061438.330045106
6061446.0
6061456.0
6061466.0
6061476.0
6061486.0
6061496.0
6061506.0
6061516.0
6061526.0
6061536.0
6061546.0
6061556.0
6061566.0
6061576.0
6061586.0
6061596.0
6061606.0
6061616.0
6061626.0
6061636.0
6061646.0
6061656.0
6061666.0
6061676.0
6061686.0
6061696.0
6061706.0
6061716.0
6061726.0
6061736.0
6061746.0
6061756.0
