1.8396003361235347E7
1.8396003361236468E7
1.8396006E7
1.8396016E7
1.8396026E7
1.8396036E7
1.8396046E7
1.8396056E7
1.8396066E7
1.8396076E7
1.8396086E7
1.8396096E7
1.8396106E7
1.8396116E7
1.8396126E7
1.8396136E7
1.8396146E7
1.8396156E7
1.8396166E7
1.8396176E7
1.8396186E7
1.8396196E7
1.8396206E7
1.8396216E7
1.8396226E7
1.8396236E7
1.8396246E7
1.8396256E7
1.8396266E7
1.8396276E7
1.8396286E7
1.8396296E7
1.8396306E7
1.8396316E7
1.8396326E7
1.8396336E7
1.8396346E7
1.8396356E7
1.8396366E7
1.8396376E7
1.8396386E7
1.8396396E7
1.8396406E7
1.8396416E7
1.8396426E7
1.8396436E7
1.8396446E7
1.8396456E7
1.8396466E7
1.8396476E7
1.8396486E7
1.8396496E7
1.8396506E7
1.8396516E7
1.8396526E7
1.8396536E7
1.8396546E7
1.8396556E7
1.8396566E7
1.8396576E7
1.8396586E7
1.8396596E7
1.8396606E7
1.8396616E7
1.8396626E7
1.8396636E7
1.8396646E7
1.8396656E7
1.8396666E7
1.8396676E7
1.8396686E7
1.8396696E7
1.8396706E7
1.8396716E7
1.8396726E7
1.8396736E7
1.8396746E7
1.8396756E7
1.8396766E7
1.8396776E7
1.8396786E7
1.8396796E7
1.8396806E7
1.8396816E7
1.8396826E7
1.8396836E7
1.8396846E7
1.8396856E7
1.8396866E7
1.8396876E7
1.8396886E7
1.8396896E7
1.8396906E7
1.8396916E7
1.8396926E7
1.8396936E7
1.8396946E7
1.8396956E7
1.8396966E7
1.8396976E7
1.8396986E7
1.8396996E7
1.8397006E7
1.8397016E7
1.8397026E7
1.8397036E7
1.8397046E7
1.8397056E7
1.8397066E7
1.8397076E7
1.8397086E7
1.8397096E7
1.8397106E7
1.8397116E7
1.8397126E7
1.8397136E7
1.8397146E7
1.8397156E7
1.8397166E7
1.8597006E7
1.8597007861778703E7
1.8597007861779824E7
1.8597016E7
1.8597017861778703E7
1.8597017861779824E7
1.8597026E7
1.8597027861778703E7
1.8597027861779824E7
1.8597036E7
1.8597037861778703E7
1.8597037861779824E7
1.8597046E7
1.8597056E7
1.8597066E7
1.8597076E7
1.8597086E7
1.8597096E7
1.8597106E7
1.8597116E7
1.8597126E7
1.8597136E7
1.8597146E7
1.8597156E7
1.8597166E7
1.8597176E7
1.8597186E7
1.8597196E7
1.8597206E7
1.8597216E7
1.8597226E7
1.8597236E7
1.8597246E7
1.8597256E7
1.8597266E7
1.8597276E7
1.8597286E7
1.8597296E7
1.8597306E7
1.8597307671133783E7
1.8597307671134904E7
1.8597316E7
1.8597326E7
1.8597336E7
1.8597346E7
1.8597356E7
1.8597366E7
1.8597376E7
1.8597386E7
1.8597395671133783E7
1.8597395671134904E7
1.8597396E7
1.8597406E7
1.8597416E7
1.8597426E7
1.8597436E7
1.8597446E7
1.8597456E7
1.8597466E7
1.8597476E7
1.8597486E7
1.8597496E7
1.8597506E7
1.8597516E7
1.8597526E7
1.8597536E7
1.8597546E7
1.8597556E7
1.8597566E7
1.8597576E7
1.8597586E7
1.8597596E7
1.8597606E7
1.8597616E7
1.8597626E7
1.8597636E7
1.8597646E7
1.8597656E7
1.8597666E7
1.8597676E7
1.8597686E7
1.8597696E7
1.8597706E7
1.8597716E7
1.8597726E7
1.8597736E7
1.8597746E7
1.8597756E7
1.8597766E7
1.8597776E7
1.8597786E7
1.8597796E7
1.8597806E7
1.8597816E7
1.8597826E7
1.8618003199730363E7
1.8618003199731484E7
1.8618006E7
1.8618013199730363E7
1.8618013199731484E7
1.8618016E7
1.8618023199730363E7
1.8618023199731484E7
1.8618026E7
1.8618036E7
1.8618046E7
1.8618056E7
1.8618066E7
1.8618076E7
1.8618086E7
1.8618096E7
1.8618106E7
1.8618116E7
1.8618126E7
1.8618136E7
1.8618146E7
1.8618156E7
1.8618166E7
1.8618176E7
1.8618186E7
1.8618196E7
1.8618206E7
1.8618216E7
1.8618226E7
1.8618236E7
1.8618246E7
1.8618256E7
1.8618266E7
1.8618276E7
1.8618286E7
1.8618296E7
1.8618306E7
1.8618316E7
1.8618326E7
1.8618336E7
1.8618346E7
1.8618356E7
1.8618366E7
1.8618376E7
1.8618386E7
1.8618396E7
1.8618406E7
1.8618416E7
1.8618426E7
1.8618436E7
1.8618446E7
1.8618456E7
1.8618466E7
1.8618476E7
1.8618486E7
1.8618496E7
1.8618506E7
1.8618516E7
1.8618526E7
1.8618536E7
1.8618546E7
1.8618556E7
1.8618566E7
1.8618576E7
1.8618586E7
1.8618596E7
1.8618606E7
1.8618616E7
1.8618626E7
1.8618636E7
1.8618646E7
1.8618656E7
1.8618666E7
1.8618676E7
1.8618686E7
1.8618696E7
1.8618706E7
1.8618716E7
1.8618726E7
1.8618736E7
1.8618746E7
1.8618756E7
1.8618766E7
1.8618776E7
1.8618786E7
1.8618796E7
1.8618806E7
1.8618816E7
1.8618826E7
1.8618836E7
1.8618846E7
1.8618856E7
1.8618866E7
1.8618876E7
1.8618886E7
1.8618896E7
1.8618906E7
1.8618916E7
1.8618926E7
1.8618936E7
1.8618946E7
1.8618956E7
1.8618966E7
1.8618976E7
1.8788004975059956E7
1.8788006E7
1.8788014975059956E7
1.8788016E7
1.8788024975059956E7
1.8788026E7
1.8788034975059956E7
1.8788036E7
1.8788044975059956E7
1.8788046E7
1.8788056E7
1.8788066E7
1.8788076E7
1.8788086E7
1.8788096E7
1.8788101005781673E7
1.8788106E7
1.8788116E7
1.8788126E7
1.8788136E7
1.8788146E7
1.8788156E7
1.8788166E7
1.8788176E7
1.8788186E7
1.8788196E7
1.8788206E7
1.8788216E7
1.8788226E7
1.8788236E7
1.8788246E7
1.8788256E7
1.8788266E7
1.8788276E7
1.8788286E7
1.8788296E7
1.8788306E7
1.8788316E7
1.8788326E7
1.8788336E7
1.8788346E7
1.8788356E7
1.8788366E7
1.8788376E7
1.8788386E7
1.8788396E7
1.8788406E7
1.8788416E7
1.8788426E7
1.8788436E7
1.8788446E7
1.8788456E7
1.8788466E7
1.8788476E7
1.8788486E7
1.8788496E7
1.8788506E7
1.8788516E7
1.8788526E7
1.8788536E7
1.8788546E7
1.8788556E7
1.8788566E7
1.8788576E7
1.8788586E7
1.8788596E7
1.8788606E7
1.8788616E7
1.8788626E7
1.8788636E7
1.8788646E7
1.8788656E7
1.8788666E7
1.8788676E7
1.8788686E7
1.8788696E7
1.8788706E7
1.8788716E7
1.8788726E7
1.8788736E7
1.8788746E7
1.8788756E7
1.8788766E7
1.8788776E7
1.8788786E7
1.8788796E7
1.8788806E7
1.8788816E7
1.8788826E7
1.8788836E7
1.8788846E7
1.8788856E7
1.8788866E7
1.8788876E7
1.8788886E7
1.8788896E7
1.8788906E7
1.8788916E7
1.8788926E7
1.8788936E7
1.8788946E7
1.8788956E7
1.8788966E7
1.8788976E7
1.8788986E7
1.8788996E7
1.8789006E7
1.8789016E7
1.8789026E7
1.8789036E7
1.8789046E7
1.8789056E7
1.8789066E7
1.8789076E7
1.8789086E7
1.8789096E7
1.8789106E7
1.8789116E7
1.8789126E7
1.8789136E7
1.8789146E7
1.8789156E7
1.8789166E7
1.9190002012666557E7
1.9190006E7
1.9190016E7
1.9190026E7
1.9190036E7
1.9190046E7
1.9190056E7
1.9190066E7
1.9190076E7
1.9190086E7
1.9190096E7
1.9190106E7
1.9190116E7
1.9190126E7
1.9190136E7
1.9190146E7
1.9190156E7
1.9190166E7
1.9190176E7
1.9190186E7
1.9190196E7
1.9190206E7
1.9190216E7
1.9190226E7
1.9190236E7
1.9190246E7
1.9190256E7
1.9190266E7
1.9190276E7
1.9190286E7
1.9190296E7
1.9190306E7
1.9190316E7
1.9190326E7
1.9190336E7
1.9190346E7
1.9190356E7
1.9190366E7
1.9190376E7
1.9190386E7
1.9190396E7
1.9190406E7
1.9190416E7
1.9190426E7
1.9190436E7
1.9190446E7
1.9190456E7
1.9190466E7
1.9190476E7
1.9190486E7
1.9190496E7
1.9190506E7
1.9190516E7
1.9190526E7
1.9190536E7
1.9190546E7
1.9190556E7
1.9190566E7
1.9190576E7
1.9190586E7
1.9190596E7
1.9190606E7
1.9190616E7
1.9190626E7
1.9190636E7
1.9190646E7
1.9190656E7
1.9190666E7
1.9190676E7
1.9190686E7
1.9190696E7
1.9190706E7
1.9190716E7
1.9190726E7
1.9190736E7
1.9190746E7
1.9190756E7
1.9190766E7
1.9190776E7
1.9190786E7
1.9190796E7
1.9190806E7
1.9190816E7
1.9190826E7
1.9190836E7
1.9190846E7
1.9190856E7
1.9190866E7
1.9190876E7
1.9190886E7
1.9190896E7
1.9190906E7
1.9190916E7
1.9190926E7
1.9190936E7
1.9190946E7
1.9190956E7
1.9190966E7
1.9190976E7
1.9190986E7
1.9190996E7
1.9191006E7
1.9191016E7
1.9441003597037766E7
1.9441006E7
1.9441016E7
1.9441026E7
1.9441036E7
1.9441046E7
1.9441056E7
1.9441066E7
1.9441076E7
1.9441086E7
1.9441096E7
1.9441106E7
1.9441116E7
1.9441126E7
1.9441136E7
1.9441146E7
1.9441156E7
1.9441166E7
1.9441176E7
1.9441186E7
1.9441196E7
1.9441206E7
1.9441216E7
1.9441226E7
1.9441236E7
1.9441246E7
1.9441256E7
1.9441266E7
1.9441276E7
1.9441286E7
1.9441296E7
1.9441306E7
1.9441316E7
1.9441326E7
1.9441336E7
1.9441346E7
1.9441356E7
1.9441366E7
1.9441376E7
1.9441386E7
1.9441396E7
1.9441406E7
1.9441416E7
1.9441426E7
1.9441436E7
1.9441446E7
1.9441456E7
1.9441466E7
1.9441476E7
1.9441486E7
1.9441496E7
1.9441506E7
1.9441516E7
1.9441526E7
1.9441536E7
1.9441546E7
1.9441556E7
1.9441566E7
1.9441576E7
1.9441586E7
1.9441596E7
1.9441606E7
1.9441616E7
1.9441626E7
1.9441636E7
1.9441646E7
1.9441656E7
1.9441666E7
1.9441676E7
1.9441686E7
1.9441696E7
1.9441706E7
1.9441716E7
1.9441726E7
1.9441736E7
1.9441746E7
1.9441756E7
1.9441766E7
1.9441776E7
1.9441786E7
1.9441796E7
1.9441806E7
1.9441816E7
1.9441826E7
1.9441836E7
1.9441846E7
1.9441856E7
1.9441866E7
1.9441876E7
1.9441886E7
1.9441896E7
