0	10370	2233	7	0	0.0
0	10370	2233	7	0	1.4435E7
0	10369	2234	7	2	1.4436E7
0	10366	2236	6	4	1.4437E7
0	10363	2240	6	5	1.4438E7
0	10357	2244	6	8	1.4439E7
0	10351	2250	6	9	1.444E7
0	10342	2257	6	11	1.4441E7
0	10334	2264	6	9	1.4442E7
0	10328	2270	6	6	1.4443E7
0	10324	2273	6	4	1.4444E7
0	10322	2275	6	2	1.4445E7
0	10321	2276	6	0	1.4446E7
0	10321	2276	6	0	1.4447E7
0	10320	2276	6	0	1.4448E7
0	10320	2276	6	0	1.4449E7
0	10320	2276	6	0	1.445E7
0	10320	2277	6	0	1.4451E7
0	10320	2277	6	0	1.4452E7
0	10320	2277	6	0	1.4453E7
0	10320	2277	6	0	1.4454E7
0	10320	2277	6	0	1.4455E7
0	10320	2277	6	0	1.4456E7
0	10320	2277	6	0	1.4457E7
0	10320	2277	6	0	1.4458E7
0	10320	2277	6	0	1.4459E7
0	10320	2277	6	1	1.446E7
0	10319	2278	6	2	1.4461E7
0	10316	2280	6	4	1.4462E7
0	10312	2283	6	5	1.4463E7
0	10309	2286	6	3	1.4464E7
0	10308	2287	6	0	1.4465E7
0	10308	2287	6	0	1.4466E7
0	10308	2287	6	0	1.4467E7
0	10308	2287	6	0	1.4468E7
0	10308	2287	6	0	1.4469E7
0	10308	2287	6	0	1.447E7
0	10308	2287	6	0	1.4471E7
0	10308	2287	6	0	1.4472E7
0	10308	2287	6	0	1.4473E7
0	10308	2287	6	0	1.4474E7
0	10308	2287	6	0	1.4475E7
0	10308	2287	6	0	1.4476E7
0	10308	2287	6	0	1.4477E7
0	10308	2287	6	0	1.4478E7
0	10308	2287	6	0	1.4479E7
0	10308	2287	6	0	1.448E7
0	10308	2287	6	0	1.4481E7
0	10308	2287	6	0	1.4482E7
0	10308	2287	6	0	1.4483E7
0	10308	2287	6	0	1.4484E7
0	10308	2287	6	1	1.4485E7
0	10306	2289	6	3	1.4486E7
0	10303	2292	6	5	1.4487E7
0	10298	2296	6	7	1.4488E7
0	10292	2302	6	9	1.4489E7
0	10286	2308	6	6	1.449E7
0	10282	2311	6	4	1.4491E7
0	10280	2314	6	3	1.4492E7
0	10277	2316	6	3	1.4493E7
0	10274	2319	6	5	1.4494E7
0	10269	2323	6	6	1.4495E7
0	10263	2328	6	8	1.4496E7
0	10256	2334	6	10	1.4497E7
0	10249	2340	6	7	1.4498E7
0	10244	2344	6	4	1.4499E7
0	10242	2346	6	2	1.45E7
0	10240	2348	6	1	1.4501E7
0	10242	2351	6	1	1.4502E7
0	10240	2352	6	3	1.4503E7
0	10236	2355	6	5	1.4504E7
0	10231	2360	6	7	1.4505E7
0	10225	2365	6	9	1.4506E7
0	10217	2372	6	11	1.4507E7
0	10208	2380	6	13	1.4508E7
0	10198	2389	6	13	1.4509E7
0	10188	2397	6	13	1.451E7
0	10178	2406	6	13	1.4511E7
0	10168	2414	6	13	1.4512E7
0	10158	2423	6	13	1.4513E7
0	10148	2432	6	13	1.4514E7
0	10138	2440	6	13	1.4515E7
0	10128	2449	6	13	1.4516E7
0	10118	2457	6	13	1.4517E7
0	10108	2466	6	13	1.4518E7
0	10098	2474	6	13	1.4519E7
0	10089	2483	6	13	1.452E7
0	10079	2492	6	13	1.4521E7
0	10069	2500	6	13	1.4522E7
0	10059	2509	6	13	1.4523E7
0	10049	2518	6	13	1.4524E7
0	10039	2526	6	13	1.4525E7
0	10029	2535	6	13	1.4526E7
0	10019	2543	6	11	1.4527E7
0	10012	2550	6	8	1.4528E7
0	10006	2554	6	5	1.4529E7
0	10003	2557	6	3	1.453E7
0	10001	2559	6	1	1.4531E7
0	10000	2560	6	0	1.4532E7
0	9999	2560	6	0	1.4533E7
0	9999	2560	6	0	1.4534E7
0	9999	2560	6	0	1.4535E7
0	9999	2560	6	0	1.4536E7
0	9999	2560	6	0	1.4537E7
0	9999	2560	6	0	1.4538E7
0	9999	2560	6	0	1.4539E7
0	9999	2560	6	0	1.454E7
0	9999	2560	6	0	1.4541E7
0	9999	2560	6	0	1.4542E7
0	9999	2560	6	0	1.4543E7
0	9999	2560	6	0	1.4544E7
0	9999	2560	6	0	1.4545E7
0	9999	2560	6	0	1.4546E7
0	9999	2560	6	0	1.4547E7
0	9999	2560	6	0	1.4548E7
0	9999	2560	6	0	1.4549E7
0	9999	2560	6	0	1.455E7
0	9999	2560	6	0	1.4551E7
0	9999	2560	6	0	1.4552E7
0	9999	2560	6	0	1.4553E7
0	9999	2560	6	0	1.4554E7
0	9999	2560	6	0	1.4555E7
0	9999	2560	6	0	1.4556E7
0	9999	2560	6	0	1.4557E7
0	9999	2560	6	0	1.4558E7
0	9999	2560	6	0	1.4559E7
0	9999	2560	6	0	1.456E7
0	9999	2560	6	0	1.4561E7
0	9999	2560	6	0	1.4562E7
0	9999	2560	6	0	1.4563E7
0	9999	2560	6	0	1.4564E7
0	9999	2560	6	0	1.4565E7
0	9999	2560	6	0	1.4566E7
0	9999	2560	6	0	1.4567E7
0	9999	2560	6	0	1.4568E7
0	9999	2560	6	0	1.4569E7
0	9999	2560	6	0	1.457E7
0	9999	2560	6	0	1.4571E7
0	9999	2560	6	0	1.4572E7
0	9999	2560	6	0	1.4573E7
0	9999	2560	6	0	1.4574E7
0	9999	2560	6	0	1.4575E7
0	9999	2560	6	0	1.4576E7
0	9999	2560	6	0	1.4577E7
0	9999	2560	6	0	1.4578E7
0	9999	2560	6	0	1.4579E7
0	9999	2560	6	0	1.458E7
0	9999	2560	6	0	1.4581E7
0	9998	2561	6	2	1.4582E7
0	9996	2564	6	4	1.4583E7
0	9992	2567	6	6	1.4584E7
0	9986	2572	6	8	1.4585E7
0	9979	2579	6	10	1.4586E7
0	9971	2586	6	12	1.4587E7
0	9961	2595	6	13	1.4588E7
0	9951	2603	6	13	1.4589E7
0	9942	2612	6	13	1.459E7
0	9932	2621	6	13	1.4591E7
0	9922	2630	6	13	1.4592E7
0	9913	2639	6	13	1.4593E7
0	9903	2647	6	13	1.4594E7
0	9893	2656	6	13	1.4595E7
0	9883	2665	6	13	1.4596E7
0	9873	2673	6	13	1.4597E7
0	9863	2682	6	13	1.4598E7
0	9853	2690	6	13	1.4599E7
0	9843	2699	6	13	1.46E7
0	9833	2707	6	13	1.4601E7
0	9823	2716	6	13	1.4602E7
0	9813	2725	6	13	1.4603E7
0	9803	2733	6	13	1.4604E7
0	9793	2742	6	13	1.4605E7
0	9783	2750	6	13	1.4606E7
0	9773	2759	6	13	1.4607E7
0	9763	2767	6	13	1.4608E7
0	9754	2776	6	13	1.4609E7
0	9744	2785	6	13	1.461E7
0	9734	2793	6	13	1.4611E7
0	9724	2802	6	13	1.4612E7
0	9714	2811	6	13	1.4613E7
0	9704	2819	6	13	1.4614E7
0	9693	2827	6	13	1.4615E7
0	9683	2835	6	13	1.4616E7
0	9671	2842	6	13	1.4617E7
0	9661	2851	6	13	1.4618E7
0	9652	2859	6	13	1.4619E7
0	9642	2868	6	13	1.462E7
0	9632	2877	6	13	1.4621E7
0	9622	2885	6	12	1.4622E7
0	9614	2893	6	10	1.4623E7
0	9607	2899	6	7	1.4624E7
0	9602	2903	6	5	1.4625E7
0	9598	2906	6	4	1.4626E7
0	9595	2909	6	2	1.4627E7
0	9594	2910	6	1	1.4628E7
0	9593	2911	6	0	1.4629E7
0	9593	2911	6	0	1.463E7
0	9593	2911	6	0	1.4631E7
0	9592	2911	6	0	1.4632E7
0	9592	2911	6	0	1.4633E7
0	9592	2911	6	0	1.4634E7
0	9592	2911	6	0	1.4635E7
0	9592	2911	6	0	1.4636E7
0	9592	2911	6	0	1.4637E7
0	9592	2911	6	0	1.4638E7
0	9592	2911	6	0	1.4639E7
0	9592	2911	6	0	1.464E7
0	9592	2911	6	0	1.4641E7
0	9592	2912	6	1	1.4642E7
0	9590	2913	6	3	1.4643E7
0	9587	2916	6	5	1.4644E7
0	9582	2920	6	7	1.4645E7
0	9576	2925	6	8	1.4646E7
0	9569	2932	6	10	1.4647E7
0	9560	2940	6	11	1.4648E7
0	9553	2946	6	9	1.4649E7
0	9547	2952	6	7	1.465E7
0	9542	2956	6	5	1.4651E7
0	9539	2959	6	3	1.4652E7
0	9537	2960	6	1	1.4653E7
0	9536	2961	6	0	1.4654E7
0	9536	2961	6	0	1.4655E7
0	9536	2961	6	0	1.4656E7
0	9536	2961	6	0	1.4657E7
0	9536	2961	6	0	1.4658E7
0	9536	2961	6	0	1.4659E7
0	9536	2961	6	0	1.466E7
0	9536	2961	6	0	1.4661E7
0	9536	2961	6	0	1.4662E7
0	9536	2961	6	0	1.4663E7
0	9536	2961	6	0	1.4664E7
0	9536	2961	6	0	1.4665E7
0	9536	2961	6	0	1.4666E7
0	9536	2961	6	0	1.4667E7
0	9536	2961	6	0	1.4668E7
0	9536	2961	6	0	1.4669E7
0	9536	2961	6	0	1.467E7
0	9536	2961	6	0	1.4671E7
0	9535	2962	6	0	1.4672E7
0	9534	2962	6	2	1.4673E7
0	9532	2964	6	3	1.4674E7
0	9529	2967	6	5	1.4675E7
0	9525	2970	6	3	1.4676E7
0	9523	2972	6	0	1.4677E7
0	9523	2972	6	0	1.4678E7
0	9523	2972	6	0	1.4679E7
0	9523	2972	6	0	1.468E7
0	9523	2972	6	0	1.4681E7
0	9523	2972	6	0	1.4682E7
0	9523	2972	6	0	1.4683E7
0	9523	2972	6	0	1.4684E7
0	9523	2972	6	0	1.4685E7
0	9523	2972	6	0	1.4686E7
0	9523	2972	6	0	1.4687E7
0	9523	2972	6	0	1.4688E7
0	9523	2972	6	0	1.4689E7
0	9523	2972	6	0	1.469E7
0	9523	2972	6	0	1.4691E7
0	9523	2972	6	0	1.4692E7
0	9523	2972	6	0	1.4693E7
0	9523	2972	6	0	1.4694E7
0	9523	2972	6	0	1.4695E7
0	9523	2972	6	0	1.4696E7
0	9523	2972	6	0	1.4697E7
0	9522	2973	6	3	1.4698E7
0	9518	2976	6	5	1.4699E7
0	9513	2980	6	7	1.47E7
0	9507	2985	6	9	1.4701E7
0	9500	2992	6	11	1.4702E7
0	9490	2999	6	12	1.4703E7
0	9480	3008	6	13	1.4704E7
0	9470	3016	6	13	1.4705E7
0	9460	3025	6	13	1.4706E7
0	9450	3033	6	13	1.4707E7
0	9440	3041	6	13	1.4708E7
0	9429	3049	6	13	1.4709E7
0	9419	3057	6	13	1.471E7
0	9409	3066	6	13	1.4711E7
0	9399	3074	6	13	1.4712E7
0	9388	3082	6	13	1.4713E7
0	9378	3090	6	13	1.4714E7
0	9367	3098	6	13	1.4715E7
0	9357	3105	6	13	1.4716E7
0	9346	3113	6	13	1.4717E7
0	9336	3121	6	13	1.4718E7
0	9325	3129	6	13	1.4719E7
0	9314	3136	6	13	1.472E7
0	9304	3144	6	13	1.4721E7
0	9293	3151	6	13	1.4722E7
0	9282	3159	6	13	1.4723E7
0	9272	3167	6	13	1.4724E7
0	9261	3174	6	13	1.4725E7
0	9250	3182	6	13	1.4726E7
0	9240	3190	6	13	1.4727E7
0	9229	3197	6	13	1.4728E7
0	9218	3205	6	13	1.4729E7
0	9208	3212	6	13	1.473E7
0	9196	3219	6	13	1.4731E7
0	9185	3226	6	13	1.4732E7
0	9174	3233	6	13	1.4733E7
0	9163	3239	6	13	1.4734E7
0	9151	3246	6	13	1.4735E7
0	9140	3253	6	13	1.4736E7
0	9129	3260	6	13	1.4737E7
0	9118	3266	6	13	1.4738E7
0	9106	3273	6	13	1.4739E7
0	9095	3280	6	13	1.474E7
0	9084	3287	6	13	1.4741E7
0	9073	3293	6	13	1.4742E7
0	9061	3299	6	13	1.4743E7
0	9050	3306	6	13	1.4744E7
0	9038	3312	6	13	1.4745E7
0	9027	3318	6	13	1.4746E7
0	9015	3325	6	12	1.4747E7
0	9006	3330	6	8	1.4748E7
0	9000	3334	6	6	1.4749E7
0	8996	3336	6	3	1.475E7
0	8994	3337	6	0	1.4751E7
0	8994	3337	6	0	1.4752E7
0	8994	3337	6	0	1.4753E7
0	8994	3337	6	0	1.4754E7
0	8994	3337	6	0	1.4755E7
0	8994	3337	6	0	1.4756E7
0	8994	3337	6	0	1.4757E7
0	8994	3337	6	0	1.4758E7
0	8994	3337	6	0	1.4759E7
0	8994	3337	6	0	1.476E7
0	8994	3337	6	0	1.4761E7
0	8994	3337	6	0	1.4762E7
0	8994	3337	6	0	1.4763E7
0	8994	3337	6	0	1.4764E7
0	8994	3337	6	0	1.4765E7
0	8994	3337	6	0	1.4766E7
0	8994	3337	6	0	1.4767E7
0	8994	3337	6	0	1.4768E7
0	8994	3337	6	0	1.4769E7
0	8994	3337	6	0	1.477E7
0	8993	3337	6	0	1.4771E7
0	8992	3338	6	3	1.4772E7
0	8988	3340	6	5	1.4773E7
0	8983	3343	6	6	1.4774E7
0	8976	3346	6	8	1.4775E7
0	8967	3351	6	10	1.4776E7
0	8956	3356	6	12	1.4777E7
0	8945	3363	6	13	1.4778E7
0	8933	3368	6	13	1.4779E7
0	8921	3374	6	13	1.478E7
0	8909	3380	6	13	1.4781E7
0	8898	3385	6	13	1.4782E7
0	8886	3391	6	13	1.4783E7
0	8874	3396	6	13	1.4784E7
0	8862	3402	6	13	1.4785E7
0	8850	3408	6	13	1.4786E7
0	8838	3414	6	13	1.4787E7
0	8826	3419	6	13	1.4788E7
0	8814	3425	6	13	1.4789E7
0	8802	3430	6	13	1.479E7
0	8790	3435	6	13	1.4791E7
0	8778	3441	6	13	1.4792E7
0	8766	3446	6	13	1.4793E7
0	8754	3452	6	13	1.4794E7
0	8742	3457	6	13	1.4795E7
0	8730	3462	5	13	1.4796E7
0	8718	3467	5	13	1.4797E7
0	8706	3472	5	13	1.4798E7
0	8694	3476	5	13	1.4799E7
0	8681	3481	5	13	1.48E7
0	8669	3486	5	13	1.4801E7
0	8657	3491	5	13	1.4802E7
0	8645	3496	5	13	1.4803E7
0	8633	3500	5	13	1.4804E7
0	8620	3505	5	13	1.4805E7
0	8608	3509	5	13	1.4806E7
0	8595	3513	5	13	1.4807E7
0	8583	3518	5	13	1.4808E7
0	8571	3522	5	13	1.4809E7
0	8558	3527	5	13	1.481E7
0	8546	3531	5	13	1.4811E7
0	8534	3535	5	13	1.4812E7
0	8521	3539	5	13	1.4813E7
0	8509	3543	5	13	1.4814E7
0	8496	3547	5	13	1.4815E7
0	8483	3551	5	13	1.4816E7
0	8471	3555	5	13	1.4817E7
0	8458	3559	5	13	1.4818E7
0	8446	3562	5	13	1.4819E7
0	8433	3566	5	13	1.482E7
0	8421	3570	5	13	1.4821E7
0	8408	3574	5	13	1.4822E7
0	8396	3578	5	13	1.4823E7
0	8383	3581	5	13	1.4824E7
0	8370	3585	5	13	1.4825E7
0	8358	3588	5	13	1.4826E7
0	8345	3592	5	13	1.4827E7
0	8332	3595	5	13	1.4828E7
0	8320	3598	5	13	1.4829E7
0	8307	3602	5	13	1.483E7
0	8294	3605	5	13	1.4831E7
0	8282	3608	5	13	1.4832E7
0	8269	3612	5	13	1.4833E7
0	8256	3615	5	13	1.4834E7
0	8243	3618	5	13	1.4835E7
0	8231	3621	5	13	1.4836E7
0	8219	3624	5	10	1.4837E7
0	8210	3626	5	7	1.4838E7
0	8204	3627	5	4	1.4839E7
0	8201	3628	5	2	1.484E7
0	8200	3628	5	0	1.4841E7
0	8200	3628	5	0	1.4842E7
0	8200	3628	5	0	1.4843E7
0	8200	3628	5	0	1.4844E7
0	8200	3628	5	0	1.4845E7
0	8200	3628	5	0	1.4846E7
0	8200	3628	5	0	1.4847E7
0	8200	3628	5	0	1.4848E7
0	8200	3628	5	0	1.4849E7
0	8200	3628	5	0	1.485E7
0	8200	3628	5	0	1.4851E7
0	8200	3628	5	0	1.4852E7
0	8200	3628	5	0	1.4853E7
0	8200	3628	5	0	1.4854E7
0	8200	3628	5	0	1.4855E7
0	8200	3628	5	0	1.4856E7
0	8200	3628	5	0	1.4857E7
0	8200	3628	5	0	1.4858E7
0	8200	3628	5	0	1.4859E7
0	8200	3628	5	0	1.486E7
0	8199	3628	5	1	1.4861E7
0	8197	3632	5	3	1.4862E7
0	8192	3633	5	5	1.4863E7
0	8185	3634	5	7	1.4864E7
0	8177	3635	5	9	1.4865E7
0	8167	3637	5	11	1.4866E7
0	8154	3640	5	13	1.4867E7
0	8141	3642	5	13	1.4868E7
0	8129	3644	5	13	1.4869E7
0	8116	3647	5	13	1.487E7
0	8103	3649	5	13	1.4871E7
0	8090	3653	5	13	1.4872E7
0	8077	3656	5	13	1.4873E7
0	8065	3660	5	13	1.4874E7
0	8052	3663	5	13	1.4875E7
0	8039	3666	5	13	1.4876E7
0	8026	3668	5	13	1.4877E7
0	8013	3670	5	13	1.4878E7
0	8000	3672	5	13	1.4879E7
0	7987	3674	5	13	1.488E7
0	7974	3676	5	13	1.4881E7
0	7962	3679	5	13	1.4882E7
0	7949	3681	5	13	1.4883E7
0	7936	3684	5	13	1.4884E7
0	7923	3686	5	13	1.4885E7
0	7910	3689	5	13	1.4886E7
0	7897	3691	5	13	1.4887E7
0	7884	3694	5	13	1.4888E7
0	7871	3697	5	13	1.4889E7
0	7859	3700	5	13	1.489E7
0	7846	3703	5	13	1.4891E7
0	7833	3706	5	13	1.4892E7
0	7820	3709	5	13	1.4893E7
0	7807	3712	5	13	1.4894E7
0	7794	3714	5	13	1.4895E7
0	7782	3717	5	13	1.4896E7
0	7769	3720	5	13	1.4897E7
0	7756	3722	5	13	1.4898E7
0	7743	3725	5	13	1.4899E7
0	7730	3727	5	13	1.49E7
0	7717	3730	5	13	1.4901E7
0	7704	3733	5	13	1.4902E7
0	7691	3735	5	13	1.4903E7
0	7679	3738	5	13	1.4904E7
0	7666	3740	5	13	1.4905E7
0	7653	3743	5	13	1.4906E7
0	7640	3745	5	13	1.4907E7
0	7627	3747	5	13	1.4908E7
0	7614	3750	5	13	1.4909E7
0	7601	3752	5	13	1.491E7
0	7588	3755	5	13	1.4911E7
0	7576	3760	5	13	1.4912E7
0	7563	3763	5	13	1.4913E7
0	7550	3765	5	13	1.4914E7
0	7537	3768	5	13	1.4915E7
0	7524	3770	5	13	1.4916E7
0	7511	3773	5	13	1.4917E7
0	7499	3775	5	13	1.4918E7
0	7486	3777	5	13	1.4919E7
0	7473	3780	5	13	1.492E7
0	7460	3782	5	13	1.4921E7
0	7447	3785	5	13	1.4922E7
0	7434	3787	5	13	1.4923E7
0	7421	3789	5	13	1.4924E7
0	7408	3792	5	13	1.4925E7
0	7395	3794	5	13	1.4926E7
0	7382	3797	5	13	1.4927E7
0	7369	3799	5	13	1.4928E7
0	7356	3801	5	13	1.4929E7
0	7343	3804	5	13	1.493E7
0	7331	3806	5	13	1.4931E7
0	7318	3809	5	13	1.4932E7
0	7305	3811	5	13	1.4933E7
0	7293	3817	5	13	1.4934E7
0	7280	3819	5	13	1.4935E7
0	7267	3821	5	13	1.4936E7
0	7254	3824	5	13	1.4937E7
0	7241	3826	5	13	1.4938E7
0	7228	3828	5	13	1.4939E7
0	7215	3831	5	13	1.494E7
0	7202	3833	5	13	1.4941E7
0	7189	3835	5	13	1.4942E7
0	7176	3837	5	13	1.4943E7
0	7163	3840	5	13	1.4944E7
0	7150	3842	5	13	1.4945E7
0	7137	3845	5	13	1.4946E7
0	7124	3847	5	13	1.4947E7
0	7112	3849	5	13	1.4948E7
0	7099	3852	5	13	1.4949E7
0	7086	3854	5	13	1.495E7
0	7073	3856	5	13	1.4951E7
0	7060	3859	5	13	1.4952E7
0	7047	3863	5	13	1.4953E7
0	7035	3866	5	13	1.4954E7
0	7023	3869	5	10	1.4955E7
0	7014	3871	5	7	1.4956E7
0	7009	3873	5	4	1.4957E7
0	7005	3874	5	4	1.4958E7
0	7001	3878	6	6	1.4959E7
0	7000	3886	7	8	1.496E7
0	6998	3897	7	10	1.4961E7
0	7001	3908	7	12	1.4962E7
0	7004	3921	7	13	1.4963E7
0	7007	3934	7	13	1.4964E7
0	7010	3947	7	13	1.4965E7
0	7014	3959	7	13	1.4966E7
0	7017	3971	7	11	1.4967E7
0	7020	3981	7	8	1.4968E7
0	7022	3988	7	5	1.4969E7
0	7024	3992	7	3	1.497E7
0	7024	3994	7	0	1.4971E7
0	7024	3994	7	0	1.4972E7
0	7024	3994	7	0	1.4973E7
0	7024	3994	7	0	1.4974E7
0	7024	3994	7	0	1.4975E7
0	7024	3994	7	0	1.4976E7
0	7024	3994	7	0	1.4977E7
0	7024	3994	7	0	1.4978E7
0	7024	3994	7	0	1.4979E7
0	7024	3994	7	0	1.498E7
0	7024	3994	7	0	1.4981E7
0	7024	3994	7	0	1.4982E7
0	7024	3994	7	0	1.4983E7
0	7024	3994	7	0	1.4984E7
0	7024	3994	7	0	1.4985E7
0	7024	3994	7	0	1.4986E7
0	7024	3994	7	0	1.4987E7
0	7024	3994	7	0	1.4988E7
0	7024	3994	7	0	1.4989E7
0	7024	3994	7	0	1.499E7
0	7024	3994	7	1	1.4991E7
0	7025	3996	7	3	1.4992E7
0	7026	4001	7	5	1.4993E7
0	7028	4007	7	7	1.4994E7
0	7030	4015	7	9	1.4995E7
0	7033	4024	7	11	1.4996E7
0	7037	4036	7	13	1.4997E7
0	7041	4049	7	13	1.4998E7
0	7044	4061	7	13	1.4999E7
0	7048	4074	7	13	1.5E7
0	7052	4086	7	13	1.5001E7
0	7055	4099	7	13	1.5002E7
0	7059	4111	7	13	1.5003E7
0	7063	4124	7	13	1.5004E7
