1.841200282835481E7
1.841200282835594E7
1.8412006E7
1.841201415442184E7
1.841201415442297E7
1.8412016E7
1.8412026E7
1.8412036E7
1.8412046E7
1.8412056E7
1.8412066E7
1.8412076E7
1.8412086E7
1.8412096E7
1.841209715442184E7
1.841209715442297E7
1.8412106E7
1.8412116E7
1.8412126E7
1.8412136E7
1.8412146E7
1.8412156E7
1.8412166E7
1.8412176E7
1.8412186E7
1.8412196E7
1.8412206E7
1.8412216E7
1.8412226E7
1.8412236E7
1.8412246E7
1.8412256E7
1.8412266E7
1.8412276E7
1.8412286E7
1.8412296E7
1.8412306E7
1.8412316E7
1.8412326E7
1.8412336E7
1.8412346E7
1.8412356E7
1.8412366E7
1.8412376E7
1.8412386E7
1.8412396E7
1.8412406E7
1.8412416E7
1.8412426E7
1.8412436E7
1.8412446E7
1.8412456E7
1.8412466E7
1.8412476E7
1.8412486E7
1.8412496E7
1.8412506E7
1.8412516E7
1.8412526E7
1.8412536E7
1.8412546E7
1.8412556E7
1.8412566E7
1.8412576E7
1.8412586E7
1.8412596E7
1.8412606E7
1.8412616E7
1.8412626E7
1.8412636E7
1.8412646E7
1.8412656E7
1.8412666E7
1.8412676E7
1.8412686E7
1.8412696E7
1.8412706E7
1.8412716E7
1.8412726E7
1.8412736E7
1.8412746E7
1.8412756E7
1.8412766E7
1.8412776E7
1.8412786E7
1.8412796E7
1.8412806E7
1.8412816E7
1.8412826E7
1.8412836E7
1.8412846E7
1.8412856E7
1.8412866E7
1.8412876E7
1.8412886E7
1.8412896E7
1.8412906E7
1.8412916E7
1.8412926E7
1.8412936E7
1.8412946E7
1.8412956E7
1.8412966E7
1.8412976E7
1.8412986E7
1.8412996E7
1.8413006E7
1.8413016E7
1.8413026E7
1.8413036E7
1.8413046E7
1.8413056E7
1.858100203838751E7
1.858100203838864E7
1.8581006E7
1.8581016E7
1.8581026E7
1.8581036E7
1.8581046E7
1.8581056E7
1.8581066E7
1.8581076E7
1.8581086E7
1.8581096E7
1.8581106E7
1.8581116E7
1.8581126E7
1.8581136E7
1.8581146E7
1.8581156E7
1.8581166E7
1.8581176E7
1.8581186E7
1.8581196E7
1.8581206E7
1.8581216E7
1.8581226E7
1.8581236E7
1.8581246E7
1.8581256E7
1.8581266E7
1.8581276E7
1.8581286E7
1.8581296E7
1.8581306E7
1.8581316E7
1.8581326E7
1.8581336E7
1.8581346E7
1.8581356E7
1.8581366E7
1.8581376E7
1.8581386E7
1.8581396E7
1.8581406E7
1.8581416E7
1.8581426E7
1.8581436E7
1.8581446E7
1.8581456E7
1.8581466E7
1.8581476E7
1.8581486E7
1.8581496E7
1.8581506E7
1.8581516E7
1.8581526E7
1.8581536E7
1.8581546E7
1.8581556E7
1.8581566E7
1.8581576E7
1.8581586E7
1.8581596E7
1.8581606E7
1.8581616E7
1.8581626E7
1.8581636E7
1.8581646E7
1.8581656E7
1.8581666E7
1.8581676E7
1.8581686E7
1.8581696E7
1.8581706E7
1.8581716E7
1.8581726E7
1.8581736E7
1.8581746E7
1.8581756E7
1.8581766E7
1.8581776E7
1.8581786E7
1.8581796E7
1.8581806E7
1.8581816E7
1.8581826E7
1.8581836E7
1.8581846E7
1.8581856E7
1.8581866E7
1.8581876E7
1.8581886E7
1.8581896E7
1.8581906E7
1.8581916E7
1.8581926E7
1.8581936E7
1.8581946E7
1.8581956E7
1.8581966E7
1.8581976E7
1.8581986E7
1.8581996E7
1.8582006E7
1.8582016E7
1.8582026E7
1.8582036E7
1.8582046E7
1.8582056E7
1.8582066E7
1.8582076E7
1.8582086E7
1.8582096E7
1.8582106E7
1.8750006E7
1.8750016E7
1.8750026E7
1.8750036E7
1.8750046E7
1.8750056E7
1.8750066E7
1.8750076E7
1.8750086E7
1.8750096E7
1.8750106E7
1.8750116E7
1.8750126E7
1.8750136E7
1.8750146E7
1.8750156E7
1.8750166E7
1.8750176E7
1.8750186E7
1.8750196E7
1.8750206E7
1.8750216E7
1.8750226E7
1.8750236E7
1.8750246E7
1.8750256E7
1.8750266E7
1.8750276E7
1.8750286E7
1.8750296E7
1.8750306E7
1.8750316E7
1.8750326E7
1.8750336E7
1.8750346E7
1.8750356E7
1.8750366E7
1.8750376E7
1.8750386E7
1.8750396E7
1.8750406E7
1.8750416E7
1.8750426E7
1.8750436E7
1.8750446E7
1.8750456E7
1.8750466E7
1.8750476E7
1.8750486E7
1.8750496E7
1.8750506E7
1.8750516E7
1.8750526E7
1.8750536E7
1.8750546E7
1.8750556E7
1.8750566E7
1.8750576E7
1.8750586E7
1.8750596E7
1.8750606E7
1.8750616E7
1.8750626E7
1.8750636E7
1.8750646E7
1.8750656E7
1.8750666E7
1.8750676E7
1.8750686E7
1.8750696E7
1.8750706E7
1.8750716E7
1.8750726E7
1.8750736E7
1.8750746E7
1.8750756E7
1.8750766E7
1.8750776E7
1.8750786E7
1.8750796E7
1.8750806E7
1.8750816E7
1.8750826E7
1.8750836E7
1.8750846E7
1.8750856E7
1.8750866E7
1.8750876E7
1.8750886E7
1.8750896E7
1.8900006E7
1.8900009260975335E7
1.8900009260976464E7
1.8900016E7
1.8900019260975335E7
1.8900019260976464E7
1.8900026E7
1.8900036E7
1.8900046E7
1.8900056E7
1.8900066E7
1.8900076E7
1.8900086E7
1.8900096E7
1.8900106E7
1.8900116E7
1.8900126E7
1.8900136E7
1.8900146E7
1.8900156E7
1.8900166E7
1.8900176E7
1.8900186E7
1.8900196E7
1.8900206E7
1.8900216E7
1.8900226E7
1.8900236E7
1.8900246E7
1.8900256E7
1.8900266E7
1.8900276E7
1.8900286E7
1.8900296E7
1.8900306E7
1.8900316E7
1.8900326E7
1.8900336E7
1.8900346E7
1.8900356E7
1.8900366E7
1.8900376E7
1.8900386E7
1.8900396E7
1.8900406E7
1.8900416E7
1.8900426E7
1.8900436E7
1.8900446E7
1.8900456E7
1.8900466E7
1.8900476E7
1.8900486E7
1.8900496E7
1.8900506E7
1.8900516E7
1.8900526E7
1.8900536E7
1.8900546E7
1.8900556E7
1.8900566E7
1.8900576E7
1.8900586E7
1.8900596E7
1.8900606E7
1.8900616E7
1.8900626E7
1.8900636E7
1.8900646E7
1.8900656E7
1.8900666E7
1.8900676E7
1.8900686E7
1.8900696E7
1.8900706E7
1.8900716E7
1.8900726E7
1.8900736E7
1.8900746E7
1.9113006E7
1.9113016E7
1.9113026E7
1.9113036E7
1.9113046E7
1.9113056E7
1.9113066E7
1.9113076E7
1.9113086E7
1.9113096E7
1.9113106E7
1.9113116E7
1.9113126E7
1.9113136E7
1.9113146E7
1.9113156E7
1.9113166E7
1.9113176E7
1.9113186E7
1.9113196E7
1.9113206E7
1.9113216E7
1.9113226E7
1.9113236E7
1.9113246E7
1.9113256E7
1.9113266E7
1.9113276E7
1.9113286E7
1.9113296E7
1.9113306E7
1.9113316E7
1.9113326E7
1.9113336E7
1.9113346E7
1.9113356E7
1.9113366E7
1.9113376E7
1.9113386E7
1.9113396E7
1.9113406E7
1.9113416E7
1.9113426E7
1.9113436E7
1.9113446E7
1.9113456E7
1.9113466E7
1.9113476E7
1.9113486E7
1.9113496E7
1.9113506E7
1.9113516E7
1.9113526E7
1.9113536E7
1.9113546E7
1.9113556E7
1.9113566E7
1.9113576E7
1.9113586E7
1.9113596E7
1.9113606E7
1.9113616E7
1.9113626E7
1.9113636E7
1.9113646E7
1.9113656E7
1.9113666E7
1.9113676E7
1.9113686E7
1.9113696E7
1.911370283614617E7
1.9113706E7
1.9113716E7
1.9113726E7
1.9113736E7
1.9113746E7
1.9113756E7
1.9113766E7
1.9113776E7
1.9113786E7
1.9113796E7
1.9113806E7
1.9113816E7
1.9113826E7
1.9113836E7
1.9113846E7
1.9113856E7
1.9113866E7
1.9113876E7
1.9113886E7
1.9113896E7
1.9113906E7
1.9113916E7
1.9113926E7
1.9113936E7
1.9113946E7
