0	8107	8816	5	0	0.0
0	8107	8816	5	0	1.6222E7
0	8106	8817	5	2	1.6223E7
0	8105	8820	6	4	1.6224E7
0	8102	8824	6	6	1.6225E7
0	8099	8831	6	7	1.6226E7
0	8096	8836	6	4	1.6227E7
0	8095	8839	6	2	1.6228E7
0	8094	8840	6	0	1.6229E7
0	8094	8840	6	0	1.623E7
0	8094	8840	6	0	1.6231E7
0	8094	8840	6	0	1.6232E7
0	8094	8840	6	0	1.6233E7
0	8094	8840	6	0	1.6234E7
0	8094	8840	6	0	1.6235E7
0	8094	8840	6	0	1.6236E7
0	8094	8840	6	0	1.6237E7
0	8094	8840	6	0	1.6238E7
0	8094	8840	6	0	1.6239E7
0	8094	8840	6	0	1.624E7
0	8094	8840	6	0	1.6241E7
0	8094	8840	6	0	1.6242E7
0	8094	8840	6	0	1.6243E7
0	8094	8840	6	0	1.6244E7
0	8094	8840	6	0	1.6245E7
0	8094	8840	6	0	1.6246E7
0	8094	8840	6	0	1.6247E7
0	8094	8840	6	0	1.6248E7
0	8094	8841	6	2	1.6249E7
0	8093	8844	6	4	1.625E7
0	8091	8847	6	3	1.6251E7
0	8089	8851	6	5	1.6252E7
0	8083	8852	6	7	1.6253E7
0	8076	8847	4	9	1.6254E7
0	8067	8841	4	11	1.6255E7
0	8057	8835	4	12	1.6256E7
0	8047	8828	4	11	1.6257E7
0	8036	8822	4	11	1.6258E7
0	8026	8815	4	12	1.6259E7
0	8016	8809	4	12	1.626E7
0	8006	8802	4	12	1.6261E7
0	7996	8796	4	12	1.6262E7
0	7985	8789	4	12	1.6263E7
0	7975	8783	4	12	1.6264E7
0	7965	8777	4	12	1.6265E7
0	7955	8770	4	12	1.6266E7
0	7945	8763	4	12	1.6267E7
0	7935	8756	4	12	1.6268E7
0	7926	8749	4	12	1.6269E7
0	7916	8742	4	12	1.627E7
0	7907	8734	4	12	1.6271E7
0	7897	8726	4	12	1.6272E7
0	7888	8719	4	12	1.6273E7
0	7879	8711	4	11	1.6274E7
0	7870	8703	4	12	1.6275E7
0	7861	8694	4	12	1.6276E7
0	7853	8686	4	11	1.6277E7
0	7844	8677	4	12	1.6278E7
0	7836	8668	4	12	1.6279E7
0	7828	8659	4	11	1.628E7
0	7820	8651	4	12	1.6281E7
0	7812	8641	4	12	1.6282E7
0	7804	8632	4	12	1.6283E7
0	7796	8623	4	12	1.6284E7
0	7789	8614	4	12	1.6285E7
0	7781	8605	4	12	1.6286E7
0	7773	8595	4	12	1.6287E7
0	7766	8586	4	12	1.6288E7
0	7758	8576	4	12	1.6289E7
0	7750	8567	4	12	1.629E7
0	7743	8558	4	12	1.6291E7
0	7735	8549	4	12	1.6292E7
0	7727	8540	4	11	1.6293E7
0	7719	8531	4	12	1.6294E7
0	7711	8522	4	12	1.6295E7
0	7702	8513	4	11	1.6296E7
0	7694	8505	4	12	1.6297E7
0	7685	8497	4	12	1.6298E7
0	7676	8488	4	12	1.6299E7
0	7667	8480	4	12	1.63E7
0	7658	8473	4	12	1.6301E7
0	7649	8465	4	12	1.6302E7
0	7639	8457	4	12	1.6303E7
0	7630	8450	4	12	1.6304E7
0	7620	8442	4	12	1.6305E7
0	7610	8436	4	12	1.6306E7
0	7600	8429	4	12	1.6307E7
0	7591	8421	4	12	1.6308E7
0	7584	8414	4	12	1.6309E7
0	7587	8402	3	12	1.631E7
0	7583	8390	3	12	1.6311E7
0	7574	8381	4	12	1.6312E7
0	7562	8377	5	12	1.6313E7
0	7549	8381	5	12	1.6314E7
0	7540	8384	5	13	1.6315E7
0	7527	8377	4	14	1.6316E7
0	7515	8370	4	14	1.6317E7
0	7505	8361	4	11	1.6318E7
0	7498	8355	4	8	1.6319E7
0	7493	8350	4	5	1.632E7
0	7490	8347	4	3	1.6321E7
0	7488	8346	4	0	1.6322E7
0	7488	8346	4	0	1.6323E7
0	7488	8346	4	0	1.6324E7
0	7488	8346	4	0	1.6325E7
0	7488	8346	4	0	1.6326E7
0	7488	8346	4	0	1.6327E7
0	7488	8346	4	0	1.6328E7
0	7488	8346	4	0	1.6329E7
0	7488	8346	4	0	1.633E7
0	7488	8346	4	0	1.6331E7
0	7488	8346	4	0	1.6332E7
0	7488	8346	4	0	1.6333E7
0	7488	8346	4	0	1.6334E7
0	7488	8346	4	0	1.6335E7
0	7488	8346	4	0	1.6336E7
0	7488	8346	4	0	1.6337E7
0	7488	8346	4	0	1.6338E7
0	7488	8346	4	0	1.6339E7
0	7488	8346	4	0	1.634E7
0	7488	8346	4	0	1.6341E7
0	7488	8346	4	1	1.6342E7
0	7486	8344	4	3	1.6343E7
0	7483	8341	4	5	1.6344E7
0	7478	8337	4	7	1.6345E7
0	7472	8331	4	9	1.6346E7
0	7465	8324	4	11	1.6347E7
0	7456	8315	4	13	1.6348E7
0	7447	8305	4	14	1.6349E7
0	7437	8294	4	14	1.635E7
0	7427	8284	4	14	1.6351E7
0	7418	8273	4	14	1.6352E7
0	7408	8262	4	14	1.6353E7
0	7399	8251	4	14	1.6354E7
0	7390	8240	4	14	1.6355E7
0	7380	8229	4	14	1.6356E7
0	7370	8220	4	13	1.6357E7
0	7370	8209	3	12	1.6358E7
0	7368	8196	3	12	1.6359E7
0	7360	8186	4	12	1.636E7
0	7359	8177	3	12	1.6361E7
0	7363	8165	3	11	1.6362E7
0	7368	8154	3	12	1.6363E7
0	7372	8143	3	12	1.6364E7
0	7377	8132	3	12	1.6365E7
0	7382	8121	2	12	1.6366E7
0	7388	8110	2	11	1.6367E7
0	7392	8101	2	8	1.6368E7
0	7396	8095	2	5	1.6369E7
0	7398	8091	2	3	1.637E7
0	7399	8089	2	0	1.6371E7
0	7399	8089	2	0	1.6372E7
0	7399	8089	2	0	1.6373E7
0	7399	8089	2	0	1.6374E7
0	7399	8089	2	0	1.6375E7
0	7399	8089	2	0	1.6376E7
0	7399	8089	2	0	1.6377E7
0	7399	8089	2	0	1.6378E7
0	7399	8089	2	0	1.6379E7
0	7399	8089	2	0	1.638E7
0	7399	8089	2	0	1.6381E7
0	7399	8089	2	0	1.6382E7
0	7399	8089	2	0	1.6383E7
0	7399	8089	2	0	1.6384E7
0	7399	8089	2	0	1.6385E7
0	7399	8089	2	0	1.6386E7
0	7399	8089	2	0	1.6387E7
0	7399	8089	2	0	1.6388E7
0	7399	8089	2	0	1.6389E7
0	7399	8089	2	0	1.639E7
0	7399	8089	2	0	1.6391E7
0	7400	8087	2	3	1.6392E7
0	7402	8083	2	5	1.6393E7
0	7405	8078	2	7	1.6394E7
0	7409	8071	2	8	1.6395E7
0	7414	8062	2	11	1.6396E7
0	7419	8051	2	12	1.6397E7
0	7425	8041	2	12	1.6398E7
0	7431	8030	2	12	1.6399E7
0	7437	8019	2	12	1.64E7
0	7442	8009	2	12	1.6401E7
0	7448	7998	2	12	1.6402E7
0	7454	7987	2	12	1.6403E7
0	7460	7977	2	12	1.6404E7
0	7465	7966	2	12	1.6405E7
0	7471	7955	2	12	1.6406E7
0	7476	7945	2	12	1.6407E7
0	7482	7934	2	12	1.6408E7
0	7487	7923	2	12	1.6409E7
0	7493	7912	2	12	1.641E7
0	7498	7901	2	12	1.6411E7
0	7503	7891	2	12	1.6412E7
0	7509	7880	2	12	1.6413E7
0	7514	7869	2	12	1.6414E7
0	7520	7858	2	12	1.6415E7
0	7525	7847	2	12	1.6416E7
0	7530	7837	2	12	1.6417E7
0	7535	7826	2	12	1.6418E7
0	7541	7815	2	12	1.6419E7
0	7546	7804	2	12	1.642E7
0	7552	7793	2	12	1.6421E7
0	7557	7783	2	12	1.6422E7
0	7563	7772	2	12	1.6423E7
0	7569	7761	2	12	1.6424E7
0	7574	7751	2	12	1.6425E7
0	7580	7740	2	12	1.6426E7
0	7585	7729	2	12	1.6427E7
0	7590	7718	2	12	1.6428E7
0	7594	7707	3	12	1.6429E7
0	7598	7695	3	12	1.643E7
0	7602	7684	3	12	1.6431E7
0	7605	7672	3	11	1.6432E7
0	7607	7663	3	7	1.6433E7
0	7608	7657	3	5	1.6434E7
0	7609	7653	3	2	1.6435E7
0	7609	7652	3	0	1.6436E7
0	7609	7652	3	0	1.6437E7
0	7609	7652	3	0	1.6438E7
0	7609	7652	3	0	1.6439E7
0	7609	7652	3	0	1.644E7
0	7609	7652	3	0	1.6441E7
0	7609	7652	3	0	1.6442E7
0	7609	7652	3	0	1.6443E7
0	7609	7652	3	0	1.6444E7
0	7609	7652	3	0	1.6445E7
0	7609	7652	3	0	1.6446E7
0	7609	7652	3	0	1.6447E7
0	7609	7652	3	0	1.6448E7
0	7609	7652	3	0	1.6449E7
0	7609	7652	3	0	1.645E7
0	7609	7652	3	0	1.6451E7
0	7609	7652	3	0	1.6452E7
0	7609	7652	3	0	1.6453E7
0	7609	7652	3	0	1.6454E7
0	7609	7652	3	0	1.6455E7
0	7609	7652	3	1	1.6456E7
0	7610	7649	3	3	1.6457E7
0	7610	7644	3	5	1.6458E7
0	7611	7637	3	7	1.6459E7
0	7612	7629	3	9	1.646E7
0	7613	7618	3	11	1.6461E7
0	7613	7606	3	12	1.6462E7
0	7611	7594	3	12	1.6463E7
0	7609	7582	3	12	1.6464E7
0	7607	7570	3	12	1.6465E7
0	7606	7558	3	12	1.6466E7
0	7605	7546	3	12	1.6467E7
0	7604	7534	3	12	1.6468E7
0	7602	7522	3	12	1.6469E7
0	7601	7510	3	12	1.647E7
0	7600	7498	3	12	1.6471E7
0	7598	7486	3	11	1.6472E7
0	7597	7474	3	12	1.6473E7
0	7593	7463	3	12	1.6474E7
0	7588	7453	4	9	1.6475E7
0	7584	7446	4	6	1.6476E7
0	7581	7441	4	4	1.6477E7
0	7580	7437	4	4	1.6478E7
0	7578	7433	4	7	1.6479E7
0	7580	7426	3	9	1.648E7
0	7584	7418	2	10	1.6481E7
0	7588	7406	3	12	1.6482E7
0	7589	7394	3	12	1.6483E7
0	7588	7382	3	12	1.6484E7
0	7588	7370	3	12	1.6485E7
0	7589	7358	3	12	1.6486E7
0	7591	7346	3	12	1.6487E7
0	7596	7335	3	12	1.6488E7
0	7602	7325	2	12	1.6489E7
0	7609	7315	2	11	1.649E7
0	7616	7305	2	12	1.6491E7
0	7623	7296	2	11	1.6492E7
0	7631	7287	2	12	1.6493E7
0	7638	7277	2	12	1.6494E7
0	7646	7268	2	12	1.6495E7
0	7653	7258	2	12	1.6496E7
0	7661	7249	2	12	1.6497E7
0	7668	7240	2	12	1.6498E7
0	7676	7231	2	12	1.6499E7
0	7684	7222	2	12	1.65E7
0	7693	7213	2	12	1.6501E7
0	7701	7205	2	12	1.6502E7
0	7710	7197	2	11	1.6503E7
0	7719	7188	2	12	1.6504E7
0	7728	7180	2	12	1.6505E7
0	7736	7172	2	12	1.6506E7
0	7745	7164	2	12	1.6507E7
0	7753	7154	2	11	1.6508E7
0	7762	7147	2	12	1.6509E7
0	7772	7140	2	12	1.651E7
0	7782	7132	2	12	1.6511E7
0	7791	7125	2	12	1.6512E7
0	7801	7118	2	12	1.6513E7
0	7811	7111	2	11	1.6514E7
0	7820	7103	2	12	1.6515E7
0	7831	7098	2	12	1.6516E7
0	7842	7092	2	12	1.6517E7
0	7853	7087	2	12	1.6518E7
0	7864	7082	2	12	1.6519E7
0	7875	7076	2	12	1.652E7
0	7885	7071	2	12	1.6521E7
0	7896	7066	2	12	1.6522E7
0	7907	7060	2	12	1.6523E7
0	7918	7055	2	12	1.6524E7
0	7929	7050	2	12	1.6525E7
0	7940	7045	2	12	1.6526E7
0	7951	7040	2	12	1.6527E7
0	7962	7035	2	12	1.6528E7
0	7973	7031	1	12	1.6529E7
0	7984	7026	1	12	1.653E7
0	7995	7022	1	10	1.6531E7
0	8003	7019	1	7	1.6532E7
0	8009	7017	1	4	1.6533E7
0	8012	7015	2	4	1.6534E7
0	8016	7011	2	6	1.6535E7
0	8016	7003	3	8	1.6536E7
0	8013	6994	3	10	1.6537E7
0	8010	6983	3	12	1.6538E7
0	8006	6971	3	12	1.6539E7
0	8002	6960	3	12	1.654E7
0	7998	6948	3	12	1.6541E7
0	7995	6937	3	12	1.6542E7
0	7991	6925	3	12	1.6543E7
0	7987	6914	3	12	1.6544E7
0	7983	6903	3	12	1.6545E7
0	7979	6891	3	12	1.6546E7
0	7976	6881	3	9	1.6547E7
0	7973	6873	3	6	1.6548E7
0	7971	6868	3	4	1.6549E7
0	7970	6865	3	2	1.655E7
0	7970	6864	3	1	1.6551E7
0	7970	6863	3	0	1.6552E7
0	7970	6863	3	0	1.6553E7
0	7970	6863	3	0	1.6554E7
0	7970	6863	3	0	1.6555E7
0	7970	6863	3	0	1.6556E7
0	7970	6863	3	0	1.6557E7
0	7970	6863	3	0	1.6558E7
0	7970	6863	3	0	1.6559E7
0	7970	6863	3	0	1.656E7
0	7970	6863	3	0	1.6561E7
0	7969	6861	3	2	1.6562E7
0	7968	6858	3	4	1.6563E7
0	7966	6853	3	6	1.6564E7
0	7964	6846	3	8	1.6565E7
0	7961	6837	3	10	1.6566E7
0	7957	6826	3	12	1.6567E7
0	7954	6815	3	12	1.6568E7
0	7950	6804	3	12	1.6569E7
0	7946	6792	3	12	1.657E7
0	7945	6780	3	12	1.6571E7
0	7941	6768	3	12	1.6572E7
0	7937	6757	3	12	1.6573E7
0	7933	6745	3	12	1.6574E7
0	7929	6734	3	12	1.6575E7
0	7925	6723	3	12	1.6576E7
0	7921	6711	3	12	1.6577E7
0	7917	6700	3	12	1.6578E7
0	7913	6689	3	12	1.6579E7
0	7909	6677	3	12	1.658E7
0	7905	6666	3	12	1.6581E7
0	7901	6654	3	12	1.6582E7
0	7897	6643	3	12	1.6583E7
0	7892	6632	4	12	1.6584E7
0	7890	6620	4	11	1.6585E7
0	7886	6609	4	12	1.6586E7
0	7881	6598	4	12	1.6587E7
0	7875	6586	4	12	1.6588E7
0	7869	6576	4	12	1.6589E7
0	7863	6566	4	12	1.659E7
0	7856	6556	4	12	1.6591E7
0	7850	6545	4	12	1.6592E7
0	7844	6535	4	12	1.6593E7
0	7837	6525	4	12	1.6594E7
0	7831	6514	4	12	1.6595E7
0	7824	6504	4	11	1.6596E7
0	7818	6495	4	10	1.6597E7
0	7813	6487	4	7	1.6598E7
0	7809	6482	4	4	1.6599E7
0	7807	6479	4	2	1.66E7
0	7807	6478	4	0	1.6601E7
0	7807	6478	4	0	1.6602E7
0	7807	6478	4	0	1.6603E7
0	7807	6478	4	0	1.6604E7
0	7807	6478	4	0	1.6605E7
0	7807	6478	4	0	1.6606E7
0	7807	6478	4	0	1.6607E7
0	7807	6478	4	0	1.6608E7
0	7807	6478	4	0	1.6609E7
0	7807	6478	4	0	1.661E7
0	7807	6478	4	0	1.6611E7
0	7807	6478	4	0	1.6612E7
0	7807	6478	4	0	1.6613E7
0	7807	6478	4	0	1.6614E7
0	7807	6478	4	0	1.6615E7
0	7807	6478	4	0	1.6616E7
0	7807	6478	4	0	1.6617E7
0	7807	6478	4	0	1.6618E7
0	7807	6478	4	0	1.6619E7
0	7807	6478	4	0	1.662E7
0	7806	6478	4	1	1.6621E7
0	7805	6475	4	3	1.6622E7
0	7802	6471	4	5	1.6623E7
0	7798	6466	4	7	1.6624E7
0	7793	6458	4	9	1.6625E7
0	7787	6449	4	11	1.6626E7
0	7780	6440	4	12	1.6627E7
0	7773	6430	4	12	1.6628E7
0	7766	6420	4	12	1.6629E7
0	7759	6410	4	12	1.663E7
0	7752	6400	4	12	1.6631E7
0	7745	6390	4	12	1.6632E7
0	7739	6381	4	11	1.6633E7
0	7733	6372	4	8	1.6634E7
0	7729	6367	4	5	1.6635E7
0	7726	6363	4	3	1.6636E7
0	7725	6361	4	1	1.6637E7
0	7724	6360	4	0	1.6638E7
0	7724	6360	4	0	1.6639E7
0	7724	6360	4	0	1.664E7
0	7724	6360	4	0	1.6641E7
0	7724	6360	4	0	1.6642E7
0	7724	6360	4	0	1.6643E7
0	7724	6360	4	0	1.6644E7
0	7724	6360	4	0	1.6645E7
0	7724	6360	4	0	1.6646E7
0	7724	6360	4	0	1.6647E7
0	7724	6360	4	0	1.6648E7
0	7724	6360	4	0	1.6649E7
0	7724	6360	4	0	1.665E7
0	7724	6360	4	0	1.6651E7
0	7724	6360	4	0	1.6652E7
0	7724	6360	4	0	1.6653E7
0	7724	6360	4	0	1.6654E7
0	7724	6360	4	0	1.6655E7
0	7724	6360	4	0	1.6656E7
0	7724	6360	4	0	1.6657E7
0	7724	6360	4	0	1.6658E7
0	7724	6360	4	0	1.6659E7
0	7724	6360	4	0	1.666E7
0	7724	6360	4	0	1.6661E7
0	7723	6359	4	2	1.6662E7
0	7720	6355	4	4	1.6663E7
0	7715	6352	4	6	1.6664E7
0	7709	6348	4	7	1.6665E7
0	7701	6344	4	9	1.6666E7
0	7691	6339	4	11	1.6667E7
0	7680	6334	4	12	1.6668E7
0	7669	6329	4	12	1.6669E7
0	7657	6326	5	12	1.667E7
0	7646	6322	5	12	1.6671E7
0	7634	6319	5	11	1.6672E7
0	7625	6317	5	8	1.6673E7
0	7618	6316	5	5	1.6674E7
0	7614	6315	5	3	1.6675E7
0	7613	6315	5	0	1.6676E7
0	7613	6315	5	0	1.6677E7
0	7613	6315	5	0	1.6678E7
0	7613	6315	5	0	1.6679E7
0	7613	6315	5	0	1.668E7
0	7613	6315	5	0	1.6681E7
0	7613	6315	5	0	1.6682E7
0	7613	6315	5	0	1.6683E7
0	7613	6315	5	0	1.6684E7
0	7613	6315	5	0	1.6685E7
0	7613	6315	5	0	1.6686E7
0	7613	6315	5	0	1.6687E7
0	7613	6315	5	0	1.6688E7
0	7613	6315	5	0	1.6689E7
0	7613	6315	5	0	1.669E7
0	7613	6315	5	0	1.6691E7
0	7613	6315	5	0	1.6692E7
0	7613	6315	5	0	1.6693E7
0	7613	6315	5	0	1.6694E7
0	7613	6315	5	0	1.6695E7
0	7612	6315	5	1	1.6696E7
0	7610	6315	5	3	1.6697E7
0	7605	6314	5	5	1.6698E7
0	7598	6313	5	7	1.6699E7
0	7589	6313	5	9	1.67E7
0	7578	6311	5	11	1.6701E7
0	7566	6310	5	12	1.6702E7
0	7554	6308	5	12	1.6703E7
0	7542	6306	5	12	1.6704E7
0	7531	6304	5	12	1.6705E7
0	7519	6303	5	12	1.6706E7
0	7507	6301	5	12	1.6707E7
0	7495	6299	5	12	1.6708E7
0	7483	6298	5	12	1.6709E7
0	7471	6295	5	12	1.671E7
0	7460	6292	5	12	1.6711E7
0	7448	6289	5	12	1.6712E7
0	7437	6286	5	12	1.6713E7
0	7426	6282	5	12	1.6714E7
0	7416	6276	4	12	1.6715E7
0	7405	6270	4	12	1.6716E7
0	7395	6263	4	12	1.6717E7
0	7385	6257	4	12	1.6718E7
0	7376	6250	4	12	1.6719E7
0	7366	6243	4	12	1.672E7
0	7356	6236	4	12	1.6721E7
0	7346	6229	4	12	1.6722E7
0	7337	6222	4	12	1.6723E7
0	7327	6216	4	11	1.6724E7
0	7318	6208	4	12	1.6725E7
0	7309	6200	4	12	1.6726E7
0	7303	6190	4	12	1.6727E7
0	7301	6178	3	12	1.6728E7
0	7302	6166	3	12	1.6729E7
0	7305	6155	3	12	1.673E7
0	7309	6144	3	12	1.6731E7
0	7313	6132	3	12	1.6732E7
0	7318	6121	3	12	1.6733E7
0	7322	6110	3	12	1.6734E7
0	7326	6099	3	12	1.6735E7
0	7331	6088	3	12	1.6736E7
0	7335	6077	3	12	1.6737E7
0	7340	6066	3	12	1.6738E7
0	7344	6055	3	12	1.6739E7
0	7349	6044	3	12	1.674E7
0	7353	6033	3	12	1.6741E7
0	7357	6022	3	12	1.6742E7
0	7362	6011	3	12	1.6743E7
0	7366	6000	3	11	1.6744E7
0	7369	5988	3	12	1.6745E7
0	7372	5976	3	12	1.6746E7
0	7374	5965	3	12	1.6747E7
0	7378	5954	3	12	1.6748E7
0	7382	5942	3	12	1.6749E7
0	7386	5931	3	12	1.675E7
0	7390	5920	3	12	1.6751E7
0	7394	5908	3	12	1.6752E7
0	7399	5897	3	12	1.6753E7
0	7403	5886	3	12	1.6754E7
0	7408	5875	3	12	1.6755E7
0	7412	5864	3	12	1.6756E7
0	7417	5853	3	12	1.6757E7
0	7421	5841	3	12	1.6758E7
0	7426	5830	3	12	1.6759E7
0	7430	5819	3	12	1.676E7
0	7435	5808	3	12	1.6761E7
0	7439	5797	3	12	1.6762E7
0	7444	5786	3	12	1.6763E7
0	7448	5776	3	9	1.6764E7
0	7451	5769	3	6	1.6765E7
0	7453	5764	3	3	1.6766E7
0	7454	5762	3	1	1.6767E7
0	7454	5760	3	0	1.6768E7
0	7455	5760	3	0	1.6769E7
0	7455	5760	3	0	1.677E7
0	7455	5760	3	0	1.6771E7
0	7455	5760	3	0	1.6772E7
0	7455	5760	3	0	1.6773E7
0	7455	5760	3	0	1.6774E7
0	7455	5760	3	0	1.6775E7
0	7455	5760	3	0	1.6776E7
0	7455	5760	3	0	1.6777E7
0	7455	5760	3	0	1.6778E7
0	7455	5760	3	0	1.6779E7
0	7455	5760	3	0	1.678E7
0	7455	5760	3	0	1.6781E7
0	7455	5760	3	0	1.6782E7
0	7455	5760	3	0	1.6783E7
0	7455	5760	3	0	1.6784E7
0	7455	5760	3	0	1.6785E7
0	7455	5760	3	0	1.6786E7
0	7455	5760	3	0	1.6787E7
0	7455	5760	3	0	1.6788E7
0	7455	5760	3	0	1.6789E7
0	7455	5760	3	0	1.679E7
0	7455	5760	3	0	1.6791E7
0	7455	5760	3	0	1.6792E7
0	7455	5760	3	0	1.6793E7
0	7455	5760	3	0	1.6794E7
0	7455	5760	3	0	1.6795E7
0	7455	5760	3	0	1.6796E7
0	7455	5760	3	0	1.6797E7
0	7455	5760	3	0	1.6798E7
0	7455	5760	3	0	1.6799E7
0	7455	5760	3	0	1.68E7
0	7455	5760	3	0	1.6801E7
0	7455	5758	3	2	1.6802E7
0	7457	5755	3	4	1.6803E7
0	7458	5749	3	6	1.6804E7
0	7460	5742	3	8	1.6805E7
0	7462	5732	3	10	1.6806E7
0	7463	5721	3	12	1.6807E7
0	7462	5709	3	12	1.6808E7
0	7461	5696	3	12	1.6809E7
0	7459	5684	3	12	1.681E7
0	7455	5673	3	12	1.6811E7
0	7450	5662	4	12	1.6812E7
0	7444	5651	4	12	1.6813E7
0	7439	5640	4	12	1.6814E7
0	7433	5629	4	12	1.6815E7
0	7428	5619	4	10	1.6816E7
0	7424	5611	4	7	1.6817E7
0	7422	5606	4	4	1.6818E7
0	7420	5603	4	2	1.6819E7
0	7419	5602	4	1	1.682E7
0	7419	5601	4	0	1.6821E7
0	7419	5601	4	0	1.6822E7
0	7419	5601	4	0	1.6823E7
0	7419	5601	4	0	1.6824E7
0	7419	5601	4	0	1.6825E7
0	7419	5601	4	0	1.6826E7
0	7419	5601	4	0	1.6827E7
0	7419	5601	4	0	1.6828E7
0	7419	5601	4	0	1.6829E7
0	7419	5601	4	0	1.683E7
0	7419	5600	4	0	1.6831E7
0	7418	5599	4	2	1.6832E7
0	7416	5596	4	4	1.6833E7
0	7414	5591	4	6	1.6834E7
0	7411	5584	4	8	1.6835E7
0	7406	5576	4	10	1.6836E7
0	7401	5566	4	12	1.6837E7
0	7396	5555	4	12	1.6838E7
0	7391	5544	4	12	1.6839E7
0	7386	5533	4	12	1.684E7
0	7380	5522	4	12	1.6841E7
0	7375	5511	4	12	1.6842E7
0	7370	5502	4	9	1.6843E7
0	7367	5495	4	6	1.6844E7
0	7365	5490	4	3	1.6845E7
0	7363	5487	4	2	1.6846E7
0	7363	5486	4	0	1.6847E7
0	7362	5486	4	0	1.6848E7
0	7362	5485	4	0	1.6849E7
0	7362	5485	4	0	1.685E7
0	7362	5485	4	0	1.6851E7
0	7362	5485	4	0	1.6852E7
0	7362	5485	4	0	1.6853E7
0	7362	5485	4	0	1.6854E7
0	7362	5485	4	0	1.6855E7
0	7362	5485	4	0	1.6856E7
0	7362	5485	4	0	1.6857E7
0	7362	5485	4	0	1.6858E7
0	7362	5485	4	0	1.6859E7
0	7362	5485	4	0	1.686E7
0	7362	5485	4	0	1.6861E7
0	7362	5485	4	0	1.6862E7
0	7362	5485	4	0	1.6863E7
0	7362	5485	4	0	1.6864E7
0	7362	5485	4	0	1.6865E7
0	7362	5485	4	0	1.6866E7
0	7362	5485	4	0	1.6867E7
0	7362	5485	4	0	1.6868E7
0	7362	5485	4	0	1.6869E7
0	7362	5485	4	0	1.687E7
0	7362	5485	4	0	1.6871E7
0	7361	5484	4	2	1.6872E7
0	7360	5481	4	4	1.6873E7
0	7358	5476	4	6	1.6874E7
0	7355	5470	4	7	1.6875E7
0	7351	5462	4	9	1.6876E7
0	7346	5452	4	11	1.6877E7
0	7340	5441	4	12	1.6878E7
0	7335	5431	4	9	1.6879E7
0	7332	5424	4	6	1.688E7
0	7329	5419	4	4	1.6881E7
0	7327	5414	4	6	1.6882E7
0	7324	5407	4	8	1.6883E7
0	7319	5399	4	10	1.6884E7
0	7314	5388	4	12	1.6885E7
0	7309	5377	4	11	1.6886E7
0	7305	5368	4	8	1.6887E7
0	7302	5362	4	5	1.6888E7
0	7300	5358	4	3	1.6889E7
0	7299	5356	4	0	1.689E7
0	7299	5356	4	0	1.6891E7
0	7299	5356	4	0	1.6892E7
0	7299	5356	4	0	1.6893E7
0	7299	5356	4	0	1.6894E7
0	7299	5356	4	0	1.6895E7
0	7299	5356	4	0	1.6896E7
0	7299	5356	4	0	1.6897E7
0	7299	5356	4	0	1.6898E7
0	7299	5356	4	0	1.6899E7
0	7299	5356	4	0	1.69E7
0	7299	5356	4	0	1.6901E7
0	7299	5356	4	0	1.6902E7
0	7299	5356	4	0	1.6903E7
0	7299	5356	4	0	1.6904E7
0	7299	5356	4	0	1.6905E7
0	7299	5356	4	0	1.6906E7
0	7299	5356	4	0	1.6907E7
0	7299	5356	4	0	1.6908E7
0	7299	5356	4	0	1.6909E7
0	7299	5356	4	0	1.691E7
0	7298	5354	4	3	1.6911E7
0	7296	5350	4	4	1.6912E7
0	7295	5348	4	1	1.6913E7
0	7294	5347	4	0	1.6914E7
0	7294	5346	4	0	1.6915E7
0	7294	5346	4	0	1.6916E7
0	7294	5346	4	0	1.6917E7
0	7294	5346	4	0	1.6918E7
0	7294	5346	4	0	1.6919E7
0	7294	5346	4	0	1.692E7
0	7294	5346	4	0	1.6921E7
0	7294	5346	4	0	1.6922E7
0	7294	5346	4	0	1.6923E7
0	7294	5346	4	0	1.6924E7
0	7294	5346	4	0	1.6925E7
0	7294	5346	4	0	1.6926E7
0	7294	5346	4	0	1.6927E7
0	7294	5346	4	0	1.6928E7
0	7294	5346	4	0	1.6929E7
0	7294	5346	4	0	1.693E7
0	7294	5346	4	0	1.6931E7
0	7294	5346	4	0	1.6932E7
0	7294	5346	4	0	1.6933E7
0	7294	5346	4	0	1.6934E7
0	7294	5346	4	0	1.6935E7
0	7294	5346	4	0	1.6936E7
0	7294	5346	4	0	1.6937E7
0	7294	5346	4	0	1.6938E7
0	7294	5346	4	0	1.6939E7
0	7294	5346	4	0	1.694E7
0	7294	5346	4	0	1.6941E7
0	7294	5346	4	0	1.6942E7
0	7294	5346	4	0	1.6943E7
0	7294	5346	4	0	1.6944E7
0	7294	5346	4	0	1.6945E7
0	7294	5346	4	0	1.6946E7
0	7294	5346	4	0	1.6947E7
0	7294	5346	4	0	1.6948E7
0	7294	5346	4	0	1.6949E7
0	7294	5346	4	0	1.695E7
0	7294	5346	4	0	1.6951E7
0	7294	5346	4	0	1.6952E7
0	7294	5346	4	0	1.6953E7
0	7294	5346	4	0	1.6954E7
0	7294	5346	4	0	1.6955E7
0	7294	5346	4	0	1.6956E7
0	7294	5346	4	0	1.6957E7
0	7294	5346	4	0	1.6958E7
0	7294	5346	4	0	1.6959E7
0	7294	5346	4	0	1.696E7
0	7294	5346	4	0	1.6961E7
0	7293	5345	4	2	1.6962E7
0	7292	5341	4	4	1.6963E7
0	7289	5337	4	6	1.6964E7
0	7286	5330	4	8	1.6965E7
0	7282	5321	4	10	1.6966E7
0	7277	5311	4	12	1.6967E7
0	7272	5300	4	12	1.6968E7
0	7266	5289	4	12	1.6969E7
0	7261	5278	4	12	1.697E7
0	7256	5268	4	12	1.6971E7
0	7250	5257	4	12	1.6972E7
0	7245	5246	4	12	1.6973E7
0	7239	5235	4	12	1.6974E7
0	7234	5224	4	12	1.6975E7
0	7229	5214	4	12	1.6976E7
0	7223	5203	4	12	1.6977E7
0	7218	5192	4	12	1.6978E7
0	7212	5181	4	12	1.6979E7
0	7207	5171	4	12	1.698E7
0	7201	5160	4	12	1.6981E7
0	7196	5149	4	12	1.6982E7
0	7190	5138	4	11	1.6983E7
0	7185	5128	4	11	1.6984E7
0	7180	5117	4	12	1.6985E7
0	7174	5106	4	12	1.6986E7
0	7169	5095	4	12	1.6987E7
0	7163	5085	4	12	1.6988E7
0	7158	5075	4	9	1.6989E7
0	7155	5068	4	6	1.699E7
0	7152	5063	4	4	1.6991E7
0	7151	5061	4	1	1.6992E7
0	7151	5061	4	0	1.6993E7
0	7151	5061	4	0	1.6994E7
0	7151	5061	4	0	1.6995E7
0	7151	5061	4	0	1.6996E7
0	7151	5061	4	0	1.6997E7
0	7151	5061	4	0	1.6998E7
0	7151	5061	4	0	1.6999E7
0	7151	5061	4	0	1.7E7
0	7151	5061	4	0	1.7001E7
0	7151	5061	4	0	1.7002E7
0	7151	5061	4	0	1.7003E7
0	7151	5061	4	0	1.7004E7
0	7151	5061	4	0	1.7005E7
0	7151	5061	4	0	1.7006E7
0	7151	5061	4	0	1.7007E7
0	7151	5061	4	0	1.7008E7
0	7151	5061	4	0	1.7009E7
0	7151	5061	4	0	1.701E7
0	7151	5061	4	0	1.7011E7
0	7151	5060	4	0	1.7012E7
0	7150	5059	4	2	1.7013E7
0	7148	5056	4	4	1.7014E7
0	7146	5050	4	6	1.7015E7
0	7142	5044	4	8	1.7016E7
0	7138	5035	4	10	1.7017E7
0	7133	5024	4	12	1.7018E7
0	7127	5014	4	12	1.7019E7
0	7121	5003	4	12	1.702E7
0	7116	4992	4	12	1.7021E7
0	7110	4982	4	12	1.7022E7
0	7104	4971	4	11	1.7023E7
0	7099	4962	4	8	1.7024E7
0	7096	4956	4	5	1.7025E7
0	7094	4952	4	3	1.7026E7
0	7093	4950	4	1	1.7027E7
0	7092	4949	4	0	1.7028E7
0	7092	4948	4	0	1.7029E7
0	7092	4948	4	0	1.703E7
0	7092	4948	4	0	1.7031E7
0	7092	4948	4	0	1.7032E7
0	7092	4948	4	0	1.7033E7
0	7092	4948	4	0	1.7034E7
0	7092	4948	4	0	1.7035E7
0	7092	4948	4	0	1.7036E7
0	7092	4948	4	0	1.7037E7
0	7092	4948	4	0	1.7038E7
0	7092	4948	4	0	1.7039E7
0	7092	4948	4	0	1.704E7
0	7092	4948	4	0	1.7041E7
0	7091	4947	4	2	1.7042E7
0	7089	4943	4	4	1.7043E7
0	7087	4939	4	6	1.7044E7
0	7084	4932	4	8	1.7045E7
0	7080	4924	4	10	1.7046E7
0	7075	4913	3	12	1.7047E7
0	7071	4902	3	12	1.7048E7
0	7066	4891	3	12	1.7049E7
0	7062	4879	3	12	1.705E7
0	7057	4868	3	12	1.7051E7
0	7053	4857	3	12	1.7052E7
0	7048	4846	3	12	1.7053E7
0	7044	4835	3	12	1.7054E7
0	7039	4824	3	12	1.7055E7
0	7034	4812	3	12	1.7056E7
0	7030	4801	3	12	1.7057E7
0	7025	4790	3	12	1.7058E7
0	7021	4779	3	12	1.7059E7
0	7016	4768	3	12	1.706E7
0	7012	4757	3	12	1.7061E7
0	7007	4745	3	12	1.7062E7
0	7003	4734	3	12	1.7063E7
0	6999	4724	3	9	1.7064E7
0	6996	4717	3	6	1.7065E7
0	6994	4712	3	4	1.7066E7
0	6993	4710	3	2	1.7067E7
0	6992	4708	3	0	1.7068E7
0	6992	4708	3	0	1.7069E7
0	6992	4707	3	0	1.707E7
0	6992	4707	3	0	1.7071E7
0	6992	4707	3	0	1.7072E7
0	6992	4707	3	0	1.7073E7
0	6992	4707	3	0	1.7074E7
0	6992	4707	3	0	1.7075E7
0	6992	4707	3	0	1.7076E7
0	6992	4707	3	0	1.7077E7
0	6992	4707	3	0	1.7078E7
0	6992	4707	3	0	1.7079E7
0	6992	4707	3	0	1.708E7
0	6992	4707	3	0	1.7081E7
0	6992	4707	3	0	1.7082E7
0	6992	4707	3	0	1.7083E7
0	6992	4707	3	0	1.7084E7
0	6992	4707	3	0	1.7085E7
0	6992	4707	3	0	1.7086E7
0	6992	4707	3	0	1.7087E7
0	6992	4707	3	0	1.7088E7
0	6992	4707	3	0	1.7089E7
0	6992	4707	3	0	1.709E7
0	6992	4707	3	0	1.7091E7
0	6992	4707	3	0	1.7092E7
0	6992	4707	3	0	1.7093E7
0	6992	4707	3	0	1.7094E7
0	6992	4707	3	0	1.7095E7
0	6992	4707	3	0	1.7096E7
0	6992	4707	3	0	1.7097E7
0	6992	4707	3	0	1.7098E7
0	6992	4707	3	0	1.7099E7
0	6992	4707	3	0	1.71E7
0	6992	4707	3	0	1.7101E7
0	6991	4706	3	2	1.7102E7
0	6990	4702	3	4	1.7103E7
0	6988	4697	3	6	1.7104E7
0	6986	4690	3	8	1.7105E7
0	6984	4681	3	10	1.7106E7
0	6982	4669	3	12	1.7107E7
0	6980	4658	3	12	1.7108E7
0	6978	4646	3	12	1.7109E7
0	6978	4634	3	12	1.711E7
0	6977	4622	3	11	1.7111E7
0	6977	4610	3	12	1.7112E7
0	6976	4598	3	12	1.7113E7
0	6976	4586	3	12	1.7114E7
0	6975	4574	3	12	1.7115E7
0	6974	4562	3	12	1.7116E7
0	6974	4550	3	12	1.7117E7
0	6973	4538	3	12	1.7118E7
0	6972	4526	3	12	1.7119E7
0	6972	4513	3	12	1.712E7
0	6971	4501	3	12	1.7121E7
0	6970	4489	3	12	1.7122E7
0	6970	4477	3	12	1.7123E7
0	6969	4465	3	12	1.7124E7
0	6968	4453	3	12	1.7125E7
0	6968	4443	3	8	1.7126E7
0	6967	4436	3	6	1.7127E7
0	6967	4431	3	3	1.7128E7
0	6967	4429	3	0	1.7129E7
0	6967	4429	3	0	1.713E7
0	6967	4429	3	0	1.7131E7
0	6967	4429	3	0	1.7132E7
0	6967	4429	3	0	1.7133E7
0	6967	4429	3	0	1.7134E7
0	6967	4429	3	0	1.7135E7
0	6967	4429	3	0	1.7136E7
0	6967	4429	3	0	1.7137E7
0	6967	4429	3	0	1.7138E7
0	6967	4429	3	0	1.7139E7
0	6967	4429	3	0	1.714E7
0	6967	4429	3	0	1.7141E7
0	6967	4429	3	0	1.7142E7
0	6967	4429	3	0	1.7143E7
0	6967	4429	3	0	1.7144E7
0	6967	4429	3	0	1.7145E7
0	6967	4429	3	0	1.7146E7
0	6967	4429	3	0	1.7147E7
0	6967	4429	3	0	1.7148E7
0	6967	4429	3	0	1.7149E7
0	6967	4427	3	2	1.715E7
0	6967	4423	3	4	1.7151E7
0	6966	4417	3	6	1.7152E7
0	6966	4409	3	6	1.7153E7
0	6966	4404	3	4	1.7154E7
0	6966	4401	3	2	1.7155E7
0	6965	4399	3	1	1.7156E7
0	6965	4398	3	0	1.7157E7
0	6965	4398	3	0	1.7158E7
0	6965	4398	3	0	1.7159E7
0	6965	4398	3	0	1.716E7
0	6965	4398	3	0	1.7161E7
0	6965	4398	3	0	1.7162E7
0	6965	4398	3	0	1.7163E7
0	6965	4398	3	0	1.7164E7
0	6965	4398	3	0	1.7165E7
0	6965	4398	3	0	1.7166E7
0	6965	4398	3	0	1.7167E7
0	6965	4398	3	0	1.7168E7
0	6965	4398	3	0	1.7169E7
0	6965	4398	3	0	1.717E7
0	6965	4398	3	0	1.7171E7
0	6965	4398	3	0	1.7172E7
0	6965	4398	3	0	1.7173E7
0	6965	4398	3	0	1.7174E7
0	6965	4398	3	0	1.7175E7
0	6965	4398	3	0	1.7176E7
0	6965	4398	3	0	1.7177E7
0	6965	4398	3	0	1.7178E7
0	6965	4398	3	0	1.7179E7
0	6965	4398	3	0	1.718E7
0	6965	4398	3	0	1.7181E7
0	6965	4398	3	0	1.7182E7
0	6965	4398	3	0	1.7183E7
0	6965	4398	3	0	1.7184E7
0	6965	4398	3	0	1.7185E7
0	6965	4398	3	0	1.7186E7
0	6965	4398	3	0	1.7187E7
0	6965	4398	3	0	1.7188E7
0	6965	4398	3	0	1.7189E7
0	6965	4398	3	0	1.719E7
0	6965	4398	3	0	1.7191E7
0	6965	4396	3	2	1.7192E7
0	6965	4393	3	4	1.7193E7
0	6965	4387	3	6	1.7194E7
0	6966	4379	3	8	1.7195E7
0	6966	4370	3	10	1.7196E7
0	6967	4358	3	12	1.7197E7
0	6968	4346	3	12	1.7198E7
0	6969	4334	3	12	1.7199E7
0	6970	4322	3	12	1.72E7
0	6967	4309	3	12	1.7201E7
0	6968	4297	3	12	1.7202E7
0	6970	4285	3	12	1.7203E7
0	6974	4274	3	12	1.7204E7
0	6981	4264	2	12	1.7205E7
0	6993	4260	1	12	1.7206E7
0	7004	4257	1	12	1.7207E7
0	7016	4253	1	12	1.7208E7
0	7028	4250	1	12	1.7209E7
0	7039	4246	1	12	1.721E7
0	7051	4242	1	12	1.7211E7
0	7062	4238	1	12	1.7212E7
0	7073	4234	1	11	1.7213E7
0	7083	4231	1	8	1.7214E7
0	7089	4228	1	5	1.7215E7
0	7093	4226	2	3	1.7216E7
0	7096	4223	2	5	1.7217E7
0	7099	4217	2	7	1.7218E7
0	7100	4207	3	9	1.7219E7
0	7097	4197	3	11	1.722E7
0	7094	4185	3	13	1.7221E7
0	7093	4170	3	15	1.7222E7
0	7088	4154	3	16	1.7223E7
0	7084	4138	3	16	1.7224E7
0	7079	4121	3	16	1.7225E7
0	7074	4105	3	16	1.7226E7
0	7070	4089	3	16	1.7227E7
0	7065	4073	3	16	1.7228E7
0	7060	4056	3	16	1.7229E7
0	7055	4040	3	16	1.723E7
0	7051	4026	3	13	1.7231E7
0	7048	4015	3	10	1.7232E7
0	7045	4007	3	6	1.7233E7
0	7044	4002	3	4	1.7234E7
0	7043	3998	3	2	1.7235E7
0	7042	3997	3	1	1.7236E7
0	7042	3996	3	0	1.7237E7
0	7042	3996	3	0	1.7238E7
0	7042	3995	3	1	1.7239E7
0	7041	3993	3	2	1.724E7
0	7040	3990	3	4	1.7241E7
0	7039	3986	3	3	1.7242E7
0	7038	3983	3	1	1.7243E7
0	7038	3982	3	0	1.7244E7
0	7038	3982	3	0	1.7245E7
0	7038	3982	3	0	1.7246E7
0	7038	3982	3	0	1.7247E7
0	7038	3982	3	0	1.7248E7
0	7038	3982	3	0	1.7249E7
0	7038	3982	3	0	1.725E7
0	7038	3982	3	0	1.7251E7
0	7038	3982	3	0	1.7252E7
0	7038	3982	3	0	1.7253E7
0	7038	3982	3	0	1.7254E7
0	7038	3982	3	0	1.7255E7
0	7038	3982	3	0	1.7256E7
0	7038	3982	3	0	1.7257E7
0	7038	3982	3	0	1.7258E7
0	7038	3982	3	0	1.7259E7
0	7038	3982	3	0	1.726E7
0	7038	3982	3	0	1.7261E7
0	7038	3982	3	0	1.7262E7
0	7038	3981	3	0	1.7263E7
0	7037	3980	3	2	1.7264E7
0	7036	3976	3	4	1.7265E7
0	7034	3971	3	5	1.7266E7
0	7033	3967	3	2	1.7267E7
0	7033	3966	3	0	1.7268E7
0	7033	3966	3	0	1.7269E7
0	7033	3966	3	0	1.727E7
0	7033	3966	3	0	1.7271E7
0	7033	3966	3	0	1.7272E7
0	7033	3966	3	0	1.7273E7
0	7033	3966	3	0	1.7274E7
0	7033	3966	3	0	1.7275E7
0	7033	3966	3	0	1.7276E7
0	7033	3966	3	0	1.7277E7
0	7033	3966	3	0	1.7278E7
0	7033	3966	3	0	1.7279E7
0	7033	3966	3	0	1.728E7
0	7033	3966	3	0	1.7281E7
0	7033	3966	3	0	1.7282E7
0	7033	3966	3	0	1.7283E7
0	7033	3966	3	0	1.7284E7
0	7033	3966	3	0	1.7285E7
0	7033	3966	3	0	1.7286E7
0	7033	3966	3	0	1.7287E7
0	7033	3966	3	1	1.7288E7
0	7032	3963	3	3	1.7289E7
0	7031	3958	3	5	1.729E7
0	7029	3952	3	7	1.7291E7
0	7026	3944	3	9	1.7292E7
0	7024	3934	3	11	1.7293E7
0	7021	3923	3	13	1.7294E7
0	7018	3910	3	11	1.7295E7
0	7016	3901	3	8	1.7296E7
0	7014	3894	3	5	1.7297E7
0	7012	3890	3	3	1.7298E7
0	7012	3888	3	1	1.7299E7
0	7011	3887	3	0	1.73E7
0	7011	3887	3	0	1.7301E7
0	7011	3886	3	0	1.7302E7
0	7011	3886	3	0	1.7303E7
0	7011	3886	3	0	1.7304E7
0	7011	3886	3	0	1.7305E7
0	7011	3886	3	0	1.7306E7
0	7011	3886	3	0	1.7307E7
0	7011	3886	3	0	1.7308E7
0	7011	3886	3	0	1.7309E7
0	7011	3886	3	0	1.731E7
0	7011	3886	3	0	1.7311E7
0	7011	3886	3	0	1.7312E7
0	7011	3886	3	0	1.7313E7
0	7011	3886	3	0	1.7314E7
0	7011	3886	3	0	1.7315E7
0	7011	3886	3	0	1.7316E7
0	7011	3886	3	0	1.7317E7
0	7011	3886	3	0	1.7318E7
0	7011	3886	3	0	1.7319E7
0	7011	3886	3	0	1.732E7
0	7011	3886	3	0	1.7321E7
0	7011	3886	3	0	1.7322E7
0	7011	3886	3	0	1.7323E7
0	7011	3886	3	0	1.7324E7
0	7011	3886	3	0	1.7325E7
0	7011	3886	3	0	1.7326E7
0	7010	3885	3	2	1.7327E7
0	7012	3882	3	4	1.7328E7
0	7017	3880	2	6	1.7329E7
0	7024	3879	1	8	1.733E7
0	7033	3876	1	10	1.7331E7
0	7044	3874	1	12	1.7332E7
0	7056	3871	1	12	1.7333E7
0	7067	3868	1	12	1.7334E7
0	7079	3865	1	12	1.7335E7
0	7091	3863	1	12	1.7336E7
0	7103	3861	1	12	1.7337E7
0	7115	3859	1	12	1.7338E7
0	7126	3857	1	12	1.7339E7
0	7138	3854	1	12	1.734E7
0	7150	3852	1	12	1.7341E7
0	7162	3850	1	12	1.7342E7
0	7174	3848	1	11	1.7343E7
0	7186	3846	1	12	1.7344E7
0	7198	3844	1	12	1.7345E7
0	7209	3842	1	12	1.7346E7
0	7221	3839	1	12	1.7347E7
0	7233	3837	1	12	1.7348E7
0	7245	3835	1	12	1.7349E7
0	7257	3833	1	12	1.735E7
0	7269	3831	1	12	1.7351E7
0	7281	3829	1	12	1.7352E7
0	7293	3827	1	12	1.7353E7
0	7304	3825	1	12	1.7354E7
0	7316	3822	1	12	1.7355E7
0	7328	3820	1	12	1.7356E7
0	7340	3818	1	12	1.7357E7
0	7352	3816	1	12	1.7358E7
0	7364	3813	1	12	1.7359E7
0	7375	3811	1	12	1.736E7
0	7387	3809	1	12	1.7361E7
0	7399	3807	1	12	1.7362E7
0	7411	3805	1	11	1.7363E7
0	7423	3802	1	12	1.7364E7
0	7435	3800	1	12	1.7365E7
0	7447	3798	1	12	1.7366E7
0	7458	3796	1	11	1.7367E7
0	7470	3794	1	12	1.7368E7
0	7482	3791	1	12	1.7369E7
0	7494	3789	1	12	1.737E7
0	7506	3787	1	12	1.7371E7
0	7518	3785	1	12	1.7372E7
0	7530	3783	1	12	1.7373E7
0	7541	3780	1	12	1.7374E7
0	7553	3778	1	12	1.7375E7
0	7565	3776	1	12	1.7376E7
0	7577	3774	1	12	1.7377E7
0	7589	3772	1	12	1.7378E7
0	7601	3769	1	12	1.7379E7
0	7612	3767	1	12	1.738E7
0	7624	3765	1	12	1.7381E7
0	7636	3763	1	12	1.7382E7
0	7648	3760	1	12	1.7383E7
0	7660	3758	1	12	1.7384E7
0	7672	3756	1	12	1.7385E7
0	7684	3754	1	12	1.7386E7
0	7695	3751	1	12	1.7387E7
0	7707	3749	1	12	1.7388E7
0	7719	3746	1	12	1.7389E7
0	7731	3744	1	12	1.739E7
0	7743	3742	1	12	1.7391E7
0	7754	3739	1	12	1.7392E7
0	7766	3737	1	12	1.7393E7
0	7778	3735	1	12	1.7394E7
0	7790	3732	1	12	1.7395E7
0	7802	3730	1	12	1.7396E7
0	7814	3727	1	12	1.7397E7
0	7825	3725	1	12	1.7398E7
0	7837	3722	1	12	1.7399E7
0	7849	3720	1	12	1.74E7
0	7861	3717	1	12	1.7401E7
0	7872	3714	1	12	1.7402E7
0	7883	3712	1	9	1.7403E7
0	7890	3710	1	6	1.7404E7
0	7895	3709	1	3	1.7405E7
0	7897	3708	1	1	1.7406E7
0	7899	3708	1	0	1.7407E7
0	7899	3708	1	0	1.7408E7
0	7900	3708	1	0	1.7409E7
0	7900	3708	1	0	1.741E7
0	7900	3708	1	0	1.7411E7
0	7900	3708	1	0	1.7412E7
0	7900	3708	1	0	1.7413E7
0	7900	3708	1	0	1.7414E7
0	7900	3708	1	0	1.7415E7
0	7900	3708	1	0	1.7416E7
0	7900	3708	1	0	1.7417E7
0	7900	3708	1	0	1.7418E7
0	7900	3708	1	0	1.7419E7
0	7900	3708	1	0	1.742E7
0	7900	3708	1	0	1.7421E7
0	7900	3708	1	0	1.7422E7
0	7900	3708	1	0	1.7423E7
0	7900	3708	1	0	1.7424E7
0	7900	3708	1	0	1.7425E7
0	7900	3708	1	0	1.7426E7
0	7900	3708	1	0	1.7427E7
0	7900	3708	1	0	1.7428E7
0	7900	3708	1	0	1.7429E7
0	7900	3708	1	0	1.743E7
0	7900	3708	1	0	1.7431E7
0	7900	3708	1	0	1.7432E7
0	7900	3708	1	0	1.7433E7
0	7900	3708	1	0	1.7434E7
0	7900	3708	1	0	1.7435E7
0	7900	3708	1	0	1.7436E7
0	7900	3708	1	0	1.7437E7
0	7900	3708	1	0	1.7438E7
0	7900	3708	1	0	1.7439E7
0	7900	3708	1	0	1.744E7
0	7900	3708	1	0	1.7441E7
0	7901	3708	1	2	1.7442E7
0	7905	3707	1	4	1.7443E7
0	7910	3708	1	6	1.7444E7
0	7918	3707	1	8	1.7445E7
0	7928	3705	1	10	1.7446E7
0	7940	3703	1	12	1.7447E7
0	7951	3701	1	12	1.7448E7
0	7963	3699	1	12	1.7449E7
0	7975	3696	1	12	1.745E7
0	7987	3694	1	12	1.7451E7
0	7999	3692	1	12	1.7452E7
0	8011	3690	1	12	1.7453E7
0	8023	3688	1	12	1.7454E7
0	8035	3686	1	12	1.7455E7
0	8047	3685	1	11	1.7456E7
0	8058	3682	1	12	1.7457E7
0	8070	3679	1	12	1.7458E7
0	8082	3675	1	12	1.7459E7
0	8093	3672	1	12	1.746E7
0	8105	3669	1	12	1.7461E7
0	8117	3667	1	12	1.7462E7
0	8129	3665	1	12	1.7463E7
0	8141	3662	1	12	1.7464E7
0	8152	3660	1	12	1.7465E7
0	8164	3658	1	12	1.7466E7
0	8176	3656	1	12	1.7467E7
0	8188	3653	1	12	1.7468E7
0	8200	3651	1	12	1.7469E7
0	8211	3649	1	10	1.747E7
0	8219	3648	1	6	1.7471E7
0	8225	3647	1	4	1.7472E7
0	8228	3646	1	2	1.7473E7
0	8228	3646	1	0	1.7474E7
0	8228	3646	1	0	1.7475E7
0	8228	3646	1	0	1.7476E7
0	8228	3646	1	0	1.7477E7
0	8228	3646	1	0	1.7478E7
0	8228	3646	1	0	1.7479E7
0	8228	3646	1	0	1.748E7
0	8228	3646	1	0	1.7481E7
0	8228	3646	1	0	1.7482E7
0	8228	3646	1	0	1.7483E7
0	8228	3646	1	0	1.7484E7
0	8228	3646	1	0	1.7485E7
0	8228	3646	1	0	1.7486E7
0	8228	3646	1	0	1.7487E7
0	8228	3646	1	0	1.7488E7
0	8228	3646	1	0	1.7489E7
0	8228	3646	1	0	1.749E7
0	8228	3646	1	0	1.7491E7
0	8228	3646	1	0	1.7492E7
0	8228	3646	1	0	1.7493E7
0	8229	3646	1	2	1.7494E7
0	8233	3645	1	4	1.7495E7
0	8238	3643	1	6	1.7496E7
0	8245	3642	1	8	1.7497E7
0	8254	3639	1	10	1.7498E7
0	8265	3636	1	12	1.7499E7
0	8277	3633	1	12	1.75E7
0	8288	3630	1	12	1.7501E7
0	8300	3627	1	12	1.7502E7
0	8312	3624	1	12	1.7503E7
0	8323	3621	1	12	1.7504E7
0	8335	3618	1	12	1.7505E7
0	8347	3615	1	12	1.7506E7
0	8358	3612	1	12	1.7507E7
0	8370	3609	1	12	1.7508E7
0	8382	3605	1	12	1.7509E7
0	8393	3602	1	12	1.751E7
0	8405	3599	1	12	1.7511E7
0	8417	3596	1	12	1.7512E7
0	8428	3592	1	12	1.7513E7
0	8440	3589	1	12	1.7514E7
0	8451	3585	1	12	1.7515E7
0	8463	3581	1	12	1.7516E7
0	8474	3578	1	12	1.7517E7
0	8486	3574	1	12	1.7518E7
0	8497	3571	1	12	1.7519E7
0	8509	3567	1	12	1.752E7
0	8520	3563	1	12	1.7521E7
0	8532	3560	1	12	1.7522E7
0	8543	3556	1	11	1.7523E7
0	8552	3553	1	8	1.7524E7
0	8559	3551	1	5	1.7525E7
0	8562	3550	1	3	1.7526E7
0	8564	3549	1	0	1.7527E7
0	8564	3549	1	0	1.7528E7
0	8564	3549	1	0	1.7529E7
0	8564	3549	1	0	1.753E7
0	8564	3549	1	0	1.7531E7
0	8564	3549	1	0	1.7532E7
0	8564	3549	1	0	1.7533E7
0	8564	3549	1	0	1.7534E7
0	8564	3549	1	0	1.7535E7
0	8564	3549	1	0	1.7536E7
0	8564	3549	1	0	1.7537E7
0	8564	3549	1	0	1.7538E7
0	8564	3549	1	0	1.7539E7
0	8564	3549	1	0	1.754E7
0	8564	3549	1	0	1.7541E7
0	8564	3549	1	0	1.7542E7
0	8564	3549	1	0	1.7543E7
0	8564	3549	1	0	1.7544E7
0	8564	3549	1	0	1.7545E7
0	8564	3549	1	0	1.7546E7
0	8564	3549	1	1	1.7547E7
0	8567	3548	1	3	1.7548E7
0	8571	3547	1	5	1.7549E7
0	8577	3544	1	7	1.755E7
0	8585	3542	1	9	1.7551E7
0	8595	3538	1	11	1.7552E7
0	8606	3534	1	12	1.7553E7
0	8617	3530	1	12	1.7554E7
0	8629	3526	1	11	1.7555E7
0	8640	3522	1	12	1.7556E7
0	8651	3518	1	12	1.7557E7
0	8663	3513	1	12	1.7558E7
0	8674	3509	1	12	1.7559E7
0	8685	3505	1	12	1.756E7
0	8696	3500	1	12	1.7561E7
0	8708	3496	1	12	1.7562E7
0	8719	3491	1	12	1.7563E7
0	8730	3487	1	12	1.7564E7
0	8741	3482	1	12	1.7565E7
0	8752	3478	2	12	1.7566E7
0	8763	3473	2	12	1.7567E7
0	8774	3468	2	12	1.7568E7
0	8785	3463	2	11	1.7569E7
0	8796	3458	2	12	1.757E7
0	8807	3453	2	12	1.7571E7
0	8818	3448	2	12	1.7572E7
0	8829	3443	2	12	1.7573E7
0	8840	3438	2	12	1.7574E7
0	8852	3433	2	12	1.7575E7
0	8862	3428	2	12	1.7576E7
0	8873	3422	2	12	1.7577E7
0	8883	3417	2	12	1.7578E7
0	8894	3412	2	12	1.7579E7
0	8905	3407	2	12	1.758E7
0	8916	3402	2	12	1.7581E7
0	8927	3397	2	12	1.7582E7
0	8938	3392	2	12	1.7583E7
0	8949	3386	2	12	1.7584E7
0	8960	3381	2	12	1.7585E7
0	8970	3375	2	12	1.7586E7
0	8981	3370	2	12	1.7587E7
0	8992	3364	2	12	1.7588E7
0	9002	3358	2	11	1.7589E7
0	9011	3354	2	8	1.759E7
0	9017	3350	2	5	1.7591E7
0	9021	3348	2	3	1.7592E7
0	9023	3347	2	0	1.7593E7
0	9023	3347	2	0	1.7594E7
0	9023	3347	2	0	1.7595E7
0	9023	3347	2	0	1.7596E7
0	9023	3347	2	0	1.7597E7
0	9023	3347	2	0	1.7598E7
0	9023	3347	2	0	1.7599E7
0	9023	3347	2	0	1.76E7
0	9023	3347	2	0	1.7601E7
0	9023	3347	2	0	1.7602E7
0	9023	3347	2	0	1.7603E7
0	9023	3347	2	0	1.7604E7
0	9023	3347	2	0	1.7605E7
0	9023	3347	2	0	1.7606E7
0	9023	3347	2	0	1.7607E7
0	9023	3347	2	0	1.7608E7
0	9023	3347	2	0	1.7609E7
0	9023	3347	2	0	1.761E7
0	9023	3347	2	0	1.7611E7
0	9023	3347	2	0	1.7612E7
0	9023	3347	2	1	1.7613E7
0	9025	3346	2	3	1.7614E7
0	9029	3343	2	5	1.7615E7
0	9034	3340	2	7	1.7616E7
0	9041	3337	2	8	1.7617E7
0	9050	3332	2	11	1.7618E7
0	9061	3326	2	12	1.7619E7
0	9071	3320	2	12	1.762E7
0	9082	3314	2	12	1.7621E7
0	9092	3309	2	12	1.7622E7
0	9103	3302	2	12	1.7623E7
0	9113	3296	2	12	1.7624E7
0	9123	3290	2	11	1.7625E7
0	9134	3284	2	12	1.7626E7
0	9144	3277	2	11	1.7627E7
0	9154	3271	2	12	1.7628E7
0	9165	3265	2	12	1.7629E7
0	9175	3259	2	12	1.763E7
0	9185	3252	2	12	1.7631E7
0	9196	3246	2	12	1.7632E7
0	9206	3240	2	12	1.7633E7
0	9217	3234	2	12	1.7634E7
0	9227	3227	2	12	1.7635E7
0	9237	3220	2	12	1.7636E7
0	9246	3213	2	12	1.7637E7
0	9256	3206	2	12	1.7638E7
0	9266	3199	2	12	1.7639E7
0	9276	3192	2	12	1.764E7
0	9286	3185	2	12	1.7641E7
0	9295	3178	2	12	1.7642E7
0	9305	3171	2	11	1.7643E7
0	9315	3164	2	12	1.7644E7
0	9325	3157	2	12	1.7645E7
0	9335	3150	2	12	1.7646E7
0	9345	3143	2	12	1.7647E7
0	9354	3136	2	12	1.7648E7
0	9364	3129	2	12	1.7649E7
0	9374	3122	2	12	1.765E7
0	9383	3114	2	11	1.7651E7
0	9393	3107	2	11	1.7652E7
0	9403	3100	2	12	1.7653E7
0	9412	3092	2	12	1.7654E7
0	9422	3085	2	12	1.7655E7
0	9431	3077	2	12	1.7656E7
0	9441	3070	2	11	1.7657E7
0	9450	3062	2	12	1.7658E7
0	9459	3055	2	11	1.7659E7
0	9469	3047	2	12	1.766E7
0	9478	3040	2	12	1.7661E7
0	9488	3032	2	12	1.7662E7
0	9497	3024	2	12	1.7663E7
0	9506	3016	2	12	1.7664E7
0	9515	3009	2	12	1.7665E7
0	9525	3001	2	12	1.7666E7
0	9534	2993	2	12	1.7667E7
0	9542	2986	2	8	1.7668E7
0	9547	2982	2	6	1.7669E7
0	9551	2979	2	3	1.767E7
0	9552	2977	2	0	1.7671E7
0	9552	2977	2	0	1.7672E7
0	9552	2977	2	0	1.7673E7
0	9552	2977	2	0	1.7674E7
0	9552	2977	2	0	1.7675E7
0	9552	2977	2	0	1.7676E7
0	9552	2977	2	0	1.7677E7
0	9552	2977	2	0	1.7678E7
0	9552	2977	2	0	1.7679E7
0	9552	2977	2	0	1.768E7
0	9552	2977	2	0	1.7681E7
0	9552	2977	2	0	1.7682E7
0	9552	2977	2	0	1.7683E7
0	9552	2977	2	0	1.7684E7
0	9552	2977	2	0	1.7685E7
0	9552	2977	2	0	1.7686E7
0	9552	2977	2	0	1.7687E7
0	9552	2977	2	0	1.7688E7
0	9552	2977	2	0	1.7689E7
0	9552	2977	2	0	1.769E7
0	9553	2977	2	0	1.7691E7
0	9554	2976	2	2	1.7692E7
0	9557	2973	2	4	1.7693E7
0	9562	2969	2	6	1.7694E7
0	9568	2964	2	8	1.7695E7
0	9575	2958	2	10	1.7696E7
0	9584	2950	2	12	1.7697E7
0	9592	2942	2	12	1.7698E7
0	9602	2934	2	11	1.7699E7
0	9611	2926	2	12	1.77E7
0	9620	2918	2	12	1.7701E7
0	9629	2910	2	12	1.7702E7
0	9638	2902	2	12	1.7703E7
0	9647	2894	2	12	1.7704E7
0	9656	2886	2	12	1.7705E7
0	9665	2878	2	12	1.7706E7
0	9674	2870	2	12	1.7707E7
0	9683	2862	2	12	1.7708E7
0	9692	2854	2	12	1.7709E7
0	9701	2846	2	12	1.771E7
0	9711	2839	2	12	1.7711E7
0	9720	2831	2	12	1.7712E7
0	9729	2823	2	12	1.7713E7
0	9739	2816	2	12	1.7714E7
0	9748	2808	2	12	1.7715E7
0	9757	2800	2	12	1.7716E7
0	9766	2792	2	12	1.7717E7
0	9775	2784	2	12	1.7718E7
0	9784	2776	2	12	1.7719E7
0	9793	2768	2	12	1.772E7
0	9802	2760	2	12	1.7721E7
0	9811	2752	2	12	1.7722E7
0	9821	2744	2	12	1.7723E7
0	9830	2736	2	12	1.7724E7
0	9839	2729	2	12	1.7725E7
0	9848	2721	2	12	1.7726E7
0	9857	2713	2	12	1.7727E7
0	9866	2705	2	12	1.7728E7
0	9876	2697	2	12	1.7729E7
0	9885	2689	2	12	1.773E7
0	9894	2681	2	12	1.7731E7
0	9903	2673	2	12	1.7732E7
0	9912	2665	2	12	1.7733E7
0	9921	2658	2	11	1.7734E7
0	9929	2651	2	8	1.7735E7
0	9934	2646	2	5	1.7736E7
0	9937	2643	2	3	1.7737E7
0	9939	2642	2	0	1.7738E7
0	9939	2642	2	0	1.7739E7
0	9939	2642	2	0	1.774E7
0	9939	2642	2	0	1.7741E7
0	9939	2642	2	0	1.7742E7
0	9939	2642	2	0	1.7743E7
0	9939	2642	2	0	1.7744E7
0	9939	2642	2	0	1.7745E7
0	9939	2642	2	0	1.7746E7
0	9939	2642	2	0	1.7747E7
0	9939	2642	2	0	1.7748E7
0	9939	2642	2	0	1.7749E7
0	9939	2642	2	0	1.775E7
0	9939	2642	2	0	1.7751E7
0	9939	2642	2	0	1.7752E7
0	9939	2642	2	0	1.7753E7
0	9939	2642	2	0	1.7754E7
0	9939	2642	2	0	1.7755E7
0	9939	2642	2	0	1.7756E7
0	9939	2642	2	0	1.7757E7
0	9939	2642	2	0	1.7758E7
0	9941	2640	2	3	1.7759E7
0	9944	2637	2	4	1.776E7
0	9948	2633	2	6	1.7761E7
0	9954	2628	2	9	1.7762E7
0	9962	2621	2	10	1.7763E7
0	9970	2613	2	12	1.7764E7
0	9979	2605	2	10	1.7765E7
0	9986	2599	2	7	1.7766E7
0	9991	2595	2	5	1.7767E7
0	9994	2592	2	2	1.7768E7
0	9995	2591	2	1	1.7769E7
0	9996	2591	2	0	1.777E7
0	9996	2590	2	0	1.7771E7
0	9996	2590	2	0	1.7772E7
0	9996	2590	2	0	1.7773E7
0	9996	2590	2	0	1.7774E7
0	9996	2590	2	0	1.7775E7
0	9997	2590	2	0	1.7776E7
0	9997	2590	2	0	1.7777E7
0	9997	2590	2	0	1.7778E7
0	9997	2590	2	0	1.7779E7
0	9997	2590	2	0	1.778E7
0	9997	2590	2	0	1.7781E7
0	9997	2590	2	0	1.7782E7
0	9997	2590	2	0	1.7783E7
0	9997	2590	2	0	1.7784E7
0	9997	2590	2	0	1.7785E7
0	9997	2590	2	0	1.7786E7
0	9997	2590	2	0	1.7787E7
0	9997	2590	2	0	1.7788E7
0	9997	2590	2	0	1.7789E7
0	9997	2590	2	0	1.779E7
0	9997	2590	2	0	1.7791E7
0	9997	2590	2	0	1.7792E7
0	9997	2590	2	0	1.7793E7
0	9997	2590	2	0	1.7794E7
0	9997	2590	2	0	1.7795E7
0	9997	2590	2	0	1.7796E7
0	9997	2590	2	0	1.7797E7
0	9997	2590	2	0	1.7798E7
0	9997	2590	2	0	1.7799E7
0	9997	2590	2	0	1.78E7
0	9997	2590	2	0	1.7801E7
0	9997	2590	2	0	1.7802E7
0	9997	2590	2	0	1.7803E7
0	9997	2590	2	0	1.7804E7
0	9997	2590	2	0	1.7805E7
0	9997	2590	2	0	1.7806E7
0	9997	2590	2	0	1.7807E7
0	9997	2590	2	0	1.7808E7
0	9997	2590	2	0	1.7809E7
0	9997	2590	2	0	1.781E7
0	9997	2590	2	0	1.7811E7
0	9997	2590	2	0	1.7812E7
0	9997	2590	2	0	1.7813E7
0	9997	2590	2	0	1.7814E7
0	9997	2590	2	0	1.7815E7
0	9997	2590	2	0	1.7816E7
0	9997	2590	2	0	1.7817E7
0	9997	2590	2	0	1.7818E7
0	9997	2590	2	0	1.7819E7
0	9997	2590	2	0	1.782E7
0	9997	2590	2	0	1.7821E7
0	9998	2589	2	2	1.7822E7
0	10000	2587	2	4	1.7823E7
0	10004	2583	2	6	1.7824E7
0	10009	2578	2	8	1.7825E7
0	10016	2572	2	10	1.7826E7
0	10025	2564	2	12	1.7827E7
0	10034	2557	2	12	1.7828E7
0	10043	2549	2	12	1.7829E7
0	10052	2541	2	12	1.783E7
0	10062	2533	2	12	1.7831E7
0	10071	2525	2	12	1.7832E7
0	10080	2517	2	12	1.7833E7
0	10089	2509	2	12	1.7834E7
0	10098	2501	2	11	1.7835E7
0	10107	2493	2	12	1.7836E7
0	10116	2485	2	12	1.7837E7
0	10125	2478	2	12	1.7838E7
0	10134	2470	2	12	1.7839E7
0	10143	2462	2	12	1.784E7
0	10153	2454	2	12	1.7841E7
0	10162	2446	2	12	1.7842E7
0	10171	2438	2	12	1.7843E7
0	10180	2430	2	12	1.7844E7
0	10189	2422	2	12	1.7845E7
0	10198	2414	2	12	1.7846E7
0	10207	2407	2	12	1.7847E7
0	10216	2399	2	12	1.7848E7
0	10226	2391	2	12	1.7849E7
0	10235	2383	2	12	1.785E7
0	10244	2375	2	12	1.7851E7
0	10253	2367	2	12	1.7852E7
0	10261	2360	2	8	1.7853E7
0	10266	2356	2	5	1.7854E7
0	10270	2353	2	3	1.7855E7
0	10272	2351	2	1	1.7856E7
0	10272	2350	2	0	1.7857E7
0	10273	2350	2	0	1.7858E7
0	10273	2350	2	0	1.7859E7
0	10273	2350	2	0	1.786E7
0	10273	2350	2	0	1.7861E7
0	10273	2350	2	0	1.7862E7
0	10273	2350	2	0	1.7863E7
0	10273	2350	2	0	1.7864E7
0	10273	2350	2	0	1.7865E7
0	10273	2350	2	0	1.7866E7
0	10273	2350	2	0	1.7867E7
0	10273	2350	2	0	1.7868E7
0	10273	2350	2	0	1.7869E7
0	10273	2350	2	0	1.787E7
0	10273	2350	2	0	1.7871E7
0	10273	2350	2	0	1.7872E7
0	10273	2350	2	0	1.7873E7
0	10273	2350	2	0	1.7874E7
0	10273	2350	2	0	1.7875E7
0	10273	2350	2	0	1.7876E7
0	10273	2350	2	0	1.7877E7
0	10273	2350	2	0	1.7878E7
0	10273	2350	2	0	1.7879E7
0	10273	2350	2	0	1.788E7
0	10273	2350	2	0	1.7881E7
0	10273	2350	2	0	1.7882E7
0	10273	2350	2	0	1.7883E7
0	10273	2350	2	0	1.7884E7
0	10273	2350	2	0	1.7885E7
0	10273	2350	2	0	1.7886E7
0	10273	2350	2	0	1.7887E7
0	10273	2350	2	0	1.7888E7
0	10273	2350	2	0	1.7889E7
0	10273	2350	2	0	1.789E7
0	10273	2350	2	0	1.7891E7
0	10273	2350	2	0	1.7892E7
0	10273	2350	2	0	1.7893E7
0	10273	2350	2	0	1.7894E7
0	10273	2350	2	0	1.7895E7
0	10273	2350	2	0	1.7896E7
0	10273	2350	2	0	1.7897E7
0	10273	2350	2	0	1.7898E7
0	10273	2350	2	0	1.7899E7
0	10273	2350	2	0	1.79E7
0	10273	2350	2	0	1.7901E7
0	10273	2350	2	0	1.7902E7
0	10273	2350	2	0	1.7903E7
0	10273	2350	2	0	1.7904E7
0	10273	2350	2	0	1.7905E7
0	10273	2350	2	0	1.7906E7
0	10273	2350	2	0	1.7907E7
0	10273	2350	2	0	1.7908E7
0	10273	2350	2	0	1.7909E7
0	10273	2350	2	0	1.791E7
0	10273	2350	2	0	1.7911E7
0	10274	2349	2	2	1.7912E7
0	10277	2346	2	4	1.7913E7
0	10281	2343	2	6	1.7914E7
0	10286	2338	2	8	1.7915E7
0	10293	2332	2	10	1.7916E7
0	10302	2325	2	12	1.7917E7
0	10310	2316	2	12	1.7918E7
0	10319	2308	2	11	1.7919E7
0	10326	2302	2	8	1.792E7
0	10332	2297	2	5	1.7921E7
0	10335	2295	2	3	1.7922E7
0	10336	2294	2	0	1.7923E7
0	10336	2294	2	0	1.7924E7
0	10336	2294	2	0	1.7925E7
0	10336	2294	2	0	1.7926E7
0	10336	2294	2	0	1.7927E7
0	10336	2294	2	0	1.7928E7
0	10336	2294	2	0	1.7929E7
0	10336	2294	2	0	1.793E7
0	10336	2294	2	0	1.7931E7
0	10336	2294	2	0	1.7932E7
0	10336	2294	2	0	1.7933E7
0	10336	2294	2	0	1.7934E7
0	10336	2294	2	0	1.7935E7
0	10336	2294	2	0	1.7936E7
0	10336	2294	2	0	1.7937E7
0	10336	2294	2	0	1.7938E7
0	10336	2294	2	0	1.7939E7
0	10336	2294	2	0	1.794E7
0	10336	2294	2	0	1.7941E7
0	10336	2294	2	0	1.7942E7
0	10336	2293	2	1	1.7943E7
0	10338	2292	2	3	1.7944E7
0	10342	2289	2	5	1.7945E7
0	10346	2284	2	7	1.7946E7
0	10353	2279	2	9	1.7947E7
0	10361	2272	2	11	1.7948E7
0	10370	2264	2	12	1.7949E7
0	10379	2256	2	12	1.795E7
