1.127100295689382E7
1.127100295690203E7
1.1271006E7
1.1271016E7
1.1271026E7
1.1271036E7
1.1271046E7
1.1271056E7
1.1271066E7
1.1271072218694886E7
1.1271072218703097E7
1.1271076E7
1.1271086E7
1.1271096E7
1.1271106E7
1.1271116E7
1.1271126E7
1.1271136E7
1.1271146E7
1.1271156E7
1.1271166E7
1.1271176E7
1.1271186E7
1.1271196E7
1.1271206E7
1.1271216E7
1.1271226E7
1.1271236E7
1.1271246E7
1.1271256E7
1.1271266E7
1.1271276E7
1.1271286E7
1.1271296E7
1.1271306E7
1.1271316E7
1.1271326E7
1.1271336E7
1.1271346E7
1.1271356E7
1.1271366E7
1.1271376E7
1.1271386E7
1.1271396E7
1.1271406E7
1.1271416E7
1.1271426E7
1.1271436E7
1.1271446E7
1.1271456E7
1.1271466E7
1.1271476E7
1.1271486E7
1.1271496E7
1.1271506E7
1.1271516E7
1.1271526E7
1.1271536E7
1.1271546E7
1.1271556E7
1.1271566E7
1.1271576E7
1.1271586E7
1.1271596E7
1.1271606E7
1.1271616E7
1.1271626E7
1.1271636E7
1.1271646E7
1.1271656E7
1.1271666E7
1.1271676E7
1.1271686E7
1.1271696E7
1.1271706E7
1.1271716E7
1.1271726E7
1.1271736E7
1.1271746E7
1.1271756E7
1.1271766E7
1.1271776E7
1.1271786E7
1.1271796E7
1.1271806E7
1.1271816E7
1.1271826E7
1.1271836E7
1.1271846E7
1.1271856E7
1.1271866E7
1.1271876E7
1.1271886E7
1.1271896E7
1.1271906E7
1.1271916E7
1.1271926E7
1.1271936E7
1.1271946E7
1.1271956E7
1.1271966E7
1.1271976E7
1.1271986E7
1.1271996E7
1.1272006E7
1.1272016E7
1.1272026E7
1.1272036E7
1.1272046E7
1.1272056E7
1.1272066E7
1.1272076E7
1.1272086E7
1.1272096E7
1.1272106E7
1.1272116E7
1.1272126E7
1.1272136E7
1.1272146E7
1.1661006E7
1.1661016E7
1.1661016143966574E7
1.1661016143974785E7
1.1661026E7
1.1661026143966574E7
1.1661026143974785E7
1.1661036E7
1.1661046E7
1.1661046143966574E7
1.1661046143974785E7
1.1661056E7
1.1661056143966574E7
1.1661056143974785E7
1.1661066E7
1.1661066143966574E7
1.1661066143974785E7
1.1661076E7
1.1661076143966574E7
1.1661076143974785E7
1.1661086E7
1.1661086143966574E7
1.1661086143974785E7
1.1661096E7
1.1661096143966574E7
1.1661096143974785E7
1.1661106E7
1.1661106143966574E7
1.1661106143974785E7
1.1661116E7
1.1661126E7
1.1661126143966574E7
1.1661126143974785E7
1.1661136E7
1.1661146E7
1.1661156E7
1.1661166E7
1.1661176E7
1.1661186E7
1.1661196E7
1.1661206E7
1.1661216E7
1.1661226E7
1.1661236E7
1.1661246E7
1.1661256E7
1.1661266E7
1.1661276E7
1.1661286E7
1.1661296E7
1.1661306E7
1.1661316E7
1.1661326E7
1.1661336E7
1.1661346E7
1.1661356E7
1.1661366E7
1.1661373812231263E7
1.1661373812239474E7
1.1661376E7
1.1661386E7
1.1661396E7
1.1661406E7
1.1661416E7
1.1661426E7
1.1661436E7
1.1661446E7
1.1661456E7
1.1661466E7
1.1661476E7
1.1661486E7
1.1661496E7
1.1661506E7
1.1661516E7
1.1661526E7
1.1661536E7
1.1661546E7
1.1661556E7
1.1661566E7
1.1661576E7
1.1661586E7
1.1661596E7
1.1661606E7
1.1661616E7
1.1661626E7
1.1661636E7
1.1661646E7
1.1661656E7
1.1661666E7
1.1661676E7
1.1661686E7
1.1661696E7
1.1661706E7
1.1661716E7
1.1661726E7
1.1661736E7
1.1661746E7
1.1661756E7
1.1661766E7
1.1661776E7
1.1661786E7
1.1661796E7
1.1661806E7
1.1661816E7
1.1661826E7
1.1661836E7
1.1661846E7
1.1661856E7
1.1661866E7
1.1661876E7
1.1661886E7
1.1661896E7
1.1661906E7
1.1661916E7
1.1661926E7
1.1661936E7
1.1661946E7
1.1661956E7
1.1661966E7
1.1661976E7
1.1754004182195509E7
1.1754006E7
1.1754016E7
1.1754026E7
1.1754036E7
1.1754046E7
1.1754056E7
1.1754066E7
1.1754076E7
1.1754086E7
1.1754096E7
1.1754106E7
1.1754116E7
1.1754126E7
1.1754136E7
1.1754146E7
1.1754156E7
1.1754166E7
1.1754176E7
1.1754186E7
1.1754196E7
1.1754206E7
1.1754216E7
1.1754226E7
1.1754236E7
1.1754246E7
1.1754256E7
1.1754266E7
1.1754276E7
1.1754286E7
1.1754296E7
1.1754306E7
1.1754316E7
1.1754326E7
1.1754336E7
1.1754346E7
1.1754353696763221E7
1.1754356E7
1.1754366E7
1.1754376E7
1.1754386E7
1.1754396E7
1.1754406E7
1.1754416E7
1.1754426E7
1.1754436E7
1.1754446E7
1.1754456E7
1.1754466E7
1.1754476E7
1.1754486E7
1.1754496E7
1.1754506E7
1.1754516E7
1.1754526E7
1.1754536E7
1.1754546E7
1.1754556E7
1.1754566E7
1.1754576E7
1.1754586E7
1.1754596E7
1.1754606E7
1.1754616E7
1.1754626E7
1.1754636E7
1.1754646E7
1.1754656E7
1.1754666E7
1.1754676E7
1.1754686E7
1.1754696E7
1.1754706E7
1.1754716E7
1.1932002613813723E7
1.1932006E7
1.1932016E7
1.1932026E7
1.1932036E7
1.1932046E7
1.1932056E7
1.1932066E7
1.1932076E7
1.1932086E7
1.1932096E7
1.1932106E7
1.1932116E7
1.1932126E7
1.1932136E7
1.1932146E7
1.1932156E7
1.1932166E7
1.1932176E7
1.1932186E7
1.1932196E7
1.1932206E7
1.1932216E7
1.1932226E7
1.1932236E7
1.1932246E7
1.1932256E7
1.1932266E7
1.1932276E7
1.1932286E7
1.1932296E7
1.1932306E7
1.1932316E7
1.1932326E7
1.1932336E7
1.1932346E7
1.1932356E7
1.1932366E7
1.1932376E7
1.1932386E7
1.1932396E7
1.1932399912572328E7
1.1932406E7
1.1932416E7
1.1932426E7
1.1932436E7
1.1932446E7
1.1932456E7
1.1932466E7
1.1932476E7
1.1932486E7
1.1932496E7
1.1932506E7
1.1932516E7
1.1932526E7
1.1932536E7
1.1932546E7
1.1932556E7
1.1932566E7
1.1932576E7
1.1932586E7
1.1932596E7
1.1932606E7
1.1932616E7
1.1932626E7
1.1932636E7
1.1932646E7
1.1932656E7
1.1932666E7
1.1932676E7
1.1932686E7
1.1932696E7
1.1932706E7
1.1932716E7
1.1932726E7
1.1932736E7
1.1932746E7
1.1932756E7
1.1932766E7
1.1932776E7
1.2222003546823239E7
1.2222006E7
1.2222016E7
1.2222026E7
1.2222036E7
1.2222046E7
1.2222056E7
1.2222066E7
1.2222076E7
1.2222086E7
1.2222096E7
1.2222106E7
1.2222116E7
1.2222126E7
1.2222136E7
1.2222146E7
1.2222156E7
1.2222166E7
1.2222176E7
1.2222186E7
1.2222196E7
1.2222206E7
1.2222216E7
1.2222226E7
1.2222236E7
1.2222246E7
1.2222256E7
1.2222266E7
1.2222276E7
1.2222286E7
1.2222296E7
1.2222306E7
1.2222316E7
1.2222326E7
1.2222336E7
1.2222346E7
1.2222356E7
1.2222366E7
1.2222376E7
1.2222386E7
1.2222396E7
1.2222406E7
1.2222416E7
1.2222426E7
1.2222436E7
1.2222446E7
1.2222456E7
1.2222466E7
1.2222476E7
1.2222486E7
1.2222496E7
1.2222506E7
1.2222516E7
1.2222526E7
1.2222536E7
1.2222546E7
1.2222556E7
1.2222566E7
1.2222576E7
1.2222586E7
1.2222596E7
1.2222606E7
1.2222616E7
1.2222626E7
1.2222636E7
1.2222641578427736E7
1.2222646E7
1.2222656E7
1.2222666E7
1.2222676E7
1.2222686E7
1.2222696E7
1.2222706E7
1.2222716E7
1.2222726E7
1.2222736E7
1.2222746E7
1.2222756E7
1.2281006E7
1.2281015069930399E7
1.2281016E7
1.2281026E7
1.2281035069930399E7
1.2281036E7
1.2281046E7
1.2281055069930399E7
1.2281056E7
1.2281066E7
1.2281075069930399E7
1.2281076E7
1.2281085069930399E7
1.2281086E7
1.2281095069930399E7
1.2281096E7
1.2281105069930399E7
1.2281106E7
1.2281115069930399E7
1.2281116E7
1.2281125069930399E7
1.2281126E7
1.2281136E7
1.2281146E7
1.2281156E7
1.2281166E7
1.2281176E7
1.2281186E7
1.2281196E7
1.2281206E7
1.2281216E7
1.2281226E7
1.2281236E7
1.2281238140630666E7
1.2281246E7
1.2281256E7
1.2281266E7
1.2281276E7
1.2281286E7
1.2281296E7
1.2281306E7
1.2281316E7
1.2281326E7
1.2281336E7
1.2281346E7
1.2281356E7
1.2281366E7
1.2281376E7
1.2281386E7
1.2281396E7
1.2281406E7
1.2281416E7
1.2281426E7
1.2281436E7
1.2281446E7
1.2281456E7
1.2281466E7
1.2281476E7
1.2281486E7
1.2281496E7
1.2281506E7
1.2281516E7
1.2281526E7
1.2281536E7
1.2281546E7
1.2281556E7
1.2281566E7
1.2281576E7
1.2281586E7
1.2281596E7
1.2281606E7
1.2281616E7
1.2281626E7
1.2281636E7
1.2281646E7
1.2281656E7
1.2281666E7
1.2281676E7
1.2281686E7
1.2281696E7
1.2281706E7
1.2281716E7
1.2281726E7
1.2281736E7
1.2281746E7
1.2281756E7
1.2281766E7
1.2281776E7
1.2281786E7
1.2281796E7
1.2281806E7
1.2281816E7
1.2281826E7
1.2281836E7
1.2281846E7
1.2281856E7
1.2281866E7
1.2281876E7
1.2281886E7
1.2281896E7
1.2281906E7
1.2281916E7
1.2281926E7
1.2281936E7
1.2281946E7
1.2622005025611246E7
1.2622006E7
1.2622015025611246E7
1.2622016E7
1.2622025025611246E7
1.2622026E7
1.2622035025611246E7
1.2622036E7
1.2622045025611246E7
1.2622046E7
1.2622055025611246E7
1.2622056E7
1.2622065025611246E7
1.2622066E7
1.2622075025611246E7
1.2622076E7
1.2622085025611246E7
1.2622086E7
1.2622095025611246E7
1.2622096E7
1.2622105025611246E7
1.2622106E7
1.2622115025611246E7
1.2622116E7
1.2622125025611246E7
1.2622126E7
1.2622135025611246E7
1.2622136E7
1.2622145025611246E7
1.2622146E7
1.2622155025611246E7
1.2622156E7
1.2622165025611246E7
1.2622166E7
1.2622175025611246E7
1.2622176E7
1.2622185025611246E7
1.2622186E7
1.2622195025611246E7
1.2622196E7
1.2622205025611246E7
1.2622206E7
1.2622215025611246E7
1.2622216E7
1.2622225025611246E7
1.2622226E7
1.2622235025611246E7
1.2622236E7
1.2622245025611246E7
1.2622246E7
1.2622255025611246E7
1.2622256E7
1.2622265025611246E7
1.2622266E7
1.2622275025611246E7
1.2622276E7
1.2622285025611246E7
1.2622286E7
1.2622296E7
1.2622305025611246E7
1.2622306E7
1.2622315025611246E7
1.2622316E7
1.2622325025611246E7
1.2622326E7
1.2622335025611246E7
1.2622336E7
1.2622345025611246E7
1.2622346E7
1.2622355025611246E7
1.2622356E7
1.2622365025611246E7
1.2622366E7
1.2622375025611246E7
1.2622376E7
1.2622385025611246E7
1.2622386E7
1.2622395025611246E7
1.2622396E7
1.2622405025611246E7
1.2622406E7
1.2622415025611246E7
1.2622416E7
1.2622425025611246E7
1.2622426E7
1.2622435025611246E7
1.2622436E7
1.2622445025611246E7
1.2622446E7
1.2622455025611246E7
1.2622456E7
1.2622465025611246E7
1.2622466E7
1.2622475025611246E7
1.2622476E7
1.2622485025611246E7
1.2622486E7
1.2622495025611246E7
1.2622496E7
1.2622505025611246E7
1.2622506E7
1.2622515025611246E7
1.2622516E7
1.2622525025611246E7
1.2622526E7
1.2622535025611246E7
1.2622536E7
1.2622545025611246E7
1.2622546E7
1.2622556E7
1.2622565025611246E7
1.2622566E7
1.2622576E7
1.2622585025611246E7
1.2622586E7
1.2622595025611246E7
1.2622596E7
1.2622605025611246E7
1.2622606E7
1.2622615025611246E7
1.2622616E7
1.2622626E7
1.2622636E7
1.2622646E7
1.2622656E7
1.2622666E7
1.2622676E7
1.2622686E7
1.2622696E7
1.2622706E7
1.2622716E7
1.2622726E7
1.2622736E7
