1.4498002405259226E7
1.4498002405260358E7
1.4498006E7
1.4498016E7
1.4498026E7
1.4498036E7
1.4498046E7
1.4498056E7
1.4498066E7
1.4498076E7
1.4498086E7
1.4498096E7
1.4498106E7
1.4498116E7
1.4498126E7
1.4498136E7
1.4498146E7
1.4498156E7
1.4498166E7
1.4498176E7
1.4498186E7
1.4498196E7
1.4498206E7
1.4498216E7
1.4498226E7
1.4498236E7
1.4498246E7
1.4498256E7
1.4498266E7
1.4498276E7
1.4498286E7
1.4498296E7
1.4498306E7
1.4498316E7
1.4498326E7
1.4498336E7
1.4498346E7
1.4498356E7
1.4498366E7
1.4498376E7
1.4498386E7
1.4498396E7
1.4498406E7
1.4498416E7
1.4498426E7
1.4498436E7
1.4498446E7
1.4498456E7
1.4498466E7
1.4498476E7
1.4498486E7
1.4498496E7
1.4498506E7
1.4498516E7
1.4498526E7
1.4498536E7
1.4498546E7
1.4498556E7
1.4498566E7
1.4498576E7
1.4498586E7
1.4498596E7
1.4498606E7
1.4498616E7
1.4498626E7
1.4498636E7
1.4498646E7
1.4498656E7
1.4498666E7
1.4498676E7
1.4498686E7
1.4498696E7
1.4498706E7
1.4498716E7
1.4498726E7
1.4498736E7
1.4498746E7
1.4498756E7
1.4498766E7
1.4498776E7
1.4498786E7
1.4498796E7
1.4498806E7
1.4498816E7
1.4498826E7
1.4498836E7
1.4498846E7
1.4498856E7
1.4498866E7
1.45930033670387E7
1.4593003367039833E7
1.4593006E7
1.4593016E7
1.4593026E7
1.4593036E7
1.4593046E7
1.4593056E7
1.4593066E7
1.4593076E7
1.4593086E7
1.4593096E7
1.4593106E7
1.4593116E7
1.4593126E7
1.4593136E7
1.4593146E7
1.4593156E7
1.4593166E7
1.4593176E7
1.4593186E7
1.4593196E7
1.4593206E7
1.4593216E7
1.4593226E7
1.4593236E7
1.4593246E7
1.4593256E7
1.4593266E7
1.4593276E7
1.4593286E7
1.4593296E7
1.4593306E7
1.4593316E7
1.4593326E7
1.4593336E7
1.4593346E7
1.4593356E7
1.4593366E7
1.4593376E7
1.4593386E7
1.4593396E7
1.4593406E7
1.4593416E7
1.4593426E7
1.4593436E7
1.4593446E7
1.4593456E7
1.4593466E7
1.4593476E7
1.4593486E7
1.4593496E7
1.4593506E7
1.4593516E7
1.4593526E7
1.4593536E7
1.4593546E7
1.4593556E7
1.4593566E7
1.4593576E7
1.4593586E7
1.4593596E7
1.4593606E7
1.4593616E7
1.4593626E7
1.4593636E7
1.4593646E7
1.4593656E7
1.4593666E7
1.4593676E7
1.4593686E7
1.4593696E7
1.4593706E7
1.4593716E7
1.4593726E7
1.4593736E7
1.4593746E7
1.4593756E7
1.4593766E7
1.4593776E7
1.4593786E7
1.4593796E7
1.4593806E7
1.4593816E7
1.4593826E7
1.4755002231191013E7
1.4755002231192145E7
1.4755006E7
1.4755016E7
1.4755026E7
1.4755036E7
1.4755046E7
1.4755056E7
1.4755066E7
1.4755076E7
1.4755086E7
1.4755096E7
1.4755106E7
1.4755116E7
1.4755126E7
1.4755136E7
1.4755146E7
1.4755156E7
1.4755166E7
1.4755176E7
1.4755186E7
1.4755196E7
1.4755206E7
1.4755216E7
1.4755226E7
1.4755236E7
1.4755246E7
1.4755256E7
1.4755266E7
1.4755276E7
1.4755286E7
1.4755296E7
1.4755306E7
1.4755316E7
1.4755326E7
1.4755336E7
1.4755346E7
1.4755356E7
1.4755366E7
1.4755376E7
1.4755386E7
1.4755396E7
1.4755406E7
1.4755416E7
1.4755426E7
1.4755436E7
1.4755446E7
1.4755456E7
1.4755466E7
1.4755476E7
1.4755486E7
1.4755496E7
1.4755506E7
1.4755516E7
1.4755526E7
1.4755536E7
1.4755546E7
1.4755556E7
1.4755566E7
1.4755576E7
1.4755586E7
1.4755596E7
1.4755606E7
1.4755616E7
1.4755626E7
1.4755636E7
1.4755646E7
1.4755656E7
1.4755657855839944E7
1.4755657855841076E7
1.4755666E7
1.4755676E7
1.4755686E7
1.4755696E7
1.4755706E7
1.4755716E7
1.4755726E7
1.4755736E7
1.4755746E7
1.4755756E7
1.4755766E7
1.4755776E7
1.4755786E7
1.4755796E7
1.4755806E7
1.4755816E7
1.4755826E7
1.4755836E7
1.4755846E7
1.4755856E7
1.4755866E7
1.4755876E7
1.4755886E7
1.4755896E7
1.4755906E7
1.4755916E7
1.4755926E7
1.4755936E7
1.4755946E7
1.4755952855839944E7
1.4755952855841076E7
1.4755956E7
1.4755966E7
1.4755976E7
1.4755986E7
1.4755996E7
1.4756006E7
1.4756016E7
1.4756026E7
1.4756036E7
1.4756046E7
1.4756056E7
1.4756066E7
1.4756076E7
1.4756086E7
1.4756096E7
1.4756106E7
1.4756116E7
1.4756126E7
1.4756136E7
1.4756146E7
1.4756156E7
1.4900001986584399E7
1.4900001986585531E7
1.4900006E7
1.4900016E7
1.4900026E7
1.4900036E7
1.4900046E7
1.4900056E7
1.4900066E7
1.4900076E7
1.4900086E7
1.4900096E7
1.4900106E7
1.4900116E7
1.4900126E7
1.4900136E7
1.4900146E7
1.4900156E7
1.4900166E7
1.4900176E7
1.4900186E7
1.4900196E7
1.4900206E7
1.4900216E7
1.4900226E7
1.4900236E7
1.4900246E7
1.4900256E7
1.4900266E7
1.4900276E7
1.4900286E7
1.4900296E7
1.4900306E7
1.4900316E7
1.4900326E7
1.4900336E7
1.4900346E7
1.4900356E7
1.4900366E7
1.4900376E7
1.4900386E7
1.4900396E7
1.4900406E7
1.4900416E7
1.4900426E7
1.4900436E7
1.4900446E7
1.4900456E7
1.4900466E7
1.4900476E7
1.4900486E7
1.4900496E7
1.4900506E7
1.4900516E7
1.4900526E7
1.4900536E7
1.4900546E7
1.4900556E7
1.4900566E7
1.4900576E7
1.4900586E7
1.4900596E7
1.4900606E7
1.4900616E7
1.4900626E7
1.4900636E7
1.4900646E7
1.4900656E7
1.4900666E7
1.4900676E7
1.4900686E7
1.4900696E7
1.4900706E7
1.4900716E7
1.4900726E7
1.4900736E7
1.4900746E7
1.4900756E7
1.4900766E7
1.4900776E7
1.4900786E7
1.4900796E7
1.4900806E7
1.4900816E7
1.4900826E7
1.4900836E7
1.4900846E7
1.4900856E7
1.4900866E7
1.4900876E7
1.4900886E7
1.4900896E7
1.4900906E7
1.4900916E7
1.4900926E7
1.4900936E7
1.4900946E7
1.4900956E7
1.4900966E7
1.4900976E7
1.4900986E7
1.4900996E7
1.4901006E7
1.4901016E7
1.4901026E7
1.4901036E7
1.4901046E7
1.4901056E7
1.4901066E7
1.4901076E7
1.4901086E7
1.4901096E7
1.4901106E7
1.4901116E7
1.4901126E7
1.4901136E7
1.4901146E7
1.4927001279116128E7
1.492700127911726E7
1.4927006E7
1.4927016E7
1.4927026E7
1.4927036E7
1.4927046E7
1.4927056E7
1.4927066E7
1.4927076E7
1.4927086E7
1.4927096E7
1.4927106E7
1.4927116E7
1.4927126E7
1.4927136E7
1.4927146E7
1.4927156E7
1.4927166E7
1.4927176E7
1.4927186E7
1.4927196E7
1.4927206E7
1.4927216E7
1.4927226E7
1.4927236E7
1.4927246E7
1.4927256E7
1.4927266E7
1.4927276E7
1.4927286E7
1.4927296E7
1.4927306E7
1.4927316E7
1.4927326E7
1.4927336E7
1.4927346E7
1.4927356E7
1.4927366E7
1.4927376E7
1.4927386E7
1.4927396E7
1.4927406E7
1.4927416E7
1.4927426E7
1.4927436E7
1.4927446E7
1.4927456E7
1.4927466E7
1.4927476E7
1.4927486E7
1.4927496E7
1.4927506E7
1.4927516E7
1.4927526E7
1.4927536E7
1.4927546E7
1.4927556E7
1.4927566E7
1.4927576E7
1.4927586E7
1.4927596E7
1.4927606E7
1.4927616E7
1.4927626E7
1.4927636E7
1.4927646E7
1.4927656E7
1.4927666E7
1.4927676E7
1.4927686E7
1.4927696E7
1.4927706E7
1.4927716E7
1.4927726E7
1.4927736E7
1.4927746E7
1.4927756E7
1.4927766E7
1.4927776E7
1.4927786E7
1.4927796E7
1.4927806E7
1.4927816E7
1.4927826E7
1.4927836E7
1.4927846E7
1.4927856E7
1.4927866E7
1.4927876E7
1.4927886E7
1.4927896E7
1.4927906E7
1.4927916E7
1.4927926E7
1.4927936E7
1.4927946E7
1.4927956E7
1.4927966E7
1.4927976E7
1.4927986E7
1.4927996E7
1.4928006E7
1.5064002069324944E7
1.5064002069326077E7
1.5064006E7
1.5064016E7
1.5064026E7
1.5064036E7
1.5064046E7
1.5064056E7
1.5064066E7
1.5064076E7
1.5064086E7
1.5064096E7
1.5064106E7
1.5064116E7
1.5064126E7
1.5064136E7
1.5064146E7
1.5064156E7
1.5064166E7
1.5064176E7
1.5064186E7
1.5064196E7
1.5064206E7
1.5064216E7
1.5064226E7
1.5064236E7
1.5064246E7
1.5064256E7
1.5064266E7
1.5064276E7
1.5064286E7
1.5064296E7
1.5064306E7
1.5064316E7
1.5064326E7
1.5064336E7
1.5064346E7
1.5064356E7
1.5064366E7
1.5064376E7
1.5064386E7
1.5064396E7
1.5064406E7
1.5064416E7
1.5064426E7
1.5064436E7
1.5064446E7
1.5064456E7
1.5064466E7
1.5064476E7
1.5064486E7
1.5064496E7
1.5064506E7
1.5064516E7
1.5064526E7
1.5064536E7
1.5064546E7
1.5064556E7
1.5064566E7
1.5064576E7
1.5064586E7
1.5064596E7
1.5064606E7
1.5064616E7
1.5064626E7
1.5064636E7
1.5064646E7
1.5064656E7
1.5064666E7
1.5064676E7
1.5064686E7
1.5064696E7
1.5064706E7
1.5064716E7
1.5064726E7
1.5064736E7
1.5064746E7
1.5064756E7
1.5064766E7
1.5064776E7
1.5064786E7
1.5064796E7
1.5064806E7
1.5064816E7
1.5064826E7
1.5064836E7
1.5064846E7
1.5064856E7
1.5064866E7
1.5064876E7
1.5064886E7
1.5064896E7
1.5064906E7
1.5064916E7
1.5064926E7
1.5064936E7
1.5064946E7
1.5064956E7
1.5064966E7
1.5064976E7
1.5064986E7
1.5064996E7
1.5065006E7
1.5065016E7
1.5065026E7
1.5065036E7
1.5065046E7
1.5065056E7
1.5065066E7
1.5065076E7
1.5065086E7
1.5065096E7
1.5065106E7
1.5065116E7
1.5065126E7
1.5065136E7
1.5065146E7
1.5065156E7
1.5065166E7
1.5065176E7
1.5065186E7
1.5201002920673821E7
1.5201006E7
1.5201012920673821E7
1.5201016E7
1.5201022920673821E7
1.520102403182443E7
1.5201026E7
1.5201032920673821E7
1.5201036E7
1.5201046E7
1.5201056E7
1.5201066E7
1.5201076E7
1.5201086E7
1.5201096E7
1.5201106E7
1.5201116E7
1.5201126E7
1.5201136E7
1.5201146E7
1.5201156E7
1.5201166E7
1.5201176E7
1.5201186E7
1.5201196E7
1.5201206E7
1.5201216E7
1.5201226E7
1.5201236E7
1.5201246E7
1.5201256E7
1.5201266E7
1.5201276E7
1.5201286E7
1.5201296E7
1.5201306E7
1.5201316E7
1.5201326E7
1.5201336E7
1.5201346E7
1.5201356E7
1.5201366E7
1.5201376E7
1.5201386E7
1.5201396E7
1.5201406E7
1.5201416E7
1.5201426E7
1.5201436E7
1.5201446E7
1.5201456E7
1.5201466E7
1.5201476E7
1.5201486E7
1.5201496E7
1.5201506E7
1.5201516E7
1.5201526E7
1.5201536E7
1.5201546E7
1.5201556E7
1.5201566E7
1.5201576E7
1.5201586E7
1.5201596E7
1.5201606E7
1.5201616E7
1.5201626E7
1.5201636E7
1.5201646E7
1.5201656E7
1.5201666E7
1.5201676E7
1.5201686E7
1.5201696E7
1.5201706E7
1.5201716E7
1.5201726E7
1.5201736E7
1.5201746E7
1.5201756E7
1.5201766E7
1.5201776E7
1.5201786E7
1.5201796E7
1.5201806E7
1.5201816E7
1.5201826E7
1.5201836E7
1.5201846E7
1.5304006E7
1.5304009929840539E7
1.5304016E7
1.5304019929840539E7
1.5304026E7
1.5304029929840539E7
1.5304036E7
1.5304039929840539E7
1.5304046E7
1.5304056E7
1.5304066E7
1.5304076E7
1.5304086E7
1.5304096E7
1.5304106E7
1.5304116E7
1.5304126E7
1.5304136E7
1.5304146E7
1.5304156E7
1.5304166E7
1.5304176E7
1.5304186E7
1.5304196E7
1.5304206E7
1.5304216E7
1.5304226E7
1.5304236E7
1.5304246E7
1.5304256E7
1.5304266E7
1.5304276E7
1.5304286E7
1.5304296E7
1.5304306E7
1.5304316E7
1.5304326E7
1.5304336E7
1.5304346E7
1.5304356E7
1.5304366E7
1.5304376E7
1.5304386E7
1.5304396E7
1.5304406E7
1.5304416E7
1.5304426E7
1.5304436E7
1.5304446E7
1.5304456E7
1.5304466E7
1.5304476E7
1.5304486E7
1.5304496E7
1.5304506E7
1.5304516E7
1.5304526E7
1.5304536E7
1.5304546E7
1.5304556E7
1.5304566E7
1.5304576E7
1.5304586E7
1.5304596E7
1.5304606E7
1.5304616E7
1.5304626E7
1.5304636E7
1.5304646E7
1.5304656E7
1.5304666E7
1.5304676E7
1.5304686E7
1.5304696E7
1.5304706E7
1.5304716E7
1.5304726E7
1.5304736E7
1.5304746E7
1.5304756E7
1.5304766E7
1.5304776E7
1.5304786E7
1.5304796E7
1.5304806E7
1.5304816E7
1.5304826E7
1.5304836E7
1.5304846E7
1.5304856E7
1.5304866E7
1.5304876E7
1.5304886E7
1.5304896E7
1.5304906E7
1.5304916E7
1.5304926E7
1.5304936E7
1.5304946E7
1.5304956E7
1.5304966E7
1.5304976E7
1.5304986E7
1.5304996E7
1.5305006E7
1.5305016E7
1.5305026E7
1.5305036E7
1.5305046E7
1.5305056E7
1.5305066E7
1.5305076E7
1.5305086E7
1.5305096E7
1.5305106E7
1.5305116E7
1.5305126E7
1.5305136E7
1.5305146E7
1.5305156E7
1.5305166E7
1.5305176E7
1.5841002594271757E7
1.5841006E7
1.5841016E7
1.5841026E7
1.5841036E7
1.5841046E7
1.5841056E7
1.5841066E7
1.5841076E7
1.5841086E7
1.5841096E7
1.5841106E7
1.5841116E7
1.5841126E7
1.5841136E7
1.5841146E7
1.5841156E7
1.5841166E7
1.5841176E7
1.5841186E7
1.5841196E7
1.5841206E7
1.5841216E7
1.5841226E7
1.5841236E7
1.5841246E7
1.5841256E7
1.5841266E7
1.5841276E7
1.5841286E7
1.5841296E7
1.5841306E7
1.5841316E7
1.5841326E7
1.5841336E7
1.5841346E7
1.5841356E7
1.5841366E7
1.5841376E7
1.5841386E7
1.5841396E7
1.5841406E7
1.5841416E7
1.5841426E7
1.5841436E7
1.5841446E7
1.5841456E7
1.5841466E7
1.5841476E7
1.5841486E7
1.5841496E7
1.5841506E7
1.5841516E7
1.5841526E7
1.5841536E7
1.5841546E7
1.5841556E7
1.5841566E7
1.5841576E7
1.5841586E7
1.5841596E7
1.5841606E7
1.5841616E7
1.5841626E7
1.5841636E7
1.5841646E7
1.5841656E7
1.5841666E7
1.5841676E7
1.5841686E7
1.5841696E7
1.5841706E7
1.5841716E7
1.5841726E7
1.5841736E7
1.5841746E7
1.5841756E7
1.5841766E7
1.5841776E7
1.5841785122790478E7
1.5841786E7
1.5841796E7
1.5841806E7
1.5841816E7
1.5841826E7
1.5841836E7
1.5841846E7
1.5841856E7
1.5841866E7
1.5841876E7
1.5841886E7
1.5841896E7
1.5841906E7
1.5841916E7
1.5841926E7
1.5841936E7
1.5841946E7
1.5841956E7
1.5841966E7
1.5841976E7
1.5841986E7
1.5943006E7
1.5943008380157925E7
1.5943016E7
1.5943018380157925E7
1.5943026E7
1.5943028380157925E7
1.5943036E7
1.5943046E7
1.5943056E7
1.5943066E7
1.5943076E7
1.5943086E7
1.5943096E7
1.5943106E7
1.5943116E7
1.5943126E7
1.5943136E7
1.5943146E7
1.5943156E7
1.5943166E7
1.5943176E7
1.5943186E7
1.5943196E7
1.5943206E7
1.5943216E7
1.5943226E7
1.5943236E7
1.5943246E7
1.5943256E7
1.5943266E7
1.5943276E7
1.5943286E7
1.5943296E7
1.5943306E7
1.5943316E7
1.5943326E7
1.5943336E7
1.5943346E7
1.5943356E7
1.5943366E7
1.5943376E7
1.5943386E7
1.5943396E7
1.5943406E7
1.5943416E7
1.5943426E7
1.5943436E7
1.5943446E7
1.5943456E7
1.5943466E7
1.5943476E7
1.5943486E7
1.5943496E7
1.5943506E7
1.5943516E7
1.5943526E7
1.5943536E7
1.5943546E7
1.5943556E7
1.5943566E7
1.5943576E7
1.5943586E7
1.5943596E7
1.5943606E7
1.5943616E7
1.5943626E7
1.5943636E7
1.5943646E7
1.5943656E7
1.5943666E7
1.5943676E7
1.5943686E7
1.5943696E7
1.5943706E7
1.5943716E7
1.5943726E7
1.5943736E7
1.5943746E7
1.5943756E7
1.5943766E7
1.5943776E7
1.5943786E7
1.5943796E7
1.5943806E7
1.5943816E7
1.5943826E7
1.5943836E7
1.5943846E7
1.5943856E7
1.5943866E7
1.5943876E7
1.5943886E7
1.5943896E7
1.5943906E7
1.5943916E7
1.5943926E7
