7259003.406958671
7259003.406966358
7259006.0
7259016.0
7259026.0
7259036.0
7259046.0
7259056.0
7259066.0
7259076.0
7259086.0
7259096.0
7259100.44372705
7259100.443734737
7259106.0
7259116.0
7259126.0
7259136.0
7259146.0
7259156.0
7259166.0
7259176.0
7259186.0
7259196.0
7259206.0
7259216.0
7259226.0
7259236.0
7259246.0
7259256.0
7259266.0
7259276.0
7259286.0
7259296.0
7259306.0
7259316.0
7259326.0
7259336.0
7259346.0
7259356.0
7259366.0
7259376.0
7259386.0
7259396.0
7259406.0
7259416.0
7259426.0
7259436.0
7259446.0
7259456.0
7259466.0
7259476.0
7259486.0
7259496.0
7259506.0
7259516.0
7259526.0
7259536.0
7259546.0
7259556.0
7259566.0
7259576.0
7259586.0
7259596.0
7259606.0
7259616.0
7259626.0
7259636.0
7259646.0
7259656.0
7259666.0
7259676.0
7259686.0
7259696.0
7259706.0
7259716.0
7259726.0
7259736.0
7259746.0
7259756.0
7259766.0
7259776.0
7259786.0
7259796.0
7259806.0
7259816.0
7259826.0
7259836.0
7259846.0
7259856.0
7259866.0
7259876.0
7259886.0
7259896.0
7259906.0
7259916.0
7259926.0
7259936.0
7259946.0
7259956.0
7259966.0
7259976.0
7259986.0
7259996.0
7260006.0
7260016.0
7260026.0
7260036.0
7260046.0
7260056.0
7260066.0
7260076.0
7260086.0
7260096.0
7260106.0
7423001.283732863
7423001.28374055
7423006.0
7423016.0
7423026.0
7423036.0
7423046.0
7423056.0
7423066.0
7423076.0
7423086.0
7423096.0
7423106.0
7423116.0
7423126.0
7423136.0
7423146.0
7423156.0
7423166.0
7423176.0
7423186.0
7423196.0
7423206.0
7423216.0
7423226.0
7423236.0
7423246.0
7423256.0
7423266.0
7423276.0
7423286.0
7423296.0
7423306.0
7423316.0
7423326.0
7423336.0
7423346.0
7423356.0
7423366.0
7423376.0
7423386.0
7423396.0
7423406.0
7423416.0
7423426.0
7423436.0
7423446.0
7423456.0
7423466.0
7423476.0
7423486.0
7423496.0
7423506.0
7423516.0
7423526.0
7423536.0
7423546.0
7423556.0
7423566.0
7423576.0
7423586.0
7423596.0
7423606.0
7423616.0
7423626.0
7423636.0
7423646.0
7423656.0
7423666.0
7423676.0
7423686.0
7423696.0
7423706.0
7423716.0
7423726.0
7423736.0
7423746.0
7423756.0
7423766.0
7423776.0
7423786.0
7423796.0
7529006.0
7529016.0
7529026.0
7529036.0
7529046.0
7529056.0
7529066.0
7529076.0
7529086.0
7529096.0
7529106.0
7529116.0
7529126.0
7529136.0
7529146.0
7529156.0
7529166.0
7529176.0
7529186.0
7529196.0
7529196.2301226
7529196.230130287
7529206.0
7529216.0
7529226.0
7529236.0
7529246.0
7529256.0
7529266.0
7529276.0
7529286.0
7529296.0
7529306.0
7529316.0
7529326.0
7529336.0
7529346.0
7529356.0
7529366.0
7529376.0
7529386.0
7529396.0
7529406.0
7529416.0
7529426.0
7529436.0
7529446.0
7529456.0
7529466.0
7529476.0
7529486.0
7529496.0
7529506.0
7529516.0
7529526.0
7529536.0
7529546.0
7529556.0
7529566.0
7529576.0
7529586.0
7529596.0
7529606.0
7529616.0
7529626.0
7529636.0
7529646.0
7529656.0
7529666.0
7529676.0
7529686.0
7529696.0
7529706.0
7529716.0
7529726.0
7529736.0
7529746.0
7529756.0
7529766.0
7529776.0
7529786.0
7529796.0
7529806.0
7529816.0
7529826.0
7687002.911842676
7687002.911850363
7687006.0
7687016.0
7687026.0
7687036.0
7687046.0
7687056.0
7687066.0
7687076.0
7687086.0
7687096.0
7687106.0
7687116.0
7687126.0
7687136.0
7687146.0
7687156.0
7687166.0
7687176.0
7687186.0
7687196.0
7687206.0
7687216.0
7687226.0
7687236.0
7687246.0
7687256.0
7687266.0
7687276.0
7687286.0
7687296.0
7687306.0
7687316.0
7687326.0
7687336.0
7687346.0
7687356.0
7687366.0
7687376.0
7687386.0
7687396.0
7687406.0
7687416.0
7687426.0
7687436.0
7687446.0
7687456.0
7687466.0
7687476.0
7687486.0
7687496.0
7687506.0
7687516.0
7687526.0
7687536.0
7687546.0
7687556.0
7687566.0
7687576.0
7687586.0
7687596.0
7687606.0
7687616.0
7687626.0
7687636.0
7687646.0
7687656.0
7687666.0
7687676.0
7687686.0
7687696.0
7687706.0
7687716.0
7687726.0
7687731.196169052
7687731.196176739
7687736.0
7687746.0
7687756.0
7687766.0
7687776.0
7687786.0
7687796.0
7687806.0
7687816.0
7687826.0
7687836.0
7687846.0
7687856.0
7687866.0
7687876.0
7687886.0
7687896.0
7687906.0
7687916.0
7687926.0
7687936.0
7808006.0
7808014.222998949
7808014.223006636
7808016.0
7808026.0
7808034.222998949
7808034.223006636
7808036.0
7808044.222998949
7808044.223006636
7808046.0
7808054.222998949
7808054.223006636
7808056.0
7808064.222998949
7808064.223006636
7808066.0
7808074.222998949
7808074.223006636
7808076.0
7808084.222998949
7808084.223006636
7808086.0
7808094.222998949
7808094.223006636
7808096.0
7808104.222998949
7808104.223006636
7808106.0
7808116.0
7808126.0
7808134.222998949
7808134.223006636
7808136.0
7808144.222998949
7808144.223006636
7808146.0
7808154.222998949
7808154.223006636
7808156.0
7808164.222998949
7808164.223006636
7808166.0
7808174.222998949
7808174.223006636
7808176.0
7808184.222998949
7808184.223006636
7808186.0
7808194.222998949
7808194.223006636
7808196.0
7808204.222998949
7808204.223006636
7808206.0
7808214.222998949
7808214.223006636
7808216.0
7808224.222998949
7808224.223006636
7808226.0
7808234.222998949
7808234.223006636
7808236.0
7808240.851747189
7808240.851754876
7808244.222998949
7808244.223006636
7808246.0
7808254.222998949
7808254.223006636
7808256.0
7808264.222998949
7808264.223006636
7808266.0
7808274.222998949
7808274.223006636
7808276.0
7808284.222998949
7808284.223006636
7808286.0
7808294.222998949
7808294.223006636
7808296.0
7808306.0
7808314.222998949
7808314.223006636
7808316.0
7808324.222998949
7808324.223006636
7808326.0
7808336.0
7808344.222998949
7808344.223006636
7808346.0
7808354.222998949
7808354.223006636
7808356.0
7808364.222998949
7808364.223006636
7808366.0
7808374.222998949
7808374.223006636
7808376.0
7808386.0
7808394.222998949
7808394.223006636
7808396.0
7808404.222998949
7808404.223006636
7808406.0
7808416.0
7808424.222998949
7808424.223006636
7808426.0
7808434.222998949
7808434.223006636
7808436.0
7808444.222998949
7808444.223006636
7808446.0
7808454.222998949
7808454.223006636
7808456.0
7808466.0
7808474.222998949
7808474.223006636
7808476.0
7808484.222998949
7808484.223006636
7808486.0
7808494.222998949
7808494.223006636
7808496.0
7808504.222998949
7808504.223006636
7808506.0
7808514.222998949
7808514.223006636
7808516.0
7808524.222998949
7808524.223006636
7808526.0
7808534.222998949
7808534.223006636
7808536.0
7808544.222998949
7808544.223006636
7808546.0
7808554.222998949
7808554.223006636
7808556.0
7808564.222998949
7808564.223006636
7808566.0
7808574.222998949
7808574.223006636
7808576.0
7808586.0
7808594.222998949
7808594.223006636
7808596.0
7808604.222998949
7808604.223006636
7808606.0
7808614.222998949
7808614.223006636
7808616.0
7808624.222998949
7808624.223006636
7808626.0
7808634.222998949
7808634.223006636
7808636.0
7808644.222998949
7808644.223006636
7808646.0
7808654.222998949
7808654.223006636
7808656.0
7808666.0
7808674.222998949
7808674.223006636
7808676.0
7808684.222998949
7808684.223006636
7808686.0
7808694.222998949
7808694.223006636
7808696.0
7808704.222998949
7808704.223006636
7808706.0
7808714.222998949
7808714.223006636
7808716.0
7808724.222998949
7808724.223006636
7808726.0
7808734.222998949
7808734.223006636
7808736.0
7808746.0
7808756.0
7808766.0
7808776.0
7808786.0
7808796.0
7808806.0
7808816.0
7808826.0
7808836.0
7808846.0
7808856.0
7808866.0
7808876.0
7808886.0
7808896.0
7808906.0
7808916.0
7808926.0
7808936.0
7808946.0
7808956.0
7808966.0
7808976.0
7808986.0
7808996.0
7809006.0
7809016.0
7809026.0
7809036.0
7809046.0
7809056.0
7809066.0
7809076.0
7809086.0
7809096.0
7809106.0
7809116.0
7809126.0
7809136.0
7809146.0
7809156.0
7809166.0
7809176.0
7809186.0
7906006.0
7906016.0
7906017.0282968
7906017.0283044875
7906026.0
7906027.0282968
7906027.0283044875
7906036.0
7906037.0282968
7906037.0283044875
7906046.0
7906047.0282968
7906047.0283044875
7906056.0
7906057.0282968
7906057.0283044875
7906066.0
7906067.0282968
7906067.0283044875
7906076.0
7906077.0282968
7906077.0283044875
7906086.0
7906087.0282968
7906087.0283044875
7906096.0
7906097.0282968
7906097.0283044875
7906106.0
7906107.0282968
7906107.0283044875
7906116.0
7906117.0282968
7906117.0283044875
7906126.0
7906127.0282968
7906127.0283044875
7906136.0
7906137.0282968
7906137.0283044875
7906146.0
7906147.0282968
7906147.0283044875
7906156.0
7906157.0282968
7906157.0283044875
7906166.0
7906167.0282968
7906167.0283044875
7906176.0
7906186.0
7906187.0282968
7906187.0283044875
7906196.0
7906197.0282968
7906197.0283044875
7906206.0
7906207.0282968
7906207.0283044875
7906216.0
7906217.0282968
7906217.0283044875
7906226.0
7906227.0282968
7906227.0283044875
7906236.0
7906237.0282968
7906237.0283044875
7906246.0
7906247.0282968
7906247.0283044875
7906256.0
7906257.0282968
7906257.0283044875
7906266.0
7906267.0282968
7906267.0283044875
7906276.0
7906277.0282968
7906277.0283044875
7906286.0
7906296.0
7906297.0282968
7906297.0283044875
7906306.0
7906307.0282968
7906307.0283044875
7906316.0
7906326.0
7906327.0282968
7906327.0283044875
7906336.0
7906337.0282968
7906337.0283044875
7906346.0
7906347.0282968
7906347.0283044875
7906356.0
7906357.0282968
7906357.0283044875
7906366.0
7906367.0282968
7906367.0283044875
7906376.0
7906377.0282968
7906377.0283044875
7906386.0
7906387.0282968
7906387.0283044875
7906396.0
7906397.0282968
7906397.0283044875
7906406.0
7906407.0282968
7906407.0283044875
7906416.0
7906417.0282968
7906417.0283044875
7906426.0
7906427.0282968
7906427.0283044875
7906436.0
7906446.0
7906447.0282968
7906447.0283044875
7906456.0
7906457.0282968
7906457.0283044875
7906466.0
7906467.0282968
7906467.0283044875
7906476.0
7906477.0282968
7906477.0283044875
7906486.0
7906487.0282968
7906487.0283044875
7906496.0
7906497.0282968
7906497.0283044875
7906506.0
7906516.0
7906517.0282968
7906517.0283044875
7906526.0
7906527.0282968
7906527.0283044875
7906536.0
7906537.0282968
7906537.0283044875
7906546.0
7906547.0282968
7906547.0283044875
7906556.0
7906557.0282968
7906557.0283044875
7906566.0
7906567.0282968
7906567.0283044875
7906576.0
7906577.0282968
7906577.0283044875
7906586.0
7906587.0282968
7906587.0283044875
7906596.0
7906597.0282968
7906597.0283044875
7906606.0
7906607.0282968
7906607.0283044875
7906616.0
7906617.0282968
7906617.0283044875
7906626.0
7906627.0282968
7906627.0283044875
7906636.0
7906637.0282968
7906637.0283044875
7906646.0
7906656.0
7906666.0
7906667.0282968
7906667.0283044875
7906676.0
7906677.0282968
7906677.0283044875
7906686.0
7906687.0282968
7906687.0283044875
7906696.0
7906697.0282968
7906697.0283044875
7906706.0
7906707.0282968
7906707.0283044875
7906716.0
7906717.0282968
7906717.0283044875
7906726.0
7906727.0282968
7906727.0283044875
7906736.0
7906737.0282968
7906737.0283044875
7906746.0
7906747.0282968
7906747.0283044875
7906756.0
7906757.0282968
7906757.0283044875
7906766.0
7906767.0282968
7906767.0283044875
7906776.0
7906777.0282968
7906777.0283044875
7906786.0
7906787.0282968
7906787.0283044875
7906796.0
7906797.0282968
7906797.0283044875
7906806.0
7906807.0282968
7906807.0283044875
7906816.0
7906817.0282968
7906817.0283044875
7906826.0
7906827.0282968
7906827.0283044875
7906836.0
7906837.0282968
7906837.0283044875
7906846.0
7906847.0282968
7906847.0283044875
7906856.0
7906857.0282968
7906857.0283044875
7906866.0
7906876.0
7906886.0
7906896.0
7906906.0
