1.4532002516974358E7
1.45320025169821E7
1.4532006E7
1.4532016E7
1.4532026E7
1.4532036E7
1.4532046E7
1.4532056E7
1.4532066E7
1.4532076E7
1.4532086E7
1.4532096E7
1.4532106E7
1.4532116E7
1.4532126E7
1.4532136E7
1.4532146E7
1.4532156E7
1.4532166E7
1.4532176E7
1.4532186E7
1.4532196E7
1.4532206E7
1.4532216E7
1.4532226E7
1.4532236E7
1.4532245998734921E7
1.4532245998742664E7
1.4532246E7
1.4532256E7
1.4532266E7
1.4532276E7
1.4532286E7
1.4532296E7
1.4532306E7
1.4532316E7
1.4532326E7
1.4532336E7
1.4532346E7
1.4532356E7
1.4532366E7
1.4532376E7
1.4532386E7
1.4532396E7
1.4532406E7
1.4532416E7
1.4532426E7
1.4532436E7
1.4532446E7
1.4532456E7
1.4532466E7
1.4532476E7
1.4532486E7
1.4532496E7
1.4532506E7
1.4532516E7
1.4532526E7
1.4532536E7
1.4532546E7
1.4532556E7
1.4532566E7
1.4532576E7
1.4532586E7
1.4532596E7
1.4532606E7
1.4532616E7
1.4532626E7
1.4532636E7
1.4532646E7
1.4532656E7
1.4532666E7
1.4532676E7
1.4532686E7
1.4532696E7
1.4532706E7
1.4532716E7
1.4532726E7
1.4532736E7
1.4532746E7
1.4532756E7
1.4532766E7
1.4532776E7
1.4532786E7
1.4532796E7
1.4532806E7
1.4532816E7
1.4532826E7
1.4532836E7
1.4532846E7
1.4532856E7
1.4532866E7
1.4532876E7
1.4532886E7
1.4532896E7
1.4532906E7
1.4532916E7
1.4532926E7
1.4532936E7
1.4532946E7
1.4532956E7
1.4532966E7
1.4727002859131722E7
1.4727002859139465E7
1.4727006E7
1.4727016E7
1.4727026E7
1.4727036E7
1.4727046E7
1.4727056E7
1.4727066E7
1.4727076E7
1.4727086E7
1.4727096E7
1.4727106E7
1.4727116E7
1.4727126E7
1.4727136E7
1.4727146E7
1.4727156E7
1.4727166E7
1.4727176E7
1.4727186E7
1.4727196E7
1.4727206E7
1.4727216E7
1.4727226E7
1.4727236E7
1.4727246E7
1.4727256E7
1.4727266E7
1.4727276E7
1.4727286E7
1.4727296E7
1.4727306E7
1.4727316E7
1.4727326E7
1.4727336E7
1.4727346E7
1.4727356E7
1.4727366E7
1.4727366169813603E7
1.4727366169821346E7
1.4727376E7
1.4727386E7
1.4727396E7
1.4727406E7
1.4727416E7
1.4727426E7
1.4727436E7
1.4727446E7
1.4727456E7
1.4727466E7
1.4727476E7
1.4727486E7
1.4727496E7
1.4727506E7
1.4727516E7
1.4727526E7
1.4727536E7
1.4727546E7
1.4727556E7
1.4727566E7
1.4727576E7
1.4727586E7
1.4727596E7
1.4727606E7
1.4727616E7
1.4727626E7
1.4727636E7
1.4727646E7
1.4727656E7
1.4727666E7
1.4727676E7
1.4727686E7
1.4727696E7
1.4727706E7
1.4727716E7
1.5690002883805491E7
1.5690006E7
1.5690016E7
1.5690026E7
1.5690036E7
1.5690046E7
1.5690056E7
1.5690066E7
1.5690076E7
1.5690086E7
1.5690096E7
1.5690106E7
1.5690116E7
1.5690126E7
1.5690136E7
1.5690146E7
1.5690156E7
1.5690166E7
1.5690176E7
1.5690186E7
1.5690196E7
1.5690206E7
1.5690216E7
1.5690226E7
1.5690236E7
1.5690246E7
1.5690256E7
1.5690266E7
1.5690276E7
1.5690286E7
1.5690296E7
1.5690306E7
1.5690316E7
1.5690326E7
1.5690336E7
1.5690346E7
1.5690356E7
1.5690366E7
1.5690376E7
1.5690386E7
1.5690396E7
1.5690406E7
1.5690416E7
1.5690426E7
1.5690436E7
1.5690446E7
1.5690456E7
1.5690466E7
1.5690476E7
1.5690486E7
1.5690496E7
1.5690506E7
1.5690516E7
1.5690526E7
1.5690536E7
1.5690546E7
1.5690556E7
1.5690566E7
1.5690576E7
1.5690586E7
1.5690596E7
1.5690606E7
1.5690616E7
1.5690626E7
1.5690636E7
1.5690646E7
1.5690656E7
1.5690666E7
1.5690676E7
1.5690686E7
1.5690696E7
1.5690706E7
1.5690716E7
1.5690726E7
1.5690736E7
1.5690746E7
1.5690756E7
1.5690766E7
1.5690776E7
1.569077744209652E7
1.5690786E7
1.5690796E7
1.5864005746054865E7
1.5864006E7
1.5864007873221207E7
1.5864015746054865E7
1.5864016E7
1.5864025746054865E7
1.5864026E7
1.5864035746054865E7
1.5864036E7
1.5864045746054865E7
1.5864046E7
1.5864055746054865E7
1.5864056E7
1.5864066E7
1.5864076E7
1.5864086E7
1.5864096E7
1.5864106E7
1.5864116E7
1.5864126E7
1.5864136E7
1.5864146E7
1.5864156E7
1.5864166E7
1.5864176E7
1.5864186E7
1.5864196E7
1.5864206E7
1.5864216E7
1.5864226E7
1.5864236E7
1.5864246E7
1.5864256E7
1.5864266E7
1.5864276E7
1.5864286E7
1.5864296E7
1.5864306E7
1.5864316E7
1.5864326E7
1.5864336E7
1.5864346E7
1.5864356E7
1.5864366E7
1.5864376E7
1.5864386E7
1.5864396E7
1.5864406E7
1.5864416E7
1.5864426E7
1.5864436E7
1.5864446E7
1.5864456E7
1.5864466E7
1.5864476E7
1.5864486E7
1.5864496E7
1.5864506E7
1.5864516E7
1.5864526E7
1.5864536E7
1.5864546E7
1.5864556E7
1.5864566E7
1.5864576E7
1.5864586E7
1.5864596E7
1.5864606E7
1.5864616E7
1.5864626E7
1.5864636E7
1.5864646E7
1.5864656E7
1.5864666E7
1.5864676E7
1.5864686E7
1.5864696E7
1.5864706E7
1.5864716E7
1.5864726E7
1.5864736E7
1.5864746E7
1.5864756E7
1.5864766E7
1.5864776E7
1.5864786E7
1.5864796E7
1.5864806E7
1.5864816E7
1.5864826E7
1.5864836E7
1.5864846E7
1.5864856E7
1.5864866E7
1.5864876E7
1.5864886E7
1.5864896E7
1.5864906E7
1.5864916E7
1.5864926E7
1.5864936E7
1.5864946E7
1.5864956E7
1.5864966E7
1.5864976E7
1.5864986E7
1.5864996E7
1.5865006E7
1.5865016E7
1.5865026E7
1.5865036E7
1.5865046E7
1.5865056E7
1.5865066E7
1.5865076E7
1.5865086E7
1.5865096E7
1.5865106E7
1.6032003691343524E7
1.6032006E7
1.6032016E7
1.6032026E7
1.6032036E7
1.6032046E7
1.6032056E7
1.6032066E7
1.6032076E7
1.6032086E7
1.6032096E7
1.6032106E7
1.6032116E7
1.6032126E7
1.6032136E7
1.6032146E7
1.6032156E7
1.6032166E7
1.6032176E7
1.6032186E7
1.6032196E7
1.6032206E7
1.6032216E7
1.6032226E7
1.6032236E7
1.6032237845865536E7
1.6032246E7
1.6032256E7
1.6032266E7
1.6032276E7
1.6032286E7
1.6032296E7
1.6032306E7
1.6032316E7
1.6032326E7
1.6032336E7
1.6032346E7
1.6032356E7
1.6032366E7
1.6032376E7
1.6032386E7
1.6032396E7
1.6032406E7
1.6032416E7
1.6032426E7
1.6032436E7
1.6032446E7
1.6032456E7
1.6032466E7
1.6032476E7
1.6032486E7
1.6032496E7
1.6032506E7
1.6032516E7
1.6032526E7
1.6032536E7
1.6032546E7
1.6032556E7
1.6032566E7
1.6032576E7
1.6032586E7
1.6032596E7
1.6032606E7
1.6032616E7
1.6032626E7
1.6032636E7
1.6032646E7
1.6032656E7
1.6032666E7
1.6032676E7
1.6032686E7
1.6032696E7
1.6032706E7
1.6032716E7
1.6032726E7
1.6032736E7
1.6032746E7
1.6032756E7
1.6032766E7
1.6032776E7
1.6032786E7
1.6032796E7
1.6032806E7
1.6032816E7
1.6032826E7
1.6032836E7
1.6032846E7
1.6032856E7
1.6032866E7
1.6032876E7
1.6032886E7
1.6032896E7
1.6032906E7
1.6032916E7
1.6032926E7
1.6032936E7
1.6032946E7
1.6032956E7
1.6032966E7
1.6032976E7
1.6032986E7
1.6032996E7
1.6033006E7
1.6033016E7
1.6033026E7
1.6033036E7
1.6033046E7
1.6033056E7
1.6033066E7
1.6033076E7
1.6033086E7
1.6033096E7
1.6033106E7
1.6194006E7
1.6194006019941084E7
1.6194016E7
1.6194016070350273E7
1.6194026E7
1.6194036E7
1.6194036174360726E7
1.6194046E7
1.6194046070350273E7
1.6194056E7
1.6194056070350273E7
1.6194066E7
1.6194066070350273E7
1.6194076E7
1.6194085671648974E7
1.6194086E7
1.6194095671648974E7
1.6194096E7
1.6194105671648974E7
1.6194106E7
1.6194115671648974E7
1.6194116E7
1.6194116070350273E7
1.6194126E7
1.6194135621239785E7
1.6194136E7
1.6194136019941084E7
1.6194146E7
1.6194156E7
1.6194165671648974E7
1.6194166E7
1.6194175671648974E7
1.6194176E7
1.6194176070350273E7
1.6194186E7
1.6194195671648974E7
1.6194196E7
1.6194196070350273E7
1.6194206E7
1.6194208080495385E7
1.6194215671648974E7
1.6194216E7
1.6194216070350273E7
1.6194226E7
1.6194236E7
1.6194245671648974E7
1.6194246E7
1.6194255671648974E7
1.6194256E7
1.6194265671648974E7
1.6194266E7
1.6194276E7
1.6194285671648974E7
1.6194286E7
1.6194296E7
1.6194305671648974E7
1.6194306E7
1.6194315671648974E7
1.6194316E7
1.6194325671648974E7
1.6194326E7
1.6194326070350273E7
1.6194336E7
1.6194345775659427E7
1.6194346E7
1.6194346174360726E7
1.6194356E7
1.6194365671648974E7
1.6194366E7
1.6194375671648974E7
1.6194376E7
1.6194385671648974E7
1.6194386E7
1.6194395671648974E7
1.6194396E7
1.6194396070350273E7
1.6194406E7
1.6194406019941084E7
1.6194416E7
1.6194425671648974E7
1.6194426E7
1.6194426070350273E7
1.6194436E7
1.6194436070350273E7
1.6194446E7
1.6194446070350273E7
1.6194456E7
1.6194456019941084E7
1.6194466E7
1.6194466070350273E7
1.6194476E7
1.6194476070350273E7
1.6194486E7
1.6194486070350273E7
1.6194496E7
1.6194496070350273E7
1.6194506E7
1.6194506174360726E7
1.6194516E7
1.6194516019941084E7
1.6194526E7
1.6194526019941084E7
1.6194536E7
1.6194546E7
1.6194546070350273E7
1.6194556E7
1.6194556174360726E7
1.6194566E7
1.6194566070350273E7
1.6194576E7
1.6194576019941084E7
1.6194586E7
1.6194586019941084E7
1.6194596E7
1.6194596019941084E7
1.6194606E7
1.6194606070350273E7
1.6194616E7
1.6194616174360726E7
1.6194626E7
1.6194636E7
1.6194636174360726E7
1.6194646E7
1.6194646070350273E7
1.6194656E7
1.6194656174360726E7
1.6194666E7
1.6194666070350273E7
1.6194676E7
1.6194676019941084E7
1.6194686E7
1.6194686019941084E7
1.6194696E7
1.6194696174360726E7
1.6194706E7
1.6194706070350273E7
1.6194716E7
1.6194716174360726E7
1.6194726E7
1.6194726174360726E7
1.6194736E7
1.6194736019941084E7
1.6194746E7
1.6194746174360726E7
1.6194756E7
1.6194756070350273E7
1.6194766E7
1.6194766019941084E7
1.6194776E7
1.6194776070350273E7
1.6194786E7
1.6194786019941084E7
1.6194796E7
1.6194796019941084E7
1.6194806E7
1.6194806174360726E7
1.6194816E7
1.6194816019941084E7
1.6194826E7
1.6194836E7
1.6194836070350273E7
1.6194846E7
1.6194846174360726E7
1.6194856E7
1.6194856070350273E7
1.6194866E7
1.6194876E7
1.6194886E7
1.6194896E7
1.6194906E7
1.6194916E7
1.6194926E7
1.6194936E7
1.6194946E7
1.6194956E7
1.6194966E7
1.6194976E7
1.6194986E7
1.6194996E7
1.6195006E7
1.6195016E7
1.6195026E7
1.6195036E7
1.6195046E7
1.6195056E7
1.6195066E7
1.6195076E7
1.6195086E7
1.6195096E7
1.6275006E7
1.6275006143531425E7
1.6275016E7
1.6275016143531425E7
1.6275026E7
1.6275036E7
1.6275036143531425E7
1.6275046E7
1.6275046143531425E7
1.6275056E7
1.6275056143531425E7
1.6275066E7
1.6275066143531425E7
1.6275076E7
1.6275076143531425E7
1.6275086E7
1.6275086143531425E7
1.6275096E7
1.6275096143531425E7
1.6275106E7
1.6275116E7
1.6275116143531425E7
1.6275126E7
1.6275126143531425E7
1.6275136E7
1.6275136143531425E7
1.6275146E7
1.6275146143531425E7
1.6275156E7
1.6275156143531425E7
1.6275166E7
1.6275166143531425E7
1.6275176E7
1.6275176143531425E7
1.6275186E7
1.6275186143531425E7
1.6275196E7
1.6275196143531425E7
1.6275206E7
1.6275206143531425E7
1.6275216E7
1.6275216143531425E7
1.6275226E7
1.6275226143531425E7
1.6275236E7
1.6275246E7
1.6275246143531425E7
1.6275256E7
1.6275256143531425E7
1.6275266E7
1.6275266143531425E7
1.6275276E7
1.6275276143531425E7
1.6275286E7
1.6275286143531425E7
1.6275296E7
1.6275306E7
1.6275306143531425E7
1.6275316E7
1.6275316143531425E7
1.6275326E7
1.6275326143531425E7
1.6275336E7
1.6275336143531425E7
1.6275346E7
1.6275346143531425E7
1.6275356E7
1.6275356143531425E7
1.6275366E7
1.6275366143531425E7
1.6275376E7
1.6275376143531425E7
1.6275386E7
1.6275386143531425E7
1.6275396E7
1.6275406E7
1.6275406143531425E7
1.6275416E7
1.6275416143531425E7
1.6275426E7
1.6275426143531425E7
1.6275436E7
1.6275436143531425E7
1.6275446E7
1.6275446143531425E7
1.6275456E7
1.6275456143531425E7
1.6275466E7
1.6275466143531425E7
1.6275476E7
1.6275476143531425E7
1.6275486E7
1.6275486143531425E7
1.6275496E7
1.6275496143531425E7
1.6275506E7
1.6275506143531425E7
1.6275516E7
1.6275516143531425E7
1.6275526E7
1.6275526143531425E7
1.6275536E7
1.6275536143531425E7
1.6275546E7
1.6275546143531425E7
1.6275556E7
1.6275556143531425E7
1.6275566E7
1.6275566143531425E7
1.6275576E7
1.6275576143531425E7
1.6275586E7
1.6275586143531425E7
1.6275596E7
1.6275596143531425E7
1.6275606E7
1.6275606143531425E7
1.6275616E7
1.6275616143531425E7
1.6275626E7
1.6275626143531425E7
1.6275636E7
1.6275636143531425E7
1.6275646E7
1.6275646143531425E7
1.6275656E7
1.6275656143531425E7
1.6275666E7
1.6275666143531425E7
1.6275676E7
1.6275676143531425E7
1.6275686E7
1.6275686143531425E7
1.6275696E7
1.6275696143531425E7
1.6275706E7
1.6275706143531425E7
1.6275716E7
1.6275716143531425E7
1.6275726E7
1.6275726143531425E7
1.6275736E7
1.6275736143531425E7
1.6275746E7
1.6275746143531425E7
1.6275756E7
1.6275756143531425E7
1.6275766E7
1.6275776E7
1.6275776143531425E7
1.6275786E7
1.6275786143531425E7
1.6275796E7
1.6275796143531425E7
1.6275806E7
1.6275806143531425E7
1.6275816E7
1.6275816143531425E7
1.6275826E7
1.6275826143531425E7
1.6275836E7
1.6275836143531425E7
1.6275846E7
1.6275846143531425E7
1.6275856E7
1.6275856143531425E7
1.6275866E7
1.6275876E7
1.6275886E7
1.6275896E7
1.6275906E7
1.6275916E7
1.6275926E7
1.6275936E7
1.6275946E7
1.6275956E7
1.6275966E7
1.6275976E7
1.6275986E7
1.6275996E7
1.6276006E7
1.6276016E7
