0	6586	2888	8	0	0.0
0	6586	2888	8	0	1.6206E7
0	6586	2889	8	2	1.6207E7
0	6589	2892	8	4	1.6208E7
0	6592	2896	8	6	1.6209E7
0	6597	2901	8	8	1.621E7
0	6603	2908	8	10	1.6211E7
0	6609	2915	8	7	1.6212E7
0	6613	2920	8	4	1.6213E7
0	6615	2923	8	2	1.6214E7
0	6616	2923	8	0	1.6215E7
0	6616	2923	8	0	1.6216E7
0	6616	2923	8	0	1.6217E7
0	6616	2923	8	0	1.6218E7
0	6616	2923	8	0	1.6219E7
0	6616	2923	8	0	1.622E7
0	6616	2923	8	0	1.6221E7
0	6616	2923	8	0	1.6222E7
0	6616	2923	8	0	1.6223E7
0	6616	2923	8	0	1.6224E7
0	6616	2923	8	0	1.6225E7
0	6616	2923	8	0	1.6226E7
0	6616	2923	8	0	1.6227E7
0	6616	2923	8	0	1.6228E7
0	6616	2923	8	0	1.6229E7
0	6616	2923	8	0	1.623E7
0	6616	2923	8	0	1.6231E7
0	6616	2923	8	0	1.6232E7
0	6616	2923	8	0	1.6233E7
0	6616	2923	8	0	1.6234E7
0	6616	2924	8	1	1.6235E7
0	6618	2926	8	3	1.6236E7
0	6621	2930	8	5	1.6237E7
0	6626	2935	8	7	1.6238E7
0	6632	2942	8	9	1.6239E7
0	6639	2950	8	11	1.624E7
0	6648	2960	8	13	1.6241E7
0	6658	2970	8	14	1.6242E7
0	6669	2980	8	14	1.6243E7
0	6681	2989	8	14	1.6244E7
0	6693	2996	8	14	1.6245E7
0	6706	3002	8	12	1.6246E7
0	6716	3005	1	9	1.6247E7
0	6723	3006	1	6	1.6248E7
0	6728	3007	1	3	1.6249E7
0	6732	3008	1	5	1.625E7
0	6737	3012	8	7	1.6251E7
0	6738	3020	7	9	1.6252E7
0	6740	3030	7	10	1.6253E7
0	6741	3038	7	7	1.6254E7
0	6742	3044	7	4	1.6255E7
0	6743	3047	7	2	1.6256E7
0	6743	3048	7	0	1.6257E7
0	6743	3048	7	0	1.6258E7
0	6743	3048	7	0	1.6259E7
0	6743	3048	7	0	1.626E7
0	6743	3048	7	0	1.6261E7
0	6743	3048	7	0	1.6262E7
0	6743	3048	7	0	1.6263E7
0	6743	3048	7	0	1.6264E7
0	6743	3048	7	0	1.6265E7
0	6743	3048	7	0	1.6266E7
0	6743	3048	7	0	1.6267E7
0	6743	3048	7	0	1.6268E7
0	6743	3048	7	0	1.6269E7
0	6743	3048	7	0	1.627E7
0	6743	3048	7	0	1.6271E7
0	6743	3048	7	0	1.6272E7
0	6743	3048	7	0	1.6273E7
0	6743	3048	7	0	1.6274E7
0	6743	3048	7	0	1.6275E7
0	6743	3048	7	0	1.6276E7
0	6743	3049	7	2	1.6277E7
0	6744	3052	7	4	1.6278E7
0	6745	3057	7	5	1.6279E7
0	6746	3064	7	7	1.628E7
0	6747	3073	7	9	1.6281E7
0	6745	3082	7	11	1.6282E7
0	6732	3083	5	13	1.6283E7
0	6718	3084	5	14	1.6284E7
0	6703	3086	5	14	1.6285E7
0	6688	3087	5	14	1.6286E7
0	6674	3088	5	14	1.6287E7
0	6659	3090	5	14	1.6288E7
0	6645	3091	5	14	1.6289E7
0	6630	3092	5	14	1.629E7
0	6615	3093	5	14	1.6291E7
0	6601	3094	5	14	1.6292E7
0	6586	3095	5	14	1.6293E7
0	6571	3096	5	14	1.6294E7
0	6557	3098	5	14	1.6295E7
0	6543	3097	5	14	1.6296E7
0	6540	3083	3	14	1.6297E7
0	6539	3071	3	10	1.6298E7
0	6538	3062	3	7	1.6299E7
0	6538	3056	3	4	1.63E7
0	6537	3052	3	4	1.6301E7
0	6533	3048	4	6	1.6302E7
0	6525	3049	5	8	1.6303E7
0	6516	3050	5	9	1.6304E7
0	6509	3050	5	6	1.6305E7
0	6504	3051	5	3	1.6306E7
0	6500	3052	5	5	1.6307E7
0	6497	3057	6	7	1.6308E7
0	6498	3065	7	9	1.6309E7
0	6499	3076	7	11	1.631E7
0	6500	3085	7	7	1.6311E7
0	6501	3091	7	5	1.6312E7
0	6501	3095	7	3	1.6313E7
0	6502	3100	7	6	1.6314E7
0	6508	3104	8	8	1.6315E7
0	6517	3104	1	8	1.6316E7
0	6524	3103	1	6	1.6317E7
0	6529	3103	1	3	1.6318E7
0	6531	3103	1	0	1.6319E7
0	6531	3103	1	0	1.632E7
0	6531	3103	1	0	1.6321E7
0	6531	3103	1	0	1.6322E7
0	6531	3103	1	0	1.6323E7
0	6531	3103	1	0	1.6324E7
0	6531	3103	1	0	1.6325E7
0	6531	3103	1	0	1.6326E7
0	6531	3103	1	0	1.6327E7
0	6531	3103	1	0	1.6328E7
0	6531	3103	1	0	1.6329E7
0	6531	3103	1	0	1.633E7
0	6531	3103	1	0	1.6331E7
0	6531	3103	1	0	1.6332E7
0	6531	3103	1	0	1.6333E7
0	6531	3103	1	0	1.6334E7
0	6531	3103	1	0	1.6335E7
0	6531	3103	1	0	1.6336E7
0	6531	3103	1	0	1.6337E7
0	6531	3103	1	0	1.6338E7
0	6531	3103	1	0	1.6339E7
0	6533	3103	1	3	1.634E7
0	6537	3102	1	4	1.6341E7
0	6543	3102	1	6	1.6342E7
0	6551	3101	1	8	1.6343E7
0	6561	3101	1	10	1.6344E7
0	6572	3100	1	12	1.6345E7
0	6586	3099	1	14	1.6346E7
0	6600	3098	1	14	1.6347E7
0	6615	3097	1	14	1.6348E7
0	6630	3096	1	14	1.6349E7
0	6644	3094	1	14	1.635E7
0	6659	3093	1	14	1.6351E7
0	6674	3092	1	14	1.6352E7
0	6688	3090	1	14	1.6353E7
0	6703	3089	1	14	1.6354E7
0	6717	3088	1	12	1.6355E7
0	6727	3087	1	9	1.6356E7
0	6735	3086	1	6	1.6357E7
0	6739	3086	1	3	1.6358E7
0	6742	3085	1	1	1.6359E7
0	6743	3085	1	0	1.636E7
0	6744	3085	1	0	1.6361E7
0	6744	3085	1	0	1.6362E7
0	6744	3085	1	0	1.6363E7
0	6744	3085	1	0	1.6364E7
0	6744	3085	1	0	1.6365E7
0	6744	3085	1	0	1.6366E7
0	6744	3085	1	0	1.6367E7
0	6744	3085	1	0	1.6368E7
0	6744	3085	1	0	1.6369E7
0	6744	3085	1	0	1.637E7
0	6744	3085	1	0	1.6371E7
0	6744	3085	1	0	1.6372E7
0	6744	3085	1	0	1.6373E7
0	6744	3085	1	0	1.6374E7
0	6744	3085	1	0	1.6375E7
0	6744	3085	1	0	1.6376E7
0	6744	3085	1	0	1.6377E7
0	6744	3085	1	0	1.6378E7
0	6744	3085	1	0	1.6379E7
0	6744	3085	1	0	1.638E7
0	6744	3085	1	0	1.6381E7
0	6744	3085	1	0	1.6382E7
0	6744	3085	1	0	1.6383E7
0	6744	3085	1	0	1.6384E7
0	6744	3085	1	0	1.6385E7
0	6744	3085	1	0	1.6386E7
0	6744	3085	1	0	1.6387E7
0	6744	3085	1	0	1.6388E7
0	6744	3085	1	0	1.6389E7
0	6744	3085	1	0	1.639E7
0	6744	3085	1	0	1.6391E7
0	6744	3085	1	0	1.6392E7
0	6744	3085	1	0	1.6393E7
0	6744	3085	1	0	1.6394E7
0	6744	3085	1	0	1.6395E7
0	6744	3085	1	0	1.6396E7
0	6744	3085	1	0	1.6397E7
0	6744	3085	1	0	1.6398E7
0	6744	3085	1	0	1.6399E7
0	6744	3085	1	0	1.64E7
0	6744	3085	1	0	1.6401E7
0	6744	3085	1	0	1.6402E7
0	6744	3085	1	0	1.6403E7
0	6744	3085	1	0	1.6404E7
0	6744	3085	1	0	1.6405E7
0	6744	3085	1	0	1.6406E7
0	6744	3085	1	0	1.6407E7
0	6744	3085	1	0	1.6408E7
0	6744	3085	1	0	1.6409E7
0	6744	3085	1	0	1.641E7
0	6744	3085	1	0	1.6411E7
0	6744	3085	1	0	1.6412E7
0	6744	3085	1	0	1.6413E7
0	6744	3085	1	0	1.6414E7
0	6744	3085	1	0	1.6415E7
0	6744	3085	1	0	1.6416E7
0	6746	3085	1	2	1.6417E7
0	6749	3086	1	4	1.6418E7
0	6750	3092	8	6	1.6419E7
0	6751	3099	7	8	1.642E7
0	6753	3108	7	10	1.6421E7
0	6754	3119	7	12	1.6422E7
0	6756	3132	7	13	1.6423E7
0	6759	3147	7	15	1.6424E7
0	6762	3163	7	17	1.6425E7
0	6767	3180	7	17	1.6426E7
0	6772	3197	7	17	1.6427E7
0	6778	3214	7	17	1.6428E7
0	6783	3231	7	17	1.6429E7
0	6788	3248	7	17	1.643E7
0	6794	3264	7	17	1.6431E7
0	6800	3281	7	17	1.6432E7
0	6806	3298	7	17	1.6433E7
0	6811	3314	7	17	1.6434E7
0	6817	3331	7	17	1.6435E7
0	6823	3348	7	17	1.6436E7
0	6829	3364	7	17	1.6437E7
0	6834	3381	7	17	1.6438E7
0	6840	3398	7	17	1.6439E7
0	6845	3415	7	17	1.644E7
0	6850	3432	7	17	1.6441E7
0	6855	3448	7	17	1.6442E7
0	6853	3462	7	14	1.6443E7
0	6841	3471	6	14	1.6444E7
0	6830	3480	6	14	1.6445E7
0	6818	3489	6	13	1.6446E7
0	6809	3496	6	10	1.6447E7
0	6801	3501	6	8	1.6448E7
0	6794	3507	6	8	1.6449E7
0	6788	3512	6	8	1.645E7
0	6780	3517	6	9	1.6451E7
0	6779	3526	7	11	1.6452E7
0	6787	3535	8	11	1.6453E7
0	6794	3542	8	9	1.6454E7
0	6800	3548	8	7	1.6455E7
0	6804	3552	8	5	1.6456E7
0	6807	3555	8	2	1.6457E7
0	6808	3556	8	1	1.6458E7
0	6809	3557	8	0	1.6459E7
0	6809	3557	8	0	1.646E7
0	6809	3557	8	0	1.6461E7
0	6809	3557	8	0	1.6462E7
0	6809	3557	8	0	1.6463E7
0	6809	3557	8	0	1.6464E7
0	6809	3557	8	0	1.6465E7
0	6809	3557	8	0	1.6466E7
0	6809	3557	8	0	1.6467E7
0	6809	3557	8	0	1.6468E7
0	6809	3557	8	0	1.6469E7
0	6809	3557	8	0	1.647E7
0	6809	3557	8	0	1.6471E7
0	6809	3557	8	0	1.6472E7
0	6809	3557	8	0	1.6473E7
0	6809	3557	8	0	1.6474E7
0	6809	3557	8	0	1.6475E7
0	6809	3557	8	0	1.6476E7
0	6809	3558	8	1	1.6477E7
0	6810	3559	8	2	1.6478E7
0	6813	3562	8	4	1.6479E7
0	6816	3565	8	5	1.648E7
0	6819	3568	8	3	1.6481E7
0	6820	3569	8	0	1.6482E7
0	6820	3569	8	0	1.6483E7
0	6820	3569	8	0	1.6484E7
0	6820	3569	8	0	1.6485E7
0	6820	3569	8	0	1.6486E7
0	6820	3569	8	0	1.6487E7
0	6820	3569	8	0	1.6488E7
0	6820	3569	8	0	1.6489E7
0	6820	3569	8	0	1.649E7
0	6820	3569	8	0	1.6491E7
0	6820	3569	8	0	1.6492E7
0	6820	3569	8	0	1.6493E7
0	6820	3569	8	0	1.6494E7
0	6820	3569	8	0	1.6495E7
0	6820	3569	8	0	1.6496E7
0	6820	3569	8	0	1.6497E7
0	6820	3569	8	0	1.6498E7
0	6820	3569	8	0	1.6499E7
0	6820	3569	8	0	1.65E7
0	6820	3569	8	0	1.6501E7
0	6820	3570	8	1	1.6502E7
0	6822	3572	8	3	1.6503E7
0	6825	3575	8	5	1.6504E7
0	6830	3581	8	7	1.6505E7
0	6836	3587	8	9	1.6506E7
0	6843	3595	8	11	1.6507E7
0	6851	3604	8	13	1.6508E7
0	6861	3615	8	14	1.6509E7
0	6871	3626	8	14	1.651E7
0	6881	3637	8	14	1.6511E7
0	6891	3648	8	14	1.6512E7
0	6900	3658	8	12	1.6513E7
0	6907	3666	8	9	1.6514E7
0	6911	3672	8	6	1.6515E7
0	6915	3676	8	3	1.6516E7
0	6916	3678	8	2	1.6517E7
0	6917	3679	8	0	1.6518E7
0	6918	3679	8	0	1.6519E7
0	6918	3679	8	0	1.652E7
0	6918	3679	8	0	1.6521E7
0	6918	3679	8	0	1.6522E7
0	6918	3679	8	0	1.6523E7
0	6918	3679	8	0	1.6524E7
0	6918	3679	8	0	1.6525E7
0	6918	3679	8	0	1.6526E7
0	6918	3680	8	1	1.6527E7
0	6919	3681	8	2	1.6528E7
0	6922	3684	8	4	1.6529E7
0	6926	3689	8	6	1.653E7
0	6930	3695	8	8	1.6531E7
0	6929	3706	7	10	1.6532E7
0	6920	3713	6	11	1.6533E7
0	6912	3720	6	9	1.6534E7
0	6906	3725	6	7	1.6535E7
0	6901	3729	6	5	1.6536E7
0	6897	3733	6	6	1.6537E7
0	6891	3737	6	7	1.6538E7
0	6886	3742	6	5	1.6539E7
0	6884	3745	6	3	1.654E7
0	6884	3750	6	5	1.6541E7
0	6889	3755	8	7	1.6542E7
0	6895	3762	8	9	1.6543E7
0	6902	3769	8	11	1.6544E7
0	6911	3778	8	13	1.6545E7
0	6921	3789	8	15	1.6546E7
0	6932	3801	8	17	1.6547E7
0	6945	3814	8	19	1.6548E7
0	6954	3830	8	17	1.6549E7
0	6962	3843	8	13	1.655E7
0	6968	3853	8	10	1.6551E7
0	6973	3859	8	7	1.6552E7
0	6978	3863	8	4	1.6553E7
0	6980	3864	8	2	1.6554E7
0	6982	3865	8	1	1.6555E7
0	6982	3866	8	0	1.6556E7
0	6983	3866	8	0	1.6557E7
0	6983	3866	8	0	1.6558E7
0	6983	3866	8	0	1.6559E7
0	6983	3866	8	0	1.656E7
0	6983	3866	8	0	1.6561E7
0	6983	3866	8	0	1.6562E7
0	6983	3866	8	0	1.6563E7
0	6983	3866	8	0	1.6564E7
0	6983	3866	8	0	1.6565E7
0	6983	3866	8	0	1.6566E7
0	6983	3866	8	0	1.6567E7
0	6983	3866	8	0	1.6568E7
0	6983	3866	8	0	1.6569E7
0	6983	3866	8	0	1.657E7
0	6983	3866	8	0	1.6571E7
0	6983	3866	8	0	1.6572E7
0	6983	3866	8	0	1.6573E7
0	6983	3866	8	0	1.6574E7
0	6983	3866	8	0	1.6575E7
0	6983	3866	8	0	1.6576E7
0	6983	3866	8	0	1.6577E7
0	6983	3866	8	0	1.6578E7
0	6983	3866	8	0	1.6579E7
0	6983	3866	8	0	1.658E7
0	6983	3866	8	0	1.6581E7
0	6983	3866	8	0	1.6582E7
0	6983	3866	8	0	1.6583E7
0	6983	3866	8	0	1.6584E7
0	6983	3866	8	0	1.6585E7
0	6983	3866	8	0	1.6586E7
0	6983	3866	8	0	1.6587E7
0	6983	3866	8	0	1.6588E7
0	6983	3866	8	0	1.6589E7
0	6983	3866	8	0	1.659E7
0	6983	3866	8	0	1.6591E7
0	6983	3866	8	0	1.6592E7
0	6983	3866	8	0	1.6593E7
0	6983	3866	8	0	1.6594E7
0	6983	3866	8	0	1.6595E7
0	6983	3866	8	0	1.6596E7
0	6983	3866	8	0	1.6597E7
0	6983	3866	8	0	1.6598E7
0	6983	3866	8	0	1.6599E7
0	6983	3866	8	0	1.66E7
0	6983	3866	8	0	1.6601E7
0	6983	3866	8	0	1.6602E7
0	6983	3866	8	0	1.6603E7
0	6983	3866	8	0	1.6604E7
0	6983	3866	8	0	1.6605E7
0	6983	3866	8	0	1.6606E7
0	6984	3867	8	2	1.6607E7
0	6987	3869	8	4	1.6608E7
0	6991	3873	8	6	1.6609E7
0	6994	3880	8	8	1.661E7
0	6998	3889	7	10	1.6611E7
0	6999	3901	7	12	1.6612E7
0	7002	3914	7	14	1.6613E7
0	7005	3928	7	14	1.6614E7
0	7009	3942	7	14	1.6615E7
0	7013	3956	7	14	1.6616E7
0	7017	3970	7	12	1.6617E7
0	7020	3980	7	9	1.6618E7
0	7022	3987	7	6	1.6619E7
0	7023	3992	7	3	1.662E7
0	7024	3994	7	0	1.6621E7
0	7024	3994	7	0	1.6622E7
0	7024	3994	7	0	1.6623E7
0	7024	3994	7	0	1.6624E7
0	7024	3994	7	0	1.6625E7
0	7024	3994	7	0	1.6626E7
0	7024	3994	7	0	1.6627E7
0	7024	3994	7	0	1.6628E7
0	7024	3994	7	0	1.6629E7
0	7024	3994	7	0	1.663E7
0	7024	3994	7	0	1.6631E7
0	7024	3994	7	0	1.6632E7
0	7024	3994	7	0	1.6633E7
0	7024	3994	7	0	1.6634E7
0	7024	3994	7	0	1.6635E7
0	7024	3994	7	0	1.6636E7
0	7024	3994	7	0	1.6637E7
0	7024	3994	7	0	1.6638E7
0	7024	3994	7	0	1.6639E7
0	7024	3994	7	0	1.664E7
0	7024	3994	7	0	1.6641E7
0	7025	3996	7	2	1.6642E7
0	7026	4000	7	4	1.6643E7
0	7028	4005	7	6	1.6644E7
0	7033	4012	7	8	1.6645E7
0	7036	4021	7	10	1.6646E7
0	7039	4033	7	12	1.6647E7
0	7043	4046	7	14	1.6648E7
0	7047	4060	7	14	1.6649E7
0	7051	4074	7	14	1.665E7
0	7055	4088	7	14	1.6651E7
0	7060	4102	7	14	1.6652E7
0	7064	4116	7	14	1.6653E7
0	7068	4130	7	14	1.6654E7
0	7072	4144	7	14	1.6655E7
0	7076	4158	7	14	1.6656E7
0	7080	4172	7	14	1.6657E7
0	7084	4185	7	11	1.6658E7
0	7087	4195	7	8	1.6659E7
0	7088	4202	7	5	1.666E7
0	7090	4206	7	3	1.6661E7
0	7090	4209	7	1	1.6662E7
0	7091	4210	7	0	1.6663E7
0	7091	4210	7	0	1.6664E7
0	7091	4211	7	0	1.6665E7
0	7091	4211	7	0	1.6666E7
0	7091	4211	7	0	1.6667E7
0	7091	4211	7	0	1.6668E7
0	7091	4211	7	0	1.6669E7
0	7091	4211	7	0	1.667E7
0	7091	4211	7	0	1.6671E7
0	7091	4211	7	0	1.6672E7
0	7091	4211	7	0	1.6673E7
0	7091	4211	7	0	1.6674E7
0	7091	4211	7	0	1.6675E7
0	7091	4211	7	0	1.6676E7
0	7091	4211	7	0	1.6677E7
0	7091	4211	7	0	1.6678E7
0	7091	4211	7	0	1.6679E7
0	7091	4211	7	0	1.668E7
0	7091	4211	7	0	1.6681E7
0	7091	4211	7	0	1.6682E7
0	7091	4211	7	0	1.6683E7
0	7091	4211	7	0	1.6684E7
0	7091	4211	7	0	1.6685E7
0	7091	4211	7	0	1.6686E7
0	7091	4211	7	0	1.6687E7
0	7091	4211	7	0	1.6688E7
0	7091	4211	7	0	1.6689E7
0	7091	4211	7	0	1.669E7
0	7091	4211	7	0	1.6691E7
0	7091	4211	7	0	1.6692E7
0	7091	4211	7	0	1.6693E7
0	7091	4211	7	0	1.6694E7
0	7091	4211	7	0	1.6695E7
0	7091	4211	7	0	1.6696E7
0	7091	4212	7	2	1.6697E7
0	7093	4215	7	4	1.6698E7
0	7095	4220	7	6	1.6699E7
0	7098	4227	8	8	1.67E7
0	7099	4236	7	10	1.6701E7
0	7102	4247	7	11	1.6702E7
0	7105	4257	7	9	1.6703E7
0	7107	4264	7	6	1.6704E7
0	7109	4268	7	3	1.6705E7
0	7110	4271	7	1	1.6706E7
0	7110	4272	7	0	1.6707E7
0	7111	4274	7	2	1.6708E7
0	7108	4277	7	4	1.6709E7
0	7103	4279	6	6	1.671E7
0	7095	4281	5	8	1.6711E7
0	7086	4283	5	10	1.6712E7
0	7076	4286	5	9	1.6713E7
0	7069	4288	5	6	1.6714E7
0	7064	4289	5	3	1.6715E7
0	7061	4290	5	1	1.6716E7
0	7061	4290	5	0	1.6717E7
0	7061	4290	5	0	1.6718E7
0	7061	4290	5	0	1.6719E7
0	7061	4290	5	0	1.672E7
0	7061	4290	5	0	1.6721E7
0	7061	4290	5	0	1.6722E7
0	7061	4290	5	0	1.6723E7
0	7061	4290	5	0	1.6724E7
0	7061	4290	5	0	1.6725E7
0	7061	4290	5	0	1.6726E7
0	7061	4290	5	0	1.6727E7
0	7061	4290	5	0	1.6728E7
0	7061	4290	5	0	1.6729E7
0	7061	4290	5	0	1.673E7
0	7061	4290	5	0	1.6731E7
0	7061	4290	5	0	1.6732E7
0	7061	4290	5	0	1.6733E7
0	7061	4290	5	0	1.6734E7
0	7061	4290	5	0	1.6735E7
0	7061	4290	5	0	1.6736E7
0	7059	4290	5	2	1.6737E7
0	7055	4291	5	4	1.6738E7
0	7050	4293	5	6	1.6739E7
0	7042	4295	5	9	1.674E7
0	7032	4298	5	10	1.6741E7
0	7021	4302	6	12	1.6742E7
0	7014	4314	6	14	1.6743E7
0	7014	4329	7	14	1.6744E7
0	7015	4344	7	14	1.6745E7
0	7015	4359	7	14	1.6746E7
0	7016	4374	7	14	1.6747E7
0	7016	4389	7	14	1.6748E7
0	7017	4403	7	14	1.6749E7
0	7017	4418	7	14	1.675E7
0	7018	4432	7	14	1.6751E7
0	7019	4447	7	14	1.6752E7
0	7019	4462	7	14	1.6753E7
0	7020	4476	7	14	1.6754E7
0	7021	4490	7	13	1.6755E7
0	7022	4502	7	9	1.6756E7
0	7022	4510	7	6	1.6757E7
0	7023	4515	7	4	1.6758E7
0	7023	4518	7	2	1.6759E7
0	7023	4520	7	1	1.676E7
0	7023	4520	7	0	1.6761E7
0	7023	4521	7	0	1.6762E7
0	7023	4522	7	2	1.6763E7
0	7023	4525	7	4	1.6764E7
0	7023	4530	7	5	1.6765E7
0	7023	4535	7	3	1.6766E7
0	7023	4537	7	0	1.6767E7
0	7023	4537	7	0	1.6768E7
0	7023	4537	7	0	1.6769E7
0	7023	4537	7	0	1.677E7
0	7023	4537	7	0	1.6771E7
0	7023	4537	7	0	1.6772E7
0	7023	4537	7	0	1.6773E7
0	7023	4537	7	0	1.6774E7
0	7023	4537	7	0	1.6775E7
0	7023	4537	7	0	1.6776E7
0	7023	4537	7	0	1.6777E7
0	7023	4537	7	0	1.6778E7
0	7023	4537	7	0	1.6779E7
0	7023	4537	7	0	1.678E7
0	7023	4537	7	0	1.6781E7
0	7023	4537	7	0	1.6782E7
0	7023	4537	7	0	1.6783E7
0	7023	4537	7	0	1.6784E7
0	7023	4537	7	0	1.6785E7
0	7023	4537	7	0	1.6786E7
0	7027	4538	7	1	1.6787E7
0	7027	4541	7	3	1.6788E7
0	7027	4545	7	5	1.6789E7
0	7027	4552	7	7	1.679E7
0	7024	4560	7	9	1.6791E7
0	7015	4566	6	11	1.6792E7
0	7004	4570	5	10	1.6793E7
0	6994	4571	5	10	1.6794E7
0	6984	4573	5	8	1.6795E7
0	6977	4574	5	5	1.6796E7
0	6973	4575	5	3	1.6797E7
0	6969	4578	6	5	1.6798E7
0	6966	4584	6	8	1.6799E7
0	6966	4593	7	9	1.68E7
0	6963	4604	7	11	1.6801E7
0	6964	4617	7	13	1.6802E7
0	6965	4632	7	14	1.6803E7
0	6965	4646	7	14	1.6804E7
0	6967	4659	7	11	1.6805E7
0	6968	4669	7	8	1.6806E7
0	6970	4676	7	5	1.6807E7
0	6970	4681	7	3	1.6808E7
0	6971	4683	7	1	1.6809E7
0	6971	4684	7	0	1.681E7
0	6971	4684	7	0	1.6811E7
0	6971	4685	7	0	1.6812E7
0	6971	4685	7	0	1.6813E7
0	6971	4685	7	0	1.6814E7
0	6971	4685	7	0	1.6815E7
0	6971	4685	7	0	1.6816E7
0	6971	4685	7	0	1.6817E7
0	6971	4685	7	0	1.6818E7
0	6971	4685	7	0	1.6819E7
0	6971	4685	7	0	1.682E7
0	6971	4685	7	0	1.6821E7
0	6971	4685	7	0	1.6822E7
0	6971	4685	7	0	1.6823E7
0	6971	4685	7	0	1.6824E7
0	6971	4685	7	0	1.6825E7
0	6971	4685	7	0	1.6826E7
0	6971	4685	7	0	1.6827E7
0	6971	4685	7	0	1.6828E7
0	6971	4685	7	0	1.6829E7
0	6971	4685	7	0	1.683E7
0	6971	4685	7	0	1.6831E7
0	6971	4686	7	2	1.6832E7
0	6972	4690	7	4	1.6833E7
0	6973	4695	7	6	1.6834E7
0	6975	4702	7	8	1.6835E7
0	6979	4711	7	10	1.6836E7
0	6983	4722	7	12	1.6837E7
0	6989	4735	7	14	1.6838E7
0	6994	4748	7	14	1.6839E7
0	7000	4762	7	14	1.684E7
0	7005	4775	7	14	1.6841E7
0	7011	4789	7	14	1.6842E7
0	7016	4803	7	14	1.6843E7
0	7022	4816	7	14	1.6844E7
0	7027	4830	7	14	1.6845E7
0	7033	4843	7	14	1.6846E7
0	7038	4857	7	14	1.6847E7
0	7041	4872	7	14	1.6848E7
0	7046	4885	7	14	1.6849E7
0	7052	4899	7	14	1.685E7
0	7056	4911	7	10	1.6851E7
0	7060	4919	7	7	1.6852E7
0	7062	4925	7	5	1.6853E7
0	7064	4929	7	2	1.6854E7
0	7065	4930	7	1	1.6855E7
0	7065	4931	7	0	1.6856E7
0	7065	4932	7	0	1.6857E7
0	7065	4932	7	0	1.6858E7
0	7065	4932	7	0	1.6859E7
0	7065	4932	7	0	1.686E7
0	7065	4932	7	0	1.6861E7
0	7065	4932	7	0	1.6862E7
0	7065	4932	7	0	1.6863E7
0	7065	4932	7	0	1.6864E7
0	7065	4932	7	0	1.6865E7
0	7065	4932	7	0	1.6866E7
0	7065	4932	7	0	1.6867E7
0	7065	4932	7	0	1.6868E7
0	7065	4932	7	0	1.6869E7
0	7065	4932	7	0	1.687E7
0	7065	4932	7	0	1.6871E7
0	7065	4932	7	0	1.6872E7
0	7065	4932	7	0	1.6873E7
0	7065	4932	7	0	1.6874E7
0	7065	4932	7	0	1.6875E7
0	7065	4932	7	0	1.6876E7
0	7065	4932	7	0	1.6877E7
0	7065	4932	7	0	1.6878E7
0	7065	4932	7	0	1.6879E7
0	7065	4932	7	0	1.688E7
0	7065	4932	7	0	1.6881E7
0	7066	4933	7	2	1.6882E7
0	7067	4937	8	4	1.6883E7
0	7070	4942	8	6	1.6884E7
0	7073	4948	8	7	1.6885E7
0	7077	4956	8	9	1.6886E7
0	7083	4965	8	11	1.6887E7
0	7089	4977	8	13	1.6888E7
0	7095	4990	8	14	1.6889E7
0	7102	5003	8	14	1.689E7
0	7109	5015	8	14	1.6891E7
0	7116	5028	8	14	1.6892E7
0	7123	5041	8	14	1.6893E7
0	7129	5054	8	13	1.6894E7
0	7135	5065	8	10	1.6895E7
0	7138	5072	8	7	1.6896E7
0	7141	5077	8	4	1.6897E7
0	7143	5080	8	2	1.6898E7
0	7143	5081	8	0	1.6899E7
0	7143	5081	8	0	1.69E7
0	7143	5081	8	0	1.6901E7
0	7143	5081	8	0	1.6902E7
0	7143	5081	8	0	1.6903E7
0	7143	5081	8	0	1.6904E7
0	7143	5081	8	0	1.6905E7
0	7143	5081	8	0	1.6906E7
0	7143	5081	8	0	1.6907E7
0	7143	5081	8	0	1.6908E7
0	7143	5081	8	0	1.6909E7
0	7143	5081	8	0	1.691E7
0	7143	5081	8	0	1.6911E7
0	7143	5081	8	0	1.6912E7
0	7143	5081	8	0	1.6913E7
0	7143	5081	8	0	1.6914E7
0	7143	5081	8	0	1.6915E7
0	7143	5081	8	0	1.6916E7
0	7143	5081	8	0	1.6917E7
0	7143	5081	8	0	1.6918E7
0	7143	5082	8	2	1.6919E7
0	7145	5085	8	4	1.692E7
0	7147	5090	8	6	1.6921E7
0	7151	5097	8	8	1.6922E7
0	7155	5105	8	10	1.6923E7
0	7160	5115	8	12	1.6924E7
0	7166	5127	8	14	1.6925E7
0	7173	5140	8	14	1.6926E7
0	7179	5153	8	14	1.6927E7
0	7186	5166	8	14	1.6928E7
0	7193	5179	8	14	1.6929E7
0	7199	5192	8	14	1.693E7
0	7206	5206	8	14	1.6931E7
0	7213	5219	8	14	1.6932E7
0	7219	5232	8	14	1.6933E7
0	7226	5245	8	13	1.6934E7
0	7231	5255	8	10	1.6935E7
0	7235	5263	8	7	1.6936E7
0	7237	5268	8	4	1.6937E7
0	7239	5271	8	2	1.6938E7
0	7240	5272	8	1	1.6939E7
0	7240	5273	8	0	1.694E7
0	7240	5273	8	0	1.6941E7
0	7240	5273	8	0	1.6942E7
0	7240	5273	8	0	1.6943E7
0	7240	5273	8	0	1.6944E7
0	7240	5273	8	0	1.6945E7
0	7240	5273	8	0	1.6946E7
0	7240	5273	8	0	1.6947E7
0	7240	5273	8	0	1.6948E7
0	7240	5273	8	0	1.6949E7
0	7240	5273	8	0	1.695E7
0	7240	5273	8	0	1.6951E7
0	7240	5273	8	0	1.6952E7
0	7240	5273	8	0	1.6953E7
0	7240	5273	8	0	1.6954E7
0	7240	5273	8	0	1.6955E7
0	7240	5273	8	0	1.6956E7
0	7240	5273	8	0	1.6957E7
0	7240	5273	8	0	1.6958E7
0	7240	5273	8	0	1.6959E7
0	7240	5273	8	0	1.696E7
0	7240	5273	8	0	1.6961E7
0	7241	5275	8	2	1.6962E7
0	7242	5278	8	4	1.6963E7
0	7245	5283	8	6	1.6964E7
0	7248	5290	8	8	1.6965E7
0	7253	5299	8	10	1.6966E7
0	7258	5309	8	12	1.6967E7
0	7264	5321	8	14	1.6968E7
0	7270	5335	8	14	1.6969E7
0	7277	5348	8	14	1.697E7
0	7283	5360	8	13	1.6971E7
0	7288	5371	8	9	1.6972E7
0	7291	5378	8	6	1.6973E7
0	7293	5382	8	4	1.6974E7
0	7295	5385	8	1	1.6975E7
0	7295	5385	8	0	1.6976E7
0	7295	5385	8	0	1.6977E7
0	7295	5385	8	0	1.6978E7
0	7295	5385	8	0	1.6979E7
0	7295	5385	8	0	1.698E7
0	7295	5385	8	0	1.6981E7
0	7295	5385	8	0	1.6982E7
0	7295	5385	8	0	1.6983E7
0	7295	5385	8	0	1.6984E7
0	7295	5385	8	0	1.6985E7
0	7295	5385	8	0	1.6986E7
0	7295	5385	8	0	1.6987E7
0	7295	5385	8	0	1.6988E7
0	7295	5385	8	0	1.6989E7
0	7295	5385	8	0	1.699E7
0	7295	5385	8	0	1.6991E7
0	7295	5385	8	0	1.6992E7
0	7295	5385	8	0	1.6993E7
0	7295	5385	8	0	1.6994E7
0	7295	5385	8	0	1.6995E7
0	7295	5387	8	2	1.6996E7
0	7297	5390	8	4	1.6997E7
0	7298	5393	8	2	1.6998E7
0	7299	5395	8	1	1.6999E7
0	7300	5396	8	0	1.7E7
0	7300	5396	8	0	1.7001E7
0	7300	5396	8	0	1.7002E7
0	7300	5396	8	0	1.7003E7
0	7300	5396	8	0	1.7004E7
0	7300	5396	8	0	1.7005E7
0	7300	5396	8	0	1.7006E7
0	7300	5396	8	0	1.7007E7
0	7300	5396	8	0	1.7008E7
0	7300	5396	8	0	1.7009E7
0	7300	5396	8	0	1.701E7
0	7300	5396	8	0	1.7011E7
0	7300	5396	8	0	1.7012E7
0	7300	5396	8	0	1.7013E7
0	7300	5396	8	0	1.7014E7
0	7300	5396	8	0	1.7015E7
0	7300	5396	8	0	1.7016E7
0	7300	5396	8	0	1.7017E7
0	7300	5396	8	0	1.7018E7
0	7300	5396	8	0	1.7019E7
0	7300	5396	8	0	1.702E7
0	7300	5396	8	0	1.7021E7
0	7300	5396	8	0	1.7022E7
0	7300	5396	8	0	1.7023E7
0	7300	5396	8	0	1.7024E7
0	7300	5396	8	0	1.7025E7
0	7300	5396	8	0	1.7026E7
0	7300	5396	8	0	1.7027E7
0	7300	5396	8	0	1.7028E7
0	7300	5396	8	0	1.7029E7
0	7300	5396	8	0	1.703E7
0	7300	5396	8	0	1.7031E7
0	7300	5396	8	0	1.7032E7
0	7300	5396	8	0	1.7033E7
0	7300	5396	8	0	1.7034E7
0	7300	5396	8	0	1.7035E7
0	7300	5396	8	0	1.7036E7
0	7300	5396	8	0	1.7037E7
0	7300	5396	8	0	1.7038E7
0	7300	5396	8	0	1.7039E7
0	7300	5396	8	0	1.704E7
0	7300	5396	8	0	1.7041E7
0	7301	5398	8	2	1.7042E7
0	7302	5401	8	4	1.7043E7
0	7304	5405	8	6	1.7044E7
0	7308	5412	8	8	1.7045E7
0	7312	5420	8	10	1.7046E7
0	7317	5430	8	11	1.7047E7
0	7322	5442	8	13	1.7048E7
0	7329	5455	8	14	1.7049E7
0	7334	5466	8	10	1.705E7
0	7338	5474	8	7	1.7051E7
0	7341	5479	8	4	1.7052E7
0	7342	5482	8	2	1.7053E7
0	7343	5484	8	1	1.7054E7
0	7343	5485	8	0	1.7055E7
0	7344	5485	8	0	1.7056E7
0	7344	5485	8	0	1.7057E7
0	7344	5485	8	0	1.7058E7
0	7344	5485	8	0	1.7059E7
0	7344	5485	8	0	1.706E7
0	7344	5485	8	0	1.7061E7
0	7344	5485	8	0	1.7062E7
0	7344	5485	8	0	1.7063E7
0	7344	5485	8	0	1.7064E7
0	7344	5485	8	0	1.7065E7
0	7344	5485	8	0	1.7066E7
0	7344	5485	8	0	1.7067E7
0	7344	5485	8	0	1.7068E7
0	7344	5485	8	0	1.7069E7
0	7344	5485	8	0	1.707E7
0	7344	5485	8	0	1.7071E7
0	7344	5485	8	0	1.7072E7
0	7344	5485	8	0	1.7073E7
0	7344	5485	8	0	1.7074E7
0	7344	5485	8	0	1.7075E7
0	7344	5485	8	0	1.7076E7
0	7344	5485	8	0	1.7077E7
0	7344	5485	8	0	1.7078E7
0	7344	5485	8	0	1.7079E7
0	7344	5485	8	0	1.708E7
0	7344	5485	8	0	1.7081E7
0	7344	5487	8	2	1.7082E7
0	7346	5490	8	4	1.7083E7
0	7349	5495	8	6	1.7084E7
0	7352	5502	8	8	1.7085E7
0	7356	5511	8	10	1.7086E7
0	7361	5521	8	12	1.7087E7
0	7367	5534	8	14	1.7088E7
0	7374	5546	8	12	1.7089E7
0	7379	5556	8	9	1.709E7
0	7382	5564	8	6	1.7091E7
0	7384	5568	8	4	1.7092E7
0	7386	5571	8	2	1.7093E7
0	7386	5572	8	1	1.7094E7
0	7387	5573	8	0	1.7095E7
0	7387	5573	8	0	1.7096E7
0	7387	5573	8	0	1.7097E7
0	7387	5573	8	0	1.7098E7
0	7387	5573	8	0	1.7099E7
0	7387	5573	8	0	1.71E7
0	7387	5573	8	0	1.7101E7
0	7388	5575	8	2	1.7102E7
0	7389	5578	8	4	1.7103E7
0	7392	5582	8	6	1.7104E7
0	7396	5589	8	8	1.7105E7
0	7401	5597	8	10	1.7106E7
0	7404	5608	7	12	1.7107E7
0	7410	5620	8	14	1.7108E7
0	7416	5633	8	14	1.7109E7
0	7423	5646	8	14	1.711E7
0	7430	5658	8	14	1.7111E7
0	7436	5671	8	13	1.7112E7
0	7440	5682	7	10	1.7113E7
0	7443	5690	7	7	1.7114E7
0	7444	5696	7	4	1.7115E7
0	7445	5699	7	2	1.7116E7
0	7445	5700	7	0	1.7117E7
0	7445	5700	7	0	1.7118E7
0	7445	5700	7	0	1.7119E7
0	7445	5700	7	0	1.712E7
0	7445	5700	7	0	1.7121E7
0	7445	5700	7	0	1.7122E7
0	7445	5700	7	0	1.7123E7
0	7445	5700	7	0	1.7124E7
0	7445	5700	7	0	1.7125E7
0	7445	5700	7	0	1.7126E7
0	7445	5700	7	0	1.7127E7
0	7445	5700	7	0	1.7128E7
0	7445	5700	7	0	1.7129E7
0	7445	5700	7	0	1.713E7
0	7445	5700	7	0	1.7131E7
0	7445	5700	7	0	1.7132E7
0	7445	5700	7	0	1.7133E7
0	7445	5700	7	0	1.7134E7
0	7445	5700	7	0	1.7135E7
0	7445	5700	7	0	1.7136E7
0	7445	5701	7	2	1.7137E7
0	7445	5704	7	4	1.7138E7
0	7446	5709	7	5	1.7139E7
0	7446	5716	7	8	1.714E7
0	7446	5725	7	9	1.7141E7
0	7444	5735	7	11	1.7142E7
0	7441	5747	7	13	1.7143E7
0	7437	5760	7	14	1.7144E7
0	7431	5774	7	14	1.7145E7
0	7426	5787	7	14	1.7146E7
0	7421	5799	7	10	1.7147E7
0	7417	5807	7	7	1.7148E7
0	7415	5813	7	5	1.7149E7
0	7413	5817	7	3	1.715E7
0	7411	5821	7	6	1.7151E7
0	7409	5828	7	8	1.7152E7
0	7405	5837	7	10	1.7153E7
0	7401	5847	7	12	1.7154E7
0	7396	5860	7	14	1.7155E7
0	7390	5873	7	14	1.7156E7
0	7385	5887	7	14	1.7157E7
0	7380	5900	7	14	1.7158E7
0	7375	5914	7	14	1.7159E7
0	7370	5927	7	12	1.716E7
0	7366	5937	7	9	1.7161E7
0	7364	5944	7	6	1.7162E7
0	7362	5948	7	3	1.7163E7
0	7361	5951	7	1	1.7164E7
0	7361	5952	7	0	1.7165E7
0	7361	5953	7	0	1.7166E7
0	7360	5954	7	2	1.7167E7
0	7357	5957	6	4	1.7168E7
0	7352	5959	6	6	1.7169E7
0	7344	5961	5	8	1.717E7
0	7335	5963	5	10	1.7171E7
0	7324	5965	5	12	1.7172E7
0	7312	5967	5	14	1.7173E7
0	7299	5968	5	11	1.7174E7
0	7289	5967	5	8	1.7175E7
0	7282	5967	5	5	1.7176E7
0	7278	5966	5	3	1.7177E7
0	7276	5966	5	1	1.7178E7
0	7275	5966	5	0	1.7179E7
0	7274	5966	5	0	1.718E7
0	7274	5966	5	0	1.7181E7
0	7274	5966	5	0	1.7182E7
0	7274	5966	5	0	1.7183E7
0	7274	5966	5	0	1.7184E7
0	7274	5966	5	0	1.7185E7
0	7274	5966	5	0	1.7186E7
0	7274	5966	5	0	1.7187E7
0	7274	5966	5	0	1.7188E7
0	7274	5966	5	0	1.7189E7
0	7274	5966	5	0	1.719E7
0	7274	5966	5	0	1.7191E7
0	7274	5966	5	0	1.7192E7
0	7274	5966	5	0	1.7193E7
0	7274	5966	5	0	1.7194E7
0	7274	5966	5	0	1.7195E7
0	7274	5966	5	0	1.7196E7
0	7274	5966	5	0	1.7197E7
0	7274	5966	5	0	1.7198E7
0	7274	5966	5	0	1.7199E7
0	7274	5966	5	0	1.72E7
0	7274	5966	5	0	1.7201E7
0	7272	5966	5	2	1.7202E7
0	7269	5965	5	4	1.7203E7
0	7263	5965	5	6	1.7204E7
0	7256	5964	5	8	1.7205E7
0	7247	5963	5	10	1.7206E7
0	7236	5961	5	12	1.7207E7
0	7223	5958	5	13	1.7208E7
0	7212	5956	5	10	1.7209E7
0	7203	5954	5	7	1.721E7
0	7198	5953	5	4	1.7211E7
0	7194	5953	5	2	1.7212E7
0	7194	5953	5	0	1.7213E7
0	7194	5953	5	0	1.7214E7
0	7194	5953	5	0	1.7215E7
0	7194	5953	5	0	1.7216E7
0	7194	5953	5	0	1.7217E7
0	7194	5953	5	0	1.7218E7
0	7194	5953	5	0	1.7219E7
0	7194	5953	5	0	1.722E7
0	7194	5953	5	0	1.7221E7
0	7194	5953	5	0	1.7222E7
0	7194	5953	5	0	1.7223E7
0	7194	5953	5	0	1.7224E7
0	7194	5953	5	0	1.7225E7
0	7194	5953	5	0	1.7226E7
0	7194	5953	5	0	1.7227E7
0	7194	5953	5	0	1.7228E7
0	7194	5953	5	0	1.7229E7
0	7194	5953	5	0	1.723E7
0	7194	5953	5	0	1.7231E7
0	7194	5953	5	0	1.7232E7
0	7193	5952	5	2	1.7233E7
0	7190	5952	5	4	1.7234E7
0	7184	5950	5	6	1.7235E7
0	7177	5949	5	8	1.7236E7
0	7168	5947	5	10	1.7237E7
0	7157	5945	5	11	1.7238E7
0	7145	5942	5	13	1.7239E7
0	7130	5939	5	14	1.724E7
0	7116	5936	5	14	1.7241E7
0	7102	5933	5	14	1.7242E7
0	7087	5930	5	14	1.7243E7
0	7073	5927	5	14	1.7244E7
0	7058	5924	5	14	1.7245E7
0	7044	5921	5	14	1.7246E7
0	7030	5919	5	14	1.7247E7
0	7015	5916	5	14	1.7248E7
0	7001	5913	5	14	1.7249E7
0	6986	5910	5	14	1.725E7
0	6972	5907	5	14	1.7251E7
0	6958	5904	5	14	1.7252E7
0	6943	5901	5	14	1.7253E7
0	6929	5898	5	14	1.7254E7
0	6915	5895	5	14	1.7255E7
0	6902	5892	5	11	1.7256E7
0	6892	5890	5	8	1.7257E7
0	6885	5889	5	5	1.7258E7
0	6881	5888	5	3	1.7259E7
0	6880	5888	5	0	1.726E7
0	6880	5888	5	0	1.7261E7
0	6880	5888	5	0	1.7262E7
0	6880	5888	5	0	1.7263E7
0	6880	5888	5	0	1.7264E7
0	6880	5888	5	0	1.7265E7
0	6880	5888	5	0	1.7266E7
0	6880	5888	5	0	1.7267E7
0	6880	5888	5	0	1.7268E7
0	6880	5888	5	0	1.7269E7
0	6880	5888	5	0	1.727E7
0	6880	5888	5	0	1.7271E7
0	6880	5888	5	0	1.7272E7
0	6880	5888	5	0	1.7273E7
0	6880	5888	5	0	1.7274E7
0	6880	5888	5	0	1.7275E7
0	6880	5888	5	0	1.7276E7
0	6880	5888	5	0	1.7277E7
0	6880	5888	5	0	1.7278E7
0	6880	5888	5	0	1.7279E7
0	6879	5888	5	1	1.728E7
0	6877	5887	5	3	1.7281E7
0	6872	5886	5	5	1.7282E7
0	6866	5885	5	7	1.7283E7
0	6858	5883	5	8	1.7284E7
0	6848	5885	5	10	1.7285E7
0	6836	5882	5	12	1.7286E7
0	6822	5879	5	14	1.7287E7
0	6808	5877	5	14	1.7288E7
0	6794	5874	5	14	1.7289E7
0	6779	5871	5	14	1.729E7
0	6765	5869	5	14	1.7291E7
0	6750	5866	5	14	1.7292E7
0	6736	5864	5	14	1.7293E7
0	6721	5861	5	14	1.7294E7
0	6707	5858	5	14	1.7295E7
0	6689	5858	5	14	1.7296E7
0	6675	5854	5	14	1.7297E7
0	6666	5842	4	14	1.7298E7
0	6661	5829	3	14	1.7299E7
0	6656	5815	3	14	1.73E7
0	6651	5801	3	14	1.7301E7
0	6646	5787	3	14	1.7302E7
0	6641	5774	3	14	1.7303E7
0	6632	5764	4	14	1.7304E7
0	6620	5757	4	14	1.7305E7
0	6606	5752	5	14	1.7306E7
0	6592	5750	5	14	1.7307E7
0	6577	5749	5	14	1.7308E7
0	6563	5750	5	14	1.7309E7
0	6548	5751	5	14	1.731E7
0	6534	5752	5	14	1.7311E7
0	6519	5752	5	14	1.7312E7
0	6504	5752	5	14	1.7313E7
0	6490	5752	5	14	1.7314E7
0	6475	5751	5	14	1.7315E7
0	6461	5751	5	14	1.7316E7
0	6446	5750	5	14	1.7317E7
0	6432	5748	5	14	1.7318E7
0	6417	5747	5	14	1.7319E7
0	6403	5746	5	14	1.732E7
0	6389	5749	5	14	1.7321E7
0	6378	5759	6	14	1.7322E7
0	6369	5770	6	14	1.7323E7
0	6362	5783	6	14	1.7324E7
0	6355	5796	6	14	1.7325E7
0	6350	5809	7	12	1.7326E7
0	6347	5819	7	9	1.7327E7
0	6345	5827	7	6	1.7328E7
0	6343	5832	7	4	1.7329E7
0	6342	5835	7	2	1.733E7
0	6342	5836	7	1	1.7331E7
0	6342	5837	7	0	1.7332E7
0	6342	5837	7	0	1.7333E7
0	6342	5837	7	0	1.7334E7
0	6342	5837	7	0	1.7335E7
0	6342	5837	7	0	1.7336E7
0	6342	5837	7	0	1.7337E7
0	6342	5837	7	0	1.7338E7
0	6342	5837	7	0	1.7339E7
0	6342	5837	7	0	1.734E7
0	6342	5837	7	0	1.7341E7
0	6342	5837	7	0	1.7342E7
0	6342	5837	7	0	1.7343E7
0	6342	5837	7	0	1.7344E7
0	6342	5837	7	0	1.7345E7
0	6342	5837	7	0	1.7346E7
0	6342	5837	7	0	1.7347E7
0	6342	5837	7	0	1.7348E7
0	6342	5837	7	0	1.7349E7
0	6342	5837	7	0	1.735E7
0	6342	5837	7	0	1.7351E7
0	6342	5837	7	0	1.7352E7
0	6342	5837	7	0	1.7353E7
0	6342	5837	7	0	1.7354E7
0	6342	5837	7	0	1.7355E7
0	6342	5837	7	0	1.7356E7
0	6342	5837	7	0	1.7357E7
0	6342	5837	7	0	1.7358E7
0	6342	5837	7	0	1.7359E7
0	6342	5837	7	0	1.736E7
0	6342	5837	7	0	1.7361E7
0	6341	5838	7	2	1.7362E7
0	6340	5842	7	4	1.7363E7
0	6338	5847	7	6	1.7364E7
0	6336	5854	7	8	1.7365E7
0	6333	5864	7	10	1.7366E7
0	6330	5875	7	12	1.7367E7
0	6322	5887	7	14	1.7368E7
0	6318	5901	7	14	1.7369E7
0	6315	5915	7	14	1.737E7
0	6312	5930	7	14	1.7371E7
0	6309	5944	7	14	1.7372E7
0	6307	5959	7	14	1.7373E7
0	6305	5974	7	14	1.7374E7
0	6304	5988	7	14	1.7375E7
0	6302	6003	7	14	1.7376E7
0	6300	6018	7	14	1.7377E7
0	6299	6032	7	14	1.7378E7
0	6297	6047	7	14	1.7379E7
0	6295	6060	7	11	1.738E7
0	6293	6070	7	8	1.7381E7
0	6292	6077	7	5	1.7382E7
0	6291	6081	7	3	1.7383E7
0	6291	6083	7	0	1.7384E7
0	6291	6083	7	0	1.7385E7
0	6291	6083	7	0	1.7386E7
0	6291	6083	7	0	1.7387E7
0	6291	6083	7	0	1.7388E7
0	6291	6083	7	0	1.7389E7
0	6291	6083	7	0	1.739E7
0	6291	6083	7	0	1.7391E7
0	6291	6083	7	0	1.7392E7
0	6291	6083	7	0	1.7393E7
0	6291	6083	7	0	1.7394E7
0	6291	6083	7	0	1.7395E7
0	6291	6083	7	0	1.7396E7
0	6291	6083	7	0	1.7397E7
0	6291	6083	7	0	1.7398E7
0	6291	6083	7	0	1.7399E7
0	6291	6083	7	0	1.74E7
0	6291	6083	7	0	1.7401E7
0	6291	6083	7	0	1.7402E7
0	6291	6083	7	0	1.7403E7
0	6291	6083	7	1	1.7404E7
0	6290	6086	7	3	1.7405E7
0	6290	6090	7	5	1.7406E7
0	6288	6096	7	7	1.7407E7
0	6287	6105	7	9	1.7408E7
0	6285	6115	7	11	1.7409E7
0	6283	6127	7	13	1.741E7
0	6281	6141	7	14	1.7411E7
0	6278	6156	7	14	1.7412E7
0	6276	6170	7	14	1.7413E7
0	6274	6185	7	14	1.7414E7
0	6261	6187	5	14	1.7415E7
0	6247	6185	5	14	1.7416E7
0	6232	6184	5	14	1.7417E7
0	6218	6182	5	14	1.7418E7
0	6203	6181	5	14	1.7419E7
0	6189	6180	5	12	1.742E7
0	6179	6179	5	9	1.7421E7
0	6171	6178	5	6	1.7422E7
0	6166	6178	5	3	1.7423E7
0	6164	6177	5	0	1.7424E7
0	6164	6177	5	0	1.7425E7
0	6164	6177	5	0	1.7426E7
0	6164	6177	5	0	1.7427E7
0	6164	6177	5	0	1.7428E7
0	6164	6177	5	0	1.7429E7
0	6164	6177	5	0	1.743E7
0	6164	6177	5	0	1.7431E7
0	6164	6177	5	0	1.7432E7
0	6164	6177	5	0	1.7433E7
0	6164	6177	5	0	1.7434E7
0	6164	6177	5	0	1.7435E7
0	6164	6177	5	0	1.7436E7
0	6164	6177	5	0	1.7437E7
0	6164	6177	5	0	1.7438E7
0	6164	6177	5	0	1.7439E7
0	6164	6177	5	0	1.744E7
0	6164	6177	5	0	1.7441E7
0	6164	6177	5	0	1.7442E7
0	6164	6177	5	0	1.7443E7
0	6163	6177	5	0	1.7444E7
0	6162	6177	5	2	1.7445E7
0	6157	6180	5	4	1.7446E7
0	6151	6180	5	6	1.7447E7
0	6143	6179	5	8	1.7448E7
0	6133	6179	5	10	1.7449E7
0	6121	6178	5	12	1.745E7
0	6108	6178	5	14	1.7451E7
0	6094	6178	5	11	1.7452E7
0	6084	6177	5	8	1.7453E7
0	6077	6176	5	5	1.7454E7
0	6073	6176	5	3	1.7455E7
0	6068	6174	5	5	1.7456E7
0	6062	6172	5	7	1.7457E7
0	6054	6175	5	9	1.7458E7
0	6044	6179	6	11	1.7459E7
0	6032	6183	5	13	1.746E7
0	6018	6188	5	15	1.7461E7
0	6002	6192	5	17	1.7462E7
0	5986	6197	5	17	1.7463E7
0	5969	6203	5	17	1.7464E7
0	5952	6208	5	17	1.7465E7
0	5935	6213	5	17	1.7466E7
0	5918	6219	5	17	1.7467E7
0	5902	6226	6	17	1.7468E7
0	5884	6230	6	17	1.7469E7
0	5868	6237	6	17	1.747E7
0	5852	6244	6	17	1.7471E7
0	5836	6252	6	17	1.7472E7
0	5820	6260	6	17	1.7473E7
0	5805	6268	6	17	1.7474E7
0	5790	6277	6	17	1.7475E7
0	5775	6287	6	17	1.7476E7
0	5760	6296	6	17	1.7477E7
0	5745	6306	6	17	1.7478E7
0	5732	6315	6	14	1.7479E7
0	5721	6322	6	11	1.748E7
0	5713	6327	6	8	1.7481E7
0	5708	6331	6	5	1.7482E7
0	5705	6333	6	3	1.7483E7
0	5704	6333	6	0	1.7484E7
0	5704	6333	6	0	1.7485E7
0	5704	6333	6	0	1.7486E7
0	5704	6333	6	0	1.7487E7
0	5704	6333	6	0	1.7488E7
0	5704	6333	6	0	1.7489E7
0	5704	6333	6	0	1.749E7
0	5704	6333	6	0	1.7491E7
0	5704	6333	6	0	1.7492E7
0	5704	6333	6	0	1.7493E7
0	5704	6333	6	0	1.7494E7
0	5704	6333	6	0	1.7495E7
0	5704	6333	6	0	1.7496E7
0	5704	6333	6	0	1.7497E7
0	5704	6333	6	0	1.7498E7
0	5704	6333	6	0	1.7499E7
0	5704	6333	6	0	1.75E7
0	5704	6333	6	0	1.7501E7
0	5704	6333	6	0	1.7502E7
0	5704	6333	6	0	1.7503E7
0	5703	6334	6	1	1.7504E7
0	5701	6335	6	3	1.7505E7
0	5697	6338	6	5	1.7506E7
0	5691	6341	6	7	1.7507E7
0	5684	6346	6	9	1.7508E7
0	5675	6351	6	11	1.7509E7
0	5665	6358	6	13	1.751E7
0	5653	6366	6	15	1.7511E7
0	5639	6374	6	17	1.7512E7
0	5624	6384	6	17	1.7513E7
0	5609	6393	6	17	1.7514E7
0	5594	6403	6	17	1.7515E7
0	5580	6412	6	17	1.7516E7
0	5565	6422	6	17	1.7517E7
0	5550	6432	6	17	1.7518E7
0	5535	6441	6	17	1.7519E7
0	5520	6451	6	17	1.752E7
0	5505	6460	6	17	1.7521E7
0	5490	6470	6	17	1.7522E7
0	5476	6481	6	17	1.7523E7
0	5463	6493	6	17	1.7524E7
0	5450	6505	6	17	1.7525E7
0	5438	6518	6	17	1.7526E7
0	5427	6532	6	17	1.7527E7
0	5417	6546	6	17	1.7528E7
0	5409	6562	6	17	1.7529E7
0	5402	6579	7	16	1.753E7
0	5399	6593	7	13	1.7531E7
0	5398	6604	7	9	1.7532E7
0	5397	6613	7	6	1.7533E7
0	5397	6618	7	4	1.7534E7
0	5398	6621	7	1	1.7535E7
0	5398	6621	7	0	1.7536E7
0	5398	6621	7	0	1.7537E7
0	5398	6621	7	0	1.7538E7
0	5398	6621	7	0	1.7539E7
0	5398	6621	7	0	1.754E7
0	5398	6621	7	0	1.7541E7
0	5398	6621	7	0	1.7542E7
0	5398	6621	7	0	1.7543E7
0	5398	6621	7	0	1.7544E7
0	5398	6621	7	0	1.7545E7
0	5398	6621	7	0	1.7546E7
0	5398	6621	7	0	1.7547E7
0	5398	6621	7	0	1.7548E7
0	5398	6621	7	0	1.7549E7
0	5398	6621	7	0	1.755E7
0	5398	6621	7	0	1.7551E7
0	5398	6621	7	0	1.7552E7
0	5398	6621	7	0	1.7553E7
0	5398	6621	7	0	1.7554E7
0	5401	6621	7	0	1.7555E7
0	5401	6622	7	2	1.7556E7
0	5402	6626	7	4	1.7557E7
0	5404	6631	7	6	1.7558E7
0	5405	6638	7	6	1.7559E7
0	5406	6642	7	3	1.756E7
0	5407	6645	7	1	1.7561E7
0	5407	6646	7	0	1.7562E7
0	5407	6647	7	0	1.7563E7
0	5407	6647	7	0	1.7564E7
0	5407	6647	7	0	1.7565E7
0	5407	6647	7	0	1.7566E7
0	5407	6647	7	0	1.7567E7
0	5407	6647	7	0	1.7568E7
0	5407	6647	7	0	1.7569E7
0	5407	6647	7	0	1.757E7
0	5407	6647	7	0	1.7571E7
0	5407	6647	7	0	1.7572E7
0	5407	6647	7	0	1.7573E7
0	5407	6647	7	0	1.7574E7
0	5407	6647	7	0	1.7575E7
0	5407	6647	7	0	1.7576E7
0	5407	6647	7	0	1.7577E7
0	5407	6647	7	0	1.7578E7
0	5407	6647	7	0	1.7579E7
0	5407	6647	7	0	1.758E7
0	5407	6647	7	0	1.7581E7
0	5407	6647	7	0	1.7582E7
0	5407	6647	7	0	1.7583E7
0	5407	6647	7	0	1.7584E7
0	5407	6647	7	0	1.7585E7
0	5407	6647	7	0	1.7586E7
0	5407	6647	7	0	1.7587E7
0	5407	6647	7	0	1.7588E7
0	5407	6647	7	0	1.7589E7
0	5407	6647	7	0	1.759E7
0	5407	6647	7	0	1.7591E7
0	5407	6647	7	0	1.7592E7
0	5408	6648	7	2	1.7593E7
0	5408	6652	7	4	1.7594E7
0	5410	6657	7	6	1.7595E7
0	5411	6664	7	8	1.7596E7
0	5414	6673	7	10	1.7597E7
0	5413	6685	7	11	1.7598E7
0	5416	6697	7	13	1.7599E7
0	5420	6712	7	15	1.76E7
0	5425	6727	7	17	1.7601E7
0	5429	6744	7	17	1.7602E7
0	5434	6761	7	17	1.7603E7
0	5438	6779	7	17	1.7604E7
0	5443	6796	7	17	1.7605E7
0	5447	6812	7	15	1.7606E7
0	5450	6826	7	12	1.7607E7
0	5452	6836	7	9	1.7608E7
0	5454	6843	7	6	1.7609E7
0	5455	6848	7	3	1.761E7
0	5456	6850	7	0	1.7611E7
0	5456	6850	7	0	1.7612E7
0	5456	6850	7	0	1.7613E7
0	5456	6850	7	0	1.7614E7
0	5456	6850	7	0	1.7615E7
0	5456	6850	7	0	1.7616E7
0	5456	6850	7	0	1.7617E7
0	5456	6850	7	0	1.7618E7
0	5456	6850	7	0	1.7619E7
0	5456	6850	7	0	1.762E7
0	5456	6850	7	0	1.7621E7
0	5456	6850	7	0	1.7622E7
0	5456	6850	7	0	1.7623E7
0	5456	6850	7	0	1.7624E7
0	5456	6850	7	0	1.7625E7
0	5456	6850	7	0	1.7626E7
0	5456	6850	7	0	1.7627E7
0	5456	6850	7	0	1.7628E7
0	5456	6850	7	0	1.7629E7
0	5456	6850	7	0	1.763E7
0	5456	6851	7	0	1.7631E7
0	5456	6852	7	2	1.7632E7
0	5457	6856	7	4	1.7633E7
0	5458	6862	7	6	1.7634E7
0	5460	6869	7	8	1.7635E7
0	5463	6878	7	10	1.7636E7
0	5466	6889	7	12	1.7637E7
0	5471	6902	7	14	1.7638E7
0	5475	6917	7	16	1.7639E7
0	5480	6933	7	17	1.764E7
0	5482	6950	7	17	1.7641E7
0	5483	6968	7	17	1.7642E7
0	5472	6978	6	17	1.7643E7
0	5457	6986	6	17	1.7644E7
0	5441	6994	6	17	1.7645E7
0	5425	7002	6	17	1.7646E7
0	5410	7011	6	17	1.7647E7
0	5394	7019	6	17	1.7648E7
0	5379	7027	6	17	1.7649E7
0	5363	7035	6	17	1.765E7
0	5348	7043	6	17	1.7651E7
0	5332	7051	6	17	1.7652E7
0	5316	7059	6	17	1.7653E7
0	5300	7067	6	17	1.7654E7
0	5285	7074	6	17	1.7655E7
0	5269	7082	6	17	1.7656E7
0	5252	7089	6	17	1.7657E7
0	5236	7096	6	17	1.7658E7
0	5221	7104	6	17	1.7659E7
0	5206	7113	6	17	1.766E7
0	5190	7121	6	17	1.7661E7
0	5174	7129	6	17	1.7662E7
0	5159	7137	6	17	1.7663E7
0	5144	7144	6	15	1.7664E7
0	5132	7150	6	11	1.7665E7
0	5123	7154	6	8	1.7666E7
0	5117	7157	6	5	1.7667E7
0	5113	7159	6	3	1.7668E7
0	5112	7160	6	0	1.7669E7
0	5112	7160	6	0	1.767E7
0	5112	7160	6	0	1.7671E7
0	5112	7160	6	0	1.7672E7
0	5112	7160	6	0	1.7673E7
0	5112	7160	6	0	1.7674E7
0	5112	7160	6	0	1.7675E7
0	5112	7160	6	0	1.7676E7
0	5112	7160	6	0	1.7677E7
0	5112	7160	6	0	1.7678E7
0	5112	7160	6	0	1.7679E7
0	5112	7160	6	0	1.768E7
0	5112	7160	6	0	1.7681E7
0	5112	7160	6	0	1.7682E7
0	5112	7160	6	0	1.7683E7
0	5112	7160	6	0	1.7684E7
0	5112	7160	6	0	1.7685E7
0	5112	7160	6	0	1.7686E7
0	5112	7160	6	0	1.7687E7
0	5112	7160	6	0	1.7688E7
0	5111	7160	6	1	1.7689E7
0	5109	7161	6	3	1.769E7
0	5105	7163	6	5	1.7691E7
0	5099	7166	6	7	1.7692E7
0	5091	7169	6	9	1.7693E7
0	5081	7172	5	11	1.7694E7
0	5069	7176	5	13	1.7695E7
0	5056	7182	6	15	1.7696E7
0	5041	7189	6	17	1.7697E7
0	5025	7196	6	17	1.7698E7
0	5009	7203	6	17	1.7699E7
0	4994	7209	5	13	1.77E7
0	4983	7213	5	10	1.7701E7
0	4975	7217	6	7	1.7702E7
0	4970	7220	6	4	1.7703E7
0	4967	7222	6	2	1.7704E7
0	4966	7222	6	0	1.7705E7
0	4966	7222	6	0	1.7706E7
0	4966	7222	6	0	1.7707E7
0	4966	7222	6	0	1.7708E7
0	4966	7222	6	0	1.7709E7
0	4966	7222	6	0	1.771E7
0	4966	7222	6	0	1.7711E7
0	4966	7222	6	0	1.7712E7
0	4966	7222	6	0	1.7713E7
0	4966	7222	6	0	1.7714E7
0	4966	7222	6	0	1.7715E7
0	4966	7222	6	0	1.7716E7
0	4966	7222	6	0	1.7717E7
0	4966	7222	6	0	1.7718E7
0	4966	7222	6	0	1.7719E7
0	4966	7222	6	0	1.772E7
0	4966	7222	6	0	1.7721E7
0	4966	7222	6	0	1.7722E7
0	4966	7222	6	0	1.7723E7
0	4966	7222	6	0	1.7724E7
0	4966	7222	6	2	1.7725E7
0	4963	7224	6	3	1.7726E7
0	4959	7227	6	6	1.7727E7
0	4953	7231	6	7	1.7728E7
0	4945	7236	6	10	1.7729E7
0	4936	7243	6	12	1.773E7
0	4926	7251	6	13	1.7731E7
0	4914	7260	6	15	1.7732E7
0	4901	7272	6	17	1.7733E7
0	4888	7283	6	17	1.7734E7
0	4874	7295	6	17	1.7735E7
0	4861	7306	6	17	1.7736E7
0	4848	7318	6	17	1.7737E7
0	4834	7329	6	17	1.7738E7
0	4822	7342	6	17	1.7739E7
0	4810	7355	6	17	1.774E7
0	4798	7368	6	17	1.7741E7
0	4788	7383	6	17	1.7742E7
0	4779	7398	6	17	1.7743E7
0	4770	7413	6	17	1.7744E7
0	4762	7429	6	17	1.7745E7
0	4755	7445	6	17	1.7746E7
0	4749	7462	7	17	1.7747E7
0	4744	7479	7	17	1.7748E7
0	4741	7496	7	17	1.7749E7
0	4738	7514	7	17	1.775E7
0	4736	7531	7	17	1.7751E7
0	4736	7549	7	17	1.7752E7
0	4737	7566	7	17	1.7753E7
0	4738	7584	7	17	1.7754E7
0	4740	7602	7	17	1.7755E7
0	4743	7619	7	17	1.7756E7
0	4745	7637	7	17	1.7757E7
0	4749	7654	7	17	1.7758E7
0	4752	7671	7	17	1.7759E7
0	4756	7687	7	15	1.776E7
0	4753	7701	7	12	1.7761E7
0	4752	7711	7	8	1.7762E7
0	4750	7718	7	6	1.7763E7
0	4749	7723	7	3	1.7764E7
0	4748	7725	7	0	1.7765E7
0	4748	7725	7	0	1.7766E7
0	4748	7725	7	0	1.7767E7
0	4748	7725	7	0	1.7768E7
0	4748	7725	7	0	1.7769E7
0	4748	7725	7	0	1.777E7
0	4748	7725	7	0	1.7771E7
0	4748	7725	7	0	1.7772E7
0	4748	7725	7	0	1.7773E7
0	4748	7725	7	0	1.7774E7
0	4748	7725	7	0	1.7775E7
0	4748	7725	7	0	1.7776E7
0	4748	7725	7	0	1.7777E7
0	4748	7725	7	0	1.7778E7
0	4748	7725	7	0	1.7779E7
0	4748	7725	7	0	1.778E7
0	4748	7725	7	0	1.7781E7
0	4748	7725	7	0	1.7782E7
0	4748	7725	7	0	1.7783E7
0	4748	7725	7	0	1.7784E7
0	4748	7725	7	0	1.7785E7
0	4747	7727	7	3	1.7786E7
0	4745	7731	7	5	1.7787E7
0	4743	7737	7	7	1.7788E7
0	4740	7744	6	9	1.7789E7
0	4735	7753	6	11	1.779E7
0	4730	7764	6	12	1.7791E7
0	4723	7776	6	14	1.7792E7
0	4715	7789	6	16	1.7793E7
0	4707	7804	6	17	1.7794E7
0	4698	7820	6	17	1.7795E7
0	4687	7834	6	17	1.7796E7
0	4677	7848	6	17	1.7797E7
0	4666	7862	6	17	1.7798E7
0	4655	7875	6	17	1.7799E7
0	4643	7878	5	14	1.78E7
0	4631	7871	4	14	1.7801E7
0	4617	7866	5	14	1.7802E7
0	4603	7862	5	14	1.7803E7
0	4589	7856	4	14	1.7804E7
0	4576	7850	4	14	1.7805E7
0	4564	7845	5	11	1.7806E7
0	4556	7842	5	7	1.7807E7
0	4550	7840	5	5	1.7808E7
0	4546	7839	5	2	1.7809E7
0	4545	7839	5	0	1.781E7
0	4545	7839	5	0	1.7811E7
0	4545	7839	5	0	1.7812E7
0	4545	7839	5	0	1.7813E7
0	4545	7839	5	0	1.7814E7
0	4545	7839	5	0	1.7815E7
0	4545	7839	5	0	1.7816E7
0	4545	7839	5	0	1.7817E7
0	4545	7839	5	0	1.7818E7
0	4545	7839	5	0	1.7819E7
0	4545	7839	5	0	1.782E7
0	4545	7839	5	0	1.7821E7
0	4545	7839	5	0	1.7822E7
0	4545	7839	5	0	1.7823E7
0	4545	7839	5	0	1.7824E7
0	4545	7839	5	0	1.7825E7
0	4545	7839	5	0	1.7826E7
0	4545	7839	5	0	1.7827E7
0	4545	7839	5	0	1.7828E7
0	4545	7839	5	0	1.7829E7
0	4544	7839	5	1	1.783E7
0	4541	7839	5	3	1.7831E7
0	4536	7838	5	5	1.7832E7
0	4530	7838	5	7	1.7833E7
0	4521	7837	5	9	1.7834E7
0	4511	7834	5	11	1.7835E7
0	4499	7833	5	13	1.7836E7
0	4484	7832	5	14	1.7837E7
