1.635300286236834E7
1.635300286237593E7
1.6353006E7
1.6353016E7
1.6353026E7
1.6353036E7
1.6353046E7
1.6353056E7
1.6353066E7
1.6353076E7
1.6353086E7
1.6353096E7
1.6353106E7
1.6353116E7
1.6353126E7
1.6353136E7
1.6353146E7
1.6353156E7
1.6353166E7
1.6353176E7
1.6353186E7
1.6353196E7
1.6353206E7
1.6353216E7
1.6353226E7
1.6353236E7
1.6353246E7
1.6353256E7
1.6353266E7
1.6353276E7
1.6353286E7
1.6353296E7
1.6353306E7
1.6353316E7
1.6353326E7
1.6353336E7
1.6353346E7
1.6353356E7
1.6353366E7
1.6353376E7
1.6353386E7
1.6353396E7
1.6353406E7
1.6353416E7
1.6353426E7
1.6353436E7
1.6353446E7
1.6353456E7
1.6353466E7
1.6353476E7
1.6353486E7
1.6353496E7
1.6353498171431836E7
1.6353498171439426E7
1.6353506E7
1.6353516E7
1.6353526E7
1.6353536E7
1.6353546E7
1.6353556E7
1.6353566E7
1.6353576E7
1.6353586E7
1.6353596E7
1.6353606E7
1.6353616E7
1.6353626E7
1.6353636E7
1.6353646E7
1.6353656E7
1.6353666E7
1.6353676E7
1.6353686E7
1.6353696E7
1.6353706E7
1.6353716E7
1.6353726E7
1.6353736E7
1.6353746E7
1.6353756E7
1.6353766E7
1.6353776E7
1.6353786E7
1.6353796E7
1.6353806E7
1.6353816E7
1.6353826E7
1.6353831171431836E7
1.6353831171439426E7
1.6353836E7
1.6353846E7
1.6353856E7
1.6353866E7
1.6353876E7
1.6353886E7
1.6353896E7
1.6353906E7
