263006.0
263016.0
263026.0
263036.0
263046.0
263056.0
263066.0
263076.0
263086.0
263096.0
263106.0
263116.0
263126.0
263136.0
263146.0
263156.0
263166.0
263176.0
263186.0
263196.0
263206.0
263216.0
263226.0
263236.0
263246.0
263256.0
263266.0
263276.0
263286.0
263296.0
263306.0
263316.0
263326.0
263336.0
263346.0
263356.0
263366.0
263376.0
263386.0
263396.0
263406.0
263415.060888737
263415.06088986306
263416.0
263426.0
263436.0
263446.0
263456.0
263466.0
263476.0
263486.0
263496.0
263506.0
263516.0
263526.0
263536.0
263546.0
263556.0
263566.0
263576.0
263586.0
263596.0
263606.0
263616.0
263626.0
263636.0
263646.0
263656.0
263666.0
263676.0
263686.0
263696.0
263706.0
263716.0
263726.0
263736.0
263746.0
263756.0
413006.0
413016.0
413026.0
413036.0
413046.0
413056.0
413066.0
413076.0
413086.0
413096.0
413106.0
413116.0
413126.0
413136.0
413146.0
413156.0
413166.0
413176.0
413186.0
413196.0
413206.0
413216.0
413226.0
413236.0
413246.0
413256.0
413266.0
413276.0
413286.0
413296.0
413306.0
413316.0
413326.0
413336.0
413346.0
413356.0
413366.0
413376.0
413386.0
413396.0
413406.0
413416.0
413426.0
413436.0
413446.0
413456.0
413466.0
413476.0
413486.0
413496.0
413506.0
413516.0
413526.0
413536.0
413546.0
413556.0
413566.0
413576.0
413586.0
413596.0
413606.0
413616.0
413626.0
413636.0
413646.0
413656.0
413666.0
413676.0
413686.0
413696.0
413706.0
413716.0
413726.0
413736.0
413746.0
413756.0
413766.0
413776.0
413786.0
413796.0
413806.0
413816.0
413826.0
413836.0
413846.0
413856.0
413866.0
413876.0
413886.0
413896.0
413906.0
413916.0
413926.0
413936.0
413946.0
413956.0
413966.0
413976.0
413986.0
413996.0
414006.0
414016.0
414026.0
414036.0
414046.0
414056.0
414066.0
414076.0
414086.0
840001.456419624
840006.0
840016.0
840026.0
840036.0
840046.0
840056.0
840066.0
840076.0
840086.0
840096.0
840106.0
840116.0
840126.0
840136.0
840146.0
840156.0
840166.0
840176.0
840186.0
840196.0
840206.0
840216.0
840226.0
840236.0
840246.0
840256.0
840266.0
840276.0
840286.0
840296.0
840306.0
840316.0
840326.0
840336.0
840346.0
840356.0
840366.0
840376.0
840386.0
840396.0
840406.0
840416.0
840426.0
840436.0
840446.0
840456.0
840466.0
840476.0
840486.0
840496.0
840506.0
840516.0
840526.0
840536.0
840546.0
840556.0
840566.0
840576.0
840586.0
840596.0
840606.0
840616.0
840626.0
840636.0
840646.0
840656.0
840666.0
840676.0
840686.0
840696.0
840706.0
840716.0
840726.0
840736.0
840746.0
840756.0
840766.0
840776.0
840786.0
840796.0
840806.0
840816.0
840826.0
840836.0
840846.0
840856.0
840866.0
840876.0
840886.0
840896.0
1048006.0
1048009.7303013575
1048016.0
1048019.7303013575
1048026.0
1048029.7303013575
1048036.0
1048046.0
1048056.0
1048066.0
1048076.0
1048086.0
1048096.0
1048106.0
1048116.0
1048126.0
1048136.0
1048146.0
1048156.0
1048166.0
1048176.0
1048186.0
1048196.0
1048206.0
1048216.0
1048226.0
1048236.0
1048246.0
1048256.0
1048266.0
1048276.0
1048286.0
1048296.0
1048306.0
1048316.0
1048326.0
1048336.0
1048346.0
1048356.0
1048366.0
1048376.0
1048385.9458620641
1048386.0
1048396.0
1048406.0
1048416.0
1048426.0
1048436.0
1048446.0
1048456.0
1048466.0
1048476.0
1048486.0
1048496.0
1048506.0
1048516.0
1048526.0
1048536.0
1048546.0
1048556.0
1048566.0
1048576.0
1048586.0
1048596.0
1048606.0
1048616.0
1048626.0
1048636.0
1048646.0
1048656.0
1048666.0
1048676.0
1048686.0
1048696.0
1048706.0
1048716.0
1048726.0
1048736.0
1048746.0
1048756.0
1048766.0
1048776.0
1048786.0
1048796.0
1048806.0
1048816.0
1048826.0
1048836.0
1048846.0
1048856.0
1048866.0
1048876.0
1048886.0
1048896.0
1048906.0
1048916.0
1048926.0
1048936.0
1048946.0
1048956.0
1048966.0
1048976.0
1098006.0
1098007.8674320949
1098016.0
1098017.8674320949
1098026.0
1098027.8674320949
1098036.0
1098037.8674320949
1098046.0
1098056.0
1098066.0
1098076.0
1098086.0
1098096.0
1098106.0
1098116.0
1098126.0
1098136.0
1098146.0
1098156.0
1098166.0
1098176.0
1098186.0
1098196.0
1098206.0
1098216.0
1098226.0
1098236.0
1098246.0
1098256.0
1098266.0
1098276.0
1098286.0
1098296.0
1098306.0
1098316.0
1098326.0
1098336.0
1098346.0
1098356.0
1098366.0
1098376.0
1098386.0
1098396.0
1098406.0
1098416.0
1098426.0
1098436.0
1098446.0
1098456.0
1098466.0
1098476.0
1098486.0
1098496.0
1098506.0
1098516.0
1098526.0
1098536.0
1098546.0
1098556.0
1098566.0
1098576.0
1098586.0
1098596.0
1098606.0
1098616.0
1098626.0
1098636.0
1098646.0
1098656.0
1098666.0
1098676.0
1098686.0
1098696.0
1098706.0
1098716.0
1098726.0
1098736.0
1098746.0
1098756.0
1098766.0
1098776.0
1098786.0
1098796.0
1098806.0
1098816.0
1098826.0
1098836.0
1098846.0
1098856.0
1098866.0
1098876.0
1098886.0
1098896.0
1098906.0
1098916.0
1098926.0
1098936.0
1098946.0
1098956.0
1098966.0
1098976.0
1098986.0
1098996.0
1099006.0
1099016.0
1099026.0
1099036.0
1099046.0
1099056.0
1099066.0
1099076.0
1099086.0
1161001.4569895552
1161006.0
1161016.0
1161026.0
1161036.0
1161046.0
1161056.0
1161066.0
1161076.0
1161086.0
1161096.0
1161106.0
1161116.0
1161126.0
1161136.0
1161146.0
1161156.0
1161166.0
1161176.0
1161186.0
1161196.0
1161206.0
1161216.0
1161226.0
1161236.0
1161246.0
1161256.0
1161266.0
1161276.0
1161286.0
1161296.0
1161306.0
1161316.0
1161326.0
1161336.0
1161346.0
1161356.0
1161366.0
1161376.0
1161386.0
1161396.0
1161406.0
1161416.0
1161426.0
1161436.0
1161446.0
1161456.0
1161466.0
1161476.0
1161486.0
1161496.0
1161506.0
1161516.0
1161526.0
1161536.0
1161546.0
1161556.0
1161566.0
1161576.0
1161586.0
1161596.0
1161606.0
1161616.0
1161626.0
1161636.0
1161646.0
1161656.0
1161666.0
1161676.0
1161686.0
1161696.0
1161706.0
1161716.0
1161726.0
1161736.0
1161746.0
1161756.0
1161766.0
1161776.0
1161786.0
1161796.0
1161806.0
1161816.0
1161826.0
1161836.0
1161846.0
1161856.0
1161866.0
1161876.0
1161886.0
1161896.0
1161906.0
1161916.0
1161926.0
1161936.0
1161946.0
1161956.0
1161966.0
1161976.0
1161986.0
1161996.0
1162006.0
1162016.0
1162026.0
1162036.0
1162046.0
1162056.0
1162066.0
1162076.0
1162086.0
1162096.0
1162106.0
1162116.0
1162126.0
1162136.0
1162146.0
1162156.0
1314001.7860709117
1314006.0
1314016.0
1314026.0
1314029.5997252646
1314036.0
1314046.0
1314056.0
1314066.0
1314076.0
1314086.0
1314096.0
1314106.0
1314116.0
1314126.0
1314136.0
1314146.0
1314156.0
1314166.0
1314176.0
1314186.0
1314196.0
1314206.0
1314216.0
1314226.0
1314236.0
1314246.0
1314256.0
1314266.0
1314276.0
1314286.0
1314296.0
1314306.0
1314316.0
1314326.0
1314336.0
1314346.0
1314356.0
1314366.0
1314376.0
1314386.0
1314396.0
1314406.0
1314416.0
1314426.0
1314436.0
1314446.0
1314456.0
1314466.0
1314476.0
1314486.0
1314496.0
1314506.0
1314516.0
1314526.0
1314536.0
1314546.0
1314556.0
1314566.0
1314576.0
1314586.0
1314596.0
1314606.0
1314616.0
1314626.0
1314636.0
1314646.0
1314656.0
1314666.0
1314676.0
1314686.0
1314696.0
1314706.0
1314716.0
1314726.0
1314736.0
1314746.0
1314756.0
1314766.0
1314776.0
1314786.0
1314796.0
1314806.0
1314816.0
1314826.0
1314836.0
1314846.0
1314856.0
1314866.0
1314876.0
1314886.0
1314896.0
1314906.0
1314916.0
1314926.0
1314936.0
1314946.0
1314956.0
1314966.0
1314976.0
1314986.0
1314996.0
1315006.0
1315016.0
1315026.0
1315036.0
1315046.0
1315056.0
1315066.0
1315076.0
1315086.0
1315096.0
1478002.425095527
1478006.0
1478016.0
1478026.0
1478036.0
1478046.0
1478056.0
1478066.0
1478076.0
1478086.0
1478096.0
1478106.0
1478116.0
1478126.0
1478136.0
1478146.0
1478156.0
1478166.0
1478176.0
1478186.0
1478196.0
1478206.0
1478216.0
1478226.0
1478236.0
1478246.0
1478256.0
1478266.0
1478276.0
1478286.0
1478296.0
1478306.0
1478316.0
1478326.0
1478336.0
1478346.0
1478356.0
1478366.0
1478376.0
1478386.0
1478396.0
1478406.0
1478416.0
1478426.0
1478436.0
1478446.0
1478456.0
1478466.0
1478476.0
1478486.0
1478496.0
1478506.0
1478516.0
1478526.0
1478536.0
1478546.0
1478556.0
1478566.0
1478576.0
1478586.0
1478596.0
1478606.0
1478616.0
1478626.0
1478636.0
1478646.0
1478656.0
1478666.0
1478676.0
1478686.0
1478696.0
1478706.0
1478716.0
1478726.0
1478736.0
1478746.0
1478756.0
1478766.0
1478776.0
1478786.0
1478796.0
1478806.0
1478816.0
1478826.0
1478836.0
1478846.0
1478856.0
1478866.0
1478876.0
1478886.0
1478896.0
1478906.0
1478916.0
1478926.0
1478936.0
1478946.0
1478956.0
1478966.0
1478976.0
1478986.0
1478996.0
1479006.0
1479016.0
1479026.0
1479036.0
1479046.0
1479056.0
1479066.0
1479076.0
1479086.0
1479096.0
1479106.0
1479116.0
1479126.0
1479136.0
1479146.0
1479156.0
1523000.307096927
1523006.0
1523010.307096927
1523016.0
1523026.0
1523036.0
1523046.0
1523056.0
1523066.0
1523076.0
1523086.0
1523096.0
1523106.0
1523116.0
1523126.0
1523136.0
1523146.0
1523156.0
1523166.0
1523176.0
1523186.0
1523196.0
1523206.0
1523216.0
1523226.0
1523236.0
1523246.0
1523256.0
1523266.0
1523276.0
1523286.0
1523296.0
1523306.0
1523316.0
1523326.0
1523336.0
1523346.0
1523356.0
1523366.0
1523376.0
1523386.0
1523396.0
1523406.0
1523416.0
1523426.0
1523436.0
1523446.0
1523456.0
1523466.0
1523476.0
1523486.0
1523496.0
1523506.0
1523516.0
1523526.0
1523536.0
1523546.0
1523556.0
1523566.0
1523576.0
1523586.0
1523596.0
1523606.0
1523616.0
1523626.0
1523636.0
1523646.0
1523656.0
1523666.0
1523676.0
1523686.0
1523696.0
1523706.0
1523716.0
1523726.0
1523736.0
1523746.0
1523756.0
1523766.0
1523776.0
1523786.0
1523787.8602382722
1523796.0
1523806.0
1523816.0
1523826.0
1523836.0
1523846.0
1523856.0
1523866.0
1523876.0
1523886.0
1523896.0
1523906.0
1523916.0
1523926.0
1523936.0
1523946.0
1523956.0
1523966.0
1523976.0
1523986.0
1523996.0
1524006.0
1524016.0
1524026.0
1524036.0
1524046.0
1524056.0
1524066.0
1524076.0
1524086.0
1524096.0
1524106.0
1524116.0
1524126.0
1524136.0
1524146.0
1524156.0
1524166.0
1524176.0
1660005.485947101
1660006.0
1660015.485947101
1660016.0
1660025.485947101
1660026.0
1660035.485947101
1660036.0
1660045.485947101
1660046.0
1660056.0
1660066.0
1660076.0
1660086.0
1660096.0
1660106.0
1660116.0
1660126.0
1660136.0
1660146.0
1660156.0
1660166.0
1660176.0
1660186.0
1660196.0
1660206.0
1660216.0
1660226.0
1660236.0
1660246.0
1660256.0
1660266.0
1660276.0
1660286.0
1660296.0
1660306.0
1660316.0
1660326.0
1660336.0
1660346.0
1660356.0
1660366.0
1660376.0
1660386.0
1660389.4496633592
1660396.0
1660406.0
1660416.0
1660426.0
1660436.0
1660446.0
1660456.0
1660466.0
1660476.0
1660486.0
1660496.0
1660506.0
1660516.0
1660526.0
1660536.0
1660546.0
1660556.0
1660566.0
1660576.0
1660586.0
1660596.0
1660606.0
1660616.0
1660626.0
1660636.0
1660646.0
1660656.0
1660666.0
1660676.0
1660686.0
1660696.0
1660706.0
1660716.0
