202	9868	2674	9859	2681	9859	2681	11.40175425099138	11.40175425099138	0.0	11
202	9868	2674	9859	2681	9859	2681	11.40175425099138	11.40175425099138	0.0	11
202	9868	2674	9859	2681	9859	2681	11.40175425099138	11.40175425099138	0.0	11
202	9868	2674	9859	2681	9859	2681	11.40175425099138	11.40175425099138	0.0	11
202	9868	2674	9859	2681	9859	2681	11.40175425099138	11.40175425099138	0.0	11
202	9868	2674	9859	2681	9859	2681	11.40175425099138	11.40175425099138	0.0	11
202	9868	2674	9859	2681	9859	2681	11.40175425099138	11.40175425099138	0.0	11
202	9868	2674	9859	2681	9859	2681	11.40175425099138	11.40175425099138	0.0	11
202	9868	2674	9859	2681	9859	2681	11.40175425099138	11.40175425099138	0.0	11
203	9859	2681	9851	2688	9851	2688	10.63014581273465	10.63014581273465	0.0	11
203	9859	2681	9851	2688	9851	2688	10.63014581273465	10.63014581273465	0.0	11
203	9859	2681	9851	2688	9851	2688	10.63014581273465	10.63014581273465	0.0	11
203	9859	2681	9851	2688	9851	2688	10.63014581273465	10.63014581273465	0.0	11
203	9859	2681	9851	2688	9851	2688	10.63014581273465	10.63014581273465	0.0	11
203	9859	2681	9851	2688	9851	2688	10.63014581273465	10.63014581273465	0.0	11
203	9859	2681	9851	2688	9851	2688	10.63014581273465	10.63014581273465	0.0	11
203	9859	2681	9851	2688	9851	2688	10.63014581273465	10.63014581273465	0.0	11
203	9859	2681	9851	2688	9851	2688	10.63014581273465	10.63014581273465	0.0	11
204	9851	2688	9842	2695	9842	2695	11.40175425099138	11.40175425099138	0.0	11
204	9851	2688	9842	2695	9842	2695	11.40175425099138	11.40175425099138	0.0	11
204	9851	2688	9842	2695	9842	2695	11.40175425099138	11.40175425099138	0.0	11
204	9851	2688	9842	2695	9842	2695	11.40175425099138	11.40175425099138	0.0	11
204	9851	2688	9842	2695	9842	2695	11.40175425099138	11.40175425099138	0.0	11
204	9851	2688	9842	2695	9842	2695	11.40175425099138	11.40175425099138	0.0	11
204	9851	2688	9842	2695	9842	2695	11.40175425099138	11.40175425099138	0.0	11
204	9851	2688	9842	2695	9842	2695	11.40175425099138	11.40175425099138	0.0	11
204	9851	2688	9842	2695	9842	2695	11.40175425099138	11.40175425099138	0.0	11
205	9842	2695	9834	2703	9834	2703	11.313708498984761	11.313708498984761	0.0	11
205	9842	2695	9834	2703	9834	2703	11.313708498984761	11.313708498984761	0.0	11
205	9842	2695	9834	2703	9834	2703	11.313708498984761	11.313708498984761	0.0	11
205	9842	2695	9834	2703	9834	2703	11.313708498984761	11.313708498984761	0.0	11
205	9842	2695	9834	2703	9834	2703	11.313708498984761	11.313708498984761	0.0	11
205	9842	2695	9834	2703	9834	2703	11.313708498984761	11.313708498984761	0.0	11
205	9842	2695	9834	2703	9834	2703	11.313708498984761	11.313708498984761	0.0	11
205	9842	2695	9834	2703	9834	2703	11.313708498984761	11.313708498984761	0.0	11
205	9842	2695	9834	2703	9834	2703	11.313708498984761	11.313708498984761	0.0	11
206	9834	2703	9825	2710	9825	2710	11.40175425099138	11.40175425099138	0.0	11
206	9834	2703	9825	2710	9825	2710	11.40175425099138	11.40175425099138	0.0	11
206	9834	2703	9825	2710	9825	2710	11.40175425099138	11.40175425099138	0.0	11
206	9834	2703	9825	2710	9825	2710	11.40175425099138	11.40175425099138	0.0	11
206	9834	2703	9825	2710	9825	2710	11.40175425099138	11.40175425099138	0.0	11
206	9834	2703	9825	2710	9825	2710	11.40175425099138	11.40175425099138	0.0	11
206	9834	2703	9825	2710	9825	2710	11.40175425099138	11.40175425099138	0.0	11
206	9834	2703	9825	2710	9825	2710	11.40175425099138	11.40175425099138	0.0	11
206	9834	2703	9825	2710	9825	2710	11.40175425099138	11.40175425099138	0.0	11
207	9825	2710	9817	2717	9817	2717	10.63014581273465	10.63014581273465	0.0	11
207	9825	2710	9817	2717	9817	2717	10.63014581273465	10.63014581273465	0.0	11
207	9825	2710	9817	2717	9817	2717	10.63014581273465	10.63014581273465	0.0	11
207	9825	2710	9817	2717	9817	2717	10.63014581273465	10.63014581273465	0.0	11
207	9825	2710	9817	2717	9817	2717	10.63014581273465	10.63014581273465	0.0	11
207	9825	2710	9817	2717	9817	2717	10.63014581273465	10.63014581273465	0.0	11
207	9825	2710	9817	2717	9817	2717	10.63014581273465	10.63014581273465	0.0	11
207	9825	2710	9817	2717	9817	2717	10.63014581273465	10.63014581273465	0.0	11
207	9825	2710	9817	2717	9817	2717	10.63014581273465	10.63014581273465	0.0	11
208	9817	2717	9808	2724	9808	2724	11.40175425099138	11.40175425099138	0.0	11
208	9817	2717	9808	2724	9808	2724	11.40175425099138	11.40175425099138	0.0	11
208	9817	2717	9808	2724	9808	2724	11.40175425099138	11.40175425099138	0.0	11
208	9817	2717	9808	2724	9808	2724	11.40175425099138	11.40175425099138	0.0	11
208	9817	2717	9808	2724	9808	2724	11.40175425099138	11.40175425099138	0.0	11
208	9817	2717	9808	2724	9808	2724	11.40175425099138	11.40175425099138	0.0	11
208	9817	2717	9808	2724	9808	2724	11.40175425099138	11.40175425099138	0.0	11
208	9817	2717	9808	2724	9808	2724	11.40175425099138	11.40175425099138	0.0	11
208	9817	2717	9808	2724	9808	2724	11.40175425099138	11.40175425099138	0.0	11
209	9808	2724	9800	2732	9800	2732	11.313708498984761	11.313708498984761	0.0	11
209	9808	2724	9800	2732	9800	2732	11.313708498984761	11.313708498984761	0.0	11
209	9808	2724	9800	2732	9800	2732	11.313708498984761	11.313708498984761	0.0	11
209	9808	2724	9800	2732	9800	2732	11.313708498984761	11.313708498984761	0.0	11
209	9808	2724	9800	2732	9800	2732	11.313708498984761	11.313708498984761	0.0	11
209	9808	2724	9800	2732	9800	2732	11.313708498984761	11.313708498984761	0.0	11
209	9808	2724	9800	2732	9800	2732	11.313708498984761	11.313708498984761	0.0	11
209	9808	2724	9800	2732	9800	2732	11.313708498984761	11.313708498984761	0.0	11
209	9808	2724	9800	2732	9800	2732	11.313708498984761	11.313708498984761	0.0	11
210	9800	2732	9791	2739	9791	2739	11.40175425099138	11.40175425099138	0.0	11
210	9800	2732	9791	2739	9791	2739	11.40175425099138	11.40175425099138	0.0	11
210	9800	2732	9791	2739	9791	2739	11.40175425099138	11.40175425099138	0.0	11
210	9800	2732	9791	2739	9791	2739	11.40175425099138	11.40175425099138	0.0	11
210	9800	2732	9791	2739	9791	2739	11.40175425099138	11.40175425099138	0.0	11
210	9800	2732	9791	2739	9791	2739	11.40175425099138	11.40175425099138	0.0	11
210	9800	2732	9791	2739	9791	2739	11.40175425099138	11.40175425099138	0.0	11
210	9800	2732	9791	2739	9791	2739	11.40175425099138	11.40175425099138	0.0	11
210	9800	2732	9791	2739	9791	2739	11.40175425099138	11.40175425099138	0.0	11
211	9791	2739	9783	2746	9783	2746	10.63014581273465	10.63014581273465	0.0	11
211	9791	2739	9783	2746	9783	2746	10.63014581273465	10.63014581273465	0.0	11
211	9791	2739	9783	2746	9783	2746	10.63014581273465	10.63014581273465	0.0	11
211	9791	2739	9783	2746	9783	2746	10.63014581273465	10.63014581273465	0.0	11
211	9791	2739	9783	2746	9783	2746	10.63014581273465	10.63014581273465	0.0	11
211	9791	2739	9783	2746	9783	2746	10.63014581273465	10.63014581273465	0.0	11
211	9791	2739	9783	2746	9783	2746	10.63014581273465	10.63014581273465	0.0	11
212	9783	2746	9774	2754	9774	2754	12.041594578792296	12.041594578792296	0.0	11
212	9783	2746	9774	2754	9774	2754	12.041594578792296	12.041594578792296	0.0	11
212	9783	2746	9774	2754	9774	2754	12.041594578792296	12.041594578792296	0.0	11
212	9783	2746	9774	2754	9774	2754	12.041594578792296	12.041594578792296	0.0	11
212	9783	2746	9774	2754	9774	2754	12.041594578792296	12.041594578792296	0.0	11
212	9783	2746	9774	2754	9774	2754	12.041594578792296	12.041594578792296	0.0	11
212	9783	2746	9774	2754	9774	2754	12.041594578792296	12.041594578792296	0.0	11
212	9783	2746	9774	2754	9774	2754	12.041594578792296	12.041594578792296	0.0	11
212	9783	2746	9774	2754	9774	2754	12.041594578792296	12.041594578792296	0.0	11
213	9774	2754	9766	2761	9766	2761	10.63014581273465	10.63014581273465	0.0	11
213	9774	2754	9766	2761	9766	2761	10.63014581273465	10.63014581273465	0.0	11
213	9774	2754	9766	2761	9766	2761	10.63014581273465	10.63014581273465	0.0	11
213	9774	2754	9766	2761	9766	2761	10.63014581273465	10.63014581273465	0.0	11
213	9774	2754	9766	2761	9766	2761	10.63014581273465	10.63014581273465	0.0	11
213	9774	2754	9766	2761	9766	2761	10.63014581273465	10.63014581273465	0.0	11
213	9774	2754	9766	2761	9766	2761	10.63014581273465	10.63014581273465	0.0	11
213	9774	2754	9766	2761	9766	2761	10.63014581273465	10.63014581273465	0.0	11
213	9774	2754	9766	2761	9766	2761	10.63014581273465	10.63014581273465	0.0	11
214	9766	2761	9758	2768	9758	2768	10.63014581273465	10.63014581273465	0.0	11
214	9766	2761	9758	2768	9758	2768	10.63014581273465	10.63014581273465	0.0	11
214	9766	2761	9758	2768	9758	2768	10.63014581273465	10.63014581273465	0.0	11
214	9766	2761	9758	2768	9758	2768	10.63014581273465	10.63014581273465	0.0	11
214	9766	2761	9758	2768	9758	2768	10.63014581273465	10.63014581273465	0.0	11
214	9766	2761	9758	2768	9758	2768	10.63014581273465	10.63014581273465	0.0	11
214	9766	2761	9758	2768	9758	2768	10.63014581273465	10.63014581273465	0.0	11
214	9766	2761	9758	2768	9758	2768	10.63014581273465	10.63014581273465	0.0	11
214	9766	2761	9758	2768	9758	2768	10.63014581273465	10.63014581273465	0.0	11
215	9758	2768	9749	2775	9749	2775	11.40175425099138	11.40175425099138	0.0	11
215	9758	2768	9749	2775	9749	2775	11.40175425099138	11.40175425099138	0.0	11
215	9758	2768	9749	2775	9749	2775	11.40175425099138	11.40175425099138	0.0	11
215	9758	2768	9749	2775	9749	2775	11.40175425099138	11.40175425099138	0.0	11
215	9758	2768	9749	2775	9749	2775	11.40175425099138	11.40175425099138	0.0	11
215	9758	2768	9749	2775	9749	2775	11.40175425099138	11.40175425099138	0.0	11
215	9758	2768	9749	2775	9749	2775	11.40175425099138	11.40175425099138	0.0	11
215	9758	2768	9749	2775	9749	2775	11.40175425099138	11.40175425099138	0.0	11
216	9749	2775	9741	2783	9741	2783	11.313708498984761	11.313708498984761	0.0	11
216	9749	2775	9741	2783	9741	2783	11.313708498984761	11.313708498984761	0.0	11
216	9749	2775	9741	2783	9741	2783	11.313708498984761	11.313708498984761	0.0	11
216	9749	2775	9741	2783	9741	2783	11.313708498984761	11.313708498984761	0.0	11
216	9749	2775	9741	2783	9741	2783	11.313708498984761	11.313708498984761	0.0	11
216	9749	2775	9741	2783	9741	2783	11.313708498984761	11.313708498984761	0.0	11
216	9749	2775	9741	2783	9741	2783	11.313708498984761	11.313708498984761	0.0	11
216	9749	2775	9741	2783	9741	2783	11.313708498984761	11.313708498984761	0.0	11
216	9749	2775	9741	2783	9741	2783	11.313708498984761	11.313708498984761	0.0	11
217	9741	2783	9732	2790	9732	2790	11.40175425099138	11.40175425099138	0.0	11
217	9741	2783	9732	2790	9732	2790	11.40175425099138	11.40175425099138	0.0	11
217	9741	2783	9732	2790	9732	2790	11.40175425099138	11.40175425099138	0.0	11
217	9741	2783	9732	2790	9732	2790	11.40175425099138	11.40175425099138	0.0	11
217	9741	2783	9732	2790	9732	2790	11.40175425099138	11.40175425099138	0.0	11
217	9741	2783	9732	2790	9732	2790	11.40175425099138	11.40175425099138	0.0	11
217	9741	2783	9732	2790	9732	2790	11.40175425099138	11.40175425099138	0.0	11
217	9741	2783	9732	2790	9732	2790	11.40175425099138	11.40175425099138	0.0	11
217	9741	2783	9732	2790	9732	2790	11.40175425099138	11.40175425099138	0.0	11
218	9732	2790	9724	2797	9724	2797	10.63014581273465	10.63014581273465	0.0	11
218	9732	2790	9724	2797	9724	2797	10.63014581273465	10.63014581273465	0.0	11
218	9732	2790	9724	2797	9724	2797	10.63014581273465	10.63014581273465	0.0	11
218	9732	2790	9724	2797	9724	2797	10.63014581273465	10.63014581273465	0.0	11
218	9732	2790	9724	2797	9724	2797	10.63014581273465	10.63014581273465	0.0	11
218	9732	2790	9724	2797	9724	2797	10.63014581273465	10.63014581273465	0.0	11
218	9732	2790	9724	2797	9724	2797	10.63014581273465	10.63014581273465	0.0	11
218	9732	2790	9724	2797	9724	2797	10.63014581273465	10.63014581273465	0.0	11
218	9732	2790	9724	2797	9724	2797	10.63014581273465	10.63014581273465	0.0	11
219	9724	2797	9716	2805	9716	2805	11.313708498984761	11.313708498984761	0.0	11
219	9724	2797	9716	2805	9716	2805	11.313708498984761	11.313708498984761	0.0	11
219	9724	2797	9716	2805	9716	2805	11.313708498984761	11.313708498984761	0.0	11
219	9724	2797	9716	2805	9716	2805	11.313708498984761	11.313708498984761	0.0	11
219	9724	2797	9716	2805	9716	2805	11.313708498984761	11.313708498984761	0.0	11
219	9724	2797	9716	2805	9716	2805	11.313708498984761	11.313708498984761	0.0	11
219	9724	2797	9716	2805	9716	2805	11.313708498984761	11.313708498984761	0.0	11
219	9724	2797	9716	2805	9716	2805	11.313708498984761	11.313708498984761	0.0	11
219	9724	2797	9716	2805	9716	2805	11.313708498984761	11.313708498984761	0.0	11
220	9716	2805	9707	2812	9707	2812	11.40175425099138	11.40175425099138	0.0	11
220	9716	2805	9707	2812	9707	2812	11.40175425099138	11.40175425099138	0.0	11
220	9716	2805	9707	2812	9707	2812	11.40175425099138	11.40175425099138	0.0	11
220	9716	2805	9707	2812	9707	2812	11.40175425099138	11.40175425099138	0.0	11
220	9716	2805	9707	2812	9707	2812	11.40175425099138	11.40175425099138	0.0	11
220	9716	2805	9707	2812	9707	2812	11.40175425099138	11.40175425099138	0.0	11
220	9716	2805	9707	2812	9707	2812	11.40175425099138	11.40175425099138	0.0	11
220	9716	2805	9707	2812	9707	2812	11.40175425099138	11.40175425099138	0.0	11
220	9716	2805	9707	2812	9707	2812	11.40175425099138	11.40175425099138	0.0	11
354	8943	3364	8933	3368	8933	3368	10.770329614269007	10.770329614269007	0.0	11
354	8943	3364	8933	3368	8933	3368	10.770329614269007	10.770329614269007	0.0	11
354	8943	3364	8933	3368	8933	3368	10.770329614269007	10.770329614269007	0.0	11
354	8943	3364	8933	3368	8933	3368	10.770329614269007	10.770329614269007	0.0	11
354	8943	3364	8933	3368	8933	3368	10.770329614269007	10.770329614269007	0.0	11
354	8943	3364	8933	3368	8933	3368	10.770329614269007	10.770329614269007	0.0	11
354	8943	3364	8933	3368	8933	3368	10.770329614269007	10.770329614269007	0.0	11
354	8943	3364	8933	3368	8933	3368	10.770329614269007	10.770329614269007	0.0	11
354	8943	3364	8933	3368	8933	3368	10.770329614269007	10.770329614269007	0.0	11
899	6992	4744	6997	4754	6997	4754	11.180339887498949	11.180339887498949	0.0	11
899	6992	4744	6997	4754	6997	4754	11.180339887498949	11.180339887498949	0.0	11
899	6992	4744	6997	4754	6997	4754	11.180339887498949	11.180339887498949	0.0	11
899	6992	4744	6997	4754	6997	4754	11.180339887498949	11.180339887498949	0.0	11
899	6992	4744	6997	4754	6997	4754	11.180339887498949	11.180339887498949	0.0	11
899	6992	4744	6997	4754	6997	4754	11.180339887498949	11.180339887498949	0.0	11
899	6992	4744	6997	4754	6997	4754	11.180339887498949	11.180339887498949	0.0	11
899	6992	4744	6997	4754	6997	4754	11.180339887498949	11.180339887498949	0.0	11
899	6992	4744	6997	4754	6997	4754	11.180339887498949	11.180339887498949	0.0	11
1263	7357	5963	7356	5971	7356	5971	8.06225774829855	8.06225774829855	0.0	6
1263	7357	5963	7356	5971	7356	5971	8.06225774829855	8.06225774829855	0.0	6
1263	7357	5963	7356	5971	7356	5971	8.06225774829855	8.06225774829855	0.0	6
1263	7357	5963	7356	5971	7356	5971	8.06225774829855	8.06225774829855	0.0	6
1263	7357	5963	7356	5971	7356	5971	8.06225774829855	8.06225774829855	0.0	6
1263	7357	5963	7356	5971	7356	5971	8.06225774829855	8.06225774829855	0.0	6
1263	7357	5963	7356	5971	7356	5971	8.06225774829855	8.06225774829855	0.0	6
1263	7357	5963	7356	5971	7356	5971	8.06225774829855	8.06225774829855	0.0	6
1263	7357	5963	7356	5971	7356	5971	8.06225774829855	8.06225774829855	0.0	6
1264	7356	5971	7354	5980	7354	5980	9.219544457292887	9.219544457292887	0.0	8
1264	7356	5971	7354	5980	7354	5980	9.219544457292887	9.219544457292887	0.0	8
1264	7356	5971	7354	5980	7354	5980	9.219544457292887	9.219544457292887	0.0	8
1264	7356	5971	7354	5980	7354	5980	9.219544457292887	9.219544457292887	0.0	8
1264	7356	5971	7354	5980	7354	5980	9.219544457292887	9.219544457292887	0.0	8
1264	7356	5971	7354	5980	7354	5980	9.219544457292887	9.219544457292887	0.0	8
1264	7356	5971	7354	5980	7354	5980	9.219544457292887	9.219544457292887	0.0	8
1264	7356	5971	7354	5980	7354	5980	9.219544457292887	9.219544457292887	0.0	8
1264	7356	5971	7354	5980	7354	5980	9.219544457292887	9.219544457292887	0.0	8
1265	7354	5980	7351	5991	7351	5991	11.40175425099138	11.40175425099138	0.0	10
1265	7354	5980	7351	5991	7351	5991	11.40175425099138	11.40175425099138	0.0	10
1265	7354	5980	7351	5991	7351	5991	11.40175425099138	11.40175425099138	0.0	10
1265	7354	5980	7351	5991	7351	5991	11.40175425099138	11.40175425099138	0.0	10
1265	7354	5980	7351	5991	7351	5991	11.40175425099138	11.40175425099138	0.0	10
1265	7354	5980	7351	5991	7351	5991	11.40175425099138	11.40175425099138	0.0	10
1265	7354	5980	7351	5991	7351	5991	11.40175425099138	11.40175425099138	0.0	10
1265	7354	5980	7351	5991	7351	5991	11.40175425099138	11.40175425099138	0.0	10
1265	7354	5980	7351	5991	7351	5991	11.40175425099138	11.40175425099138	0.0	10
1266	7351	5991	7348	6001	7348	6001	10.44030650891055	10.44030650891055	0.0	11
1266	7351	5991	7348	6001	7348	6001	10.44030650891055	10.44030650891055	0.0	11
1266	7351	5991	7348	6001	7348	6001	10.44030650891055	10.44030650891055	0.0	11
1266	7351	5991	7348	6001	7348	6001	10.44030650891055	10.44030650891055	0.0	11
1266	7351	5991	7348	6001	7348	6001	10.44030650891055	10.44030650891055	0.0	11
1266	7351	5991	7348	6001	7348	6001	10.44030650891055	10.44030650891055	0.0	11
1266	7351	5991	7348	6001	7348	6001	10.44030650891055	10.44030650891055	0.0	11
1266	7351	5991	7348	6001	7348	6001	10.44030650891055	10.44030650891055	0.0	11
1266	7351	5991	7348	6001	7348	6001	10.44030650891055	10.44030650891055	0.0	11
1267	7348	6001	7344	6012	7344	6012	11.704699910719626	11.704699910719626	0.0	11
1267	7348	6001	7344	6012	7344	6012	11.704699910719626	11.704699910719626	0.0	11
1267	7348	6001	7344	6012	7344	6012	11.704699910719626	11.704699910719626	0.0	11
1267	7348	6001	7344	6012	7344	6012	11.704699910719626	11.704699910719626	0.0	11
1267	7348	6001	7344	6012	7344	6012	11.704699910719626	11.704699910719626	0.0	11
1267	7348	6001	7344	6012	7344	6012	11.704699910719626	11.704699910719626	0.0	11
1267	7348	6001	7344	6012	7344	6012	11.704699910719626	11.704699910719626	0.0	11
1267	7348	6001	7344	6012	7344	6012	11.704699910719626	11.704699910719626	0.0	11
1267	7348	6001	7344	6012	7344	6012	11.704699910719626	11.704699910719626	0.0	11
1268	7344	6012	7339	6022	7339	6022	11.180339887498949	11.180339887498949	0.0	11
1268	7344	6012	7339	6022	7339	6022	11.180339887498949	11.180339887498949	0.0	11
1268	7344	6012	7339	6022	7339	6022	11.180339887498949	11.180339887498949	0.0	11
1268	7344	6012	7339	6022	7339	6022	11.180339887498949	11.180339887498949	0.0	11
1268	7344	6012	7339	6022	7339	6022	11.180339887498949	11.180339887498949	0.0	11
1268	7344	6012	7339	6022	7339	6022	11.180339887498949	11.180339887498949	0.0	11
1268	7344	6012	7339	6022	7339	6022	11.180339887498949	11.180339887498949	0.0	11
1268	7344	6012	7339	6022	7339	6022	11.180339887498949	11.180339887498949	0.0	11
1268	7344	6012	7339	6022	7339	6022	11.180339887498949	11.180339887498949	0.0	11
1758	7996	8804	8007	8811	8007	8811	13.038404810405298	13.038404810405298	0.0	13
1758	7996	8804	8007	8811	8007	8811	13.038404810405298	13.038404810405298	0.0	13
1758	7996	8804	8007	8811	8007	8811	13.038404810405298	13.038404810405298	0.0	13
1758	7996	8804	8007	8811	8007	8811	13.038404810405298	13.038404810405298	0.0	13
1758	7996	8804	8007	8811	8007	8811	13.038404810405298	13.038404810405298	0.0	13
1758	7996	8804	8007	8811	8007	8811	13.038404810405298	13.038404810405298	0.0	13
1758	7996	8804	8007	8811	8007	8811	13.038404810405298	13.038404810405298	0.0	13
1758	7996	8804	8007	8811	8007	8811	13.038404810405298	13.038404810405298	0.0	13
1758	7996	8804	8007	8811	8007	8811	13.038404810405298	13.038404810405298	0.0	13
