49	4529	3908	4514	3903	4514	3903	15.811388300841896	15.811388300841896	0.0	16
49	4529	3908	4514	3903	4514	3903	15.811388300841896	15.811388300841896	0.0	16
49	4529	3908	4514	3903	4514	3903	15.811388300841896	15.811388300841896	0.0	16
49	4529	3908	4514	3903	4514	3903	15.811388300841896	15.811388300841896	0.0	16
49	4529	3908	4514	3903	4514	3903	15.811388300841896	15.811388300841896	0.0	16
49	4529	3908	4514	3903	4514	3903	15.811388300841896	15.811388300841896	0.0	16
49	4529	3908	4514	3903	4514	3903	15.811388300841896	15.811388300841896	0.0	16
49	4529	3908	4514	3903	4514	3903	15.811388300841896	15.811388300841896	0.0	16
49	4529	3908	4514	3903	4514	3903	15.811388300841896	15.811388300841896	0.0	16
50	4514	3903	4498	3898	4498	3898	16.76305461424021	16.76305461424021	0.0	16
50	4514	3903	4498	3898	4498	3898	16.76305461424021	16.76305461424021	0.0	16
50	4514	3903	4498	3898	4498	3898	16.76305461424021	16.76305461424021	0.0	16
50	4514	3903	4498	3898	4498	3898	16.76305461424021	16.76305461424021	0.0	16
50	4514	3903	4498	3898	4498	3898	16.76305461424021	16.76305461424021	0.0	16
50	4514	3903	4498	3898	4498	3898	16.76305461424021	16.76305461424021	0.0	16
50	4514	3903	4498	3898	4498	3898	16.76305461424021	16.76305461424021	0.0	16
50	4514	3903	4498	3898	4498	3898	16.76305461424021	16.76305461424021	0.0	16
50	4514	3903	4498	3898	4498	3898	16.76305461424021	16.76305461424021	0.0	16
51	4498	3898	4483	3893	4483	3893	15.811388300841896	15.811388300841896	0.0	16
51	4498	3898	4483	3893	4483	3893	15.811388300841896	15.811388300841896	0.0	16
51	4498	3898	4483	3893	4483	3893	15.811388300841896	15.811388300841896	0.0	16
51	4498	3898	4483	3893	4483	3893	15.811388300841896	15.811388300841896	0.0	16
51	4498	3898	4483	3893	4483	3893	15.811388300841896	15.811388300841896	0.0	16
51	4498	3898	4483	3893	4483	3893	15.811388300841896	15.811388300841896	0.0	16
51	4498	3898	4483	3893	4483	3893	15.811388300841896	15.811388300841896	0.0	16
51	4498	3898	4483	3893	4483	3893	15.811388300841896	15.811388300841896	0.0	16
51	4498	3898	4483	3893	4483	3893	15.811388300841896	15.811388300841896	0.0	16
52	4483	3893	4467	3888	4467	3888	16.76305461424021	16.76305461424021	0.0	16
52	4483	3893	4467	3888	4467	3888	16.76305461424021	16.76305461424021	0.0	16
52	4483	3893	4467	3888	4467	3888	16.76305461424021	16.76305461424021	0.0	16
52	4483	3893	4467	3888	4467	3888	16.76305461424021	16.76305461424021	0.0	16
52	4483	3893	4467	3888	4467	3888	16.76305461424021	16.76305461424021	0.0	16
52	4483	3893	4467	3888	4467	3888	16.76305461424021	16.76305461424021	0.0	16
52	4483	3893	4467	3888	4467	3888	16.76305461424021	16.76305461424021	0.0	16
52	4483	3893	4467	3888	4467	3888	16.76305461424021	16.76305461424021	0.0	16
52	4483	3893	4467	3888	4467	3888	16.76305461424021	16.76305461424021	0.0	16
53	4467	3888	4451	3883	4451	3883	16.76305461424021	16.76305461424021	0.0	16
53	4467	3888	4451	3883	4451	3883	16.76305461424021	16.76305461424021	0.0	16
53	4467	3888	4451	3883	4451	3883	16.76305461424021	16.76305461424021	0.0	16
53	4467	3888	4451	3883	4451	3883	16.76305461424021	16.76305461424021	0.0	16
53	4467	3888	4451	3883	4451	3883	16.76305461424021	16.76305461424021	0.0	16
53	4467	3888	4451	3883	4451	3883	16.76305461424021	16.76305461424021	0.0	16
53	4467	3888	4451	3883	4451	3883	16.76305461424021	16.76305461424021	0.0	16
53	4467	3888	4451	3883	4451	3883	16.76305461424021	16.76305461424021	0.0	16
53	4467	3888	4451	3883	4451	3883	16.76305461424021	16.76305461424021	0.0	16
54	4451	3883	4436	3879	4436	3879	15.524174696260024	15.524174696260024	0.0	16
54	4451	3883	4436	3879	4436	3879	15.524174696260024	15.524174696260024	0.0	16
54	4451	3883	4436	3879	4436	3879	15.524174696260024	15.524174696260024	0.0	16
54	4451	3883	4436	3879	4436	3879	15.524174696260024	15.524174696260024	0.0	16
54	4451	3883	4436	3879	4436	3879	15.524174696260024	15.524174696260024	0.0	16
54	4451	3883	4436	3879	4436	3879	15.524174696260024	15.524174696260024	0.0	16
54	4451	3883	4436	3879	4436	3879	15.524174696260024	15.524174696260024	0.0	16
54	4451	3883	4436	3879	4436	3879	15.524174696260024	15.524174696260024	0.0	16
54	4451	3883	4436	3879	4436	3879	15.524174696260024	15.524174696260024	0.0	16
55	4436	3879	4424	3875	4424	3875	12.649110640673518	12.649110640673518	0.0	14
55	4436	3879	4424	3875	4424	3875	12.649110640673518	12.649110640673518	0.0	14
55	4436	3879	4424	3875	4424	3875	12.649110640673518	12.649110640673518	0.0	14
55	4436	3879	4424	3875	4424	3875	12.649110640673518	12.649110640673518	0.0	14
55	4436	3879	4424	3875	4424	3875	12.649110640673518	12.649110640673518	0.0	14
55	4436	3879	4424	3875	4424	3875	12.649110640673518	12.649110640673518	0.0	14
55	4436	3879	4424	3875	4424	3875	12.649110640673518	12.649110640673518	0.0	14
55	4436	3879	4424	3875	4424	3875	12.649110640673518	12.649110640673518	0.0	14
55	4436	3879	4424	3875	4424	3875	12.649110640673518	12.649110640673518	0.0	14
56	4424	3875	4415	3872	4415	3872	9.486832980505138	9.486832980505138	0.0	11
56	4424	3875	4415	3872	4415	3872	9.486832980505138	9.486832980505138	0.0	11
56	4424	3875	4415	3872	4415	3872	9.486832980505138	9.486832980505138	0.0	11
56	4424	3875	4415	3872	4415	3872	9.486832980505138	9.486832980505138	0.0	11
56	4424	3875	4415	3872	4415	3872	9.486832980505138	9.486832980505138	0.0	11
56	4424	3875	4415	3872	4415	3872	9.486832980505138	9.486832980505138	0.0	11
56	4424	3875	4415	3872	4415	3872	9.486832980505138	9.486832980505138	0.0	11
56	4424	3875	4415	3872	4415	3872	9.486832980505138	9.486832980505138	0.0	11
56	4424	3875	4415	3872	4415	3872	9.486832980505138	9.486832980505138	0.0	11
57	4415	3872	4409	3870	4409	3870	6.324555320336759	6.324555320336759	0.0	7
57	4415	3872	4409	3870	4409	3870	6.324555320336759	6.324555320336759	0.0	7
57	4415	3872	4409	3870	4409	3870	6.324555320336759	6.324555320336759	0.0	7
57	4415	3872	4409	3870	4409	3870	6.324555320336759	6.324555320336759	0.0	7
57	4415	3872	4409	3870	4409	3870	6.324555320336759	6.324555320336759	0.0	7
57	4415	3872	4409	3870	4409	3870	6.324555320336759	6.324555320336759	0.0	7
57	4415	3872	4409	3870	4409	3870	6.324555320336759	6.324555320336759	0.0	7
57	4415	3872	4409	3870	4409	3870	6.324555320336759	6.324555320336759	0.0	7
57	4415	3872	4409	3870	4409	3870	6.324555320336759	6.324555320336759	0.0	7
58	4409	3870	4406	3869	4406	3869	3.1622776601683795	3.1622776601683795	0.0	5
58	4409	3870	4406	3869	4406	3869	3.1622776601683795	3.1622776601683795	0.0	5
58	4409	3870	4406	3869	4406	3869	3.1622776601683795	3.1622776601683795	0.0	5
58	4409	3870	4406	3869	4406	3869	3.1622776601683795	3.1622776601683795	0.0	5
58	4409	3870	4406	3869	4406	3869	3.1622776601683795	3.1622776601683795	0.0	5
58	4409	3870	4406	3869	4406	3869	3.1622776601683795	3.1622776601683795	0.0	5
58	4409	3870	4406	3869	4406	3869	3.1622776601683795	3.1622776601683795	0.0	5
58	4409	3870	4406	3869	4406	3869	3.1622776601683795	3.1622776601683795	0.0	5
58	4409	3870	4406	3869	4406	3869	3.1622776601683795	3.1622776601683795	0.0	5
59	4406	3869	4404	3869	4404	3869	2.0	2.0	0.0	2
59	4406	3869	4404	3869	4404	3869	2.0	2.0	0.0	2
59	4406	3869	4404	3869	4404	3869	2.0	2.0	0.0	2
59	4406	3869	4404	3869	4404	3869	2.0	2.0	0.0	2
59	4406	3869	4404	3869	4404	3869	2.0	2.0	0.0	2
59	4406	3869	4404	3869	4404	3869	2.0	2.0	0.0	2
59	4406	3869	4404	3869	4404	3869	2.0	2.0	0.0	2
59	4406	3869	4404	3869	4404	3869	2.0	2.0	0.0	2
59	4406	3869	4404	3869	4404	3869	2.0	2.0	0.0	2
80	4404	3869	4401	3868	4401	3868	3.1622776601683795	3.1622776601683795	0.0	1
80	4404	3869	4401	3868	4401	3868	3.1622776601683795	3.1622776601683795	0.0	1
80	4404	3869	4401	3868	4401	3868	3.1622776601683795	3.1622776601683795	0.0	1
80	4404	3869	4401	3868	4401	3868	3.1622776601683795	3.1622776601683795	0.0	1
80	4404	3869	4401	3868	4401	3868	3.1622776601683795	3.1622776601683795	0.0	1
80	4404	3869	4401	3868	4401	3868	3.1622776601683795	3.1622776601683795	0.0	1
80	4404	3869	4401	3868	4401	3868	3.1622776601683795	3.1622776601683795	0.0	1
80	4404	3869	4401	3868	4401	3868	3.1622776601683795	3.1622776601683795	0.0	1
80	4404	3869	4401	3868	4401	3868	3.1622776601683795	3.1622776601683795	0.0	1
81	4401	3868	4397	3866	4397	3866	4.47213595499958	4.47213595499958	0.0	3
81	4401	3868	4397	3866	4397	3866	4.47213595499958	4.47213595499958	0.0	3
81	4401	3868	4397	3866	4397	3866	4.47213595499958	4.47213595499958	0.0	3
81	4401	3868	4397	3866	4397	3866	4.47213595499958	4.47213595499958	0.0	3
81	4401	3868	4397	3866	4397	3866	4.47213595499958	4.47213595499958	0.0	3
81	4401	3868	4397	3866	4397	3866	4.47213595499958	4.47213595499958	0.0	3
81	4401	3868	4397	3866	4397	3866	4.47213595499958	4.47213595499958	0.0	3
81	4401	3868	4397	3866	4397	3866	4.47213595499958	4.47213595499958	0.0	3
81	4401	3868	4397	3866	4397	3866	4.47213595499958	4.47213595499958	0.0	3
82	4397	3866	4391	3864	4391	3864	6.324555320336759	6.324555320336759	0.0	5
82	4397	3866	4391	3864	4391	3864	6.324555320336759	6.324555320336759	0.0	5
82	4397	3866	4391	3864	4391	3864	6.324555320336759	6.324555320336759	0.0	5
82	4397	3866	4391	3864	4391	3864	6.324555320336759	6.324555320336759	0.0	5
82	4397	3866	4391	3864	4391	3864	6.324555320336759	6.324555320336759	0.0	5
82	4397	3866	4391	3864	4391	3864	6.324555320336759	6.324555320336759	0.0	5
82	4397	3866	4391	3864	4391	3864	6.324555320336759	6.324555320336759	0.0	5
82	4397	3866	4391	3864	4391	3864	6.324555320336759	6.324555320336759	0.0	5
82	4397	3866	4391	3864	4391	3864	6.324555320336759	6.324555320336759	0.0	5
83	4391	3864	4383	3861	4383	3861	8.54400374531753	8.54400374531753	0.0	7
83	4391	3864	4383	3861	4383	3861	8.54400374531753	8.54400374531753	0.0	7
83	4391	3864	4383	3861	4383	3861	8.54400374531753	8.54400374531753	0.0	7
83	4391	3864	4383	3861	4383	3861	8.54400374531753	8.54400374531753	0.0	7
83	4391	3864	4383	3861	4383	3861	8.54400374531753	8.54400374531753	0.0	7
83	4391	3864	4383	3861	4383	3861	8.54400374531753	8.54400374531753	0.0	7
83	4391	3864	4383	3861	4383	3861	8.54400374531753	8.54400374531753	0.0	7
83	4391	3864	4383	3861	4383	3861	8.54400374531753	8.54400374531753	0.0	7
83	4391	3864	4383	3861	4383	3861	8.54400374531753	8.54400374531753	0.0	7
234	3362	3518	3346	3515	3346	3515	16.278820596099706	16.278820596099706	0.0	16
234	3362	3518	3346	3515	3346	3515	16.278820596099706	16.278820596099706	0.0	16
234	3362	3518	3346	3515	3346	3515	16.278820596099706	16.278820596099706	0.0	16
234	3362	3518	3346	3515	3346	3515	16.278820596099706	16.278820596099706	0.0	16
234	3362	3518	3346	3515	3346	3515	16.278820596099706	16.278820596099706	0.0	16
234	3362	3518	3346	3515	3346	3515	16.278820596099706	16.278820596099706	0.0	16
234	3362	3518	3346	3515	3346	3515	16.278820596099706	16.278820596099706	0.0	16
234	3362	3518	3346	3515	3346	3515	16.278820596099706	16.278820596099706	0.0	16
234	3362	3518	3346	3515	3346	3515	16.278820596099706	16.278820596099706	0.0	16
890	3091	3355	3099	3357	3099	3357	8.246211251235321	8.246211251235321	0.0	9
890	3091	3355	3099	3357	3099	3357	8.246211251235321	8.246211251235321	0.0	9
890	3091	3355	3099	3357	3099	3357	8.246211251235321	8.246211251235321	0.0	9
890	3091	3355	3099	3357	3099	3357	8.246211251235321	8.246211251235321	0.0	9
890	3091	3355	3099	3357	3099	3357	8.246211251235321	8.246211251235321	0.0	9
890	3091	3355	3099	3357	3099	3357	8.246211251235321	8.246211251235321	0.0	9
890	3091	3355	3099	3357	3099	3357	8.246211251235321	8.246211251235321	0.0	9
890	3091	3355	3099	3357	3099	3357	8.246211251235321	8.246211251235321	0.0	9
890	3091	3355	3099	3357	3099	3357	8.246211251235321	8.246211251235321	0.0	9
891	3099	3357	3103	3358	3103	3358	4.123105625617661	4.123105625617661	0.0	6
891	3099	3357	3103	3358	3103	3358	4.123105625617661	4.123105625617661	0.0	6
891	3099	3357	3103	3358	3103	3358	4.123105625617661	4.123105625617661	0.0	6
891	3099	3357	3103	3358	3103	3358	4.123105625617661	4.123105625617661	0.0	6
891	3099	3357	3103	3358	3103	3358	4.123105625617661	4.123105625617661	0.0	6
891	3099	3357	3103	3358	3103	3358	4.123105625617661	4.123105625617661	0.0	6
891	3099	3357	3103	3358	3103	3358	4.123105625617661	4.123105625617661	0.0	6
891	3099	3357	3103	3358	3103	3358	4.123105625617661	4.123105625617661	0.0	6
891	3099	3357	3103	3358	3103	3358	4.123105625617661	4.123105625617661	0.0	6
892	3103	3358	3106	3359	3106	3359	3.1622776601683795	3.1622776601683795	0.0	3
892	3103	3358	3106	3359	3106	3359	3.1622776601683795	3.1622776601683795	0.0	3
892	3103	3358	3106	3359	3106	3359	3.1622776601683795	3.1622776601683795	0.0	3
892	3103	3358	3106	3359	3106	3359	3.1622776601683795	3.1622776601683795	0.0	3
892	3103	3358	3106	3359	3106	3359	3.1622776601683795	3.1622776601683795	0.0	3
892	3103	3358	3106	3359	3106	3359	3.1622776601683795	3.1622776601683795	0.0	3
892	3103	3358	3106	3359	3106	3359	3.1622776601683795	3.1622776601683795	0.0	3
892	3103	3358	3106	3359	3106	3359	3.1622776601683795	3.1622776601683795	0.0	3
892	3103	3358	3106	3359	3106	3359	3.1622776601683795	3.1622776601683795	0.0	3
893	3106	3359	3106	3359	3106	3359	0.0	0.0	0.0	1
893	3106	3359	3106	3359	3106	3359	0.0	0.0	0.0	1
893	3106	3359	3106	3359	3106	3359	0.0	0.0	0.0	1
893	3106	3359	3106	3359	3106	3359	0.0	0.0	0.0	1
893	3106	3359	3106	3359	3106	3359	0.0	0.0	0.0	1
893	3106	3359	3106	3359	3106	3359	0.0	0.0	0.0	1
893	3106	3359	3106	3359	3106	3359	0.0	0.0	0.0	1
893	3106	3359	3106	3359	3106	3359	0.0	0.0	0.0	1
893	3106	3359	3106	3359	3106	3359	0.0	0.0	0.0	1
914	3108	3359	3112	3360	3112	3360	4.123105625617661	4.123105625617661	0.0	2
914	3108	3359	3112	3360	3112	3360	4.123105625617661	4.123105625617661	0.0	2
914	3108	3359	3112	3360	3112	3360	4.123105625617661	4.123105625617661	0.0	2
914	3108	3359	3112	3360	3112	3360	4.123105625617661	4.123105625617661	0.0	2
914	3108	3359	3112	3360	3112	3360	4.123105625617661	4.123105625617661	0.0	2
914	3108	3359	3112	3360	3112	3360	4.123105625617661	4.123105625617661	0.0	2
914	3108	3359	3112	3360	3112	3360	4.123105625617661	4.123105625617661	0.0	2
914	3108	3359	3112	3360	3112	3360	4.123105625617661	4.123105625617661	0.0	2
914	3108	3359	3112	3360	3112	3360	4.123105625617661	4.123105625617661	0.0	2
915	3112	3360	3117	3362	3117	3362	5.385164807134504	5.385164807134504	0.0	4
915	3112	3360	3117	3362	3117	3362	5.385164807134504	5.385164807134504	0.0	4
915	3112	3360	3117	3362	3117	3362	5.385164807134504	5.385164807134504	0.0	4
915	3112	3360	3117	3362	3117	3362	5.385164807134504	5.385164807134504	0.0	4
915	3112	3360	3117	3362	3117	3362	5.385164807134504	5.385164807134504	0.0	4
915	3112	3360	3117	3362	3117	3362	5.385164807134504	5.385164807134504	0.0	4
915	3112	3360	3117	3362	3117	3362	5.385164807134504	5.385164807134504	0.0	4
915	3112	3360	3117	3362	3117	3362	5.385164807134504	5.385164807134504	0.0	4
915	3112	3360	3117	3362	3117	3362	5.385164807134504	5.385164807134504	0.0	4
916	3117	3362	3125	3364	3125	3364	8.246211251235321	8.246211251235321	0.0	6
916	3117	3362	3125	3364	3125	3364	8.246211251235321	8.246211251235321	0.0	6
916	3117	3362	3125	3364	3125	3364	8.246211251235321	8.246211251235321	0.0	6
916	3117	3362	3125	3364	3125	3364	8.246211251235321	8.246211251235321	0.0	6
916	3117	3362	3125	3364	3125	3364	8.246211251235321	8.246211251235321	0.0	6
916	3117	3362	3125	3364	3125	3364	8.246211251235321	8.246211251235321	0.0	6
916	3117	3362	3125	3364	3125	3364	8.246211251235321	8.246211251235321	0.0	6
916	3117	3362	3125	3364	3125	3364	8.246211251235321	8.246211251235321	0.0	6
916	3117	3362	3125	3364	3125	3364	8.246211251235321	8.246211251235321	0.0	6
917	3125	3364	3134	3367	3134	3367	9.486832980505138	9.486832980505138	0.0	8
917	3125	3364	3134	3367	3134	3367	9.486832980505138	9.486832980505138	0.0	8
917	3125	3364	3134	3367	3134	3367	9.486832980505138	9.486832980505138	0.0	8
917	3125	3364	3134	3367	3134	3367	9.486832980505138	9.486832980505138	0.0	8
917	3125	3364	3134	3367	3134	3367	9.486832980505138	9.486832980505138	0.0	8
917	3125	3364	3134	3367	3134	3367	9.486832980505138	9.486832980505138	0.0	8
917	3125	3364	3134	3367	3134	3367	9.486832980505138	9.486832980505138	0.0	8
917	3125	3364	3134	3367	3134	3367	9.486832980505138	9.486832980505138	0.0	8
917	3125	3364	3134	3367	3134	3367	9.486832980505138	9.486832980505138	0.0	8
918	3134	3367	3145	3370	3145	3370	11.40175425099138	11.40175425099138	0.0	10
918	3134	3367	3145	3370	3145	3370	11.40175425099138	11.40175425099138	0.0	10
918	3134	3367	3145	3370	3145	3370	11.40175425099138	11.40175425099138	0.0	10
918	3134	3367	3145	3370	3145	3370	11.40175425099138	11.40175425099138	0.0	10
918	3134	3367	3145	3370	3145	3370	11.40175425099138	11.40175425099138	0.0	10
918	3134	3367	3145	3370	3145	3370	11.40175425099138	11.40175425099138	0.0	10
918	3134	3367	3145	3370	3145	3370	11.40175425099138	11.40175425099138	0.0	10
918	3134	3367	3145	3370	3145	3370	11.40175425099138	11.40175425099138	0.0	10
918	3134	3367	3145	3370	3145	3370	11.40175425099138	11.40175425099138	0.0	10
919	3145	3370	3158	3374	3158	3374	13.601470508735444	13.601470508735444	0.0	12
919	3145	3370	3158	3374	3158	3374	13.601470508735444	13.601470508735444	0.0	12
919	3145	3370	3158	3374	3158	3374	13.601470508735444	13.601470508735444	0.0	12
919	3145	3370	3158	3374	3158	3374	13.601470508735444	13.601470508735444	0.0	12
919	3145	3370	3158	3374	3158	3374	13.601470508735444	13.601470508735444	0.0	12
919	3145	3370	3158	3374	3158	3374	13.601470508735444	13.601470508735444	0.0	12
919	3145	3370	3158	3374	3158	3374	13.601470508735444	13.601470508735444	0.0	12
919	3145	3370	3158	3374	3158	3374	13.601470508735444	13.601470508735444	0.0	12
919	3145	3370	3158	3374	3158	3374	13.601470508735444	13.601470508735444	0.0	12
920	3158	3374	3172	3378	3172	3378	14.560219778561036	14.560219778561036	0.0	14
920	3158	3374	3172	3378	3172	3378	14.560219778561036	14.560219778561036	0.0	14
920	3158	3374	3172	3378	3172	3378	14.560219778561036	14.560219778561036	0.0	14
920	3158	3374	3172	3378	3172	3378	14.560219778561036	14.560219778561036	0.0	14
920	3158	3374	3172	3378	3172	3378	14.560219778561036	14.560219778561036	0.0	14
920	3158	3374	3172	3378	3172	3378	14.560219778561036	14.560219778561036	0.0	14
920	3158	3374	3172	3378	3172	3378	14.560219778561036	14.560219778561036	0.0	14
920	3158	3374	3172	3378	3172	3378	14.560219778561036	14.560219778561036	0.0	14
920	3158	3374	3172	3378	3172	3378	14.560219778561036	14.560219778561036	0.0	14
921	3172	3378	3188	3382	3188	3382	16.492422502470642	16.492422502470642	0.0	16
921	3172	3378	3188	3382	3188	3382	16.492422502470642	16.492422502470642	0.0	16
921	3172	3378	3188	3382	3188	3382	16.492422502470642	16.492422502470642	0.0	16
921	3172	3378	3188	3382	3188	3382	16.492422502470642	16.492422502470642	0.0	16
921	3172	3378	3188	3382	3188	3382	16.492422502470642	16.492422502470642	0.0	16
921	3172	3378	3188	3382	3188	3382	16.492422502470642	16.492422502470642	0.0	16
921	3172	3378	3188	3382	3188	3382	16.492422502470642	16.492422502470642	0.0	16
921	3172	3378	3188	3382	3188	3382	16.492422502470642	16.492422502470642	0.0	16
921	3172	3378	3188	3382	3188	3382	16.492422502470642	16.492422502470642	0.0	16
922	3188	3382	3203	3386	3203	3386	15.524174696260024	15.524174696260024	0.0	16
922	3188	3382	3203	3386	3203	3386	15.524174696260024	15.524174696260024	0.0	16
922	3188	3382	3203	3386	3203	3386	15.524174696260024	15.524174696260024	0.0	16
922	3188	3382	3203	3386	3203	3386	15.524174696260024	15.524174696260024	0.0	16
922	3188	3382	3203	3386	3203	3386	15.524174696260024	15.524174696260024	0.0	16
922	3188	3382	3203	3386	3203	3386	15.524174696260024	15.524174696260024	0.0	16
922	3188	3382	3203	3386	3203	3386	15.524174696260024	15.524174696260024	0.0	16
922	3188	3382	3203	3386	3203	3386	15.524174696260024	15.524174696260024	0.0	16
922	3188	3382	3203	3386	3203	3386	15.524174696260024	15.524174696260024	0.0	16
923	3203	3386	3214	3389	3214	3389	11.40175425099138	11.40175425099138	0.0	13
923	3203	3386	3214	3389	3214	3389	11.40175425099138	11.40175425099138	0.0	13
923	3203	3386	3214	3389	3214	3389	11.40175425099138	11.40175425099138	0.0	13
923	3203	3386	3214	3389	3214	3389	11.40175425099138	11.40175425099138	0.0	13
923	3203	3386	3214	3389	3214	3389	11.40175425099138	11.40175425099138	0.0	13
923	3203	3386	3214	3389	3214	3389	11.40175425099138	11.40175425099138	0.0	13
923	3203	3386	3214	3389	3214	3389	11.40175425099138	11.40175425099138	0.0	13
923	3203	3386	3214	3389	3214	3389	11.40175425099138	11.40175425099138	0.0	13
923	3203	3386	3214	3389	3214	3389	11.40175425099138	11.40175425099138	0.0	13
924	3214	3389	3223	3392	3223	3392	9.486832980505138	9.486832980505138	0.0	10
924	3214	3389	3223	3392	3223	3392	9.486832980505138	9.486832980505138	0.0	10
924	3214	3389	3223	3392	3223	3392	9.486832980505138	9.486832980505138	0.0	10
924	3214	3389	3223	3392	3223	3392	9.486832980505138	9.486832980505138	0.0	10
924	3214	3389	3223	3392	3223	3392	9.486832980505138	9.486832980505138	0.0	10
924	3214	3389	3223	3392	3223	3392	9.486832980505138	9.486832980505138	0.0	10
924	3214	3389	3223	3392	3223	3392	9.486832980505138	9.486832980505138	0.0	10
924	3214	3389	3223	3392	3223	3392	9.486832980505138	9.486832980505138	0.0	10
924	3214	3389	3223	3392	3223	3392	9.486832980505138	9.486832980505138	0.0	10
925	3223	3392	3228	3393	3228	3393	5.0990195135927845	5.0990195135927845	0.0	7
925	3223	3392	3228	3393	3228	3393	5.0990195135927845	5.0990195135927845	0.0	7
925	3223	3392	3228	3393	3228	3393	5.0990195135927845	5.0990195135927845	0.0	7
925	3223	3392	3228	3393	3228	3393	5.0990195135927845	5.0990195135927845	0.0	7
925	3223	3392	3228	3393	3228	3393	5.0990195135927845	5.0990195135927845	0.0	7
925	3223	3392	3228	3393	3228	3393	5.0990195135927845	5.0990195135927845	0.0	7
925	3223	3392	3228	3393	3228	3393	5.0990195135927845	5.0990195135927845	0.0	7
925	3223	3392	3228	3393	3228	3393	5.0990195135927845	5.0990195135927845	0.0	7
926	3228	3393	3231	3394	3231	3394	3.1622776601683795	3.1622776601683795	0.0	4
926	3228	3393	3231	3394	3231	3394	3.1622776601683795	3.1622776601683795	0.0	4
926	3228	3393	3231	3394	3231	3394	3.1622776601683795	3.1622776601683795	0.0	4
926	3228	3393	3231	3394	3231	3394	3.1622776601683795	3.1622776601683795	0.0	4
926	3228	3393	3231	3394	3231	3394	3.1622776601683795	3.1622776601683795	0.0	4
926	3228	3393	3231	3394	3231	3394	3.1622776601683795	3.1622776601683795	0.0	4
926	3228	3393	3231	3394	3231	3394	3.1622776601683795	3.1622776601683795	0.0	4
926	3228	3393	3231	3394	3231	3394	3.1622776601683795	3.1622776601683795	0.0	4
926	3228	3393	3231	3394	3231	3394	3.1622776601683795	3.1622776601683795	0.0	4
927	3231	3394	3233	3395	3233	3395	2.23606797749979	2.23606797749979	0.0	2
927	3231	3394	3233	3395	3233	3395	2.23606797749979	2.23606797749979	0.0	2
927	3231	3394	3233	3395	3233	3395	2.23606797749979	2.23606797749979	0.0	2
927	3231	3394	3233	3395	3233	3395	2.23606797749979	2.23606797749979	0.0	2
927	3231	3394	3233	3395	3233	3395	2.23606797749979	2.23606797749979	0.0	2
927	3231	3394	3233	3395	3233	3395	2.23606797749979	2.23606797749979	0.0	2
927	3231	3394	3233	3395	3233	3395	2.23606797749979	2.23606797749979	0.0	2
927	3231	3394	3233	3395	3233	3395	2.23606797749979	2.23606797749979	0.0	2
927	3231	3394	3233	3395	3233	3395	2.23606797749979	2.23606797749979	0.0	2
928	3233	3395	3234	3395	3234	3395	1.0	1.0	0.0	1
928	3233	3395	3234	3395	3234	3395	1.0	1.0	0.0	1
928	3233	3395	3234	3395	3234	3395	1.0	1.0	0.0	1
928	3233	3395	3234	3395	3234	3395	1.0	1.0	0.0	1
928	3233	3395	3234	3395	3234	3395	1.0	1.0	0.0	1
928	3233	3395	3234	3395	3234	3395	1.0	1.0	0.0	1
928	3233	3395	3234	3395	3234	3395	1.0	1.0	0.0	1
928	3233	3395	3234	3395	3234	3395	1.0	1.0	0.0	1
928	3233	3395	3234	3395	3234	3395	1.0	1.0	0.0	1
939	3236	3395	3239	3396	3239	3396	3.1622776601683795	3.1622776601683795	0.0	2
939	3236	3395	3239	3396	3239	3396	3.1622776601683795	3.1622776601683795	0.0	2
939	3236	3395	3239	3396	3239	3396	3.1622776601683795	3.1622776601683795	0.0	2
939	3236	3395	3239	3396	3239	3396	3.1622776601683795	3.1622776601683795	0.0	2
939	3236	3395	3239	3396	3239	3396	3.1622776601683795	3.1622776601683795	0.0	2
939	3236	3395	3239	3396	3239	3396	3.1622776601683795	3.1622776601683795	0.0	2
939	3236	3395	3239	3396	3239	3396	3.1622776601683795	3.1622776601683795	0.0	2
939	3236	3395	3239	3396	3239	3396	3.1622776601683795	3.1622776601683795	0.0	2
939	3236	3395	3239	3396	3239	3396	3.1622776601683795	3.1622776601683795	0.0	2
940	3239	3396	3245	3397	3245	3397	6.082762530298219	6.082762530298219	0.0	4
940	3239	3396	3245	3397	3245	3397	6.082762530298219	6.082762530298219	0.0	4
940	3239	3396	3245	3397	3245	3397	6.082762530298219	6.082762530298219	0.0	4
940	3239	3396	3245	3397	3245	3397	6.082762530298219	6.082762530298219	0.0	4
940	3239	3396	3245	3397	3245	3397	6.082762530298219	6.082762530298219	0.0	4
940	3239	3396	3245	3397	3245	3397	6.082762530298219	6.082762530298219	0.0	4
940	3239	3396	3245	3397	3245	3397	6.082762530298219	6.082762530298219	0.0	4
940	3239	3396	3245	3397	3245	3397	6.082762530298219	6.082762530298219	0.0	4
940	3239	3396	3245	3397	3245	3397	6.082762530298219	6.082762530298219	0.0	4
941	3245	3397	3252	3399	3252	3399	7.280109889280518	7.280109889280518	0.0	6
941	3245	3397	3252	3399	3252	3399	7.280109889280518	7.280109889280518	0.0	6
941	3245	3397	3252	3399	3252	3399	7.280109889280518	7.280109889280518	0.0	6
941	3245	3397	3252	3399	3252	3399	7.280109889280518	7.280109889280518	0.0	6
941	3245	3397	3252	3399	3252	3399	7.280109889280518	7.280109889280518	0.0	6
941	3245	3397	3252	3399	3252	3399	7.280109889280518	7.280109889280518	0.0	6
941	3245	3397	3252	3399	3252	3399	7.280109889280518	7.280109889280518	0.0	6
941	3245	3397	3252	3399	3252	3399	7.280109889280518	7.280109889280518	0.0	6
941	3245	3397	3252	3399	3252	3399	7.280109889280518	7.280109889280518	0.0	6
942	3252	3399	3261	3401	3261	3401	9.219544457292887	9.219544457292887	0.0	8
942	3252	3399	3261	3401	3261	3401	9.219544457292887	9.219544457292887	0.0	8
942	3252	3399	3261	3401	3261	3401	9.219544457292887	9.219544457292887	0.0	8
942	3252	3399	3261	3401	3261	3401	9.219544457292887	9.219544457292887	0.0	8
942	3252	3399	3261	3401	3261	3401	9.219544457292887	9.219544457292887	0.0	8
942	3252	3399	3261	3401	3261	3401	9.219544457292887	9.219544457292887	0.0	8
942	3252	3399	3261	3401	3261	3401	9.219544457292887	9.219544457292887	0.0	8
942	3252	3399	3261	3401	3261	3401	9.219544457292887	9.219544457292887	0.0	8
942	3252	3399	3261	3401	3261	3401	9.219544457292887	9.219544457292887	0.0	8
943	3261	3401	3272	3404	3272	3404	11.40175425099138	11.40175425099138	0.0	10
943	3261	3401	3272	3404	3272	3404	11.40175425099138	11.40175425099138	0.0	10
943	3261	3401	3272	3404	3272	3404	11.40175425099138	11.40175425099138	0.0	10
943	3261	3401	3272	3404	3272	3404	11.40175425099138	11.40175425099138	0.0	10
943	3261	3401	3272	3404	3272	3404	11.40175425099138	11.40175425099138	0.0	10
943	3261	3401	3272	3404	3272	3404	11.40175425099138	11.40175425099138	0.0	10
943	3261	3401	3272	3404	3272	3404	11.40175425099138	11.40175425099138	0.0	10
943	3261	3401	3272	3404	3272	3404	11.40175425099138	11.40175425099138	0.0	10
943	3261	3401	3272	3404	3272	3404	11.40175425099138	11.40175425099138	0.0	10
944	3272	3404	3284	3407	3284	3407	12.36931687685298	12.36931687685298	0.0	11
944	3272	3404	3284	3407	3284	3407	12.36931687685298	12.36931687685298	0.0	11
944	3272	3404	3284	3407	3284	3407	12.36931687685298	12.36931687685298	0.0	11
944	3272	3404	3284	3407	3284	3407	12.36931687685298	12.36931687685298	0.0	11
944	3272	3404	3284	3407	3284	3407	12.36931687685298	12.36931687685298	0.0	11
944	3272	3404	3284	3407	3284	3407	12.36931687685298	12.36931687685298	0.0	11
944	3272	3404	3284	3407	3284	3407	12.36931687685298	12.36931687685298	0.0	11
944	3272	3404	3284	3407	3284	3407	12.36931687685298	12.36931687685298	0.0	11
944	3272	3404	3284	3407	3284	3407	12.36931687685298	12.36931687685298	0.0	11
945	3284	3407	3299	3411	3299	3411	15.524174696260024	15.524174696260024	0.0	13
945	3284	3407	3299	3411	3299	3411	15.524174696260024	15.524174696260024	0.0	13
945	3284	3407	3299	3411	3299	3411	15.524174696260024	15.524174696260024	0.0	13
945	3284	3407	3299	3411	3299	3411	15.524174696260024	15.524174696260024	0.0	13
945	3284	3407	3299	3411	3299	3411	15.524174696260024	15.524174696260024	0.0	13
945	3284	3407	3299	3411	3299	3411	15.524174696260024	15.524174696260024	0.0	13
945	3284	3407	3299	3411	3299	3411	15.524174696260024	15.524174696260024	0.0	13
945	3284	3407	3299	3411	3299	3411	15.524174696260024	15.524174696260024	0.0	13
945	3284	3407	3299	3411	3299	3411	15.524174696260024	15.524174696260024	0.0	13
1575	6088	4277	6093	4267	6093	4267	11.180339887498949	11.180339887498949	0.0	9
1575	6088	4277	6093	4267	6093	4267	11.180339887498949	11.180339887498949	0.0	9
1575	6088	4277	6093	4267	6093	4267	11.180339887498949	11.180339887498949	0.0	9
1575	6088	4277	6093	4267	6093	4267	11.180339887498949	11.180339887498949	0.0	9
1575	6088	4277	6093	4267	6093	4267	11.180339887498949	11.180339887498949	0.0	9
1575	6088	4277	6093	4267	6093	4267	11.180339887498949	11.180339887498949	0.0	9
1575	6088	4277	6093	4267	6093	4267	11.180339887498949	11.180339887498949	0.0	9
1575	6088	4277	6093	4267	6093	4267	11.180339887498949	11.180339887498949	0.0	9
1575	6088	4277	6093	4267	6093	4267	11.180339887498949	11.180339887498949	0.0	9
