1903003.4991238804
1903003.4991315443
1903006.0
1903016.0
1903026.0
1903036.0
1903046.0
1903056.0
1903066.0
1903076.0
1903086.0
1903096.0
1903106.0
1903116.0
1903126.0
1903136.0
1903146.0
1903156.0
1903166.0
1903176.0
1903186.0
1903196.0
1903206.0
1903216.0
1903226.0
1903236.0
1903246.0
1903256.0
1903266.0
1903276.0
1903286.0
1903296.0
1903306.0
1903316.0
1903326.0
1903336.0
1903346.0
1903356.0
1903366.0
1903376.0
1903386.0
1903396.0
1903406.0
1903416.0
1903426.0
1903436.0
1903446.0
1903456.0
1903466.0
1903476.0
1903486.0
1903496.0
1903506.0
1903516.0
1903526.0
1903536.0
1903546.0
1903556.0
1903566.0
1903576.0
1903586.0
1903596.0
1903606.0
1903616.0
1903626.0
1903636.0
1903646.0
1903656.0
1903666.0
1903676.0
1903686.0
1903696.0
1903706.0
1903716.0
1903726.0
1903736.0
1903746.0
1903756.0
1903766.0
1903776.0
1903786.0
1903796.0
1903806.0
1903816.0
1903826.0
1903836.0
1903846.0
1903856.0
1903866.0
1903876.0
1903886.0
1903896.0
1903906.0
1903916.0
1903926.0
1903936.0
1903946.0
1903956.0
1903966.0
1903976.0
1903986.0
1903996.0
1904006.0
1904016.0
1904026.0
1904036.0
1904046.0
1904056.0
1904066.0
1904076.0
1904086.0
1904096.0
1904106.0
1904116.0
1904126.0
1904136.0
1904146.0
1904156.0
1904166.0
2390005.2936166017
2390005.2936242656
2390006.0
2390016.0
2390025.2936166017
2390025.2936242656
2390026.0
2390035.2936166017
2390035.2936242656
2390036.0
2390045.2936166017
2390045.2936242656
2390046.0
2390055.2936166017
2390055.2936242656
2390056.0
2390065.2936166017
2390065.2936242656
2390066.0
2390076.0
2390085.2936166017
2390085.2936242656
2390086.0
2390095.2936166017
2390095.2936242656
2390096.0
2390105.2936166017
2390105.2936242656
2390106.0
2390115.2936166017
2390115.2936242656
2390116.0
2390125.2936166017
2390125.2936242656
2390126.0
2390135.2936166017
2390135.2936242656
2390136.0
2390145.2936166017
2390145.2936242656
2390146.0
2390155.2936166017
2390155.2936242656
2390156.0
2390165.2936166017
2390165.2936242656
2390166.0
2390175.2936166017
2390175.2936242656
2390176.0
2390185.2936166017
2390185.2936242656
2390186.0
2390195.2936166017
2390195.2936242656
2390196.0
2390205.2936166017
2390205.2936242656
2390206.0
2390216.0
2390225.2936166017
2390225.2936242656
2390226.0
2390235.2936166017
2390235.2936242656
2390236.0
2390245.2936166017
2390245.2936242656
2390246.0
2390255.2936166017
2390255.2936242656
2390256.0
2390265.2936166017
2390265.2936242656
2390266.0
2390275.2936166017
2390275.2936242656
2390276.0
2390285.2936166017
2390285.2936242656
2390286.0
2390296.0
2390305.2936166017
2390305.2936242656
2390306.0
2390315.2936166017
2390315.2936242656
2390316.0
2390325.2936166017
2390325.2936242656
2390326.0
2390335.2936166017
2390335.2936242656
2390336.0
2390345.2936166017
2390345.2936242656
2390346.0
2390355.2936166017
2390355.2936242656
2390356.0
2390365.2936166017
2390365.2936242656
2390366.0
2390375.2936166017
2390375.2936242656
2390376.0
2390385.2936166017
2390385.2936242656
2390386.0
2390395.2936166017
2390395.2936242656
2390396.0
2390405.2936166017
2390405.2936242656
2390406.0
2390415.2936166017
2390415.2936242656
2390416.0
2390425.2936166017
2390425.2936242656
2390426.0
2390435.2936166017
2390435.2936242656
2390436.0
2390445.2936166017
2390445.2936242656
2390446.0
2390456.0
2390465.2936166017
2390465.2936242656
2390466.0
2390476.0
2390486.0
2390495.2936166017
2390495.2936242656
2390496.0
2390505.2936166017
2390505.2936242656
2390506.0
2390515.2936166017
2390515.2936242656
2390516.0
2390525.2936166017
2390525.2936242656
2390526.0
2390535.2936166017
2390535.2936242656
2390536.0
2390545.2936166017
2390545.2936242656
2390546.0
2390555.2936166017
2390555.2936242656
2390556.0
2390566.0
2390575.2936166017
2390575.2936242656
2390576.0
2390585.2936166017
2390585.2936242656
2390586.0
2390589.387056004
2390589.3870636676
2390595.2936166017
2390595.2936242656
2390596.0
2390605.2936166017
2390605.2936242656
2390606.0
2390615.2936166017
2390615.2936242656
2390616.0
2390625.2936166017
2390625.2936242656
2390626.0
2390636.0
2390645.2936166017
2390645.2936242656
2390646.0
2390655.2936166017
2390655.2936242656
2390656.0
2390656.387056004
2390656.3870636676
2390665.2936166017
2390665.2936242656
2390666.0
2390675.2936166017
2390675.2936242656
2390676.0
2390685.2936166017
2390685.2936242656
2390686.0
2390695.2936166017
2390695.2936242656
2390696.0
2390705.2936166017
2390705.2936242656
2390706.0
2390715.2936166017
2390715.2936242656
2390716.0
2390725.2936166017
2390725.2936242656
2390726.0
2390735.2936166017
2390735.2936242656
2390736.0
2390746.0
2390756.0
2390766.0
2390776.0
2390786.0
2390796.0
2390806.0
2390816.0
2390826.0
2390836.0
2390846.0
2390856.0
2390866.0
2390876.0
2390886.0
2390896.0
2390906.0
2390916.0
2390926.0
2390936.0
2390946.0
2390956.0
2390966.0
2390976.0
2914006.0
2914016.0
2914026.0
2914036.0
2914046.0
2914056.0
2914066.0
2914076.0
2914086.0
2914096.0
2914106.0
2914116.0
2914126.0
2914136.0
2914146.0
2914156.0
2914166.0
2914176.0
2914186.0
2914196.0
2914206.0
2914216.0
2914226.0
2914236.0
2914246.0
2914256.0
2914266.0
2914276.0
2914286.0
2914296.0
2914306.0
2914316.0
2914326.0
2914336.0
2914346.0
2914356.0
2914366.0
2914376.0
2914386.0
2914396.0
2914406.0
2914416.0
2914426.0
2914436.0
2914446.0
2914456.0
2914466.0
2914476.0
2914486.0
2914496.0
2914506.0
2914516.0
2914526.0
2914536.0
2914546.0
2914556.0
2914566.0
2914576.0
2914586.0
2914596.0
2914606.0
2914616.0
2914626.0
2914636.0
2914646.0
2914656.0
2914666.0
2914676.0
2914686.0
2914696.0
2914706.0
2914716.0
2914726.0
2914736.0
2914746.0
2914756.0
2914766.0
2914776.0
2914786.0
2914796.0
2914806.0
2914816.0
2914826.0
2914836.0
2914846.0
2914856.0
2914866.0
2914876.0
2914886.0
2914896.0
2914898.356004646
2914906.0
2914916.0
2914926.0
2914936.0
2914946.0
2914956.0
2914966.0
2914976.0
2914986.0
2914996.0
2915006.0
2915016.0
2915026.0
2915036.0
2915046.0
2915056.0
2915066.0
2915076.0
2915086.0
2915096.0
2915106.0
2915116.0
2915126.0
2915136.0
2915146.0
2915156.0
2915166.0
3132002.6821559668
3132006.0
3132016.0
3132026.0
3132036.0
3132046.0
3132056.0
3132066.0
3132076.0
3132086.0
3132096.0
3132106.0
3132116.0
3132126.0
3132136.0
3132146.0
3132156.0
3132166.0
3132176.0
3132186.0
3132196.0
3132206.0
3132216.0
3132226.0
3132236.0
3132246.0
3132256.0
3132266.0
3132276.0
3132286.0
3132296.0
3132306.0
3132316.0
3132326.0
3132336.0
3132346.0
3132356.0
3132366.0
3132376.0
3132386.0
3132396.0
3132406.0
3132416.0
3132426.0
3132436.0
3132446.0
3132456.0
3132466.0
3132476.0
3132486.0
3132496.0
3132506.0
3132516.0
3132526.0
3132536.0
3132546.0
3132556.0
3132566.0
3132576.0
3132586.0
3132596.0
3132606.0
3132616.0
3132626.0
3132636.0
3132646.0
3132656.0
3132666.0
3132676.0
3132686.0
3132696.0
3132706.0
3132716.0
3132726.0
3132736.0
3132746.0
3132756.0
3132766.0
3301004.10880208
3301006.0
3301016.0
3301024.10880208
3301026.0
3301034.10880208
3301036.0
3301044.10880208
3301046.0
3301054.10880208
3301056.0
3301064.10880208
3301066.0
3301074.10880208
3301076.0
3301084.10880208
3301086.0
3301094.10880208
3301096.0
3301104.10880208
3301106.0
3301114.10880208
3301116.0
3301124.10880208
3301126.0
3301134.10880208
3301136.0
3301144.10880208
3301146.0
3301154.10880208
3301156.0
3301164.10880208
3301166.0
3301174.10880208
3301176.0
3301184.10880208
3301186.0
3301194.10880208
3301196.0
3301204.10880208
3301206.0
3301214.10880208
3301216.0
3301224.10880208
3301226.0
3301234.10880208
3301236.0
3301244.10880208
3301246.0
3301254.10880208
3301256.0
3301264.10880208
3301266.0
3301274.10880208
3301276.0
3301284.10880208
3301286.0
3301294.10880208
3301296.0
3301304.10880208
3301306.0
3301314.10880208
3301316.0
3301326.0
3301334.10880208
3301336.0
3301344.10880208
3301346.0
3301354.10880208
3301356.0
3301364.10880208
3301366.0
3301376.0
3301384.10880208
3301386.0
3301394.10880208
3301396.0
3301404.10880208
3301406.0
3301414.10880208
3301416.0
3301424.10880208
3301426.0
3301436.0
3301444.10880208
3301446.0
3301456.0
3301464.10880208
3301466.0
3301474.10880208
3301476.0
3301484.10880208
3301486.0
3301494.10880208
3301496.0
3301504.10880208
3301506.0
3301514.10880208
3301516.0
3301524.10880208
3301526.0
3301534.10880208
3301536.0
3301546.0
3301554.10880208
3301556.0
3301564.10880208
3301566.0
3301574.10880208
3301576.0
3301584.10880208
3301586.0
3301594.10880208
3301596.0
3301604.10880208
3301606.0
3301614.10880208
3301616.0
3301624.10880208
3301626.0
3301634.10880208
3301636.0
3301644.10880208
3301646.0
3301654.10880208
3301656.0
3301664.10880208
3301666.0
3301674.10880208
3301676.0
3301686.0
3301694.10880208
3301696.0
3301704.10880208
3301706.0
3301716.0
3301724.10880208
3301726.0
3301734.10880208
3301736.0
3301746.0
3301756.0
3301766.0
3301776.0
3301786.0
3301796.0
3301806.0
3301816.0
3301826.0
3301836.0
3301846.0
3301856.0
3338006.0
3338006.9772713184
3338016.0
3338016.9772713184
3338026.0
3338036.0
3338046.0
3338046.9772713184
3338056.0
3338056.9772713184
3338066.0
3338066.9772713184
3338076.0
3338076.9772713184
3338086.0
3338086.9772713184
3338096.0
3338096.9772713184
3338106.0
3338106.9772713184
3338116.0
3338116.9772713184
3338126.0
3338136.0
3338136.9772713184
3338146.0
3338146.9772713184
3338156.0
3338156.9772713184
3338166.0
3338166.9772713184
3338176.0
3338176.9772713184
3338186.0
3338186.9772713184
3338196.0
3338196.9772713184
3338206.0
3338216.0
3338216.9772713184
3338226.0
3338226.9772713184
3338236.0
3338236.9772713184
3338246.0
3338246.9772713184
3338256.0
3338256.9772713184
3338266.0
3338266.9772713184
3338276.0
3338276.9772713184
3338286.0
3338286.9772713184
3338296.0
3338296.9772713184
3338306.0
3338306.9772713184
3338316.0
3338316.9772713184
3338326.0
3338326.9772713184
3338336.0
3338336.9772713184
3338346.0
3338346.9772713184
3338356.0
3338366.0
3338366.9772713184
3338376.0
3338376.9772713184
3338386.0
3338386.9772713184
3338396.0
3338396.9772713184
3338406.0
3338406.9772713184
3338416.0
3338416.9772713184
3338426.0
3338426.9772713184
3338436.0
3338436.9772713184
3338446.0
3338446.9772713184
3338456.0
3338456.9772713184
3338466.0
3338466.9772713184
3338476.0
3338476.9772713184
3338486.0
3338486.9772713184
3338496.0
3338496.9772713184
3338506.0
3338506.9772713184
3338516.0
3338516.9772713184
3338526.0
3338526.9772713184
3338536.0
3338536.9772713184
3338546.0
3338546.9772713184
3338556.0
3338556.9772713184
3338566.0
3338566.9772713184
3338576.0
3338576.9772713184
3338586.0
3338596.0
3338606.0
3338606.9772713184
3338616.0
3338616.9772713184
3338626.0
3338626.9772713184
3338636.0
3338636.9772713184
3338646.0
3338646.9772713184
3338656.0
3338656.9772713184
3338666.0
3338666.9772713184
3338676.0
3338676.9772713184
3338686.0
3338696.0
3338696.9772713184
3338706.0
3338706.9772713184
3338716.0
3338716.9772713184
3338726.0
3338726.9772713184
3338736.0
3338736.9772713184
3338746.0
3338746.9772713184
3338756.0
3338756.9772713184
3338766.0
3338766.9772713184
3338776.0
3338776.9772713184
3338786.0
3338786.9772713184
3338796.0
3338796.9772713184
3338806.0
3338806.9772713184
3338816.0
3338816.9772713184
3338826.0
3338826.9772713184
3338836.0
3338836.9772713184
3338846.0
3338846.9772713184
3338856.0
3338856.9772713184
3338866.0
3338876.0
3338886.0
3338896.0
3338906.0
3338916.0
3338926.0
3338936.0
3338946.0
3338956.0
3338966.0
3338976.0
3338986.0
3338996.0
3339006.0
3339016.0
3339026.0
3339036.0
3339046.0
3339056.0
3490006.0
3490008.649817705
3490016.0
3490018.649817705
3490026.0
3490028.649817705
3490036.0
3490038.649817705
3490046.0
3490048.649817705
3490056.0
3490058.649817705
3490066.0
3490068.649817705
3490076.0
3490078.649817705
3490086.0
3490088.649817705
3490096.0
3490098.649817705
3490106.0
3490108.649817705
3490116.0
3490118.649817705
3490126.0
3490136.0
3490146.0
3490148.649817705
3490156.0
3490158.649817705
3490166.0
3490168.649817705
3490176.0
3490178.649817705
3490186.0
3490188.649817705
3490196.0
3490198.649817705
3490206.0
3490208.649817705
3490216.0
3490218.649817705
3490226.0
3490228.649817705
3490236.0
3490238.649817705
3490246.0
3490248.649817705
3490256.0
3490258.649817705
3490266.0
3490268.649817705
3490276.0
3490278.649817705
3490286.0
3490288.649817705
3490296.0
3490298.649817705
3490306.0
3490308.649817705
3490316.0
3490318.649817705
3490326.0
3490328.649817705
3490336.0
3490346.0
3490348.649817705
3490356.0
3490358.649817705
3490366.0
3490368.649817705
3490376.0
3490378.649817705
3490386.0
3490396.0
3490398.649817705
3490406.0
3490408.649817705
3490416.0
3490418.649817705
3490426.0
3490428.649817705
3490436.0
3490438.649817705
3490446.0
3490448.649817705
3490456.0
3490458.649817705
3490466.0
3490468.649817705
3490476.0
3490478.649817705
3490486.0
3490488.649817705
3490496.0
3490498.649817705
3490506.0
3490516.0
3490518.649817705
3490526.0
3490528.649817705
3490536.0
3490538.649817705
3490546.0
3490548.649817705
3490556.0
3490558.649817705
3490566.0
3490568.649817705
3490576.0
3490578.649817705
3490586.0
3490588.649817705
3490596.0
3490598.649817705
3490606.0
3490608.649817705
3490616.0
3490618.649817705
3490626.0
3490628.649817705
3490636.0
3490638.649817705
3490646.0
3490648.649817705
3490656.0
3490658.649817705
3490666.0
3490668.649817705
3490676.0
3490686.0
3490688.649817705
3490696.0
3490698.649817705
3490706.0
3490708.649817705
3490716.0
3490718.649817705
3490726.0
3490728.649817705
3490736.0
3490738.649817705
3490746.0
3490748.649817705
3490756.0
3490758.649817705
3490766.0
3490768.649817705
3490776.0
3490778.649817705
3490786.0
3490788.649817705
3490796.0
3490806.0
3490808.649817705
3490816.0
3490818.649817705
3490826.0
3490836.0
3490838.649817705
3490846.0
3822003.4907973
3822006.0
3822016.0
3822026.0
3822036.0
3822046.0
3822056.0
3822066.0
3822076.0
3822086.0
3822096.0
3822106.0
3822116.0
3822126.0
3822136.0
3822146.0
3822156.0
3822166.0
3822176.0
3822186.0
3822196.0
3822206.0
3822216.0
3822226.0
3822236.0
3822246.0
3822256.0
3822266.0
3822276.0
3822286.0
3822296.0
3822306.0
3822316.0
3822326.0
3822336.0
3822346.0
3822356.0
3822366.0
3822376.0
3822386.0
3822396.0
3822406.0
3822416.0
3822426.0
3822436.0
3822446.0
3822456.0
3822466.0
3822476.0
3822486.0
3822496.0
3822506.0
3822516.0
3822526.0
3822536.0
3822546.0
3822556.0
3822566.0
3822576.0
3822586.0
3822596.0
3822606.0
3822616.0
3822626.0
3822636.0
3822646.0
3822656.0
3822666.0
3822676.0
3822686.0
3822696.0
3822706.0
3822716.0
3822726.0
3822736.0
3822746.0
3822756.0
3822766.0
3822776.0
3822786.0
3822796.0
3822806.0
3822816.0
3822826.0
3822836.0
3822846.0
3822856.0
3822866.0
3822876.0
3822886.0
3822896.0
3822898.7940434483
3822906.0
3822916.0
3822926.0
3822936.0
3822946.0
3822956.0
3822966.0
3822976.0
3990002.3481860347
3990006.0
3990016.0
3990026.0
3990036.0
3990046.0
3990056.0
3990066.0
3990076.0
3990086.0
3990096.0
3990106.0
3990116.0
3990126.0
3990136.0
3990146.0
3990156.0
3990166.0
3990176.0
3990186.0
3990196.0
3990206.0
3990216.0
3990226.0
3990236.0
3990246.0
3990256.0
3990266.0
3990276.0
3990286.0
3990296.0
3990306.0
3990316.0
3990326.0
3990336.0
3990346.0
3990356.0
3990366.0
3990376.0
3990386.0
3990396.0
3990406.0
3990416.0
3990426.0
3990436.0
3990446.0
3990456.0
3990466.0
3990476.0
3990486.0
3990496.0
3990506.0
3990516.0
3990526.0
3990536.0
3990546.0
3990556.0
3990566.0
3990576.0
3990586.0
3990596.0
3990606.0
3990616.0
3990626.0
3990636.0
3990646.0
3990656.0
3990666.0
3990676.0
3990686.0
3990696.0
3990706.0
3990716.0
3990726.0
3990736.0
3990746.0
3990756.0
3990766.0
3990776.0
3990786.0
3990796.0
3990806.0
3990816.0
3990826.0
3990836.0
3990846.0
3990856.0
3990866.0
3990876.0
3990886.0
3990896.0
3990906.0
3990916.0
4424004.326209324
4424006.0
4424014.326209324
4424016.0
4424024.326209324
4424026.0
4424034.326209324
4424036.0
4424044.326209324
4424046.0
4424054.326209324
4424056.0
4424064.326209324
4424066.0
4424074.326209324
4424076.0
4424084.326209324
4424086.0
4424094.326209324
4424096.0
4424104.326209324
4424106.0
4424114.326209324
4424116.0
4424126.0
4424136.0
4424144.326209324
4424146.0
4424154.326209324
4424156.0
4424164.326209324
4424166.0
4424174.326209324
4424176.0
4424184.326209324
4424186.0
4424196.0
4424204.326209324
4424206.0
4424214.326209324
4424216.0
4424226.0
4424236.0
4424246.0
4424254.326209324
4424256.0
4424264.326209324
4424266.0
4424274.326209324
4424276.0
4424284.326209324
4424286.0
4424296.0
4424304.326209324
4424306.0
4424314.326209324
4424316.0
4424324.326209324
4424326.0
4424336.0
4424344.326209324
4424346.0
4424354.326209324
4424356.0
4424364.326209324
4424366.0
4424374.326209324
4424376.0
4424384.326209324
4424386.0
4424394.326209324
4424396.0
4424404.326209324
4424406.0
4424414.326209324
4424416.0
4424424.326209324
4424426.0
4424434.326209324
4424436.0
4424444.326209324
4424446.0
4424454.326209324
4424456.0
4424464.326209324
4424466.0
4424476.0
4424484.326209324
4424486.0
4424494.326209324
4424496.0
4424504.326209324
4424506.0
4424516.0
4424524.326209324
4424526.0
4424534.326209324
4424536.0
4424544.326209324
4424546.0
4424554.326209324
4424556.0
4424564.326209324
4424566.0
4424574.326209324
4424576.0
4424584.326209324
4424586.0
4424594.326209324
4424596.0
4424606.0
4424614.326209324
4424616.0
4424624.326209324
4424626.0
4424634.326209324
4424636.0
4424644.326209324
4424646.0
4424654.326209324
4424656.0
4424664.326209324
4424666.0
4424674.326209324
4424676.0
4424684.326209324
4424686.0
4424694.326209324
4424696.0
4424704.326209324
4424706.0
4424714.326209324
4424716.0
4424724.326209324
4424726.0
4424734.326209324
4424736.0
4424746.0
4424756.0
4424766.0
4424776.0
4424786.0
4424796.0
4424806.0
4424816.0
4424826.0
4424836.0
4424846.0
4424856.0
4531005.046912516
4531006.0
4531015.046912516
4531016.0
4531025.046912516
4531026.0
4531035.046912516
4531036.0
4531045.046912516
4531046.0
4531055.046912516
4531056.0
4531065.046912516
4531066.0
4531075.046912516
4531076.0
4531085.046912516
4531086.0
4531095.046912516
4531096.0
4531105.046912516
4531106.0
4531115.046912516
4531116.0
4531125.046912516
4531126.0
4531136.0
4531146.0
4531156.0
4531166.0
4531176.0
4531186.0
4531196.0
4531206.0
4531216.0
4531226.0
4531236.0
4531246.0
4531256.0
4531266.0
4531276.0
4531286.0
4531296.0
4531306.0
4531316.0
4531326.0
4531336.0
4531346.0
4531356.0
4531366.0
4531376.0
4531386.0
4531396.0
4531406.0
4531416.0
4531426.0
4531436.0
4531446.0
4531456.0
4531466.0
4531476.0
4531486.0
4531496.0
4531506.0
4531516.0
4531526.0
4531536.0
4531546.0
4531556.0
4531566.0
4531576.0
4531586.0
4531596.0
4531606.0
4531616.0
4531626.0
4531636.0
4531646.0
4531656.0
4531666.0
4531676.0
4531686.0
4531696.0
4531706.0
4531716.0
4531726.0
4531736.0
4531746.0
4531756.0
4531766.0
4531776.0
4531786.0
4531796.0
4531806.0
4531816.0
4531826.0
4531836.0
4531846.0
4531856.0
4531866.0
4531876.0
4531886.0
4531896.0
