48	6039	5730	6054	5731	6054	5731	15.033296378372908	15.033296378372908	0.0	14
48	6039	5730	6054	5731	6054	5731	15.033296378372908	15.033296378372908	0.0	14
48	6039	5730	6054	5731	6054	5731	15.033296378372908	15.033296378372908	0.0	14
48	6039	5730	6054	5731	6054	5731	15.033296378372908	15.033296378372908	0.0	14
48	6039	5730	6054	5731	6054	5731	15.033296378372908	15.033296378372908	0.0	14
48	6039	5730	6054	5731	6054	5731	15.033296378372908	15.033296378372908	0.0	14
48	6039	5730	6054	5731	6054	5731	15.033296378372908	15.033296378372908	0.0	14
48	6039	5730	6054	5731	6054	5731	15.033296378372908	15.033296378372908	0.0	14
48	6039	5730	6054	5731	6054	5731	15.033296378372908	15.033296378372908	0.0	14
530	6976	4592	6980	4580	6980	4580	12.649110640673518	12.649110640673518	0.0	14
530	6976	4592	6980	4580	6980	4580	12.649110640673518	12.649110640673518	0.0	14
530	6976	4592	6980	4580	6980	4580	12.649110640673518	12.649110640673518	0.0	14
530	6976	4592	6980	4580	6980	4580	12.649110640673518	12.649110640673518	0.0	14
530	6976	4592	6980	4580	6980	4580	12.649110640673518	12.649110640673518	0.0	14
530	6976	4592	6980	4580	6980	4580	12.649110640673518	12.649110640673518	0.0	14
530	6976	4592	6980	4580	6980	4580	12.649110640673518	12.649110640673518	0.0	14
530	6976	4592	6980	4580	6980	4580	12.649110640673518	12.649110640673518	0.0	14
530	6976	4592	6980	4580	6980	4580	12.649110640673518	12.649110640673518	0.0	14
531	6980	4580	6995	4578	6995	4578	15.132745950421556	15.132745950421556	0.0	14
531	6980	4580	6995	4578	6995	4578	15.132745950421556	15.132745950421556	0.0	14
531	6980	4580	6995	4578	6995	4578	15.132745950421556	15.132745950421556	0.0	14
531	6980	4580	6995	4578	6995	4578	15.132745950421556	15.132745950421556	0.0	14
531	6980	4580	6995	4578	6995	4578	15.132745950421556	15.132745950421556	0.0	14
531	6980	4580	6995	4578	6995	4578	15.132745950421556	15.132745950421556	0.0	14
531	6980	4580	6995	4578	6995	4578	15.132745950421556	15.132745950421556	0.0	14
531	6980	4580	6995	4578	6995	4578	15.132745950421556	15.132745950421556	0.0	14
531	6980	4580	6995	4578	6995	4578	15.132745950421556	15.132745950421556	0.0	14
532	6995	4578	7009	4576	7009	4576	14.142135623730951	14.142135623730951	0.0	14
532	6995	4578	7009	4576	7009	4576	14.142135623730951	14.142135623730951	0.0	14
532	6995	4578	7009	4576	7009	4576	14.142135623730951	14.142135623730951	0.0	14
532	6995	4578	7009	4576	7009	4576	14.142135623730951	14.142135623730951	0.0	14
532	6995	4578	7009	4576	7009	4576	14.142135623730951	14.142135623730951	0.0	14
532	6995	4578	7009	4576	7009	4576	14.142135623730951	14.142135623730951	0.0	14
532	6995	4578	7009	4576	7009	4576	14.142135623730951	14.142135623730951	0.0	14
532	6995	4578	7009	4576	7009	4576	14.142135623730951	14.142135623730951	0.0	14
532	6995	4578	7009	4576	7009	4576	14.142135623730951	14.142135623730951	0.0	14
533	7009	4576	7022	4570	7022	4570	14.317821063276353	14.317821063276353	0.0	14
533	7009	4576	7022	4570	7022	4570	14.317821063276353	14.317821063276353	0.0	14
533	7009	4576	7022	4570	7022	4570	14.317821063276353	14.317821063276353	0.0	14
533	7009	4576	7022	4570	7022	4570	14.317821063276353	14.317821063276353	0.0	14
533	7009	4576	7022	4570	7022	4570	14.317821063276353	14.317821063276353	0.0	14
533	7009	4576	7022	4570	7022	4570	14.317821063276353	14.317821063276353	0.0	14
533	7009	4576	7022	4570	7022	4570	14.317821063276353	14.317821063276353	0.0	14
533	7009	4576	7022	4570	7022	4570	14.317821063276353	14.317821063276353	0.0	14
533	7009	4576	7022	4570	7022	4570	14.317821063276353	14.317821063276353	0.0	14
534	7022	4570	7032	4559	7032	4559	14.866068747318506	14.866068747318506	0.0	14
534	7022	4570	7032	4559	7032	4559	14.866068747318506	14.866068747318506	0.0	14
534	7022	4570	7032	4559	7032	4559	14.866068747318506	14.866068747318506	0.0	14
534	7022	4570	7032	4559	7032	4559	14.866068747318506	14.866068747318506	0.0	14
534	7022	4570	7032	4559	7032	4559	14.866068747318506	14.866068747318506	0.0	14
534	7022	4570	7032	4559	7032	4559	14.866068747318506	14.866068747318506	0.0	14
534	7022	4570	7032	4559	7032	4559	14.866068747318506	14.866068747318506	0.0	14
534	7022	4570	7032	4559	7032	4559	14.866068747318506	14.866068747318506	0.0	14
534	7022	4570	7032	4559	7032	4559	14.866068747318506	14.866068747318506	0.0	14
535	7032	4559	7034	4546	7034	4546	13.152946437965905	13.152946437965905	0.0	14
535	7032	4559	7034	4546	7034	4546	13.152946437965905	13.152946437965905	0.0	14
535	7032	4559	7034	4546	7034	4546	13.152946437965905	13.152946437965905	0.0	14
535	7032	4559	7034	4546	7034	4546	13.152946437965905	13.152946437965905	0.0	14
535	7032	4559	7034	4546	7034	4546	13.152946437965905	13.152946437965905	0.0	14
535	7032	4559	7034	4546	7034	4546	13.152946437965905	13.152946437965905	0.0	14
535	7032	4559	7034	4546	7034	4546	13.152946437965905	13.152946437965905	0.0	14
535	7032	4559	7034	4546	7034	4546	13.152946437965905	13.152946437965905	0.0	14
535	7032	4559	7034	4546	7034	4546	13.152946437965905	13.152946437965905	0.0	14
536	7034	4546	7033	4537	7033	4537	9.055385138137417	9.055385138137417	0.0	11
536	7034	4546	7033	4537	7033	4537	9.055385138137417	9.055385138137417	0.0	11
536	7034	4546	7033	4537	7033	4537	9.055385138137417	9.055385138137417	0.0	11
536	7034	4546	7033	4537	7033	4537	9.055385138137417	9.055385138137417	0.0	11
536	7034	4546	7033	4537	7033	4537	9.055385138137417	9.055385138137417	0.0	11
536	7034	4546	7033	4537	7033	4537	9.055385138137417	9.055385138137417	0.0	11
536	7034	4546	7033	4537	7033	4537	9.055385138137417	9.055385138137417	0.0	11
536	7034	4546	7033	4537	7033	4537	9.055385138137417	9.055385138137417	0.0	11
536	7034	4546	7033	4537	7033	4537	9.055385138137417	9.055385138137417	0.0	11
537	7033	4537	7033	4530	7033	4530	7.0	7.0	0.0	8
537	7033	4537	7033	4530	7033	4530	7.0	7.0	0.0	8
537	7033	4537	7033	4530	7033	4530	7.0	7.0	0.0	8
537	7033	4537	7033	4530	7033	4530	7.0	7.0	0.0	8
537	7033	4537	7033	4530	7033	4530	7.0	7.0	0.0	8
537	7033	4537	7033	4530	7033	4530	7.0	7.0	0.0	8
537	7033	4537	7033	4530	7033	4530	7.0	7.0	0.0	8
537	7033	4537	7033	4530	7033	4530	7.0	7.0	0.0	8
537	7033	4537	7033	4530	7033	4530	7.0	7.0	0.0	8
538	7033	4530	7033	4526	7033	4526	4.0	4.0	0.0	5
538	7033	4530	7033	4526	7033	4526	4.0	4.0	0.0	5
538	7033	4530	7033	4526	7033	4526	4.0	4.0	0.0	5
538	7033	4530	7033	4526	7033	4526	4.0	4.0	0.0	5
538	7033	4530	7033	4526	7033	4526	4.0	4.0	0.0	5
538	7033	4530	7033	4526	7033	4526	4.0	4.0	0.0	5
538	7033	4530	7033	4526	7033	4526	4.0	4.0	0.0	5
538	7033	4530	7033	4526	7033	4526	4.0	4.0	0.0	5
538	7033	4530	7033	4526	7033	4526	4.0	4.0	0.0	5
539	7033	4526	7033	4524	7033	4524	2.0	2.0	0.0	3
539	7033	4526	7033	4524	7033	4524	2.0	2.0	0.0	3
539	7033	4526	7033	4524	7033	4524	2.0	2.0	0.0	3
539	7033	4526	7033	4524	7033	4524	2.0	2.0	0.0	3
539	7033	4526	7033	4524	7033	4524	2.0	2.0	0.0	3
539	7033	4526	7033	4524	7033	4524	2.0	2.0	0.0	3
539	7033	4526	7033	4524	7033	4524	2.0	2.0	0.0	3
539	7033	4526	7033	4524	7033	4524	2.0	2.0	0.0	3
539	7033	4526	7033	4524	7033	4524	2.0	2.0	0.0	3
560	7033	4524	7033	4521	7033	4521	3.0	3.0	0.0	1
560	7033	4524	7033	4521	7033	4521	3.0	3.0	0.0	1
560	7033	4524	7033	4521	7033	4521	3.0	3.0	0.0	1
560	7033	4524	7033	4521	7033	4521	3.0	3.0	0.0	1
560	7033	4524	7033	4521	7033	4521	3.0	3.0	0.0	1
560	7033	4524	7033	4521	7033	4521	3.0	3.0	0.0	1
560	7033	4524	7033	4521	7033	4521	3.0	3.0	0.0	1
560	7033	4524	7033	4521	7033	4521	3.0	3.0	0.0	1
560	7033	4524	7033	4521	7033	4521	3.0	3.0	0.0	1
561	7033	4521	7033	4517	7033	4517	4.0	4.0	0.0	3
561	7033	4521	7033	4517	7033	4517	4.0	4.0	0.0	3
561	7033	4521	7033	4517	7033	4517	4.0	4.0	0.0	3
561	7033	4521	7033	4517	7033	4517	4.0	4.0	0.0	3
561	7033	4521	7033	4517	7033	4517	4.0	4.0	0.0	3
561	7033	4521	7033	4517	7033	4517	4.0	4.0	0.0	3
561	7033	4521	7033	4517	7033	4517	4.0	4.0	0.0	3
561	7033	4521	7033	4517	7033	4517	4.0	4.0	0.0	3
561	7033	4521	7033	4517	7033	4517	4.0	4.0	0.0	3
562	7033	4517	7032	4510	7032	4510	7.0710678118654755	7.0710678118654755	0.0	5
562	7033	4517	7032	4510	7032	4510	7.0710678118654755	7.0710678118654755	0.0	5
562	7033	4517	7032	4510	7032	4510	7.0710678118654755	7.0710678118654755	0.0	5
562	7033	4517	7032	4510	7032	4510	7.0710678118654755	7.0710678118654755	0.0	5
562	7033	4517	7032	4510	7032	4510	7.0710678118654755	7.0710678118654755	0.0	5
562	7033	4517	7032	4510	7032	4510	7.0710678118654755	7.0710678118654755	0.0	5
562	7033	4517	7032	4510	7032	4510	7.0710678118654755	7.0710678118654755	0.0	5
562	7033	4517	7032	4510	7032	4510	7.0710678118654755	7.0710678118654755	0.0	5
562	7033	4517	7032	4510	7032	4510	7.0710678118654755	7.0710678118654755	0.0	5
563	7032	4510	7032	4501	7032	4501	9.0	9.0	0.0	7
563	7032	4510	7032	4501	7032	4501	9.0	9.0	0.0	7
563	7032	4510	7032	4501	7032	4501	9.0	9.0	0.0	7
563	7032	4510	7032	4501	7032	4501	9.0	9.0	0.0	7
563	7032	4510	7032	4501	7032	4501	9.0	9.0	0.0	7
563	7032	4510	7032	4501	7032	4501	9.0	9.0	0.0	7
563	7032	4510	7032	4501	7032	4501	9.0	9.0	0.0	7
563	7032	4510	7032	4501	7032	4501	9.0	9.0	0.0	7
563	7032	4510	7032	4501	7032	4501	9.0	9.0	0.0	7
564	7032	4501	7031	4490	7031	4490	11.045361017187261	11.045361017187261	0.0	9
564	7032	4501	7031	4490	7031	4490	11.045361017187261	11.045361017187261	0.0	9
564	7032	4501	7031	4490	7031	4490	11.045361017187261	11.045361017187261	0.0	9
564	7032	4501	7031	4490	7031	4490	11.045361017187261	11.045361017187261	0.0	9
564	7032	4501	7031	4490	7031	4490	11.045361017187261	11.045361017187261	0.0	9
564	7032	4501	7031	4490	7031	4490	11.045361017187261	11.045361017187261	0.0	9
564	7032	4501	7031	4490	7031	4490	11.045361017187261	11.045361017187261	0.0	9
564	7032	4501	7031	4490	7031	4490	11.045361017187261	11.045361017187261	0.0	9
564	7032	4501	7031	4490	7031	4490	11.045361017187261	11.045361017187261	0.0	9
565	7031	4490	7030	4478	7030	4478	12.041594578792296	12.041594578792296	0.0	11
565	7031	4490	7030	4478	7030	4478	12.041594578792296	12.041594578792296	0.0	11
565	7031	4490	7030	4478	7030	4478	12.041594578792296	12.041594578792296	0.0	11
565	7031	4490	7030	4478	7030	4478	12.041594578792296	12.041594578792296	0.0	11
565	7031	4490	7030	4478	7030	4478	12.041594578792296	12.041594578792296	0.0	11
565	7031	4490	7030	4478	7030	4478	12.041594578792296	12.041594578792296	0.0	11
565	7031	4490	7030	4478	7030	4478	12.041594578792296	12.041594578792296	0.0	11
565	7031	4490	7030	4478	7030	4478	12.041594578792296	12.041594578792296	0.0	11
565	7031	4490	7030	4478	7030	4478	12.041594578792296	12.041594578792296	0.0	11
566	7030	4478	7029	4464	7029	4464	14.035668847618199	14.035668847618199	0.0	13
566	7030	4478	7029	4464	7029	4464	14.035668847618199	14.035668847618199	0.0	13
566	7030	4478	7029	4464	7029	4464	14.035668847618199	14.035668847618199	0.0	13
566	7030	4478	7029	4464	7029	4464	14.035668847618199	14.035668847618199	0.0	13
566	7030	4478	7029	4464	7029	4464	14.035668847618199	14.035668847618199	0.0	13
566	7030	4478	7029	4464	7029	4464	14.035668847618199	14.035668847618199	0.0	13
566	7030	4478	7029	4464	7029	4464	14.035668847618199	14.035668847618199	0.0	13
566	7030	4478	7029	4464	7029	4464	14.035668847618199	14.035668847618199	0.0	13
566	7030	4478	7029	4464	7029	4464	14.035668847618199	14.035668847618199	0.0	13
567	7029	4464	7029	4450	7029	4450	14.0	14.0	0.0	14
567	7029	4464	7029	4450	7029	4450	14.0	14.0	0.0	14
567	7029	4464	7029	4450	7029	4450	14.0	14.0	0.0	14
567	7029	4464	7029	4450	7029	4450	14.0	14.0	0.0	14
567	7029	4464	7029	4450	7029	4450	14.0	14.0	0.0	14
567	7029	4464	7029	4450	7029	4450	14.0	14.0	0.0	14
567	7029	4464	7029	4450	7029	4450	14.0	14.0	0.0	14
567	7029	4464	7029	4450	7029	4450	14.0	14.0	0.0	14
567	7029	4464	7029	4450	7029	4450	14.0	14.0	0.0	14
568	7029	4450	7028	4435	7028	4435	15.033296378372908	15.033296378372908	0.0	14
568	7029	4450	7028	4435	7028	4435	15.033296378372908	15.033296378372908	0.0	14
568	7029	4450	7028	4435	7028	4435	15.033296378372908	15.033296378372908	0.0	14
568	7029	4450	7028	4435	7028	4435	15.033296378372908	15.033296378372908	0.0	14
568	7029	4450	7028	4435	7028	4435	15.033296378372908	15.033296378372908	0.0	14
568	7029	4450	7028	4435	7028	4435	15.033296378372908	15.033296378372908	0.0	14
568	7029	4450	7028	4435	7028	4435	15.033296378372908	15.033296378372908	0.0	14
568	7029	4450	7028	4435	7028	4435	15.033296378372908	15.033296378372908	0.0	14
568	7029	4450	7028	4435	7028	4435	15.033296378372908	15.033296378372908	0.0	14
1080	7425	4298	7433	4310	7433	4310	14.422205101855956	14.422205101855956	0.0	14
1080	7425	4298	7433	4310	7433	4310	14.422205101855956	14.422205101855956	0.0	14
1080	7425	4298	7433	4310	7433	4310	14.422205101855956	14.422205101855956	0.0	14
1080	7425	4298	7433	4310	7433	4310	14.422205101855956	14.422205101855956	0.0	14
1080	7425	4298	7433	4310	7433	4310	14.422205101855956	14.422205101855956	0.0	14
1080	7425	4298	7433	4310	7433	4310	14.422205101855956	14.422205101855956	0.0	14
1080	7425	4298	7433	4310	7433	4310	14.422205101855956	14.422205101855956	0.0	14
1080	7425	4298	7433	4310	7433	4310	14.422205101855956	14.422205101855956	0.0	14
1080	7425	4298	7433	4310	7433	4310	14.422205101855956	14.422205101855956	0.0	14
1081	7433	4310	7441	4322	7441	4322	14.422205101855956	14.422205101855956	0.0	14
1081	7433	4310	7441	4322	7441	4322	14.422205101855956	14.422205101855956	0.0	14
1081	7433	4310	7441	4322	7441	4322	14.422205101855956	14.422205101855956	0.0	14
1081	7433	4310	7441	4322	7441	4322	14.422205101855956	14.422205101855956	0.0	14
1081	7433	4310	7441	4322	7441	4322	14.422205101855956	14.422205101855956	0.0	14
1081	7433	4310	7441	4322	7441	4322	14.422205101855956	14.422205101855956	0.0	14
1081	7433	4310	7441	4322	7441	4322	14.422205101855956	14.422205101855956	0.0	14
1081	7433	4310	7441	4322	7441	4322	14.422205101855956	14.422205101855956	0.0	14
1081	7433	4310	7441	4322	7441	4322	14.422205101855956	14.422205101855956	0.0	14
1082	7441	4322	7448	4335	7448	4335	14.7648230602334	14.7648230602334	0.0	14
1082	7441	4322	7448	4335	7448	4335	14.7648230602334	14.7648230602334	0.0	14
1082	7441	4322	7448	4335	7448	4335	14.7648230602334	14.7648230602334	0.0	14
1082	7441	4322	7448	4335	7448	4335	14.7648230602334	14.7648230602334	0.0	14
1082	7441	4322	7448	4335	7448	4335	14.7648230602334	14.7648230602334	0.0	14
1082	7441	4322	7448	4335	7448	4335	14.7648230602334	14.7648230602334	0.0	14
1082	7441	4322	7448	4335	7448	4335	14.7648230602334	14.7648230602334	0.0	14
1082	7441	4322	7448	4335	7448	4335	14.7648230602334	14.7648230602334	0.0	14
1082	7441	4322	7448	4335	7448	4335	14.7648230602334	14.7648230602334	0.0	14
1083	7448	4335	7455	4347	7455	4347	13.892443989449804	13.892443989449804	0.0	14
1083	7448	4335	7455	4347	7455	4347	13.892443989449804	13.892443989449804	0.0	14
1083	7448	4335	7455	4347	7455	4347	13.892443989449804	13.892443989449804	0.0	14
1083	7448	4335	7455	4347	7455	4347	13.892443989449804	13.892443989449804	0.0	14
1083	7448	4335	7455	4347	7455	4347	13.892443989449804	13.892443989449804	0.0	14
1083	7448	4335	7455	4347	7455	4347	13.892443989449804	13.892443989449804	0.0	14
1083	7448	4335	7455	4347	7455	4347	13.892443989449804	13.892443989449804	0.0	14
1083	7448	4335	7455	4347	7455	4347	13.892443989449804	13.892443989449804	0.0	14
1083	7448	4335	7455	4347	7455	4347	13.892443989449804	13.892443989449804	0.0	14
1084	7455	4347	7462	4360	7462	4360	14.7648230602334	14.7648230602334	0.0	14
1084	7455	4347	7462	4360	7462	4360	14.7648230602334	14.7648230602334	0.0	14
1084	7455	4347	7462	4360	7462	4360	14.7648230602334	14.7648230602334	0.0	14
1084	7455	4347	7462	4360	7462	4360	14.7648230602334	14.7648230602334	0.0	14
1084	7455	4347	7462	4360	7462	4360	14.7648230602334	14.7648230602334	0.0	14
1084	7455	4347	7462	4360	7462	4360	14.7648230602334	14.7648230602334	0.0	14
1084	7455	4347	7462	4360	7462	4360	14.7648230602334	14.7648230602334	0.0	14
1084	7455	4347	7462	4360	7462	4360	14.7648230602334	14.7648230602334	0.0	14
1084	7455	4347	7462	4360	7462	4360	14.7648230602334	14.7648230602334	0.0	14
1085	7462	4360	7472	4369	7472	4369	13.45362404707371	13.45362404707371	0.0	14
1085	7462	4360	7472	4369	7472	4369	13.45362404707371	13.45362404707371	0.0	14
1085	7462	4360	7472	4369	7472	4369	13.45362404707371	13.45362404707371	0.0	14
1085	7462	4360	7472	4369	7472	4369	13.45362404707371	13.45362404707371	0.0	14
1085	7462	4360	7472	4369	7472	4369	13.45362404707371	13.45362404707371	0.0	14
1085	7462	4360	7472	4369	7472	4369	13.45362404707371	13.45362404707371	0.0	14
1085	7462	4360	7472	4369	7472	4369	13.45362404707371	13.45362404707371	0.0	14
1085	7462	4360	7472	4369	7472	4369	13.45362404707371	13.45362404707371	0.0	14
1085	7462	4360	7472	4369	7472	4369	13.45362404707371	13.45362404707371	0.0	14
1086	7472	4369	7486	4371	7486	4371	14.142135623730951	14.142135623730951	0.0	14
1086	7472	4369	7486	4371	7486	4371	14.142135623730951	14.142135623730951	0.0	14
1086	7472	4369	7486	4371	7486	4371	14.142135623730951	14.142135623730951	0.0	14
1086	7472	4369	7486	4371	7486	4371	14.142135623730951	14.142135623730951	0.0	14
1086	7472	4369	7486	4371	7486	4371	14.142135623730951	14.142135623730951	0.0	14
1086	7472	4369	7486	4371	7486	4371	14.142135623730951	14.142135623730951	0.0	14
1086	7472	4369	7486	4371	7486	4371	14.142135623730951	14.142135623730951	0.0	14
1086	7472	4369	7486	4371	7486	4371	14.142135623730951	14.142135623730951	0.0	14
1086	7472	4369	7486	4371	7486	4371	14.142135623730951	14.142135623730951	0.0	14
1087	7486	4371	7500	4373	7500	4373	14.142135623730951	14.142135623730951	0.0	14
1087	7486	4371	7500	4373	7500	4373	14.142135623730951	14.142135623730951	0.0	14
1087	7486	4371	7500	4373	7500	4373	14.142135623730951	14.142135623730951	0.0	14
1087	7486	4371	7500	4373	7500	4373	14.142135623730951	14.142135623730951	0.0	14
1087	7486	4371	7500	4373	7500	4373	14.142135623730951	14.142135623730951	0.0	14
1087	7486	4371	7500	4373	7500	4373	14.142135623730951	14.142135623730951	0.0	14
1087	7486	4371	7500	4373	7500	4373	14.142135623730951	14.142135623730951	0.0	14
1087	7486	4371	7500	4373	7500	4373	14.142135623730951	14.142135623730951	0.0	14
1087	7486	4371	7500	4373	7500	4373	14.142135623730951	14.142135623730951	0.0	14
1088	7500	4373	7509	4383	7509	4383	13.45362404707371	13.45362404707371	0.0	14
1088	7500	4373	7509	4383	7509	4383	13.45362404707371	13.45362404707371	0.0	14
1088	7500	4373	7509	4383	7509	4383	13.45362404707371	13.45362404707371	0.0	14
1088	7500	4373	7509	4383	7509	4383	13.45362404707371	13.45362404707371	0.0	14
1088	7500	4373	7509	4383	7509	4383	13.45362404707371	13.45362404707371	0.0	14
1088	7500	4373	7509	4383	7509	4383	13.45362404707371	13.45362404707371	0.0	14
1088	7500	4373	7509	4383	7509	4383	13.45362404707371	13.45362404707371	0.0	14
1088	7500	4373	7509	4383	7509	4383	13.45362404707371	13.45362404707371	0.0	14
1088	7500	4373	7509	4383	7509	4383	13.45362404707371	13.45362404707371	0.0	14
1089	7509	4383	7517	4395	7517	4395	14.422205101855956	14.422205101855956	0.0	14
1089	7509	4383	7517	4395	7517	4395	14.422205101855956	14.422205101855956	0.0	14
1089	7509	4383	7517	4395	7517	4395	14.422205101855956	14.422205101855956	0.0	14
1089	7509	4383	7517	4395	7517	4395	14.422205101855956	14.422205101855956	0.0	14
1089	7509	4383	7517	4395	7517	4395	14.422205101855956	14.422205101855956	0.0	14
1089	7509	4383	7517	4395	7517	4395	14.422205101855956	14.422205101855956	0.0	14
1089	7509	4383	7517	4395	7517	4395	14.422205101855956	14.422205101855956	0.0	14
1089	7509	4383	7517	4395	7517	4395	14.422205101855956	14.422205101855956	0.0	14
1089	7509	4383	7517	4395	7517	4395	14.422205101855956	14.422205101855956	0.0	14
1090	7517	4395	7525	4406	7525	4406	13.601470508735444	13.601470508735444	0.0	14
1090	7517	4395	7525	4406	7525	4406	13.601470508735444	13.601470508735444	0.0	14
1090	7517	4395	7525	4406	7525	4406	13.601470508735444	13.601470508735444	0.0	14
1090	7517	4395	7525	4406	7525	4406	13.601470508735444	13.601470508735444	0.0	14
1090	7517	4395	7525	4406	7525	4406	13.601470508735444	13.601470508735444	0.0	14
1090	7517	4395	7525	4406	7525	4406	13.601470508735444	13.601470508735444	0.0	14
1090	7517	4395	7525	4406	7525	4406	13.601470508735444	13.601470508735444	0.0	14
1090	7517	4395	7525	4406	7525	4406	13.601470508735444	13.601470508735444	0.0	14
1090	7517	4395	7525	4406	7525	4406	13.601470508735444	13.601470508735444	0.0	14
1091	7525	4406	7533	4418	7533	4418	14.422205101855956	14.422205101855956	0.0	14
1091	7525	4406	7533	4418	7533	4418	14.422205101855956	14.422205101855956	0.0	14
1091	7525	4406	7533	4418	7533	4418	14.422205101855956	14.422205101855956	0.0	14
1091	7525	4406	7533	4418	7533	4418	14.422205101855956	14.422205101855956	0.0	14
1091	7525	4406	7533	4418	7533	4418	14.422205101855956	14.422205101855956	0.0	14
1091	7525	4406	7533	4418	7533	4418	14.422205101855956	14.422205101855956	0.0	14
1091	7525	4406	7533	4418	7533	4418	14.422205101855956	14.422205101855956	0.0	14
1091	7525	4406	7533	4418	7533	4418	14.422205101855956	14.422205101855956	0.0	14
1091	7525	4406	7533	4418	7533	4418	14.422205101855956	14.422205101855956	0.0	14
1092	7533	4418	7543	4429	7543	4429	14.866068747318506	14.866068747318506	0.0	14
1092	7533	4418	7543	4429	7543	4429	14.866068747318506	14.866068747318506	0.0	14
1092	7533	4418	7543	4429	7543	4429	14.866068747318506	14.866068747318506	0.0	14
1092	7533	4418	7543	4429	7543	4429	14.866068747318506	14.866068747318506	0.0	14
1092	7533	4418	7543	4429	7543	4429	14.866068747318506	14.866068747318506	0.0	14
1092	7533	4418	7543	4429	7543	4429	14.866068747318506	14.866068747318506	0.0	14
1092	7533	4418	7543	4429	7543	4429	14.866068747318506	14.866068747318506	0.0	14
1092	7533	4418	7543	4429	7543	4429	14.866068747318506	14.866068747318506	0.0	14
1092	7533	4418	7543	4429	7543	4429	14.866068747318506	14.866068747318506	0.0	14
1093	7543	4429	7552	4439	7552	4439	13.45362404707371	13.45362404707371	0.0	14
1093	7543	4429	7552	4439	7552	4439	13.45362404707371	13.45362404707371	0.0	14
1093	7543	4429	7552	4439	7552	4439	13.45362404707371	13.45362404707371	0.0	14
1093	7543	4429	7552	4439	7552	4439	13.45362404707371	13.45362404707371	0.0	14
1093	7543	4429	7552	4439	7552	4439	13.45362404707371	13.45362404707371	0.0	14
1093	7543	4429	7552	4439	7552	4439	13.45362404707371	13.45362404707371	0.0	14
1093	7543	4429	7552	4439	7552	4439	13.45362404707371	13.45362404707371	0.0	14
1093	7543	4429	7552	4439	7552	4439	13.45362404707371	13.45362404707371	0.0	14
1093	7543	4429	7552	4439	7552	4439	13.45362404707371	13.45362404707371	0.0	14
1298	8807	3958	8820	3952	8820	3952	14.317821063276353	14.317821063276353	0.0	14
1298	8807	3958	8820	3952	8820	3952	14.317821063276353	14.317821063276353	0.0	14
1298	8807	3958	8820	3952	8820	3952	14.317821063276353	14.317821063276353	0.0	14
1298	8807	3958	8820	3952	8820	3952	14.317821063276353	14.317821063276353	0.0	14
1298	8807	3958	8820	3952	8820	3952	14.317821063276353	14.317821063276353	0.0	14
1298	8807	3958	8820	3952	8820	3952	14.317821063276353	14.317821063276353	0.0	14
1298	8807	3958	8820	3952	8820	3952	14.317821063276353	14.317821063276353	0.0	14
1298	8807	3958	8820	3952	8820	3952	14.317821063276353	14.317821063276353	0.0	14
1298	8807	3958	8820	3952	8820	3952	14.317821063276353	14.317821063276353	0.0	14
1696	11322	3427	11333	3431	11333	3431	11.704699910719626	11.704699910719626	0.0	10
1696	11322	3427	11333	3431	11333	3431	11.704699910719626	11.704699910719626	0.0	10
1696	11322	3427	11333	3431	11333	3431	11.704699910719626	11.704699910719626	0.0	10
1696	11322	3427	11333	3431	11333	3431	11.704699910719626	11.704699910719626	0.0	10
1696	11322	3427	11333	3431	11333	3431	11.704699910719626	11.704699910719626	0.0	10
1696	11322	3427	11333	3431	11333	3431	11.704699910719626	11.704699910719626	0.0	10
1696	11322	3427	11333	3431	11333	3431	11.704699910719626	11.704699910719626	0.0	10
1696	11322	3427	11333	3431	11333	3431	11.704699910719626	11.704699910719626	0.0	10
1696	11322	3427	11333	3431	11333	3431	11.704699910719626	11.704699910719626	0.0	10
2532	7214	4167	7207	4171	7207	4171	8.06225774829855	8.06225774829855	0.0	9
2532	7214	4167	7207	4171	7207	4171	8.06225774829855	8.06225774829855	0.0	9
2532	7214	4167	7207	4171	7207	4171	8.06225774829855	8.06225774829855	0.0	9
2532	7214	4167	7207	4171	7207	4171	8.06225774829855	8.06225774829855	0.0	9
2532	7214	4167	7207	4171	7207	4171	8.06225774829855	8.06225774829855	0.0	9
2532	7214	4167	7207	4171	7207	4171	8.06225774829855	8.06225774829855	0.0	9
2532	7214	4167	7207	4171	7207	4171	8.06225774829855	8.06225774829855	0.0	9
2532	7214	4167	7207	4171	7207	4171	8.06225774829855	8.06225774829855	0.0	9
2532	7214	4167	7207	4171	7207	4171	8.06225774829855	8.06225774829855	0.0	9
