1.9911006E7
1.9911016E7
1.9911026E7
1.9911036E7
1.9911046E7
1.9911056E7
1.9911066E7
1.9911076E7
1.9911086E7
1.9911096E7
1.9911106E7
1.9911116E7
1.9911126E7
1.9911136E7
1.9911146E7
1.9911156E7
1.9911166E7
1.9911176E7
1.9911186E7
1.9911196E7
1.9911206E7
1.9911216E7
1.9911226E7
1.9911236E7
1.9911246E7
1.9911256E7
1.9911266E7
1.9911276E7
1.9911286E7
1.9911296E7
1.9911306E7
1.9911316E7
1.9911326E7
1.9911336E7
1.9911346E7
1.9911356E7
1.9911366E7
1.9911376E7
1.9911386E7
1.9911396E7
1.9911406E7
1.9911416E7
1.9911426E7
1.9911436E7
1.9911446E7
1.9911456E7
1.9911466E7
1.9911476E7
1.9911486E7
1.9911496E7
1.9911506E7
1.9911516E7
1.9911526E7
1.9911536E7
1.9911546E7
1.9911556E7
1.9911566E7
1.9911576E7
1.9911586E7
1.9911596E7
1.9911606E7
1.9911616E7
1.9911626E7
1.9911636E7
1.9911646E7
1.9911656E7
1.9911666E7
1.9911676E7
1.9911686E7
1.9911696E7
1.9911706E7
1.9911716E7
1.9911726E7
1.9911736E7
1.9911746E7
1.9911756E7
1.9911766E7
1.9911776E7
1.9911786E7
1.9911796E7
1.9911806E7
1.9911816E7
1.9911826E7
1.9911836E7
1.9911846E7
1.9911856E7
1.9911866E7
1.9911876E7
1.9911886E7
1.9911896E7
2.0011003402079944E7
2.0011003402087897E7
2.0011006E7
2.0011016E7
2.0011026E7
2.0011036E7
2.0011046E7
2.0011056E7
2.0011066E7
2.0011076E7
2.0011086E7
2.0011096E7
2.0011106E7
2.0011116E7
2.0011126E7
2.0011136E7
2.0011146E7
2.0011156E7
2.0011166E7
2.0011176E7
2.0011186E7
2.0011196E7
2.0011206E7
2.0011216E7
2.0011226E7
2.0011236E7
2.0011246E7
2.0011256E7
2.0011266E7
2.0011276E7
2.0011286E7
2.0011296E7
2.0011306E7
2.0011316E7
2.0011326E7
2.0011336E7
2.0011346E7
2.0011356E7
2.0011366E7
2.0011376E7
2.0011386E7
2.0011396E7
2.0011406E7
2.0011416E7
2.0011426E7
2.0011436E7
2.0011446E7
2.0011456E7
2.0011466E7
2.0011476E7
2.0011486E7
2.0011496E7
2.0011506E7
2.0011516E7
2.0011526E7
2.0011536E7
2.0011546E7
2.0011556E7
2.0011566E7
2.0011576E7
2.0011586E7
2.0011596E7
2.0011606E7
2.0011616E7
2.0011626E7
2.0011636E7
2.0011646E7
2.0011656E7
2.0011666E7
2.0011676E7
2.0011686E7
2.0011696E7
2.0011706E7
2.0011716E7
2.0011726E7
2.0011736E7
2.0011746E7
2.0011756E7
2.0011766E7
2.0011776E7
2.0011786E7
2.0011796E7
2.0011806E7
2.0011816E7
2.0011826E7
2.0011836E7
2.0011846E7
2.0011856E7
2.0011866E7
2.0011876E7
2.0011886E7
2.0011896E7
2.0011906E7
2.0011916E7
2.0011926E7
2.0011936E7
2.0011946E7
2.0011956E7
2.0011966E7
2.0011976E7
2.0011986E7
2.0011996E7
2.001199844128782E7
2.0011998441295773E7
2.0012006E7
2.0012016E7
2.0012026E7
2.0012036E7
2.0012046E7
2.0012056E7
2.0012066E7
2.0012076E7
2.0012086E7
2.0012096E7
2.0012106E7
2.0012116E7
2.0012126E7
2.0012136E7
2.0012146E7
2.0212005142983384E7
2.0212005142991338E7
2.021200514299929E7
2.0212005143007245E7
2.0212006E7
2.0212016E7
2.0212026E7
2.0212036E7
2.0212046E7
2.0212056E7
2.0212066E7
2.0212076E7
2.0212086E7
2.0212096E7
2.0212106E7
2.0212116E7
2.0212126E7
2.0212136E7
2.0212146E7
2.0212156E7
2.0212166E7
2.0212176E7
2.0212186E7
2.0212196E7
2.0212206E7
2.0212216E7
2.0212226E7
2.0212236E7
2.0212246E7
2.0212256E7
2.0212266E7
2.0212276E7
2.0212286E7
2.0212296E7
2.0212306E7
2.0212316E7
2.0212326E7
2.0212336E7
2.0212346E7
2.0212356E7
2.0212366E7
2.0212376E7
2.0212386E7
2.0212396E7
2.0212406E7
2.0212416E7
2.0212426E7
2.0212436E7
2.0212446E7
2.0212456E7
2.0212466E7
2.0212476E7
2.0212486E7
2.0212496E7
2.0212506E7
2.0212516E7
2.0212526E7
2.0212536E7
2.0212546E7
2.0212556E7
2.0212566E7
2.0212576E7
2.0212586E7
2.0212596E7
2.0212606E7
2.0212616E7
2.0212626E7
2.0212636E7
2.0212646E7
2.0212656E7
2.0212666E7
2.0212676E7
2.0212686E7
2.0212696E7
2.0212706E7
2.0212716E7
2.0212726E7
2.0212736E7
2.0212746E7
2.0212756E7
2.0212766E7
2.0212776E7
2.0212786E7
2.0212796E7
2.0212806E7
2.0212816E7
2.0212826E7
2.0212836E7
2.0212846E7
2.0212856E7
2.049100574430916E7
2.0491005744317114E7
2.0491006E7
2.0491015830115918E7
2.049101583012387E7
2.0491016E7
2.0491026E7
2.0491035345607862E7
2.0491035345615815E7
2.049103574430916E7
2.0491035744317114E7
2.0491036E7
2.0491046E7
2.049105543141462E7
2.0491055431422573E7
2.0491056E7
2.0491065345607862E7
2.0491065345615815E7
2.049106574430916E7
2.0491065744317114E7
2.0491066E7
2.049107574430916E7
2.0491075744317114E7
2.0491076E7
2.0491086E7
2.0491095345607862E7
2.0491095345615815E7
2.049109574430916E7
2.0491095744317114E7
2.0491096E7
2.0491105830115918E7
2.049110583012387E7
2.0491106E7
2.0491115830115918E7
2.049111583012387E7
2.0491116E7
2.0491125830115918E7
2.049112583012387E7
2.0491126E7
2.0491136E7
2.0491145345607862E7
2.0491145345615815E7
2.049114574430916E7
2.0491145744317114E7
2.0491146E7
2.0491156E7
2.049116543141462E7
2.0491165431422573E7
2.0491166E7
2.0491175345607862E7
2.0491175345615815E7
2.049117574430916E7
2.0491175744317114E7
2.0491176E7
2.0491185830115918E7
2.049118583012387E7
2.0491186E7
2.0491195830115918E7
2.049119583012387E7
2.0491196E7
2.049120574430916E7
2.0491205744317114E7
2.0491206E7
2.049121574430916E7
2.0491215744317114E7
2.0491216E7
2.0491225830115918E7
2.049122583012387E7
2.0491226E7
2.0491236E7
2.0491245345607862E7
2.0491245345615815E7
2.049124574430916E7
2.0491245744317114E7
2.0491246E7
2.0491256E7
2.0491266E7
2.049127543141462E7
2.0491275431422573E7
2.0491275830115918E7
2.049127583012387E7
2.0491276E7
2.049128574430916E7
2.0491285744317114E7
2.0491286E7
2.0491295830115918E7
2.049129583012387E7
2.0491296E7
2.049130574430916E7
2.0491305744317114E7
2.0491306E7
2.0491315830115918E7
2.049131583012387E7
2.0491316E7
2.0491325830115918E7
2.049132583012387E7
2.0491326E7
2.0491336E7
2.0491346E7
2.049135543141462E7
2.0491355431422573E7
2.0491355830115918E7
2.049135583012387E7
2.0491356E7
2.0491366E7
2.0491369755305808E7
2.049136975531376E7
2.0491375830115918E7
2.049137583012387E7
2.0491376E7
2.0491385830115918E7
2.049138583012387E7
2.0491386E7
2.049139574430916E7
2.0491395744317114E7
2.0491396E7
2.0491405830115918E7
2.049140583012387E7
2.0491406E7
2.049141574430916E7
2.0491415744317114E7
2.0491416E7
2.049142574430916E7
2.0491425744317114E7
2.0491426E7
2.0491435830115918E7
2.049143583012387E7
2.0491436E7
2.0491445830115918E7
2.049144583012387E7
2.0491446E7
2.049145574430916E7
2.0491455744317114E7
2.0491456E7
2.0491465830115918E7
2.049146583012387E7
2.0491466E7
2.0491475830115918E7
2.049147583012387E7
2.0491476E7
2.0491485830115918E7
2.049148583012387E7
2.0491486E7
2.0491495830115918E7
2.049149583012387E7
2.0491496E7
2.049150574430916E7
2.0491505744317114E7
2.0491506E7
2.0491515830115918E7
2.049151583012387E7
2.0491516E7
2.0491526E7
2.049153574430916E7
2.0491535744317114E7
2.0491536E7
2.0491545830115918E7
2.049154583012387E7
2.0491546E7
2.0491555830115918E7
2.049155583012387E7
2.0491556E7
2.0491565830115918E7
2.049156583012387E7
2.0491566E7
2.0491575830115918E7
2.049157583012387E7
2.0491576E7
2.0491585830115918E7
2.049158583012387E7
2.0491586E7
2.0491595830115918E7
2.049159583012387E7
2.0491596E7
2.049160574430916E7
2.0491605744317114E7
2.0491606E7
2.0491615830115918E7
2.049161583012387E7
2.0491616E7
2.049162574430916E7
2.0491625744317114E7
2.0491626E7
2.0491635830115918E7
2.049163583012387E7
2.0491636E7
2.0491645830115918E7
2.049164583012387E7
2.0491646E7
2.0491656E7
2.0491665830115918E7
2.049166583012387E7
2.0491666E7
2.0491676E7
2.0491685830115918E7
2.049168583012387E7
2.0491686E7
2.0491695830115918E7
2.049169583012387E7
2.0491696E7
2.049170574430916E7
2.0491705744317114E7
2.0491706E7
2.0491715830115918E7
2.049171583012387E7
2.0491716E7
2.0491725830115918E7
2.049172583012387E7
2.0491726E7
2.0491728655305807E7
2.049172865531376E7
2.049173574430916E7
2.0491735744317114E7
2.0491736E7
2.0491746E7
2.0491756E7
2.0491766E7
2.0933006E7
2.0933006708144642E7
2.0933016E7
2.0933026E7
2.0933036E7
2.0933036708144642E7
2.0933046E7
2.0933056E7
2.0933056708144642E7
2.0933066E7
2.0933066708144642E7
2.0933076E7
2.0933076708144642E7
2.0933086E7
2.0933086708144642E7
2.0933096E7
2.0933096708144642E7
2.0933106E7
2.0933106708144642E7
2.0933116E7
2.0933116708144642E7
2.0933126E7
2.0933136E7
2.0933146E7
2.0933156E7
2.0933166E7
2.0933176E7
2.0933186E7
2.0933196E7
2.0933206E7
2.0933216E7
2.0933226E7
2.0933236E7
2.0933246E7
2.0933256E7
2.0933266E7
2.0933276E7
2.0933286E7
2.0933296E7
2.0933301204504628E7
2.0933306E7
2.0933316E7
2.0933326E7
2.0933336E7
2.0933346E7
2.0933356E7
2.0933366E7
2.0933376E7
2.0933386E7
2.0933396E7
2.0933406E7
2.0933416E7
2.0933426E7
2.0933436E7
2.0933446E7
2.0933456E7
2.0933466E7
2.0933476E7
2.0933486E7
2.0933496E7
2.0933506E7
2.0933516E7
2.0933526E7
2.0933536E7
2.0933546E7
2.0933556E7
2.0933566E7
2.0933576E7
2.0933586E7
2.0933596E7
2.0933606E7
2.0933616E7
2.0933626E7
2.0933636E7
2.0933646E7
2.0933656E7
2.0933666E7
2.0933676E7
2.0933686E7
2.0933696E7
2.0933706E7
2.0933716E7
2.0933726E7
2.0933736E7
2.142500259541224E7
2.1425006E7
2.1425016E7
2.1425026E7
2.1425036E7
2.1425046E7
2.1425056E7
2.1425066E7
2.1425076E7
2.1425086E7
2.1425096E7
2.1425106E7
2.1425116E7
2.1425126E7
2.1425136E7
2.1425146E7
2.1425156E7
2.1425166E7
2.1425176E7
2.1425186E7
2.1425196E7
2.1425206E7
2.1425216E7
2.1425226E7
2.1425236E7
2.1425246E7
2.1425256E7
2.1425266E7
2.1425276E7
2.1425286E7
2.1425296E7
2.1425306E7
2.1425316E7
2.1425326E7
2.1425336E7
2.1425346E7
2.1425356E7
2.1425366E7
2.1425376E7
2.1425386E7
2.1425396E7
2.1425406E7
2.1425416E7
2.1425426E7
2.1425436E7
2.1425446E7
2.1425456E7
2.1425466E7
2.1425476E7
2.1425486E7
2.1425496E7
2.1425506E7
2.1425516E7
2.1425526E7
2.1425536E7
2.1425546E7
2.1425556E7
2.1425566E7
2.1425576E7
2.1425586E7
2.1425596E7
2.1425606E7
2.1425616E7
2.1425626E7
2.1425636E7
2.1425646E7
2.1425656E7
2.1425666E7
2.1425676E7
2.1425686E7
2.1425696E7
2.1425706E7
2.1425716E7
2.1425726E7
2.1425736E7
2.1425746E7
2.1425756E7
2.1425766E7
2.1425776E7
2.1425786E7
2.1425796E7
2.1425806E7
2.1425816E7
2.1425826E7
2.1425836E7
2.1425846E7
2.1425856E7
2.1425866E7
2.1425876E7
2.1425886E7
2.1425896E7
2.1425906E7
2.1425916E7
2.1425926E7
2.1425936E7
2.1425946E7
