0	9773	4297	3	0	0.0
0	9773	4297	3	0	1.8042E7
0	9775	4297	3	2	1.8043E7
0	9778	4296	2	4	1.8044E7
0	9783	4294	2	6	1.8045E7
0	9789	4291	1	8	1.8046E7
0	9798	4288	1	9	1.8047E7
0	9808	4284	1	11	1.8048E7
0	9820	4279	1	13	1.8049E7
0	9834	4274	1	15	1.805E7
0	9848	4269	1	15	1.8051E7
0	9862	4264	1	15	1.8052E7
0	9876	4259	1	15	1.8053E7
0	9891	4255	1	15	1.8054E7
0	9905	4250	1	15	1.8055E7
0	9919	4246	1	15	1.8056E7
0	9934	4242	1	14	1.8057E7
0	9948	4237	1	14	1.8058E7
0	9962	4233	1	15	1.8059E7
0	9977	4228	1	15	1.806E7
0	9991	4224	1	15	1.8061E7
0	10005	4219	1	14	1.8062E7
0	10020	4215	1	14	1.8063E7
0	10034	4210	1	15	1.8064E7
0	10048	4206	1	15	1.8065E7
0	10063	4202	1	15	1.8066E7
0	10077	4197	1	15	1.8067E7
0	10092	4194	1	15	1.8068E7
0	10106	4191	1	15	1.8069E7
0	10121	4189	1	15	1.807E7
0	10136	4187	1	15	1.8071E7
0	10151	4186	1	15	1.8072E7
0	10166	4186	1	15	1.8073E7
0	10181	4186	1	15	1.8074E7
0	10196	4187	1	15	1.8075E7
0	10211	4189	1	15	1.8076E7
0	10226	4192	1	15	1.8077E7
0	10240	4195	1	15	1.8078E7
0	10255	4199	1	15	1.8079E7
0	10269	4203	1	14	1.808E7
0	10284	4207	1	15	1.8081E7
0	10298	4211	1	14	1.8082E7
0	10313	4215	1	15	1.8083E7
0	10327	4219	1	15	1.8084E7
0	10342	4223	1	15	1.8085E7
0	10356	4226	1	15	1.8086E7
0	10371	4229	1	15	1.8087E7
0	10386	4233	1	15	1.8088E7
0	10400	4236	1	15	1.8089E7
0	10415	4238	1	13	1.809E7
0	10427	4240	1	10	1.8091E7
0	10436	4241	1	7	1.8092E7
0	10441	4241	1	4	1.8093E7
0	10445	4242	1	2	1.8094E7
0	10446	4242	1	0	1.8095E7
0	10446	4242	1	0	1.8096E7
0	10446	4242	1	0	1.8097E7
0	10446	4242	1	0	1.8098E7
0	10446	4242	1	0	1.8099E7
0	10446	4242	1	0	1.81E7
0	10446	4242	1	0	1.8101E7
0	10446	4242	1	0	1.8102E7
0	10446	4242	1	0	1.8103E7
0	10446	4242	1	0	1.8104E7
0	10446	4242	1	0	1.8105E7
0	10446	4242	1	0	1.8106E7
0	10446	4242	1	0	1.8107E7
0	10446	4242	1	0	1.8108E7
0	10446	4242	1	0	1.8109E7
0	10446	4242	1	0	1.811E7
0	10446	4242	1	0	1.8111E7
0	10446	4242	1	0	1.8112E7
0	10446	4242	1	0	1.8113E7
0	10446	4242	1	0	1.8114E7
0	10447	4242	1	1	1.8115E7
0	10450	4242	1	3	1.8116E7
0	10455	4242	1	6	1.8117E7
0	10462	4243	1	7	1.8118E7
0	10471	4243	1	9	1.8119E7
0	10482	4243	1	12	1.812E7
0	10495	4241	1	14	1.8121E7
0	10510	4239	1	15	1.8122E7
0	10525	4236	1	14	1.8123E7
0	10540	4233	1	15	1.8124E7
0	10554	4230	1	15	1.8125E7
0	10569	4227	1	14	1.8126E7
0	10584	4223	1	14	1.8127E7
0	10598	4219	1	15	1.8128E7
0	10613	4215	1	15	1.8129E7
0	10626	4210	1	15	1.813E7
0	10637	4200	2	15	1.8131E7
0	10648	4189	2	15	1.8132E7
0	10658	4179	2	15	1.8133E7
0	10671	4170	2	15	1.8134E7
0	10683	4162	2	14	1.8135E7
0	10696	4153	2	15	1.8136E7
0	10710	4148	1	15	1.8137E7
0	10724	4145	1	14	1.8138E7
0	10739	4142	1	15	1.8139E7
0	10746	4144	8	15	1.814E7
0	10750	4160	7	15	1.8141E7
0	10757	4174	8	14	1.8142E7
0	10768	4186	8	15	1.8143E7
0	10780	4195	8	15	1.8144E7
0	10795	4201	8	14	1.8145E7
0	10810	4204	1	14	1.8146E7
0	10823	4203	1	10	1.8147E7
0	10832	4202	1	7	1.8148E7
0	10838	4199	1	4	1.8149E7
0	10842	4198	1	4	1.815E7
0	10847	4195	1	6	1.8151E7
0	10854	4191	2	8	1.8152E7
0	10861	4186	2	6	1.8153E7
0	10864	4182	2	3	1.8154E7
0	10867	4179	2	5	1.8155E7
0	10871	4173	2	7	1.8156E7
0	10876	4166	2	9	1.8157E7
0	10880	4155	2	11	1.8158E7
0	10883	4142	3	13	1.8159E7
0	10882	4127	3	15	1.816E7
0	10891	4120	2	16	1.8161E7
0	10907	4112	2	17	1.8162E7
0	10923	4103	2	18	1.8163E7
0	10940	4095	2	18	1.8164E7
0	10956	4087	2	17	1.8165E7
0	10971	4078	2	17	1.8166E7
0	10984	4065	2	18	1.8167E7
0	10995	4050	2	18	1.8168E7
0	11004	4035	2	18	1.8169E7
0	11013	4019	2	18	1.817E7
0	11020	4002	2	18	1.8171E7
0	11028	3986	2	17	1.8172E7
0	11035	3969	2	18	1.8173E7
0	11043	3953	2	17	1.8174E7
0	11050	3936	2	18	1.8175E7
0	11057	3920	2	18	1.8176E7
0	11065	3903	2	18	1.8177E7
0	11072	3886	2	18	1.8178E7
0	11080	3870	2	18	1.8179E7
0	11087	3853	2	17	1.818E7
0	11095	3837	2	18	1.8181E7
0	11102	3820	2	18	1.8182E7
0	11110	3804	2	18	1.8183E7
0	11117	3787	2	18	1.8184E7
0	11124	3770	2	18	1.8185E7
0	11132	3754	2	18	1.8186E7
0	11139	3737	2	18	1.8187E7
0	11146	3721	2	18	1.8188E7
0	11153	3704	2	18	1.8189E7
0	11160	3687	2	17	1.819E7
0	11168	3671	2	18	1.8191E7
0	11175	3654	2	18	1.8192E7
0	11182	3637	2	17	1.8193E7
0	11189	3621	2	17	1.8194E7
0	11195	3607	2	13	1.8195E7
0	11200	3596	2	10	1.8196E7
0	11204	3588	2	7	1.8197E7
0	11206	3582	2	4	1.8198E7
0	11206	3579	3	2	1.8199E7
0	11206	3577	3	1	1.82E7
0	11206	3576	3	0	1.8201E7
0	11206	3576	3	0	1.8202E7
0	11206	3576	3	0	1.8203E7
0	11206	3576	3	0	1.8204E7
0	11206	3576	3	0	1.8205E7
0	11206	3576	3	0	1.8206E7
0	11206	3574	3	2	1.8207E7
0	11207	3571	3	4	1.8208E7
0	11208	3566	3	6	1.8209E7
0	11214	3562	2	8	1.821E7
0	11223	3561	1	10	1.8211E7
0	11234	3559	1	12	1.8212E7
0	11247	3554	1	14	1.8213E7
0	11261	3550	1	15	1.8214E7
0	11275	3545	1	15	1.8215E7
0	11290	3540	1	15	1.8216E7
0	11304	3535	1	15	1.8217E7
0	11318	3530	1	15	1.8218E7
0	11332	3525	1	15	1.8219E7
0	11347	3521	1	15	1.822E7
0	11361	3516	1	14	1.8221E7
0	11375	3511	1	14	1.8222E7
0	11389	3506	1	14	1.8223E7
0	11403	3501	1	13	1.8224E7
0	11414	3498	1	10	1.8225E7
0	11422	3495	1	7	1.8226E7
0	11427	3493	1	4	1.8227E7
0	11431	3492	1	2	1.8228E7
0	11432	3492	1	1	1.8229E7
0	11433	3491	1	0	1.823E7
0	11433	3491	1	0	1.8231E7
0	11433	3491	1	0	1.8232E7
0	11433	3491	1	0	1.8233E7
0	11433	3491	1	0	1.8234E7
0	11433	3491	1	0	1.8235E7
0	11433	3491	1	0	1.8236E7
0	11433	3491	1	0	1.8237E7
0	11433	3491	1	0	1.8238E7
0	11433	3491	1	0	1.8239E7
0	11433	3491	1	0	1.824E7
0	11433	3491	1	0	1.8241E7
0	11435	3491	1	2	1.8242E7
0	11438	3489	1	4	1.8243E7
0	11444	3487	1	6	1.8244E7
0	11451	3485	1	8	1.8245E7
0	11460	3481	1	10	1.8246E7
0	11471	3477	1	12	1.8247E7
0	11484	3472	1	14	1.8248E7
0	11498	3467	1	15	1.8249E7
0	11512	3462	1	15	1.825E7
0	11526	3456	1	15	1.8251E7
0	11540	3451	1	15	1.8252E7
0	11554	3445	1	14	1.8253E7
0	11568	3440	1	15	1.8254E7
0	11582	3434	1	15	1.8255E7
0	11596	3429	1	15	1.8256E7
0	11610	3423	2	15	1.8257E7
0	11623	3417	2	15	1.8258E7
0	11637	3410	2	15	1.8259E7
0	11651	3404	2	14	1.826E7
0	11664	3398	2	15	1.8261E7
0	11678	3391	2	15	1.8262E7
0	11691	3384	2	15	1.8263E7
0	11705	3378	2	15	1.8264E7
0	11718	3371	2	15	1.8265E7
0	11732	3364	2	15	1.8266E7
0	11745	3357	2	15	1.8267E7
0	11759	3351	2	15	1.8268E7
0	11772	3344	2	15	1.8269E7
0	11785	3337	2	14	1.827E7
0	11799	3330	2	14	1.8271E7
0	11812	3324	2	14	1.8272E7
0	11826	3317	2	15	1.8273E7
0	11839	3310	2	15	1.8274E7
0	11853	3303	2	15	1.8275E7
0	11866	3297	2	15	1.8276E7
0	11879	3290	2	14	1.8277E7
0	11893	3283	2	15	1.8278E7
0	11906	3276	2	15	1.8279E7
0	11920	3270	2	14	1.828E7
0	11933	3263	2	15	1.8281E7
0	11947	3256	2	14	1.8282E7
0	11960	3249	2	15	1.8283E7
0	11974	3243	2	15	1.8284E7
0	11986	3236	2	12	1.8285E7
0	11996	3231	2	9	1.8286E7
0	12003	3227	2	6	1.8287E7
0	12008	3225	2	4	1.8288E7
0	12010	3224	2	1	1.8289E7
0	12010	3224	2	0	1.829E7
0	12010	3224	2	0	1.8291E7
0	12010	3224	2	0	1.8292E7
0	12010	3224	2	0	1.8293E7
0	12010	3224	2	0	1.8294E7
0	12010	3224	2	0	1.8295E7
0	12010	3224	2	0	1.8296E7
0	12010	3224	2	0	1.8297E7
0	12010	3224	2	0	1.8298E7
0	12010	3224	2	0	1.8299E7
0	12010	3224	2	0	1.83E7
0	12010	3224	2	0	1.8301E7
0	12010	3224	2	0	1.8302E7
0	12010	3224	2	0	1.8303E7
0	12010	3224	2	0	1.8304E7
0	12010	3224	2	0	1.8305E7
0	12010	3224	2	0	1.8306E7
0	12010	3224	2	0	1.8307E7
0	12010	3224	2	0	1.8308E7
0	12010	3224	2	0	1.8309E7
0	12012	3223	2	2	1.831E7
0	12015	3221	2	4	1.8311E7
0	12021	3219	2	6	1.8312E7
0	12028	3215	2	8	1.8313E7
0	12037	3211	2	10	1.8314E7
0	12048	3205	2	12	1.8315E7
0	12060	3198	2	14	1.8316E7
0	12073	3192	2	15	1.8317E7
0	12087	3185	2	14	1.8318E7
0	12100	3178	2	14	1.8319E7
0	12113	3170	2	15	1.832E7
0	12126	3163	2	15	1.8321E7
0	12140	3156	2	15	1.8322E7
0	12152	3148	2	15	1.8323E7
0	12165	3140	2	15	1.8324E7
0	12178	3132	2	14	1.8325E7
0	12190	3124	2	14	1.8326E7
0	12203	3116	2	15	1.8327E7
0	12216	3108	2	15	1.8328E7
0	12228	3099	2	14	1.8329E7
0	12241	3091	2	14	1.833E7
0	12253	3083	2	15	1.8331E7
0	12266	3074	2	15	1.8332E7
0	12278	3066	2	13	1.8333E7
0	12288	3059	2	10	1.8334E7
0	12296	3054	2	7	1.8335E7
0	12301	3051	2	4	1.8336E7
0	12304	3049	2	2	1.8337E7
0	12304	3048	2	0	1.8338E7
0	12304	3048	2	0	1.8339E7
0	12304	3048	2	0	1.834E7
0	12304	3048	2	0	1.8341E7
0	12304	3048	2	0	1.8342E7
0	12304	3048	2	0	1.8343E7
0	12304	3048	2	0	1.8344E7
0	12304	3048	2	0	1.8345E7
0	12304	3048	2	0	1.8346E7
0	12304	3048	2	0	1.8347E7
0	12304	3048	2	0	1.8348E7
0	12304	3048	2	0	1.8349E7
0	12304	3048	2	0	1.835E7
0	12304	3048	2	0	1.8351E7
0	12304	3048	2	0	1.8352E7
0	12304	3048	2	0	1.8353E7
0	12304	3048	2	0	1.8354E7
0	12304	3048	2	0	1.8355E7
0	12304	3048	2	0	1.8356E7
0	12304	3048	2	0	1.8357E7
0	12305	3048	2	1	1.8358E7
0	12308	3046	2	3	1.8359E7
0	12312	3044	2	5	1.836E7
0	12318	3040	2	7	1.8361E7
0	12325	3035	2	9	1.8362E7
0	12334	3029	2	11	1.8363E7
0	12345	3022	2	13	1.8364E7
0	12357	3014	2	14	1.8365E7
0	12369	3005	2	15	1.8366E7
0	12382	2997	2	15	1.8367E7
0	12394	2989	2	15	1.8368E7
0	12407	2980	2	15	1.8369E7
0	12420	2972	2	14	1.837E7
0	12432	2964	2	15	1.8371E7
0	12444	2955	2	15	1.8372E7
0	12457	2947	2	15	1.8373E7
0	12469	2938	2	15	1.8374E7
0	12481	2929	2	15	1.8375E7
0	12493	2920	2	15	1.8376E7
0	12505	2910	2	15	1.8377E7
0	12516	2901	2	14	1.8378E7
