29	10121	4189	10136	4187	10136	4187	15.132745950421556	15.132745950421556	0.0	15
29	10121	4189	10136	4187	10136	4187	15.132745950421556	15.132745950421556	0.0	15
29	10121	4189	10136	4187	10136	4187	15.132745950421556	15.132745950421556	0.0	15
29	10121	4189	10136	4187	10136	4187	15.132745950421556	15.132745950421556	0.0	15
29	10121	4189	10136	4187	10136	4187	15.132745950421556	15.132745950421556	0.0	15
29	10121	4189	10136	4187	10136	4187	15.132745950421556	15.132745950421556	0.0	15
29	10121	4189	10136	4187	10136	4187	15.132745950421556	15.132745950421556	0.0	15
29	10121	4189	10136	4187	10136	4187	15.132745950421556	15.132745950421556	0.0	15
29	10121	4189	10136	4187	10136	4187	15.132745950421556	15.132745950421556	0.0	15
30	10136	4187	10151	4186	10151	4186	15.033296378372908	15.033296378372908	0.0	15
30	10136	4187	10151	4186	10151	4186	15.033296378372908	15.033296378372908	0.0	15
30	10136	4187	10151	4186	10151	4186	15.033296378372908	15.033296378372908	0.0	15
30	10136	4187	10151	4186	10151	4186	15.033296378372908	15.033296378372908	0.0	15
30	10136	4187	10151	4186	10151	4186	15.033296378372908	15.033296378372908	0.0	15
30	10136	4187	10151	4186	10151	4186	15.033296378372908	15.033296378372908	0.0	15
30	10136	4187	10151	4186	10151	4186	15.033296378372908	15.033296378372908	0.0	15
30	10136	4187	10151	4186	10151	4186	15.033296378372908	15.033296378372908	0.0	15
30	10136	4187	10151	4186	10151	4186	15.033296378372908	15.033296378372908	0.0	15
31	10151	4186	10166	4186	10166	4186	15.0	15.0	0.0	15
31	10151	4186	10166	4186	10166	4186	15.0	15.0	0.0	15
31	10151	4186	10166	4186	10166	4186	15.0	15.0	0.0	15
31	10151	4186	10166	4186	10166	4186	15.0	15.0	0.0	15
31	10151	4186	10166	4186	10166	4186	15.0	15.0	0.0	15
31	10151	4186	10166	4186	10166	4186	15.0	15.0	0.0	15
31	10151	4186	10166	4186	10166	4186	15.0	15.0	0.0	15
31	10151	4186	10166	4186	10166	4186	15.0	15.0	0.0	15
31	10151	4186	10166	4186	10166	4186	15.0	15.0	0.0	15
32	10166	4186	10181	4186	10181	4186	15.0	15.0	0.0	15
32	10166	4186	10181	4186	10181	4186	15.0	15.0	0.0	15
32	10166	4186	10181	4186	10181	4186	15.0	15.0	0.0	15
32	10166	4186	10181	4186	10181	4186	15.0	15.0	0.0	15
32	10166	4186	10181	4186	10181	4186	15.0	15.0	0.0	15
32	10166	4186	10181	4186	10181	4186	15.0	15.0	0.0	15
32	10166	4186	10181	4186	10181	4186	15.0	15.0	0.0	15
32	10166	4186	10181	4186	10181	4186	15.0	15.0	0.0	15
32	10166	4186	10181	4186	10181	4186	15.0	15.0	0.0	15
33	10181	4186	10196	4187	10196	4187	15.033296378372908	15.033296378372908	0.0	15
33	10181	4186	10196	4187	10196	4187	15.033296378372908	15.033296378372908	0.0	15
33	10181	4186	10196	4187	10196	4187	15.033296378372908	15.033296378372908	0.0	15
33	10181	4186	10196	4187	10196	4187	15.033296378372908	15.033296378372908	0.0	15
33	10181	4186	10196	4187	10196	4187	15.033296378372908	15.033296378372908	0.0	15
33	10181	4186	10196	4187	10196	4187	15.033296378372908	15.033296378372908	0.0	15
33	10181	4186	10196	4187	10196	4187	15.033296378372908	15.033296378372908	0.0	15
33	10181	4186	10196	4187	10196	4187	15.033296378372908	15.033296378372908	0.0	15
33	10181	4186	10196	4187	10196	4187	15.033296378372908	15.033296378372908	0.0	15
34	10196	4187	10211	4189	10211	4189	15.132745950421556	15.132745950421556	0.0	15
34	10196	4187	10211	4189	10211	4189	15.132745950421556	15.132745950421556	0.0	15
34	10196	4187	10211	4189	10211	4189	15.132745950421556	15.132745950421556	0.0	15
34	10196	4187	10211	4189	10211	4189	15.132745950421556	15.132745950421556	0.0	15
34	10196	4187	10211	4189	10211	4189	15.132745950421556	15.132745950421556	0.0	15
34	10196	4187	10211	4189	10211	4189	15.132745950421556	15.132745950421556	0.0	15
34	10196	4187	10211	4189	10211	4189	15.132745950421556	15.132745950421556	0.0	15
34	10196	4187	10211	4189	10211	4189	15.132745950421556	15.132745950421556	0.0	15
34	10196	4187	10211	4189	10211	4189	15.132745950421556	15.132745950421556	0.0	15
35	10211	4189	10226	4192	10226	4192	15.297058540778355	15.297058540778355	0.0	15
35	10211	4189	10226	4192	10226	4192	15.297058540778355	15.297058540778355	0.0	15
35	10211	4189	10226	4192	10226	4192	15.297058540778355	15.297058540778355	0.0	15
35	10211	4189	10226	4192	10226	4192	15.297058540778355	15.297058540778355	0.0	15
35	10211	4189	10226	4192	10226	4192	15.297058540778355	15.297058540778355	0.0	15
35	10211	4189	10226	4192	10226	4192	15.297058540778355	15.297058540778355	0.0	15
35	10211	4189	10226	4192	10226	4192	15.297058540778355	15.297058540778355	0.0	15
35	10211	4189	10226	4192	10226	4192	15.297058540778355	15.297058540778355	0.0	15
35	10211	4189	10226	4192	10226	4192	15.297058540778355	15.297058540778355	0.0	15
36	10226	4192	10240	4195	10240	4195	14.317821063276353	14.317821063276353	0.0	15
36	10226	4192	10240	4195	10240	4195	14.317821063276353	14.317821063276353	0.0	15
36	10226	4192	10240	4195	10240	4195	14.317821063276353	14.317821063276353	0.0	15
36	10226	4192	10240	4195	10240	4195	14.317821063276353	14.317821063276353	0.0	15
36	10226	4192	10240	4195	10240	4195	14.317821063276353	14.317821063276353	0.0	15
36	10226	4192	10240	4195	10240	4195	14.317821063276353	14.317821063276353	0.0	15
36	10226	4192	10240	4195	10240	4195	14.317821063276353	14.317821063276353	0.0	15
36	10226	4192	10240	4195	10240	4195	14.317821063276353	14.317821063276353	0.0	15
36	10226	4192	10240	4195	10240	4195	14.317821063276353	14.317821063276353	0.0	15
37	10240	4195	10255	4199	10255	4199	15.524174696260024	15.524174696260024	0.0	15
37	10240	4195	10255	4199	10255	4199	15.524174696260024	15.524174696260024	0.0	15
37	10240	4195	10255	4199	10255	4199	15.524174696260024	15.524174696260024	0.0	15
37	10240	4195	10255	4199	10255	4199	15.524174696260024	15.524174696260024	0.0	15
37	10240	4195	10255	4199	10255	4199	15.524174696260024	15.524174696260024	0.0	15
37	10240	4195	10255	4199	10255	4199	15.524174696260024	15.524174696260024	0.0	15
37	10240	4195	10255	4199	10255	4199	15.524174696260024	15.524174696260024	0.0	15
37	10240	4195	10255	4199	10255	4199	15.524174696260024	15.524174696260024	0.0	15
37	10240	4195	10255	4199	10255	4199	15.524174696260024	15.524174696260024	0.0	15
38	10255	4199	10269	4203	10269	4203	14.560219778561036	14.560219778561036	0.0	15
38	10255	4199	10269	4203	10269	4203	14.560219778561036	14.560219778561036	0.0	15
38	10255	4199	10269	4203	10269	4203	14.560219778561036	14.560219778561036	0.0	15
38	10255	4199	10269	4203	10269	4203	14.560219778561036	14.560219778561036	0.0	15
38	10255	4199	10269	4203	10269	4203	14.560219778561036	14.560219778561036	0.0	15
38	10255	4199	10269	4203	10269	4203	14.560219778561036	14.560219778561036	0.0	15
38	10255	4199	10269	4203	10269	4203	14.560219778561036	14.560219778561036	0.0	15
38	10255	4199	10269	4203	10269	4203	14.560219778561036	14.560219778561036	0.0	15
38	10255	4199	10269	4203	10269	4203	14.560219778561036	14.560219778561036	0.0	15
39	10269	4203	10284	4207	10284	4207	15.524174696260024	15.524174696260024	0.0	14
39	10269	4203	10284	4207	10284	4207	15.524174696260024	15.524174696260024	0.0	14
39	10269	4203	10284	4207	10284	4207	15.524174696260024	15.524174696260024	0.0	14
39	10269	4203	10284	4207	10284	4207	15.524174696260024	15.524174696260024	0.0	14
39	10269	4203	10284	4207	10284	4207	15.524174696260024	15.524174696260024	0.0	14
39	10269	4203	10284	4207	10284	4207	15.524174696260024	15.524174696260024	0.0	14
39	10269	4203	10284	4207	10284	4207	15.524174696260024	15.524174696260024	0.0	14
39	10269	4203	10284	4207	10284	4207	15.524174696260024	15.524174696260024	0.0	14
39	10269	4203	10284	4207	10284	4207	15.524174696260024	15.524174696260024	0.0	14
177	11318	3530	11332	3525	11332	3525	14.866068747318506	14.866068747318506	0.0	15
177	11318	3530	11332	3525	11332	3525	14.866068747318506	14.866068747318506	0.0	15
177	11318	3530	11332	3525	11332	3525	14.866068747318506	14.866068747318506	0.0	15
177	11318	3530	11332	3525	11332	3525	14.866068747318506	14.866068747318506	0.0	15
177	11318	3530	11332	3525	11332	3525	14.866068747318506	14.866068747318506	0.0	15
177	11318	3530	11332	3525	11332	3525	14.866068747318506	14.866068747318506	0.0	15
177	11318	3530	11332	3525	11332	3525	14.866068747318506	14.866068747318506	0.0	15
177	11318	3530	11332	3525	11332	3525	14.866068747318506	14.866068747318506	0.0	15
177	11318	3530	11332	3525	11332	3525	14.866068747318506	14.866068747318506	0.0	15
