4242005.372300217
4242025.372300217
4242035.372300217
4242045.372300217
4242055.372300217
4242065.372300217
4242075.372300217
4242095.372300217
4242105.372300217
4242115.372300217
4242125.372300217
4242145.372300217
4242155.372300217
4242165.372300217
4242175.372300217
4242185.372300217
4242195.372300217
4242205.372300217
4242215.372300217
4242225.372300217
4242235.372300217
4242245.372300217
4242265.372300217
4242275.372300217
4242285.372300217
4242295.372300217
4242305.372300217
4242315.372300217
4242335.372300217
4242345.372300217
4242355.372300217
4242365.372300217
