1.0953003079197107E7
1.095300307920488E7
1.0953006E7
1.0953016E7
1.0953026E7
1.0953036E7
1.0953046E7
1.0953056E7
1.0953066E7
1.0953076E7
1.0953086E7
1.0953096E7
1.0953106E7
1.0953116E7
1.0953126E7
1.0953136E7
1.0953146E7
1.0953156E7
1.0953166E7
1.0953176E7
1.0953186E7
1.0953196E7
1.0953206E7
1.0953216E7
1.0953226E7
1.0953236E7
1.0953246E7
1.0953256E7
1.0953266E7
1.0953276E7
1.0953286E7
1.0953296E7
1.0953306E7
1.0953316E7
1.0953326E7
1.0953336E7
1.0953346E7
1.0953356E7
1.0953366E7
1.0953376E7
1.0953386E7
1.0953396E7
1.0953406E7
1.0953416E7
1.0953426E7
1.0953436E7
1.0953446E7
1.0953456E7
1.0953466E7
1.0953476E7
1.0953486E7
1.0953496E7
1.0953506E7
1.0953516E7
1.0953526E7
1.0953536E7
1.0953546E7
1.095355227984631E7
1.0953552279854083E7
1.0953556E7
1.0953566E7
1.0953576E7
1.0953586E7
1.0953596E7
1.0953606E7
1.0953616E7
1.0953626E7
1.0953636E7
1.0953646E7
1.0953656E7
1.0953666E7
1.0953676E7
1.0953686E7
1.0953696E7
1.0953706E7
1.0953716E7
1.0953726E7
1.0953736E7
1.0953746E7
1.0953756E7
1.0953766E7
1.0953776E7
1.0953786E7
1.0953796E7
1.0953806E7
1.0953816E7
1.0953826E7
1.0953836E7
1.0953846E7
1.0953856E7
1.0953866E7
1.0953876E7
1.0953886E7
1.0953896E7
1.0953906E7
1.0953916E7
