0	7016	6884	4	0	0.0
0	7016	6884	4	0	54000.0
0	7015	6883	4	2	55000.0
0	7012	6881	4	3	56000.0
0	7008	6878	4	5	57000.0
0	7003	6874	4	7	58000.0
0	6998	6870	4	5	59000.0
0	6995	6867	4	3	60000.0
0	6994	6867	4	0	61000.0
0	6994	6867	4	0	62000.0
0	6994	6867	4	0	63000.0
0	6994	6867	4	0	64000.0
0	6994	6867	4	0	65000.0
0	6994	6867	4	0	66000.0
0	6994	6867	4	0	67000.0
0	6994	6867	4	0	68000.0
0	6994	6867	4	0	69000.0
0	6994	6867	4	0	70000.0
0	6994	6867	4	0	71000.0
0	6994	6867	4	0	72000.0
0	6994	6867	4	0	73000.0
0	6994	6867	4	0	74000.0
0	6994	6867	4	0	75000.0
0	6994	6867	4	0	76000.0
0	6994	6867	4	0	77000.0
0	6994	6867	4	0	78000.0
0	6994	6867	4	0	79000.0
0	6994	6867	4	0	80000.0
0	6993	6866	4	1	81000.0
0	6991	6865	4	3	82000.0
0	6988	6862	4	5	83000.0
0	6981	6860	4	7	84000.0
0	6974	6855	4	9	85000.0
0	6967	6847	4	11	86000.0
0	6958	6839	4	13	87000.0
0	6947	6829	4	14	88000.0
0	6937	6819	4	14	89000.0
0	6927	6808	4	14	90000.0
0	6917	6797	4	14	91000.0
0	6908	6786	4	14	92000.0
0	6899	6775	4	14	93000.0
0	6890	6763	4	14	94000.0
0	6881	6753	4	12	95000.0
0	6875	6745	4	8	96000.0
0	6870	6739	4	5	97000.0
0	6868	6735	4	3	98000.0
0	6865	6732	4	5	99000.0
0	6860	6728	4	7	100000.0
0	6852	6729	5	9	101000.0
0	6841	6730	5	11	102000.0
0	6831	6725	4	13	103000.0
0	6816	6725	5	14	104000.0
0	6803	6718	4	14	105000.0
0	6789	6713	5	14	106000.0
0	6777	6709	5	11	107000.0
0	6767	6706	5	8	108000.0
0	6761	6704	5	5	109000.0
0	6757	6703	5	3	110000.0
0	6755	6702	5	0	111000.0
0	6755	6702	5	0	112000.0
0	6755	6702	5	0	113000.0
0	6755	6702	5	0	114000.0
0	6755	6702	5	0	115000.0
0	6755	6702	5	0	116000.0
0	6755	6702	5	0	117000.0
0	6755	6702	5	0	118000.0
0	6755	6702	5	0	119000.0
0	6755	6702	5	0	120000.0
0	6755	6702	5	0	121000.0
0	6755	6702	5	0	122000.0
0	6755	6702	5	0	123000.0
0	6755	6702	5	0	124000.0
0	6755	6702	5	0	125000.0
0	6755	6702	5	0	126000.0
0	6755	6702	5	0	127000.0
0	6755	6702	5	0	128000.0
0	6755	6702	5	0	129000.0
0	6755	6702	5	0	130000.0
0	6755	6702	5	1	131000.0
0	6752	6701	5	3	132000.0
0	6748	6700	5	5	133000.0
0	6742	6698	5	7	134000.0
0	6734	6695	5	9	135000.0
0	6725	6691	5	11	136000.0
0	6714	6686	4	13	137000.0
0	6701	6680	4	14	138000.0
0	6689	6675	4	11	139000.0
0	6679	6671	4	8	140000.0
0	6673	6668	4	5	141000.0
0	6669	6666	4	3	142000.0
0	6667	6665	4	1	143000.0
0	6666	6665	4	0	144000.0
0	6665	6664	4	0	145000.0
0	6665	6664	4	0	146000.0
0	6665	6664	4	0	147000.0
0	6665	6664	4	0	148000.0
0	6665	6664	4	0	149000.0
0	6665	6664	4	0	150000.0
0	6665	6664	4	0	151000.0
0	6665	6664	4	0	152000.0
0	6665	6664	4	0	153000.0
0	6665	6664	4	0	154000.0
0	6665	6664	4	0	155000.0
0	6665	6664	4	0	156000.0
0	6665	6664	4	0	157000.0
0	6665	6664	4	0	158000.0
0	6665	6664	4	0	159000.0
0	6665	6664	4	0	160000.0
0	6665	6664	4	0	161000.0
0	6665	6664	4	0	162000.0
0	6665	6664	4	0	163000.0
0	6665	6664	4	0	164000.0
0	6665	6664	4	0	165000.0
0	6665	6664	4	0	166000.0
0	6665	6664	4	0	167000.0
0	6665	6664	4	0	168000.0
0	6665	6664	4	0	169000.0
0	6665	6664	4	0	170000.0
0	6665	6664	4	0	171000.0
0	6665	6664	4	0	172000.0
0	6665	6664	4	0	173000.0
0	6665	6664	4	0	174000.0
0	6665	6664	4	0	175000.0
0	6665	6664	4	0	176000.0
0	6665	6664	4	0	177000.0
0	6665	6664	4	0	178000.0
0	6665	6664	4	0	179000.0
0	6665	6664	4	0	180000.0
0	6665	6664	4	0	181000.0
0	6663	6664	4	2	182000.0
0	6660	6662	4	4	183000.0
0	6655	6660	4	6	184000.0
0	6648	6656	4	8	185000.0
0	6639	6652	4	10	186000.0
0	6629	6647	4	12	187000.0
0	6617	6641	4	14	188000.0
0	6603	6635	4	14	189000.0
0	6591	6628	4	14	190000.0
0	6578	6621	4	14	191000.0
0	6566	6613	4	14	192000.0
0	6554	6604	4	14	193000.0
0	6544	6595	4	12	194000.0
0	6536	6588	4	9	195000.0
0	6531	6583	4	6	196000.0
0	6527	6579	4	3	197000.0
0	6525	6578	4	0	198000.0
0	6525	6578	4	0	199000.0
0	6525	6578	4	0	200000.0
0	6525	6578	4	0	201000.0
0	6525	6578	4	0	202000.0
0	6525	6578	4	0	203000.0
0	6525	6578	4	0	204000.0
0	6525	6578	4	0	205000.0
0	6525	6578	4	0	206000.0
0	6525	6578	4	0	207000.0
0	6525	6578	4	0	208000.0
0	6525	6578	4	0	209000.0
0	6525	6578	4	0	210000.0
0	6525	6578	4	0	211000.0
0	6525	6578	4	0	212000.0
0	6525	6578	4	0	213000.0
0	6525	6578	4	0	214000.0
0	6525	6578	4	0	215000.0
0	6525	6578	4	0	216000.0
0	6525	6578	4	0	217000.0
0	6525	6577	4	0	218000.0
0	6524	6576	4	2	219000.0
0	6521	6573	4	4	220000.0
0	6517	6569	4	6	221000.0
0	6511	6564	4	8	222000.0
0	6504	6558	4	10	223000.0
0	6494	6553	4	12	224000.0
0	6483	6544	4	14	225000.0
0	6472	6535	4	14	226000.0
0	6461	6525	4	14	227000.0
0	6449	6516	4	14	228000.0
0	6438	6507	4	14	229000.0
0	6427	6498	4	14	230000.0
0	6416	6488	4	14	231000.0
0	6404	6479	4	14	232000.0
0	6393	6470	4	14	233000.0
0	6381	6461	4	14	234000.0
0	6370	6452	4	14	235000.0
0	6358	6443	4	14	236000.0
0	6347	6434	4	14	237000.0
0	6336	6425	4	14	238000.0
0	6324	6416	4	14	239000.0
0	6313	6407	4	14	240000.0
0	6302	6398	4	14	241000.0
0	6291	6389	4	12	242000.0
0	6283	6383	4	8	243000.0
0	6277	6380	4	5	244000.0
0	6273	6378	4	3	245000.0
0	6270	6377	4	1	246000.0
0	6269	6376	4	0	247000.0
0	6269	6376	4	0	248000.0
0	6268	6376	4	0	249000.0
0	6268	6376	4	0	250000.0
0	6268	6376	4	0	251000.0
0	6268	6376	4	0	252000.0
0	6268	6376	4	0	253000.0
0	6268	6376	4	0	254000.0
0	6268	6376	4	0	255000.0
0	6268	6376	4	0	256000.0
0	6268	6376	4	0	257000.0
0	6268	6376	4	0	258000.0
0	6268	6376	4	0	259000.0
0	6268	6376	4	0	260000.0
0	6268	6376	4	0	261000.0
0	6268	6376	4	0	262000.0
0	6268	6376	4	0	263000.0
0	6268	6376	4	0	264000.0
0	6268	6376	4	0	265000.0
0	6268	6376	4	0	266000.0
0	6268	6376	4	0	267000.0
0	6268	6376	4	0	268000.0
0	6268	6376	4	0	269000.0
0	6268	6376	4	0	270000.0
0	6268	6376	4	0	271000.0
0	6268	6376	4	0	272000.0
0	6268	6376	4	0	273000.0
0	6268	6376	4	0	274000.0
0	6268	6376	4	0	275000.0
0	6268	6376	4	0	276000.0
0	6268	6376	4	0	277000.0
0	6268	6376	4	0	278000.0
0	6268	6376	4	0	279000.0
0	6268	6376	4	0	280000.0
0	6268	6376	4	0	281000.0
0	6268	6376	4	0	282000.0
0	6268	6376	4	0	283000.0
0	6268	6376	4	0	284000.0
0	6268	6376	4	0	285000.0
0	6268	6376	4	0	286000.0
0	6267	6375	4	2	287000.0
0	6263	6374	4	4	288000.0
0	6257	6373	5	6	289000.0
0	6250	6375	5	8	290000.0
0	6244	6384	6	10	291000.0
0	6242	6395	7	12	292000.0
0	6240	6408	7	14	293000.0
0	6237	6422	7	14	294000.0
0	6235	6437	7	14	295000.0
0	6233	6449	7	10	296000.0
0	6231	6458	7	7	297000.0
0	6230	6464	7	5	298000.0
0	6229	6468	7	2	299000.0
0	6229	6469	7	0	300000.0
0	6229	6469	7	0	301000.0
0	6229	6469	7	0	302000.0
0	6229	6469	7	0	303000.0
0	6229	6469	7	0	304000.0
0	6229	6469	7	0	305000.0
0	6229	6469	7	0	306000.0
0	6229	6469	7	0	307000.0
0	6229	6469	7	0	308000.0
0	6229	6469	7	0	309000.0
0	6229	6469	7	0	310000.0
0	6229	6469	7	0	311000.0
0	6229	6469	7	0	312000.0
0	6229	6469	7	0	313000.0
0	6229	6469	7	0	314000.0
0	6229	6469	7	0	315000.0
0	6229	6469	7	0	316000.0
0	6229	6469	7	0	317000.0
0	6229	6469	7	0	318000.0
0	6229	6469	7	0	319000.0
0	6229	6470	7	1	320000.0
0	6228	6473	7	4	321000.0
0	6228	6478	7	5	322000.0
0	6227	6485	7	7	323000.0
0	6225	6493	7	9	324000.0
0	6224	6504	7	11	325000.0
0	6222	6517	7	13	326000.0
0	6220	6531	7	14	327000.0
0	6218	6546	7	14	328000.0
0	6216	6560	7	14	329000.0
0	6214	6575	7	14	330000.0
0	6211	6589	7	14	331000.0
0	6209	6603	7	14	332000.0
0	6207	6618	7	14	333000.0
0	6205	6632	7	14	334000.0
0	6203	6647	7	14	335000.0
0	6201	6661	7	14	336000.0
0	6198	6675	7	14	337000.0
0	6196	6690	7	14	338000.0
0	6194	6704	7	14	339000.0
0	6192	6719	7	14	340000.0
0	6190	6733	7	14	341000.0
0	6188	6748	7	14	342000.0
0	6186	6762	7	14	343000.0
0	6184	6776	7	14	344000.0
0	6181	6791	7	14	345000.0
0	6179	6805	7	14	346000.0
0	6178	6820	7	14	347000.0
0	6176	6832	7	10	348000.0
0	6175	6841	7	7	349000.0
0	6174	6847	7	4	350000.0
0	6174	6850	7	2	351000.0
0	6173	6852	7	1	352000.0
0	6173	6853	7	0	353000.0
0	6173	6854	7	0	354000.0
0	6173	6854	7	0	355000.0
0	6173	6854	7	0	356000.0
0	6173	6854	7	0	357000.0
0	6173	6854	7	0	358000.0
0	6173	6854	7	0	359000.0
0	6173	6854	7	0	360000.0
0	6173	6854	7	0	361000.0
0	6173	6855	7	2	362000.0
0	6171	6857	7	4	363000.0
0	6165	6861	6	6	364000.0
0	6157	6860	5	8	365000.0
0	6151	6860	5	5	366000.0
0	6146	6859	5	3	367000.0
0	6142	6859	5	5	368000.0
0	6135	6859	5	7	369000.0
0	6127	6862	5	9	370000.0
0	6117	6868	6	11	371000.0
0	6106	6874	6	13	372000.0
0	6094	6880	6	12	373000.0
0	6085	6885	6	9	374000.0
0	6078	6888	6	6	375000.0
0	6074	6890	6	3	376000.0
0	6071	6891	6	0	377000.0
0	6071	6891	6	0	378000.0
0	6071	6891	6	0	379000.0
0	6071	6891	6	0	380000.0
0	6071	6891	6	0	381000.0
0	6071	6891	6	0	382000.0
0	6071	6891	6	0	383000.0
0	6071	6891	6	0	384000.0
0	6071	6891	6	0	385000.0
0	6071	6891	6	0	386000.0
0	6071	6891	6	0	387000.0
0	6071	6891	6	0	388000.0
0	6071	6891	6	0	389000.0
0	6071	6891	6	0	390000.0
0	6071	6891	6	0	391000.0
0	6071	6891	6	0	392000.0
0	6071	6891	6	0	393000.0
0	6071	6891	6	0	394000.0
0	6071	6891	6	0	395000.0
0	6071	6891	6	0	396000.0
0	6071	6891	6	0	397000.0
0	6069	6892	6	2	398000.0
0	6066	6894	6	4	399000.0
0	6061	6896	6	6	400000.0
0	6054	6899	6	8	401000.0
0	6046	6903	6	10	402000.0
0	6036	6907	5	11	403000.0
0	6023	6911	5	13	404000.0
0	6010	6915	5	14	405000.0
0	5996	6920	5	14	406000.0
0	5982	6924	5	14	407000.0
0	5968	6929	5	14	408000.0
0	5954	6933	5	14	409000.0
0	5940	6937	5	14	410000.0
0	5926	6941	5	14	411000.0
0	5912	6945	5	14	412000.0
0	5898	6950	5	14	413000.0
0	5884	6954	5	14	414000.0
0	5872	6961	6	14	415000.0
0	5859	6969	6	14	416000.0
0	5848	6978	6	14	417000.0
0	5837	6987	6	14	418000.0
0	5826	6997	6	14	419000.0
0	5815	7006	6	14	420000.0
0	5803	7016	6	14	421000.0
0	5792	7025	6	14	422000.0
0	5781	7034	6	14	423000.0
0	5769	7043	6	14	424000.0
0	5758	7052	6	14	425000.0
0	5747	7062	6	14	426000.0
0	5736	7071	6	14	427000.0
0	5725	7081	6	14	428000.0
0	5714	7090	6	14	429000.0
0	5703	7100	6	14	430000.0
0	5692	7110	6	14	431000.0
0	5681	7119	6	14	432000.0
0	5670	7129	6	14	433000.0
0	5659	7138	6	14	434000.0
0	5648	7148	6	14	435000.0
0	5637	7158	6	14	436000.0
0	5626	7167	6	14	437000.0
0	5615	7177	6	14	438000.0
0	5606	7174	4	14	439000.0
0	5599	7160	4	14	440000.0
0	5593	7147	4	14	441000.0
0	5587	7134	4	14	442000.0
0	5581	7121	4	14	443000.0
0	5574	7108	4	14	444000.0
0	5568	7095	4	14	445000.0
0	5562	7082	4	14	446000.0
0	5555	7069	4	14	447000.0
0	5548	7056	4	14	448000.0
0	5540	7043	4	14	449000.0
0	5533	7031	4	14	450000.0
0	5526	7018	4	14	451000.0
0	5518	7006	4	14	452000.0
0	5511	6994	4	11	453000.0
0	5506	6986	4	8	454000.0
0	5503	6980	4	5	455000.0
0	5499	6978	4	3	456000.0
0	5495	6975	4	5	457000.0
0	5493	6969	4	7	458000.0
0	5493	6960	3	9	459000.0
0	5492	6949	3	11	460000.0
0	5491	6937	3	13	461000.0
0	5487	6923	3	15	462000.0
0	5483	6908	3	17	463000.0
0	5477	6891	3	17	464000.0
0	5472	6874	3	16	465000.0
0	5468	6860	3	13	466000.0
0	5465	6849	3	9	467000.0
0	5463	6841	3	6	468000.0
0	5462	6836	3	4	469000.0
0	5462	6833	3	1	470000.0
0	5461	6832	3	0	471000.0
0	5461	6832	3	0	472000.0
0	5461	6832	3	0	473000.0
0	5461	6832	3	0	474000.0
0	5461	6832	3	0	475000.0
0	5461	6832	3	0	476000.0
0	5461	6832	3	0	477000.0
0	5461	6832	3	0	478000.0
0	5461	6832	3	0	479000.0
0	5461	6832	3	0	480000.0
0	5461	6832	3	0	481000.0
0	5461	6832	3	0	482000.0
0	5461	6832	3	0	483000.0
0	5461	6832	3	0	484000.0
0	5461	6832	3	0	485000.0
0	5461	6832	3	0	486000.0
0	5461	6832	3	0	487000.0
0	5461	6832	3	0	488000.0
0	5461	6832	3	0	489000.0
0	5461	6832	3	0	490000.0
0	5461	6831	3	2	491000.0
0	5460	6827	3	4	492000.0
0	5459	6822	3	6	493000.0
0	5457	6814	3	8	494000.0
0	5455	6805	3	10	495000.0
0	5452	6794	3	12	496000.0
0	5449	6781	3	14	497000.0
0	5445	6766	3	16	498000.0
0	5441	6750	3	17	499000.0
0	5436	6733	3	17	500000.0
0	5431	6716	3	17	501000.0
0	5427	6699	3	16	502000.0
0	5423	6684	3	14	503000.0
0	5420	6670	3	14	504000.0
0	5416	6656	3	15	505000.0
0	5413	6641	3	15	506000.0
0	5409	6628	3	11	507000.0
0	5407	6618	3	8	508000.0
0	5407	6611	3	5	509000.0
0	5408	6606	3	3	510000.0
0	5408	6604	3	0	511000.0
0	5408	6604	3	0	512000.0
0	5408	6604	3	0	513000.0
0	5408	6604	3	0	514000.0
0	5408	6604	3	0	515000.0
0	5408	6604	3	0	516000.0
0	5408	6604	3	0	517000.0
0	5408	6604	3	0	518000.0
0	5408	6604	3	0	519000.0
0	5408	6604	3	0	520000.0
0	5408	6604	3	0	521000.0
0	5408	6604	3	0	522000.0
0	5408	6604	3	0	523000.0
0	5408	6604	3	0	524000.0
0	5408	6604	3	0	525000.0
0	5408	6604	3	0	526000.0
0	5408	6604	3	0	527000.0
0	5408	6604	3	0	528000.0
0	5408	6604	3	0	529000.0
0	5408	6604	3	0	530000.0
0	5408	6604	3	0	531000.0
0	5408	6602	3	2	532000.0
0	5409	6598	3	4	533000.0
0	5410	6592	3	6	534000.0
0	5411	6584	3	8	535000.0
0	5414	6575	3	10	536000.0
0	5419	6564	2	12	537000.0
0	5425	6552	2	14	538000.0
0	5434	6539	2	16	539000.0
0	5445	6525	2	17	540000.0
0	5457	6512	2	17	541000.0
0	5469	6500	2	17	542000.0
0	5482	6489	2	17	543000.0
0	5496	6478	2	17	544000.0
0	5510	6468	2	17	545000.0
0	5525	6459	2	17	546000.0
0	5540	6450	2	17	547000.0
0	5554	6440	2	17	548000.0
0	5569	6431	2	17	549000.0
0	5584	6422	2	17	550000.0
0	5598	6412	2	17	551000.0
0	5613	6403	2	17	552000.0
0	5628	6393	2	17	553000.0
0	5643	6384	2	17	554000.0
0	5657	6374	2	17	555000.0
0	5672	6365	2	17	556000.0
0	5687	6356	2	16	557000.0
0	5699	6348	2	12	558000.0
0	5709	6342	2	9	559000.0
0	5715	6338	2	6	560000.0
0	5720	6335	2	4	561000.0
0	5722	6333	2	1	562000.0
0	5723	6333	2	0	563000.0
0	5723	6333	2	0	564000.0
0	5723	6333	2	0	565000.0
0	5723	6333	2	0	566000.0
0	5723	6333	2	0	567000.0
0	5723	6333	2	0	568000.0
0	5723	6333	2	0	569000.0
0	5723	6333	2	0	570000.0
0	5723	6333	2	0	571000.0
0	5723	6333	2	0	572000.0
0	5723	6333	2	0	573000.0
0	5723	6333	2	0	574000.0
0	5723	6333	2	0	575000.0
0	5723	6333	2	0	576000.0
0	5723	6333	2	0	577000.0
0	5723	6333	2	0	578000.0
0	5723	6333	2	0	579000.0
0	5723	6333	2	0	580000.0
0	5723	6333	2	0	581000.0
0	5723	6333	2	0	582000.0
0	5724	6332	2	2	583000.0
0	5727	6330	2	4	584000.0
0	5731	6327	2	6	585000.0
0	5737	6323	2	8	586000.0
0	5745	6318	2	9	587000.0
0	5754	6312	2	11	588000.0
0	5765	6305	2	13	589000.0
0	5777	6297	2	15	590000.0
0	5791	6288	2	17	591000.0
0	5806	6279	2	17	592000.0
0	5821	6270	2	17	593000.0
0	5837	6262	2	17	594000.0
0	5853	6255	2	17	595000.0
0	5869	6248	2	17	596000.0
0	5885	6241	2	17	597000.0
0	5901	6234	2	17	598000.0
0	5917	6227	2	17	599000.0
0	5933	6220	1	17	600000.0
0	5950	6215	1	17	601000.0
0	5967	6210	1	17	602000.0
0	5983	6205	1	17	603000.0
0	6000	6200	1	17	604000.0
0	6017	6195	1	17	605000.0
0	6034	6190	1	17	606000.0
0	6050	6184	1	17	607000.0
0	6065	6180	1	15	608000.0
0	6078	6183	1	14	609000.0
0	6093	6184	1	14	610000.0
0	6108	6184	1	14	611000.0
0	6122	6185	1	14	612000.0
0	6137	6185	1	14	613000.0
0	6151	6187	1	14	614000.0
0	6164	6187	1	11	615000.0
0	6174	6188	1	8	616000.0
0	6181	6189	1	5	617000.0
0	6185	6189	1	3	618000.0
0	6187	6189	1	0	619000.0
0	6187	6189	1	0	620000.0
0	6187	6189	1	0	621000.0
0	6187	6189	1	0	622000.0
0	6187	6189	1	0	623000.0
0	6187	6189	1	0	624000.0
0	6187	6189	1	0	625000.0
0	6187	6189	1	0	626000.0
0	6187	6189	1	0	627000.0
0	6187	6189	1	0	628000.0
0	6187	6189	1	0	629000.0
0	6187	6189	1	0	630000.0
0	6187	6189	1	0	631000.0
0	6187	6189	1	0	632000.0
0	6187	6189	1	0	633000.0
0	6187	6189	1	0	634000.0
0	6187	6189	1	0	635000.0
0	6187	6189	1	0	636000.0
0	6187	6189	1	0	637000.0
0	6187	6189	1	0	638000.0
0	6187	6189	1	1	639000.0
0	6190	6186	1	3	640000.0
0	6195	6187	1	5	641000.0
0	6201	6187	1	7	642000.0
0	6209	6188	1	9	643000.0
0	6219	6189	1	11	644000.0
0	6231	6190	1	12	645000.0
0	6244	6192	1	11	646000.0
0	6254	6193	1	8	647000.0
0	6261	6193	1	5	648000.0
0	6265	6194	1	3	649000.0
0	6270	6194	1	6	650000.0
0	6277	6194	1	7	651000.0
0	6283	6188	2	9	652000.0
0	6292	6178	2	11	653000.0
0	6294	6166	3	13	654000.0
0	6296	6151	3	14	655000.0
0	6298	6137	3	14	656000.0
0	6301	6122	3	14	657000.0
0	6303	6108	3	14	658000.0
0	6306	6094	3	12	659000.0
0	6307	6084	3	9	660000.0
0	6308	6077	3	6	661000.0
0	6309	6072	3	3	662000.0
0	6310	6069	3	0	663000.0
0	6310	6069	3	0	664000.0
0	6310	6069	3	0	665000.0
0	6310	6069	3	0	666000.0
0	6310	6069	3	0	667000.0
0	6310	6069	3	0	668000.0
0	6310	6069	3	0	669000.0
0	6310	6069	3	0	670000.0
0	6310	6069	3	0	671000.0
0	6310	6069	3	0	672000.0
0	6310	6069	3	0	673000.0
0	6310	6069	3	0	674000.0
0	6310	6069	3	0	675000.0
0	6310	6069	3	0	676000.0
0	6310	6069	3	0	677000.0
0	6310	6069	3	0	678000.0
0	6310	6069	3	0	679000.0
0	6310	6069	3	0	680000.0
0	6310	6069	3	0	681000.0
0	6310	6069	3	0	682000.0
0	6310	6069	3	0	683000.0
0	6310	6067	3	2	684000.0
0	6311	6064	3	4	685000.0
0	6312	6058	3	6	686000.0
0	6313	6050	3	8	687000.0
0	6314	6043	3	5	688000.0
0	6314	6039	3	2	689000.0
0	6315	6037	3	1	690000.0
0	6315	6036	3	0	691000.0
0	6315	6036	3	0	692000.0
0	6315	6036	3	0	693000.0
0	6315	6036	3	0	694000.0
0	6315	6036	3	0	695000.0
0	6315	6036	3	0	696000.0
0	6315	6036	3	0	697000.0
0	6315	6036	3	0	698000.0
0	6315	6036	3	0	699000.0
0	6315	6036	3	0	700000.0
0	6315	6036	3	0	701000.0
0	6315	6036	3	0	702000.0
0	6315	6036	3	0	703000.0
0	6315	6036	3	0	704000.0
0	6315	6036	3	0	705000.0
0	6315	6036	3	0	706000.0
0	6315	6036	3	0	707000.0
0	6315	6036	3	0	708000.0
0	6315	6036	3	0	709000.0
0	6315	6036	3	0	710000.0
0	6315	6036	3	0	711000.0
0	6315	6036	3	0	712000.0
0	6315	6036	3	0	713000.0
0	6315	6036	3	0	714000.0
0	6315	6036	3	0	715000.0
0	6315	6036	3	0	716000.0
0	6315	6036	3	0	717000.0
0	6315	6036	3	0	718000.0
0	6315	6036	3	0	719000.0
0	6315	6036	3	0	720000.0
0	6315	6036	3	0	721000.0
0	6315	6034	3	2	722000.0
0	6315	6031	3	4	723000.0
0	6316	6025	3	6	724000.0
0	6317	6018	3	8	725000.0
0	6315	6008	3	10	726000.0
0	6316	5997	3	11	727000.0
0	6317	5984	3	13	728000.0
0	6319	5969	3	14	729000.0
0	6321	5955	3	14	730000.0
0	6323	5941	3	14	731000.0
0	6326	5926	3	14	732000.0
0	6329	5912	3	14	733000.0
0	6333	5898	3	14	734000.0
0	6337	5884	3	14	735000.0
0	6342	5870	3	14	736000.0
0	6346	5856	3	14	737000.0
0	6350	5842	3	14	738000.0
0	6354	5828	3	14	739000.0
0	6359	5814	3	14	740000.0
0	6364	5801	3	14	741000.0
0	6370	5789	2	11	742000.0
0	6374	5780	2	8	743000.0
0	6378	5774	2	5	744000.0
0	6380	5770	2	3	745000.0
0	6381	5768	2	1	746000.0
0	6381	5766	2	0	747000.0
0	6382	5766	2	0	748000.0
0	6382	5766	2	0	749000.0
0	6382	5766	2	0	750000.0
0	6382	5766	2	0	751000.0
0	6382	5766	2	0	752000.0
0	6382	5766	2	0	753000.0
0	6382	5766	2	0	754000.0
0	6382	5766	2	0	755000.0
0	6382	5766	2	0	756000.0
0	6382	5766	2	0	757000.0
0	6382	5766	2	0	758000.0
0	6382	5766	2	0	759000.0
0	6382	5766	2	0	760000.0
0	6382	5766	2	0	761000.0
0	6382	5766	2	0	762000.0
0	6382	5766	2	0	763000.0
0	6382	5766	2	0	764000.0
0	6382	5766	2	0	765000.0
0	6382	5766	2	0	766000.0
0	6383	5764	2	2	767000.0
0	6384	5761	2	4	768000.0
0	6387	5757	2	6	769000.0
0	6391	5751	2	8	770000.0
0	6397	5744	2	9	771000.0
0	6405	5736	2	11	772000.0
0	6415	5729	2	13	773000.0
0	6428	5722	2	14	774000.0
0	6439	5711	2	14	775000.0
0	6446	5698	2	14	776000.0
0	6451	5685	2	14	777000.0
0	6457	5671	3	14	778000.0
0	6462	5657	3	14	779000.0
0	6468	5644	3	14	780000.0
0	6473	5630	3	14	781000.0
0	6478	5616	3	14	782000.0
0	6483	5603	3	14	783000.0
0	6488	5590	3	12	784000.0
0	6492	5580	3	9	785000.0
0	6495	5573	3	6	786000.0
0	6497	5568	3	3	787000.0
0	6498	5566	3	0	788000.0
0	6498	5566	3	0	789000.0
0	6498	5566	3	0	790000.0
0	6498	5566	3	0	791000.0
0	6498	5566	3	0	792000.0
0	6498	5566	3	0	793000.0
0	6498	5566	3	0	794000.0
0	6498	5566	3	0	795000.0
0	6498	5566	3	0	796000.0
0	6498	5566	3	0	797000.0
0	6498	5566	3	0	798000.0
0	6498	5566	3	0	799000.0
0	6498	5566	3	0	800000.0
0	6498	5566	3	0	801000.0
0	6498	5566	3	0	802000.0
0	6498	5566	3	0	803000.0
0	6498	5566	3	0	804000.0
0	6498	5566	3	0	805000.0
0	6498	5566	3	0	806000.0
0	6498	5566	3	0	807000.0
0	6498	5566	3	0	808000.0
0	6498	5564	3	2	809000.0
0	6500	5560	3	4	810000.0
0	6502	5555	3	6	811000.0
0	6502	5546	3	8	812000.0
0	6505	5537	3	10	813000.0
0	6509	5526	3	12	814000.0
0	6514	5513	3	14	815000.0
0	6519	5499	3	14	816000.0
0	6524	5486	3	14	817000.0
0	6529	5472	3	14	818000.0
0	6534	5458	3	14	819000.0
0	6539	5445	3	14	820000.0
0	6543	5431	3	14	821000.0
0	6548	5417	3	14	822000.0
0	6552	5403	3	14	823000.0
0	6557	5389	3	13	824000.0
0	6559	5378	3	10	825000.0
0	6561	5370	3	7	826000.0
0	6561	5364	3	4	827000.0
0	6561	5361	3	2	828000.0
0	6561	5359	3	1	829000.0
0	6561	5358	3	0	830000.0
0	6561	5358	3	0	831000.0
0	6561	5358	3	0	832000.0
0	6561	5358	3	0	833000.0
0	6561	5358	3	0	834000.0
0	6561	5358	3	0	835000.0
0	6561	5358	3	0	836000.0
0	6561	5358	3	0	837000.0
0	6561	5358	3	0	838000.0
0	6561	5358	3	0	839000.0
0	6561	5358	3	0	840000.0
0	6561	5358	3	0	841000.0
0	6561	5356	3	2	842000.0
0	6563	5353	3	4	843000.0
0	6563	5348	3	6	844000.0
0	6562	5341	3	7	845000.0
0	6561	5334	3	5	846000.0
0	6560	5331	3	2	847000.0
0	6560	5329	3	1	848000.0
0	6560	5328	3	0	849000.0
0	6560	5328	3	0	850000.0
0	6560	5328	3	0	851000.0
0	6560	5328	3	0	852000.0
0	6560	5328	3	0	853000.0
0	6560	5328	3	0	854000.0
0	6560	5328	3	0	855000.0
0	6560	5328	3	0	856000.0
0	6560	5328	3	0	857000.0
0	6560	5328	3	0	858000.0
0	6560	5328	3	0	859000.0
0	6560	5328	3	0	860000.0
0	6560	5328	3	0	861000.0
0	6560	5328	3	0	862000.0
0	6560	5328	3	0	863000.0
0	6560	5328	3	0	864000.0
0	6560	5328	3	0	865000.0
0	6560	5328	3	0	866000.0
0	6560	5328	3	0	867000.0
0	6560	5328	3	0	868000.0
0	6560	5328	3	0	869000.0
0	6560	5328	3	0	870000.0
0	6560	5328	3	0	871000.0
0	6560	5328	3	0	872000.0
0	6560	5328	3	0	873000.0
0	6560	5328	3	0	874000.0
0	6560	5328	3	0	875000.0
0	6560	5328	3	0	876000.0
0	6560	5328	3	0	877000.0
0	6560	5328	3	0	878000.0
0	6560	5328	3	0	879000.0
0	6560	5328	3	0	880000.0
0	6560	5327	3	0	881000.0
0	6559	5326	3	2	882000.0
0	6559	5322	3	4	883000.0
0	6558	5317	3	6	884000.0
0	6557	5309	3	8	885000.0
0	6556	5299	3	10	886000.0
0	6554	5288	3	12	887000.0
0	6550	5275	3	14	888000.0
0	6546	5261	3	14	889000.0
0	6542	5247	3	14	890000.0
0	6538	5233	3	14	891000.0
0	6534	5219	3	14	892000.0
0	6530	5205	3	14	893000.0
0	6525	5191	3	14	894000.0
0	6521	5177	3	14	895000.0
0	6517	5163	3	14	896000.0
0	6515	5150	3	11	897000.0
0	6514	5140	3	8	898000.0
0	6512	5133	3	5	899000.0
0	6512	5129	3	3	900000.0
0	6511	5127	3	2	901000.0
0	6511	5123	3	4	902000.0
0	6510	5118	3	6	903000.0
0	6509	5111	3	8	904000.0
0	6509	5102	3	10	905000.0
0	6509	5091	3	12	906000.0
0	6509	5078	3	13	907000.0
0	6509	5063	3	14	908000.0
0	6509	5049	3	14	909000.0
0	6508	5034	3	14	910000.0
0	6508	5020	3	14	911000.0
0	6509	5005	3	14	912000.0
0	6510	4991	3	14	913000.0
0	6511	4976	3	14	914000.0
0	6512	4962	3	14	915000.0
0	6513	4947	3	14	916000.0
0	6515	4933	3	12	917000.0
0	6515	4922	3	9	918000.0
0	6516	4914	3	6	919000.0
0	6516	4909	3	4	920000.0
0	6516	4906	3	1	921000.0
0	6516	4906	3	0	922000.0
0	6516	4906	3	0	923000.0
0	6516	4906	3	0	924000.0
0	6516	4906	3	0	925000.0
0	6516	4906	3	0	926000.0
0	6516	4906	3	0	927000.0
0	6516	4906	3	0	928000.0
0	6516	4906	3	0	929000.0
0	6516	4906	3	0	930000.0
0	6516	4906	3	0	931000.0
0	6516	4906	3	0	932000.0
0	6516	4906	3	0	933000.0
0	6516	4906	3	0	934000.0
0	6516	4906	3	0	935000.0
0	6516	4906	3	0	936000.0
0	6516	4906	3	0	937000.0
0	6516	4906	3	0	938000.0
0	6516	4906	3	0	939000.0
0	6516	4906	3	0	940000.0
0	6516	4906	3	0	941000.0
0	6517	4904	3	2	942000.0
0	6517	4901	3	4	943000.0
0	6517	4895	3	6	944000.0
0	6518	4887	3	8	945000.0
0	6520	4878	3	10	946000.0
0	6518	4866	3	12	947000.0
0	6516	4853	3	14	948000.0
0	6513	4839	3	14	949000.0
0	6511	4824	3	14	950000.0
0	6508	4810	3	14	951000.0
0	6506	4795	3	14	952000.0
0	6504	4781	3	14	953000.0
0	6501	4767	3	14	954000.0
0	6499	4752	3	14	955000.0
0	6497	4738	3	14	956000.0
0	6495	4723	3	14	957000.0
0	6492	4709	3	14	958000.0
0	6490	4695	3	14	959000.0
0	6487	4680	3	14	960000.0
0	6495	4669	2	14	961000.0
0	6509	4665	1	14	962000.0
0	6523	4662	1	14	963000.0
0	6538	4658	1	14	964000.0
0	6552	4654	1	14	965000.0
0	6566	4651	1	14	966000.0
0	6580	4648	1	14	967000.0
0	6595	4646	1	14	968000.0
0	6609	4643	1	14	969000.0
0	6623	4641	1	14	970000.0
0	6637	4635	1	14	971000.0
0	6651	4632	1	14	972000.0
0	6666	4630	1	14	973000.0
0	6680	4627	1	14	974000.0
0	6694	4624	1	14	975000.0
0	6709	4622	1	14	976000.0
0	6723	4619	1	14	977000.0
0	6737	4617	1	14	978000.0
0	6752	4614	1	14	979000.0
0	6766	4611	1	14	980000.0
0	6780	4609	1	14	981000.0
0	6795	4606	1	14	982000.0
0	6809	4603	1	14	983000.0
0	6823	4601	1	14	984000.0
0	6838	4598	1	14	985000.0
0	6852	4596	1	14	986000.0
0	6867	4594	1	14	987000.0
0	6881	4592	1	14	988000.0
0	6896	4589	1	14	989000.0
0	6910	4587	1	14	990000.0
0	6924	4585	1	13	991000.0
0	6935	4583	1	9	992000.0
0	6943	4582	1	6	993000.0
0	6948	4581	1	4	994000.0
0	6951	4581	1	2	995000.0
0	6953	4581	1	1	996000.0
0	6954	4581	1	0	997000.0
0	6954	4581	1	0	998000.0
0	6954	4581	1	0	999000.0
0	6954	4581	1	0	1000000.0
0	6954	4581	1	0	1001000.0
0	6954	4581	1	0	1002000.0
0	6954	4581	1	0	1003000.0
0	6954	4581	1	0	1004000.0
0	6954	4581	1	0	1005000.0
0	6954	4581	1	0	1006000.0
0	6954	4581	1	0	1007000.0
0	6954	4581	1	0	1008000.0
0	6954	4581	1	0	1009000.0
0	6954	4581	1	0	1010000.0
0	6954	4581	1	0	1011000.0
0	6954	4581	1	0	1012000.0
0	6954	4581	1	0	1013000.0
0	6954	4581	1	0	1014000.0
0	6954	4581	1	0	1015000.0
0	6954	4581	1	0	1016000.0
0	6954	4581	1	0	1017000.0
0	6954	4581	1	0	1018000.0
0	6954	4581	1	0	1019000.0
0	6954	4581	1	0	1020000.0
0	6954	4581	1	0	1021000.0
0	6954	4581	1	0	1022000.0
0	6954	4581	1	0	1023000.0
0	6954	4581	1	0	1024000.0
0	6954	4581	1	0	1025000.0
0	6954	4581	1	0	1026000.0
0	6954	4581	1	0	1027000.0
0	6954	4581	1	0	1028000.0
0	6954	4581	1	0	1029000.0
0	6954	4581	1	0	1030000.0
0	6954	4581	1	0	1031000.0
0	6954	4581	1	0	1032000.0
0	6954	4581	1	0	1033000.0
0	6954	4581	1	0	1034000.0
0	6954	4581	1	0	1035000.0
0	6954	4581	1	0	1036000.0
0	6955	4580	1	2	1037000.0
0	6959	4579	1	4	1038000.0
0	6963	4578	1	3	1039000.0
0	6966	4574	2	6	1040000.0
0	6968	4567	2	7	1041000.0
0	6971	4558	3	9	1042000.0
0	6970	4547	3	11	1043000.0
0	6973	4534	3	13	1044000.0
0	6972	4520	3	14	1045000.0
0	6971	4506	3	14	1046000.0
0	6971	4491	3	14	1047000.0
0	6970	4477	3	14	1048000.0
0	6969	4462	3	14	1049000.0
0	6968	4447	3	14	1050000.0
0	6967	4433	3	14	1051000.0
0	6967	4420	3	10	1052000.0
0	6966	4411	3	7	1053000.0
0	6966	4405	3	5	1054000.0
0	6966	4401	3	2	1055000.0
0	6965	4399	3	1	1056000.0
0	6965	4398	3	0	1057000.0
0	6965	4398	3	0	1058000.0
0	6965	4398	3	0	1059000.0
0	6965	4398	3	0	1060000.0
0	6965	4398	3	0	1061000.0
0	6965	4398	3	0	1062000.0
0	6965	4398	3	0	1063000.0
0	6965	4398	3	0	1064000.0
0	6965	4398	3	0	1065000.0
0	6965	4398	3	0	1066000.0
0	6965	4398	3	0	1067000.0
0	6965	4398	3	0	1068000.0
0	6965	4398	3	0	1069000.0
0	6965	4398	3	0	1070000.0
0	6965	4398	3	0	1071000.0
0	6965	4398	3	0	1072000.0
0	6965	4398	3	0	1073000.0
0	6965	4398	3	0	1074000.0
0	6965	4398	3	0	1075000.0
0	6965	4398	3	0	1076000.0
0	6965	4398	3	0	1077000.0
0	6965	4398	3	0	1078000.0
0	6965	4398	3	0	1079000.0
0	6965	4398	3	0	1080000.0
0	6965	4398	3	0	1081000.0
0	6965	4396	3	2	1082000.0
0	6968	4394	3	4	1083000.0
0	6973	4395	2	6	1084000.0
0	6981	4396	1	8	1085000.0
0	6990	4397	1	10	1086000.0
0	7001	4399	1	12	1087000.0
0	7014	4401	1	14	1088000.0
0	7017	4414	7	14	1089000.0
0	7018	4428	7	14	1090000.0
0	7018	4443	7	14	1091000.0
0	7019	4457	7	14	1092000.0
0	7020	4472	7	14	1093000.0
0	7021	4486	7	14	1094000.0
0	7022	4501	7	14	1095000.0
0	7023	4514	7	11	1096000.0
0	7023	4524	7	8	1097000.0
0	7023	4530	7	5	1098000.0
0	7023	4535	7	3	1099000.0
0	7023	4537	7	0	1100000.0
0	7023	4537	7	0	1101000.0
0	7023	4537	7	0	1102000.0
0	7023	4537	7	0	1103000.0
0	7023	4537	7	0	1104000.0
0	7023	4537	7	0	1105000.0
0	7023	4537	7	0	1106000.0
0	7023	4537	7	0	1107000.0
0	7023	4537	7	0	1108000.0
0	7023	4537	7	0	1109000.0
0	7023	4537	7	0	1110000.0
0	7023	4537	7	0	1111000.0
0	7023	4537	7	0	1112000.0
0	7023	4537	7	0	1113000.0
0	7023	4537	7	0	1114000.0
0	7023	4537	7	0	1115000.0
0	7023	4537	7	0	1116000.0
0	7023	4537	7	0	1117000.0
0	7023	4537	7	0	1118000.0
0	7023	4537	7	0	1119000.0
0	7027	4538	7	1	1120000.0
0	7027	4541	7	3	1121000.0
0	7027	4545	7	5	1122000.0
0	7027	4551	7	7	1123000.0
0	7024	4559	7	9	1124000.0
0	7015	4566	6	10	1125000.0
0	7007	4569	6	7	1126000.0
0	7001	4570	5	5	1127000.0
0	6996	4571	5	5	1128000.0
0	6990	4572	5	6	1129000.0
0	6983	4573	5	7	1130000.0
0	6977	4574	5	5	1131000.0
0	6973	4575	5	3	1132000.0
0	6969	4579	6	6	1133000.0
0	6966	4585	6	8	1134000.0
0	6966	4594	7	9	1135000.0
0	6967	4605	7	11	1136000.0
0	6967	4618	7	13	1137000.0
0	6968	4633	7	14	1138000.0
0	6969	4647	7	14	1139000.0
0	6970	4660	7	11	1140000.0
0	6972	4669	7	8	1141000.0
0	6973	4676	7	5	1142000.0
0	6974	4680	7	3	1143000.0
0	6974	4682	7	1	1144000.0
0	6974	4684	7	0	1145000.0
0	6974	4684	7	0	1146000.0
0	6974	4684	7	0	1147000.0
0	6974	4684	7	0	1148000.0
0	6974	4684	7	0	1149000.0
0	6974	4684	7	0	1150000.0
0	6974	4684	7	0	1151000.0
0	6974	4684	7	0	1152000.0
0	6974	4684	7	0	1153000.0
0	6974	4684	7	0	1154000.0
0	6974	4684	7	0	1155000.0
0	6974	4684	7	0	1156000.0
0	6974	4684	7	0	1157000.0
0	6974	4684	7	0	1158000.0
0	6974	4684	7	0	1159000.0
0	6974	4684	7	0	1160000.0
0	6974	4684	7	0	1161000.0
0	6974	4684	7	0	1162000.0
0	6974	4684	7	0	1163000.0
0	6974	4684	7	0	1164000.0
0	6974	4684	7	0	1165000.0
0	6974	4684	7	0	1166000.0
0	6974	4684	7	0	1167000.0
0	6974	4684	7	0	1168000.0
0	6974	4684	7	0	1169000.0
0	6974	4684	7	0	1170000.0
0	6974	4684	7	0	1171000.0
0	6975	4686	7	2	1172000.0
0	6975	4689	7	4	1173000.0
0	6976	4694	7	6	1174000.0
0	6979	4701	7	8	1175000.0
0	6982	4710	7	10	1176000.0
0	6986	4720	7	12	1177000.0
0	6988	4734	7	14	1178000.0
0	6994	4747	7	14	1179000.0
0	6999	4761	7	14	1180000.0
0	7005	4774	7	14	1181000.0
0	7010	4788	7	14	1182000.0
0	7016	4801	7	14	1183000.0
0	7021	4815	7	14	1184000.0
0	7027	4828	7	14	1185000.0
0	7032	4842	7	14	1186000.0
0	7038	4855	7	14	1187000.0
0	7043	4869	7	14	1188000.0
0	7049	4882	7	14	1189000.0
0	7051	4897	7	14	1190000.0
0	7056	4909	7	11	1191000.0
0	7060	4918	7	8	1192000.0
0	7062	4924	7	5	1193000.0
0	7064	4928	7	3	1194000.0
0	7064	4930	7	1	1195000.0
0	7065	4931	7	0	1196000.0
0	7065	4932	7	0	1197000.0
0	7065	4932	7	0	1198000.0
0	7065	4932	7	0	1199000.0
0	7065	4932	7	0	1200000.0
0	7065	4932	7	0	1201000.0
0	7066	4933	7	2	1202000.0
0	7067	4936	8	4	1203000.0
0	7070	4941	8	6	1204000.0
0	7073	4948	8	8	1205000.0
0	7078	4957	8	10	1206000.0
0	7083	4967	8	12	1207000.0
0	7090	4979	8	14	1208000.0
0	7096	4992	8	14	1209000.0
0	7103	5004	8	14	1210000.0
0	7110	5017	8	14	1211000.0
0	7117	5030	8	14	1212000.0
0	7124	5043	8	14	1213000.0
0	7130	5056	8	13	1214000.0
0	7135	5066	8	9	1215000.0
0	7139	5073	8	6	1216000.0
0	7141	5078	8	4	1217000.0
0	7143	5081	8	1	1218000.0
0	7143	5081	8	0	1219000.0
0	7143	5081	8	0	1220000.0
0	7143	5081	8	0	1221000.0
0	7143	5081	8	0	1222000.0
0	7143	5081	8	0	1223000.0
0	7143	5081	8	0	1224000.0
0	7143	5081	8	0	1225000.0
0	7143	5081	8	0	1226000.0
0	7143	5081	8	0	1227000.0
0	7143	5081	8	0	1228000.0
0	7143	5081	8	0	1229000.0
0	7143	5081	8	0	1230000.0
0	7143	5081	8	0	1231000.0
0	7143	5081	8	0	1232000.0
0	7143	5081	8	0	1233000.0
0	7143	5081	8	0	1234000.0
0	7143	5081	8	0	1235000.0
0	7143	5081	8	0	1236000.0
0	7143	5081	8	0	1237000.0
0	7143	5081	8	0	1238000.0
0	7143	5082	8	2	1239000.0
0	7145	5085	8	4	1240000.0
0	7148	5090	8	6	1241000.0
0	7151	5097	8	8	1242000.0
0	7155	5105	8	9	1243000.0
0	7160	5115	8	11	1244000.0
0	7166	5126	8	13	1245000.0
0	7172	5139	8	14	1246000.0
0	7179	5152	8	14	1247000.0
0	7186	5165	8	14	1248000.0
0	7192	5178	8	14	1249000.0
0	7199	5191	8	14	1250000.0
0	7205	5204	8	14	1251000.0
0	7212	5217	8	14	1252000.0
0	7219	5230	8	14	1253000.0
0	7225	5243	8	13	1254000.0
0	7230	5254	8	10	1255000.0
0	7234	5262	8	7	1256000.0
0	7237	5267	8	4	1257000.0
0	7239	5271	8	2	1258000.0
0	7240	5272	8	1	1259000.0
0	7240	5273	8	0	1260000.0
0	7240	5273	8	0	1261000.0
0	7240	5273	8	0	1262000.0
0	7240	5273	8	0	1263000.0
0	7240	5273	8	0	1264000.0
0	7240	5273	8	0	1265000.0
0	7240	5273	8	0	1266000.0
0	7240	5273	8	0	1267000.0
0	7240	5273	8	0	1268000.0
0	7240	5273	8	0	1269000.0
0	7240	5273	8	0	1270000.0
0	7240	5273	8	0	1271000.0
0	7240	5273	8	0	1272000.0
0	7240	5273	8	0	1273000.0
0	7240	5273	8	0	1274000.0
0	7240	5273	8	0	1275000.0
0	7240	5273	8	0	1276000.0
0	7240	5273	8	0	1277000.0
0	7240	5273	8	0	1278000.0
0	7240	5273	8	0	1279000.0
0	7240	5273	8	0	1280000.0
0	7240	5273	8	0	1281000.0
0	7241	5275	8	2	1282000.0
0	7242	5278	8	4	1283000.0
0	7245	5283	8	6	1284000.0
0	7248	5289	8	8	1285000.0
0	7252	5298	8	9	1286000.0
0	7257	5307	8	11	1287000.0
0	7263	5319	8	13	1288000.0
0	7269	5332	8	14	1289000.0
0	7275	5345	8	14	1290000.0
0	7282	5358	8	13	1291000.0
0	7287	5369	8	10	1292000.0
0	7290	5376	8	7	1293000.0
0	7293	5382	8	4	1294000.0
0	7294	5385	8	2	1295000.0
0	7295	5385	8	0	1296000.0
0	7295	5385	8	0	1297000.0
0	7295	5385	8	0	1298000.0
0	7295	5385	8	0	1299000.0
0	7295	5385	8	0	1300000.0
0	7295	5385	8	0	1301000.0
0	7295	5385	8	0	1302000.0
0	7295	5385	8	0	1303000.0
0	7295	5385	8	0	1304000.0
0	7295	5385	8	0	1305000.0
0	7295	5385	8	0	1306000.0
0	7295	5385	8	0	1307000.0
0	7295	5385	8	0	1308000.0
0	7295	5385	8	0	1309000.0
0	7295	5385	8	0	1310000.0
0	7295	5385	8	0	1311000.0
0	7295	5385	8	0	1312000.0
0	7295	5385	8	0	1313000.0
0	7295	5385	8	0	1314000.0
0	7295	5385	8	0	1315000.0
0	7301	5383	8	2	1316000.0
0	7302	5386	8	3	1317000.0
0	7305	5391	8	6	1318000.0
0	7308	5397	8	8	1319000.0
0	7316	5402	8	10	1320000.0
0	7326	5406	1	11	1321000.0
0	7339	5408	1	13	1322000.0
0	7354	5411	1	16	1323000.0
0	7371	5415	1	17	1324000.0
0	7388	5418	1	17	1325000.0
0	7405	5421	1	17	1326000.0
0	7422	5425	1	17	1327000.0
0	7439	5429	1	17	1328000.0
0	7456	5432	1	17	1329000.0
0	7473	5433	1	17	1330000.0
0	7491	5434	1	17	1331000.0
0	7507	5432	1	15	1332000.0
0	7520	5427	1	12	1333000.0
0	7529	5421	2	8	1334000.0
0	7535	5416	2	6	1335000.0
0	7539	5414	2	3	1336000.0
0	7541	5413	2	0	1337000.0
0	7541	5413	2	0	1338000.0
0	7541	5413	2	0	1339000.0
0	7541	5413	2	0	1340000.0
0	7541	5413	2	0	1341000.0
0	7541	5413	2	0	1342000.0
0	7541	5413	2	0	1343000.0
0	7541	5413	2	0	1344000.0
0	7541	5413	2	0	1345000.0
0	7541	5413	2	0	1346000.0
0	7541	5413	2	0	1347000.0
0	7541	5413	2	0	1348000.0
0	7541	5413	2	0	1349000.0
0	7541	5413	2	0	1350000.0
0	7541	5413	2	0	1351000.0
0	7541	5413	2	0	1352000.0
0	7541	5413	2	0	1353000.0
0	7541	5413	2	0	1354000.0
0	7541	5413	2	0	1355000.0
0	7541	5413	2	0	1356000.0
0	7541	5412	2	0	1357000.0
0	7543	5411	2	3	1358000.0
0	7546	5409	2	5	1359000.0
0	7549	5403	2	6	1360000.0
0	7556	5398	2	9	1361000.0
0	7565	5393	2	11	1362000.0
0	7575	5386	2	13	1363000.0
0	7587	5378	2	14	1364000.0
0	7599	5370	2	14	1365000.0
0	7611	5362	2	14	1366000.0
0	7625	5356	1	14	1367000.0
0	7639	5352	1	14	1368000.0
0	7654	5350	1	14	1369000.0
0	7668	5350	1	13	1370000.0
0	7680	5351	1	10	1371000.0
0	7688	5354	1	7	1372000.0
0	7693	5355	1	4	1373000.0
0	7697	5356	1	2	1374000.0
0	7698	5357	1	1	1375000.0
0	7699	5357	1	0	1376000.0
0	7699	5357	1	0	1377000.0
0	7699	5357	1	0	1378000.0
0	7699	5357	1	0	1379000.0
0	7699	5357	1	0	1380000.0
0	7699	5357	1	0	1381000.0
0	7699	5357	1	0	1382000.0
0	7699	5357	1	0	1383000.0
0	7699	5357	1	0	1384000.0
0	7699	5357	1	0	1385000.0
0	7699	5357	1	0	1386000.0
0	7699	5357	1	0	1387000.0
0	7699	5357	1	0	1388000.0
0	7699	5357	1	0	1389000.0
0	7699	5357	1	0	1390000.0
0	7699	5357	1	0	1391000.0
0	7699	5357	1	0	1392000.0
0	7699	5357	1	0	1393000.0
0	7699	5357	1	0	1394000.0
0	7699	5357	1	0	1395000.0
0	7699	5357	1	0	1396000.0
0	7699	5357	1	0	1397000.0
0	7699	5357	1	0	1398000.0
0	7699	5357	1	0	1399000.0
0	7699	5357	1	0	1400000.0
0	7699	5357	1	0	1401000.0
0	7699	5357	1	0	1402000.0
0	7699	5357	1	0	1403000.0
0	7699	5357	1	0	1404000.0
0	7699	5357	1	0	1405000.0
0	7699	5357	1	0	1406000.0
0	7699	5357	1	0	1407000.0
0	7699	5357	1	0	1408000.0
0	7699	5357	1	0	1409000.0
0	7699	5357	1	0	1410000.0
0	7699	5357	1	0	1411000.0
0	7699	5357	1	0	1412000.0
0	7699	5357	1	0	1413000.0
0	7699	5357	1	0	1414000.0
0	7699	5357	1	0	1415000.0
0	7699	5357	1	0	1416000.0
0	7699	5357	1	0	1417000.0
0	7699	5357	1	0	1418000.0
0	7699	5357	1	0	1419000.0
0	7699	5357	1	0	1420000.0
0	7699	5357	1	0	1421000.0
0	7699	5357	1	0	1422000.0
0	7701	5357	1	2	1423000.0
0	7704	5359	1	4	1424000.0
0	7709	5360	1	6	1425000.0
0	7716	5363	1	8	1426000.0
0	7723	5369	8	10	1427000.0
0	7733	5374	8	12	1428000.0
0	7744	5381	8	12	1429000.0
0	7753	5387	8	8	1430000.0
0	7758	5392	8	6	1431000.0
0	7762	5395	8	3	1432000.0
0	7763	5397	8	0	1433000.0
0	7763	5397	8	0	1434000.0
0	7763	5397	8	0	1435000.0
0	7763	5397	8	0	1436000.0
0	7763	5397	8	0	1437000.0
0	7763	5397	8	0	1438000.0
0	7763	5397	8	0	1439000.0
0	7763	5397	8	0	1440000.0
0	7763	5397	8	0	1441000.0
0	7763	5397	8	0	1442000.0
0	7763	5397	8	0	1443000.0
0	7763	5397	8	0	1444000.0
0	7763	5397	8	0	1445000.0
0	7763	5397	8	0	1446000.0
0	7763	5397	8	0	1447000.0
0	7763	5397	8	0	1448000.0
0	7763	5397	8	0	1449000.0
0	7763	5397	8	0	1450000.0
0	7763	5397	8	0	1451000.0
0	7763	5397	8	0	1452000.0
0	7763	5397	8	0	1453000.0
0	7765	5398	8	2	1454000.0
0	7768	5401	8	4	1455000.0
0	7772	5405	8	6	1456000.0
0	7778	5410	8	8	1457000.0
0	7785	5417	8	10	1458000.0
0	7792	5426	8	12	1459000.0
0	7799	5437	8	14	1460000.0
0	7806	5449	8	14	1461000.0
0	7813	5462	8	14	1462000.0
0	7820	5475	8	14	1463000.0
0	7828	5488	8	14	1464000.0
0	7835	5500	8	14	1465000.0
0	7842	5513	8	14	1466000.0
0	7849	5526	8	14	1467000.0
0	7856	5538	8	12	1468000.0
0	7862	5547	8	9	1469000.0
0	7865	5554	8	6	1470000.0
0	7867	5559	8	4	1471000.0
0	7869	5561	8	1	1472000.0
0	7869	5562	8	0	1473000.0
0	7869	5562	8	0	1474000.0
0	7869	5562	8	0	1475000.0
0	7869	5562	8	0	1476000.0
0	7869	5562	8	0	1477000.0
0	7869	5562	8	0	1478000.0
0	7869	5562	8	0	1479000.0
0	7869	5562	8	0	1480000.0
0	7869	5562	8	0	1481000.0
0	7869	5562	8	0	1482000.0
0	7869	5562	8	0	1483000.0
0	7869	5562	8	0	1484000.0
0	7869	5562	8	0	1485000.0
0	7869	5562	8	0	1486000.0
0	7869	5562	8	0	1487000.0
0	7869	5562	8	0	1488000.0
0	7869	5562	8	0	1489000.0
0	7869	5562	8	0	1490000.0
0	7869	5562	8	0	1491000.0
0	7869	5562	8	0	1492000.0
0	7870	5563	8	2	1493000.0
0	7872	5566	8	4	1494000.0
0	7874	5571	8	6	1495000.0
0	7878	5578	8	8	1496000.0
0	7882	5587	8	10	1497000.0
0	7888	5598	8	12	1498000.0
0	7895	5610	8	14	1499000.0
0	7902	5623	8	14	1500000.0
0	7908	5636	8	14	1501000.0
0	7915	5649	8	14	1502000.0
0	7921	5662	8	14	1503000.0
0	7927	5675	8	14	1504000.0
0	7933	5688	8	14	1505000.0
0	7939	5701	8	12	1506000.0
0	7943	5711	8	9	1507000.0
0	7946	5718	8	6	1508000.0
0	7948	5723	8	4	1509000.0
0	7949	5726	8	2	1510000.0
0	7950	5727	8	0	1511000.0
0	7950	5727	8	0	1512000.0
0	7950	5728	8	0	1513000.0
0	7950	5728	8	0	1514000.0
0	7950	5728	8	0	1515000.0
0	7950	5728	8	0	1516000.0
0	7950	5728	8	0	1517000.0
0	7950	5728	8	0	1518000.0
0	7950	5728	8	0	1519000.0
0	7950	5728	8	0	1520000.0
0	7950	5728	8	0	1521000.0
0	7950	5728	8	0	1522000.0
0	7950	5728	8	0	1523000.0
0	7950	5728	8	0	1524000.0
0	7950	5728	8	0	1525000.0
0	7950	5728	8	0	1526000.0
0	7950	5728	8	0	1527000.0
0	7950	5728	8	0	1528000.0
0	7950	5728	8	0	1529000.0
0	7950	5728	8	0	1530000.0
0	7950	5728	8	0	1531000.0
0	7951	5729	8	2	1532000.0
0	7952	5732	8	4	1533000.0
0	7954	5737	8	6	1534000.0
0	7957	5744	7	8	1535000.0
0	7961	5753	7	10	1536000.0
0	7963	5764	7	12	1537000.0
0	7964	5777	7	14	1538000.0
0	7959	5791	7	14	1539000.0
0	7953	5804	6	14	1540000.0
0	7947	5817	6	14	1541000.0
0	7942	5829	6	11	1542000.0
0	7938	5837	6	8	1543000.0
0	7935	5843	6	5	1544000.0
0	7934	5847	6	3	1545000.0
0	7933	5848	6	0	1546000.0
0	7933	5848	6	0	1547000.0
0	7933	5848	6	0	1548000.0
0	7933	5848	6	0	1549000.0
0	7933	5848	6	0	1550000.0
0	7933	5848	6	0	1551000.0
0	7933	5848	6	0	1552000.0
0	7933	5848	6	0	1553000.0
0	7933	5848	6	0	1554000.0
0	7933	5848	6	0	1555000.0
0	7933	5848	6	0	1556000.0
0	7933	5848	6	0	1557000.0
0	7933	5848	6	0	1558000.0
0	7933	5848	6	0	1559000.0
0	7933	5848	6	0	1560000.0
0	7933	5848	6	0	1561000.0
0	7933	5848	6	0	1562000.0
0	7933	5848	6	0	1563000.0
0	7933	5848	6	0	1564000.0
0	7933	5848	6	0	1565000.0
0	7933	5848	6	1	1566000.0
0	7935	5852	6	3	1567000.0
0	7933	5856	6	5	1568000.0
0	7930	5863	6	7	1569000.0
0	7927	5871	6	9	1570000.0
0	7923	5880	6	11	1571000.0
0	7921	5892	7	13	1572000.0
0	7921	5906	7	14	1573000.0
0	7921	5919	7	11	1574000.0
0	7921	5928	7	8	1575000.0
0	7921	5935	7	5	1576000.0
0	7921	5939	7	2	1577000.0
0	7920	5941	7	1	1578000.0
0	7920	5942	7	0	1579000.0
0	7920	5942	7	0	1580000.0
0	7920	5942	7	0	1581000.0
0	7920	5942	7	0	1582000.0
0	7920	5942	7	0	1583000.0
0	7920	5942	7	0	1584000.0
0	7920	5942	7	0	1585000.0
0	7920	5942	7	0	1586000.0
0	7920	5942	7	0	1587000.0
0	7920	5942	7	0	1588000.0
0	7920	5942	7	0	1589000.0
0	7920	5942	7	0	1590000.0
0	7920	5942	7	0	1591000.0
0	7920	5942	7	0	1592000.0
0	7920	5942	7	0	1593000.0
0	7920	5942	7	0	1594000.0
0	7920	5942	7	0	1595000.0
0	7920	5942	7	0	1596000.0
0	7920	5942	7	0	1597000.0
0	7920	5942	7	0	1598000.0
0	7920	5942	7	0	1599000.0
0	7920	5942	7	0	1600000.0
0	7920	5942	7	0	1601000.0
0	7920	5942	7	0	1602000.0
0	7920	5942	7	0	1603000.0
0	7920	5942	7	0	1604000.0
0	7920	5942	7	0	1605000.0
0	7920	5942	7	0	1606000.0
0	7920	5942	7	0	1607000.0
0	7920	5942	7	0	1608000.0
0	7920	5942	7	0	1609000.0
0	7920	5942	7	0	1610000.0
0	7920	5942	7	0	1611000.0
0	7920	5942	7	0	1612000.0
0	7920	5942	7	0	1613000.0
0	7920	5942	7	0	1614000.0
0	7920	5942	7	0	1615000.0
0	7920	5942	7	0	1616000.0
0	7920	5942	7	0	1617000.0
0	7920	5942	7	0	1618000.0
0	7920	5944	7	2	1619000.0
0	7920	5947	7	4	1620000.0
0	7920	5953	7	6	1621000.0
0	7920	5960	7	8	1622000.0
0	7921	5969	7	10	1623000.0
0	7921	5980	7	12	1624000.0
0	7921	5993	7	14	1625000.0
0	7921	6008	7	14	1626000.0
0	7922	6022	7	14	1627000.0
0	7923	6037	7	14	1628000.0
0	7925	6050	7	11	1629000.0
0	7926	6060	7	8	1630000.0
0	7927	6067	7	5	1631000.0
0	7928	6071	7	3	1632000.0
0	7930	6075	7	5	1633000.0
0	7937	6077	8	7	1634000.0
0	7946	6081	1	10	1635000.0
0	7957	6080	1	11	1636000.0
0	7967	6081	1	8	1637000.0
0	7974	6080	1	6	1638000.0
0	7979	6080	1	3	1639000.0
0	7981	6080	1	0	1640000.0
0	7981	6080	1	0	1641000.0
0	7981	6080	1	0	1642000.0
0	7981	6080	1	0	1643000.0
0	7981	6080	1	0	1644000.0
0	7981	6080	1	0	1645000.0
0	7981	6080	1	0	1646000.0
0	7981	6080	1	0	1647000.0
0	7981	6080	1	0	1648000.0
0	7981	6080	1	0	1649000.0
0	7981	6080	1	0	1650000.0
0	7981	6080	1	0	1651000.0
0	7981	6080	1	0	1652000.0
0	7981	6080	1	0	1653000.0
0	7981	6080	1	0	1654000.0
0	7981	6080	1	0	1655000.0
0	7981	6080	1	0	1656000.0
0	7981	6080	1	0	1657000.0
0	7981	6080	1	0	1658000.0
0	7981	6080	1	0	1659000.0
0	7981	6080	1	0	1660000.0
0	7983	6080	1	3	1661000.0
0	7988	6080	1	5	1662000.0
0	7994	6080	1	6	1663000.0
0	8002	6080	1	8	1664000.0
0	8011	6080	1	10	1665000.0
0	8023	6080	1	12	1666000.0
0	8037	6079	1	14	1667000.0
0	8052	6077	1	16	1668000.0
0	8069	6074	1	17	1669000.0
0	8087	6071	1	17	1670000.0
0	8104	6068	1	17	1671000.0
0	8121	6065	1	17	1672000.0
0	8138	6062	1	17	1673000.0
0	8156	6059	1	17	1674000.0
0	8173	6055	1	17	1675000.0
0	8190	6052	1	17	1676000.0
0	8206	6048	1	14	1677000.0
0	8218	6045	1	11	1678000.0
0	8228	6043	1	8	1679000.0
0	8234	6041	1	5	1680000.0
0	8238	6040	1	3	1681000.0
0	8240	6040	1	0	1682000.0
0	8240	6040	1	0	1683000.0
0	8240	6040	1	0	1684000.0
0	8240	6040	1	0	1685000.0
0	8240	6040	1	0	1686000.0
0	8240	6040	1	0	1687000.0
0	8240	6040	1	0	1688000.0
0	8240	6040	1	0	1689000.0
0	8240	6040	1	0	1690000.0
0	8240	6040	1	0	1691000.0
0	8240	6040	1	0	1692000.0
0	8240	6040	1	0	1693000.0
0	8240	6040	1	0	1694000.0
0	8240	6040	1	0	1695000.0
0	8240	6040	1	0	1696000.0
0	8240	6040	1	0	1697000.0
0	8240	6040	1	0	1698000.0
0	8240	6040	1	0	1699000.0
0	8240	6040	1	0	1700000.0
0	8240	6040	1	0	1701000.0
0	8240	6040	1	1	1702000.0
0	8243	6039	1	3	1703000.0
0	8247	6038	1	5	1704000.0
0	8253	6036	1	7	1705000.0
0	8261	6034	1	9	1706000.0
0	8271	6032	1	11	1707000.0
0	8282	6029	1	13	1708000.0
0	8296	6025	1	14	1709000.0
0	8312	6022	1	17	1710000.0
0	8329	6017	1	17	1711000.0
0	8346	6013	1	17	1712000.0
0	8363	6009	1	17	1713000.0
0	8380	6005	1	17	1714000.0
0	8397	6000	1	17	1715000.0
0	8408	6005	8	14	1716000.0
0	8413	6019	7	14	1717000.0
0	8418	6032	7	14	1718000.0
0	8422	6046	7	14	1719000.0
0	8427	6060	7	14	1720000.0
0	8432	6074	7	14	1721000.0
0	8437	6087	7	14	1722000.0
0	8442	6101	7	13	1723000.0
0	8446	6111	7	10	1724000.0
0	8449	6119	7	7	1725000.0
0	8450	6125	7	4	1726000.0
0	8451	6128	7	2	1727000.0
0	8451	6128	7	0	1728000.0
0	8451	6128	7	0	1729000.0
0	8451	6128	7	0	1730000.0
0	8451	6128	7	0	1731000.0
0	8451	6128	7	0	1732000.0
0	8451	6128	7	0	1733000.0
0	8451	6128	7	0	1734000.0
0	8451	6128	7	0	1735000.0
0	8451	6128	7	0	1736000.0
0	8451	6128	7	0	1737000.0
0	8451	6128	7	0	1738000.0
0	8451	6128	7	0	1739000.0
0	8451	6128	7	0	1740000.0
0	8451	6128	7	0	1741000.0
0	8451	6128	7	0	1742000.0
0	8451	6128	7	0	1743000.0
0	8451	6128	7	0	1744000.0
0	8451	6128	7	0	1745000.0
0	8451	6128	7	0	1746000.0
0	8451	6128	7	0	1747000.0
0	8452	6129	7	2	1748000.0
0	8453	6133	7	4	1749000.0
0	8454	6138	7	6	1750000.0
0	8455	6145	7	8	1751000.0
0	8457	6154	7	10	1752000.0
0	8458	6165	7	12	1753000.0
0	8460	6179	7	14	1754000.0
0	8463	6193	7	14	1755000.0
0	8465	6208	7	14	1756000.0
0	8467	6222	7	14	1757000.0
0	8469	6237	7	14	1758000.0
0	8471	6251	7	14	1759000.0
0	8473	6265	7	14	1760000.0
0	8476	6280	7	14	1761000.0
0	8478	6294	7	14	1762000.0
0	8480	6309	7	14	1763000.0
0	8483	6323	7	14	1764000.0
0	8486	6337	7	14	1765000.0
0	8489	6352	7	14	1766000.0
0	8491	6366	7	14	1767000.0
0	8493	6380	7	14	1768000.0
0	8496	6395	7	14	1769000.0
0	8498	6409	7	14	1770000.0
0	8500	6424	7	14	1771000.0
0	8503	6438	7	14	1772000.0
0	8505	6452	7	14	1773000.0
0	8507	6467	7	14	1774000.0
0	8510	6481	7	14	1775000.0
0	8512	6495	7	14	1776000.0
0	8515	6510	7	14	1777000.0
0	8518	6524	7	14	1778000.0
0	8520	6538	7	14	1779000.0
0	8522	6553	7	14	1780000.0
0	8524	6567	7	14	1781000.0
0	8526	6582	7	14	1782000.0
0	8527	6596	7	14	1783000.0
0	8528	6611	7	14	1784000.0
0	8527	6623	7	11	1785000.0
0	8527	6633	7	8	1786000.0
0	8526	6640	7	5	1787000.0
0	8525	6644	7	3	1788000.0
0	8525	6645	7	0	1789000.0
0	8525	6645	7	0	1790000.0
0	8525	6645	7	0	1791000.0
0	8525	6645	7	0	1792000.0
0	8525	6645	7	0	1793000.0
0	8525	6645	7	0	1794000.0
0	8525	6645	7	0	1795000.0
0	8525	6645	7	0	1796000.0
0	8525	6645	7	0	1797000.0
0	8525	6645	7	0	1798000.0
0	8525	6645	7	0	1799000.0
0	8525	6645	7	0	1800000.0
0	8525	6645	7	0	1801000.0
0	8525	6645	7	0	1802000.0
0	8525	6645	7	0	1803000.0
0	8525	6645	7	0	1804000.0
0	8525	6645	7	0	1805000.0
0	8525	6645	7	0	1806000.0
0	8525	6645	7	0	1807000.0
0	8525	6645	7	0	1808000.0
0	8525	6646	7	1	1809000.0
0	8525	6648	7	3	1810000.0
0	8524	6653	7	5	1811000.0
0	8523	6659	7	7	1812000.0
0	8522	6667	7	9	1813000.0
0	8521	6678	7	11	1814000.0
0	8519	6690	7	13	1815000.0
0	8507	6691	5	14	1816000.0
0	8493	6687	5	14	1817000.0
0	8479	6684	5	14	1818000.0
0	8465	6681	5	14	1819000.0
0	8450	6678	5	14	1820000.0
0	8436	6675	5	14	1821000.0
0	8422	6672	5	14	1822000.0
0	8408	6669	5	14	1823000.0
0	8396	6667	5	10	1824000.0
0	8387	6665	5	7	1825000.0
0	8381	6664	5	5	1826000.0
0	8377	6663	5	2	1827000.0
0	8376	6663	5	0	1828000.0
0	8376	6663	5	0	1829000.0
0	8376	6663	5	0	1830000.0
0	8376	6663	5	0	1831000.0
0	8376	6663	5	0	1832000.0
0	8376	6663	5	0	1833000.0
0	8376	6663	5	0	1834000.0
0	8376	6663	5	0	1835000.0
0	8376	6663	5	0	1836000.0
0	8376	6663	5	0	1837000.0
0	8376	6663	5	0	1838000.0
0	8376	6663	5	0	1839000.0
0	8376	6663	5	0	1840000.0
0	8376	6663	5	0	1841000.0
0	8376	6663	5	0	1842000.0
0	8376	6663	5	0	1843000.0
0	8376	6663	5	0	1844000.0
0	8376	6663	5	0	1845000.0
0	8376	6663	5	0	1846000.0
0	8376	6663	5	0	1847000.0
0	8375	6663	5	1	1848000.0
0	8372	6662	5	3	1849000.0
0	8368	6661	5	5	1850000.0
0	8361	6660	5	7	1851000.0
0	8353	6658	5	9	1852000.0
0	8343	6656	5	11	1853000.0
0	8330	6657	5	13	1854000.0
0	8316	6655	5	14	1855000.0
0	8301	6654	5	14	1856000.0
0	8287	6654	5	14	1857000.0
0	8272	6654	5	14	1858000.0
0	8258	6655	5	14	1859000.0
0	8244	6658	5	14	1860000.0
0	8230	6662	5	14	1861000.0
0	8216	6665	5	14	1862000.0
0	8201	6669	5	14	1863000.0
0	8187	6672	5	14	1864000.0
0	8173	6675	5	14	1865000.0
0	8159	6679	5	14	1866000.0
0	8145	6682	5	14	1867000.0
0	8131	6685	5	14	1868000.0
0	8116	6689	5	14	1869000.0
0	8102	6692	5	14	1870000.0
0	8088	6696	5	14	1871000.0
0	8074	6699	5	14	1872000.0
0	8059	6701	5	14	1873000.0
0	8045	6703	5	13	1874000.0
0	8034	6704	5	9	1875000.0
0	8026	6704	5	6	1876000.0
0	8021	6705	5	4	1877000.0
0	8016	6705	5	4	1878000.0
0	8010	6706	5	7	1879000.0
0	8004	6712	6	9	1880000.0
0	8000	6722	6	11	1881000.0
0	7999	6734	7	13	1882000.0
0	7998	6748	7	14	1883000.0
0	7996	6762	7	14	1884000.0
0	7994	6776	7	12	1885000.0
0	7991	6787	7	9	1886000.0
0	7988	6794	7	6	1887000.0
0	7987	6799	7	4	1888000.0
0	7986	6801	7	1	1889000.0
0	7986	6801	7	0	1890000.0
0	7986	6801	7	0	1891000.0
0	7986	6801	7	0	1892000.0
0	7986	6801	7	0	1893000.0
0	7986	6801	7	0	1894000.0
0	7986	6801	7	0	1895000.0
0	7986	6801	7	0	1896000.0
0	7986	6801	7	0	1897000.0
0	7986	6801	7	0	1898000.0
0	7986	6801	7	0	1899000.0
0	7986	6801	7	0	1900000.0
0	7986	6801	7	0	1901000.0
0	7986	6801	7	0	1902000.0
0	7986	6801	7	0	1903000.0
0	7986	6801	7	0	1904000.0
0	7986	6801	7	0	1905000.0
0	7986	6801	7	0	1906000.0
0	7986	6801	7	0	1907000.0
0	7986	6801	7	0	1908000.0
0	7986	6801	7	0	1909000.0
0	7985	6803	7	2	1910000.0
0	7983	6807	7	4	1911000.0
0	7981	6812	6	6	1912000.0
0	7978	6819	6	8	1913000.0
0	7974	6828	6	10	1914000.0
