1.6320001491344277E7
1.6320001491352532E7
1.6320006E7
1.6320016E7
1.6320026E7
1.6320036E7
1.6320046E7
1.6320056E7
1.6320066E7
1.6320076E7
1.6320086E7
1.6320096E7
1.6320106E7
1.6320116E7
1.6320126E7
1.6320136E7
1.6320146E7
1.6320156E7
1.6320166E7
1.6320176E7
1.6320186E7
1.6320196E7
1.6320206E7
1.6320216E7
1.6320226E7
1.6320236E7
1.6320246E7
1.6320256E7
1.6320266E7
1.6320276E7
1.6320286E7
1.6320296E7
1.6320306E7
1.6320316E7
1.6320326E7
1.6320336E7
1.6320346E7
1.6320356E7
1.6320366E7
1.6320376E7
1.6320386E7
1.6320396E7
1.6320406E7
1.6320416E7
1.6320426E7
1.6320436E7
1.6320446E7
1.6320456E7
1.6320466E7
1.6320476E7
1.6320486E7
1.6320489485920137E7
1.6320489485928392E7
1.6320496E7
1.6320506E7
1.6320516E7
1.6320526E7
1.6320536E7
1.6320546E7
1.6320556E7
1.6320566E7
1.6320576E7
1.6320586E7
1.6320596E7
1.6320606E7
1.6320616E7
1.6320626E7
1.6320636E7
1.6320646E7
1.6320656E7
1.6320666E7
1.6320676E7
1.6320686E7
1.6320696E7
1.6320706E7
1.6500006E7
1.650000793214411E7
1.6500007932152364E7
1.6500016E7
1.650001793214411E7
1.6500017932152364E7
1.6500026E7
1.650002793214411E7
1.6500027932152364E7
1.6500036E7
1.650003793214411E7
1.6500037932152364E7
1.6500046E7
1.650004793214411E7
1.6500047932152364E7
1.6500056E7
1.6500066E7
1.650006793214411E7
1.6500067932152364E7
1.6500076E7
1.650007793214411E7
1.6500077932152364E7
1.6500086E7
1.650008793214411E7
1.6500087932152364E7
1.6500096E7
1.650009793214411E7
1.6500097932152364E7
1.6500106E7
1.650010793214411E7
1.6500107932152364E7
1.6500116E7
1.6500126E7
1.650012793214411E7
1.6500127932152364E7
1.6500136E7
1.6500146E7
1.6500156E7
1.6500166E7
1.6500176E7
1.6500186E7
1.6500196E7
1.6500206E7
1.6500216E7
1.6500226E7
1.6500236E7
1.6500246E7
1.6500256E7
1.6500266E7
1.6500276E7
1.6500286E7
1.6500296E7
1.6500306E7
1.6500316E7
1.6500326E7
1.6500336E7
1.6500346E7
1.6500356E7
1.6500366E7
1.6500376E7
1.6500386E7
1.6500396E7
1.6500406E7
1.6500416E7
1.6500426E7
1.6500436E7
1.6500446E7
1.6500456E7
1.6500466E7
1.6500476E7
1.6500486E7
1.6500496E7
1.6500506E7
1.6500516E7
1.6500526E7
1.6500536E7
1.6500546E7
1.6500556E7
1.6500566E7
1.6500576E7
1.6500586E7
1.6500596E7
1.6500606E7
1.6500616E7
1.6500626E7
1.6500636E7
1.6500646E7
1.6500656E7
1.6500666E7
1.6500676E7
1.6500686E7
1.6500696E7
1.6500706E7
1.6500716E7
1.6500726E7
1.6500736E7
1.6500746E7
1.6500756E7
1.6500766E7
1.6500776E7
1.6500786E7
1.6500796E7
1.6500806E7
1.6500816E7
1.6500826E7
1.6500836E7
1.6500846E7
1.6500856E7
1.6500866E7
1.6500876E7
1.6500886E7
1.6500896E7
1.6500906E7
1.6500916E7
1.6500926E7
1.6500936E7
1.6500946E7
1.6500956E7
1.6500966E7
1.6500976E7
1.6500986E7
1.6500996E7
1.6501006E7
1.6501016E7
1.6501026E7
1.6501036E7
1.6501038706320053E7
1.6501038706328308E7
1.6501046E7
1.6501056E7
1.6501066E7
1.6501076E7
1.6501086E7
1.6501096E7
1.6501106E7
1.6501116E7
1.6501126E7
1.6501136E7
1.6501146E7
