1.6443002704386035E7
1.6443002704394147E7
1.6443006E7
1.6443016E7
1.6443026E7
1.6443036E7
1.6443046E7
1.6443056E7
1.6443066E7
1.6443076E7
1.6443086E7
1.6443096E7
1.6443106E7
1.6443116E7
1.6443126E7
1.6443136E7
1.6443146E7
1.6443156E7
1.6443166E7
1.6443176E7
1.6443186E7
1.6443196E7
1.6443206E7
1.6443216E7
1.6443226E7
1.6443236E7
1.6443246E7
1.6443256E7
1.6443266E7
1.6443276E7
1.6443286E7
1.6443296E7
1.6443306E7
1.6443316E7
1.6443326E7
1.6443336E7
1.6443346E7
1.6443356E7
1.6443366E7
1.6443376E7
1.6443386E7
1.6443396E7
1.6443406E7
1.6443416E7
1.6443426E7
1.6443436E7
1.6443446E7
1.6443456E7
1.6443466E7
1.6443476E7
1.6443486E7
1.6443496E7
1.6443506E7
1.6443516E7
1.6443526E7
1.6443536E7
1.6443546E7
1.6443556E7
1.6443566E7
1.6443576E7
1.6443586E7
1.6443596E7
1.6443606E7
1.6443616E7
1.6443626E7
1.6443636E7
1.6443646E7
1.6443656E7
1.6443666E7
1.6443676E7
1.6443686E7
1.6443696E7
1.6443706E7
1.6443716E7
1.6443726E7
1.6443736E7
1.6443741092440944E7
1.6443741092449056E7
1.6443746E7
1.6443756E7
1.6443766E7
1.6443776E7
1.6443786E7
1.6443796E7
1.6443806E7
1.6443816E7
1.6443826E7
1.6443836E7
1.6443846E7
1.6443856E7
1.6443866E7
1.6443876E7
1.6443886E7
1.6443896E7
1.6443906E7
1.6443916E7
1.6443926E7
1.6443936E7
1.6443946E7
1.6443956E7
1.6443966E7
1.6443976E7
1.6443986E7
1.6443996E7
1.6444006E7
1.6444016E7
1.6444026E7
1.6444036E7
1.6444046E7
1.6444056E7
1.6444066E7
1.6444076E7
1.6444086E7
1.6444096E7
1.6444106E7
1.6549006E7
1.6549014896705428E7
1.654901489671354E7
1.6549016E7
1.6549024896705428E7
1.654902489671354E7
1.6549026E7
1.6549034896705428E7
1.654903489671354E7
1.6549036E7
1.6549044896705428E7
1.654904489671354E7
1.6549046E7
1.6549054896705428E7
1.654905489671354E7
1.6549056E7
1.6549064896705428E7
1.654906489671354E7
1.6549066E7
1.6549076E7
1.6549084896705428E7
1.654908489671354E7
1.6549086E7
1.6549096E7
1.6549104896705428E7
1.654910489671354E7
1.6549106E7
1.6549116E7
1.6549124896705428E7
1.654912489671354E7
1.6549126E7
1.6549134896705428E7
1.654913489671354E7
1.6549136E7
1.6549146E7
1.6549154896705428E7
1.654915489671354E7
1.6549156E7
1.6549164896705428E7
1.654916489671354E7
1.6549166E7
1.6549174896705428E7
1.654917489671354E7
1.6549176E7
1.6549184896705428E7
1.654918489671354E7
1.6549186E7
1.6549194896705428E7
1.654919489671354E7
1.6549196E7
1.6549204896705428E7
1.654920489671354E7
1.6549206E7
1.6549214896705428E7
1.654921489671354E7
1.6549216E7
1.6549224896705428E7
1.654922489671354E7
1.6549226E7
1.6549234896705428E7
1.654923489671354E7
1.6549236E7
1.6549244896705428E7
1.654924489671354E7
1.6549246E7
1.6549254896705428E7
1.654925489671354E7
1.6549256E7
1.6549266E7
1.6549276E7
1.6549284896705428E7
1.654928489671354E7
1.6549286E7
1.6549294896705428E7
1.654929489671354E7
1.6549296E7
1.6549304896705428E7
1.654930489671354E7
1.6549306E7
1.6549314896705428E7
1.654931489671354E7
1.6549316E7
1.6549324896705428E7
1.654932489671354E7
1.6549326E7
1.6549336E7
1.6549344896705428E7
1.654934489671354E7
1.6549346E7
1.6549354896705428E7
1.654935489671354E7
1.6549356E7
1.6549366E7
1.6549374896705428E7
1.654937489671354E7
1.6549376E7
1.6549384896705428E7
1.654938489671354E7
1.6549386E7
1.6549394896705428E7
1.654939489671354E7
1.6549396E7
1.6549404896705428E7
1.654940489671354E7
1.6549406E7
1.6549414896705428E7
1.654941489671354E7
1.6549416E7
1.6549424896705428E7
1.654942489671354E7
1.6549426E7
1.6549434896705428E7
1.654943489671354E7
1.6549436E7
1.6549444896705428E7
1.654944489671354E7
1.6549446E7
1.6549454896705428E7
1.654945489671354E7
1.6549456E7
1.6549464896705428E7
1.654946489671354E7
1.6549466E7
1.6549474896705428E7
1.654947489671354E7
1.6549476E7
1.6549484896705428E7
1.654948489671354E7
1.6549486E7
1.6549494896705428E7
1.654949489671354E7
1.6549496E7
1.6549504896705428E7
1.654950489671354E7
1.6549506E7
1.6549516E7
1.6549524896705428E7
1.654952489671354E7
1.6549526E7
1.6549536E7
1.6549544896705428E7
1.654954489671354E7
1.6549546E7
1.6549554896705428E7
1.654955489671354E7
1.6549556E7
1.6549564896705428E7
1.654956489671354E7
1.6549566E7
1.6549574896705428E7
1.654957489671354E7
1.6549576E7
1.6549584896705428E7
1.654958489671354E7
1.6549586E7
1.6549594896705428E7
1.654959489671354E7
1.6549596E7
1.6549604896705428E7
1.654960489671354E7
1.6549606E7
1.654961018860064E7
1.6549610188608753E7
1.6549614896705428E7
1.654961489671354E7
1.6549616E7
1.6549624896705428E7
1.654962489671354E7
1.6549626E7
1.6549634896705428E7
1.654963489671354E7
1.6549636E7
1.6549644896705428E7
1.654964489671354E7
1.6549646E7
1.6549654896705428E7
1.654965489671354E7
1.6549656E7
1.6549666E7
1.6549674896705428E7
1.654967489671354E7
1.6549676E7
1.6549684896705428E7
1.654968489671354E7
1.6549686E7
1.6549696E7
1.6549704896705428E7
1.654970489671354E7
1.6549706E7
1.6549714896705428E7
1.654971489671354E7
1.6549716E7
1.697000454662206E7
1.6970006E7
1.6970016E7
1.6970026E7
1.6970036E7
1.6970046E7
1.6970056E7
1.6970066E7
1.6970076E7
1.6970086E7
1.6970096E7
1.6970106E7
1.6970116E7
1.6970126E7
1.6970136E7
1.6970146E7
1.6970156E7
1.6970166E7
1.6970176E7
1.6970186E7
1.6970196E7
1.6970206E7
1.6970216E7
1.6970226E7
1.6970236E7
1.6970246E7
1.6970256E7
1.6970266E7
1.6970276E7
1.6970286E7
1.6970296E7
1.6970306E7
1.6970316E7
1.6970326E7
1.6970336E7
1.6970346E7
1.6970356E7
1.6970366E7
1.6970376E7
1.6970386E7
1.6970396E7
1.6970406E7
1.6970416E7
1.6970426E7
1.6970436E7
1.6970446E7
1.6970456E7
1.6970466E7
1.6970476E7
1.6970486E7
1.6970496E7
1.6970506E7
1.6970516E7
1.6970526E7
1.6970536E7
1.6970546E7
1.6970556E7
1.6970566E7
1.6970576E7
1.6970586E7
1.6970596E7
1.6970606E7
1.6970616E7
1.6970626E7
1.6970636E7
1.6970646E7
1.6970656E7
1.6970666E7
1.6970676E7
1.6970686E7
1.6970696E7
1.6970706E7
1.6970716E7
1.6970726E7
1.6970736E7
1.6970746E7
1.6970756E7
1.6970766E7
1.6970776E7
1.6970786E7
1.6970796E7
1.6970806E7
1.6970816E7
1.6970826E7
1.6970836E7
1.6970846E7
1.6970856E7
1.6970866E7
1.6970876E7
1.6970886E7
1.6970896E7
1.6970906E7
1.6970916E7
1.6970926E7
1.6970936E7
1.6970946E7
1.6970956E7
1.6970966E7
1.6970976E7
1.6970986E7
1.6970996E7
1.6971006E7
1.6971016E7
1.6971026E7
1.6971036E7
1.6971046E7
1.6971056E7
1.6971066E7
1.7539004185803857E7
1.7539006E7
1.7539016E7
1.7539026E7
1.7539036E7
1.7539046E7
1.7539056E7
1.7539066E7
1.7539076E7
1.7539086E7
1.7539096E7
1.7539106E7
1.7539116E7
1.7539126E7
1.7539136E7
1.7539146E7
1.7539156E7
1.7539166E7
1.7539176E7
1.7539186E7
1.7539196E7
1.7539206E7
1.7539216E7
1.7539226E7
1.7539236E7
1.7539246E7
1.7539256E7
1.7539266E7
1.7539276E7
1.7539286E7
1.7539296E7
1.7539306E7
1.7539316E7
1.7539326E7
1.7539336E7
1.7539346E7
1.7539356E7
1.7539366E7
1.7539376E7
1.7539386E7
1.7539396E7
1.7539406E7
1.7539416E7
1.7539426E7
1.7539436E7
1.7539446E7
1.7539456E7
1.7539466E7
1.7539476E7
1.7539486E7
1.7539496E7
1.7539506E7
1.7539516E7
1.7539526E7
1.7539536E7
1.7539546E7
1.7539556E7
1.7539566E7
1.7539576E7
1.7539586E7
1.7539596E7
1.7539606E7
1.7539616E7
1.7539626E7
1.7539636E7
1.7539646E7
1.7539656E7
1.7539666E7
1.7539676E7
1.7539686E7
1.7539696E7
1.7539706E7
1.7539716E7
1.7539726E7
1.7539736E7
1.7539746E7
1.7539756E7
1.7539766E7
1.7539776E7
1.7539786E7
1.792800240851064E7
1.7928006E7
1.7928016E7
1.7928026E7
1.7928036E7
1.7928046E7
1.7928056E7
1.7928066E7
1.7928076E7
1.7928086E7
1.7928096E7
1.7928106E7
1.7928116E7
1.7928126E7
1.7928136E7
1.7928146E7
1.7928156E7
1.7928166E7
1.7928176E7
1.7928186E7
1.7928196E7
1.7928206E7
1.7928216E7
1.7928226E7
1.7928236E7
1.7928246E7
1.7928256E7
1.7928266E7
1.7928276E7
1.7928286E7
1.7928296E7
1.7928306E7
1.7928316E7
1.7928326E7
1.7928336E7
1.7928346E7
1.7928356E7
1.7928366E7
1.7928376E7
1.7928386E7
1.7928396E7
1.7928406E7
1.7928416E7
1.7928426E7
1.7928436E7
1.7928446E7
1.7928456E7
1.7928466E7
1.7928476E7
1.7928486E7
1.7928496E7
1.7928506E7
1.7928516E7
1.7928526E7
1.7928536E7
1.7928546E7
1.7928556E7
1.7928566E7
1.7928576E7
1.7928586E7
1.7928596E7
1.7928606E7
1.7928616E7
1.7928626E7
1.7928636E7
1.7928646E7
1.7928656E7
1.7928666E7
1.7928676E7
1.7928686E7
1.7928696E7
1.7928706E7
1.7928716E7
1.7928726E7
1.7928736E7
1.7928746E7
1.7928756E7
1.7928766E7
1.7928776E7
1.7928786E7
1.7928796E7
1.7928806E7
1.7928816E7
1.7928826E7
1.7928836E7
1.7928846E7
1.7928856E7
1.7928866E7
1.805500551309892E7
1.8055006E7
1.805501551309892E7
1.8055016E7
1.8055026E7
1.805503551309892E7
1.8055036E7
1.805504551309892E7
1.8055046E7
1.805505551309892E7
1.8055056E7
1.805506551309892E7
1.8055066E7
1.805507551309892E7
1.8055076E7
1.805508551309892E7
1.8055086E7
1.805509551309892E7
1.8055096E7
1.8055106E7
1.805511551309892E7
1.8055116E7
1.8055126E7
1.805513551309892E7
1.8055136E7
1.805514551309892E7
1.8055146E7
1.805515551309892E7
1.8055156E7
1.805516551309892E7
1.8055166E7
1.805517551309892E7
1.8055176E7
1.805518551309892E7
1.8055186E7
1.805519551309892E7
1.8055196E7
1.805520551309892E7
1.8055206E7
1.805521551309892E7
1.8055216E7
1.805522551309892E7
1.8055226E7
1.805523551309892E7
1.8055236E7
1.805524551309892E7
1.8055246E7
1.8055256E7
1.805526551309892E7
1.8055266E7
1.805527551309892E7
1.8055276E7
1.805528551309892E7
1.8055286E7
1.805529551309892E7
1.8055296E7
1.805530551309892E7
1.8055306E7
1.805531551309892E7
1.8055316E7
1.805532551309892E7
1.8055326E7
1.805533551309892E7
1.8055336E7
1.805534551309892E7
1.8055346E7
1.805535551309892E7
1.8055356E7
1.805536551309892E7
1.8055366E7
1.805537551309892E7
1.8055376E7
1.805538551309892E7
1.8055386E7
1.805539551309892E7
1.8055396E7
1.805540551309892E7
1.8055406E7
1.805541551309892E7
1.8055416E7
1.805542551309892E7
1.8055426E7
1.8055436E7
1.805544551309892E7
1.8055446E7
1.805545551309892E7
1.8055456E7
1.805546551309892E7
1.8055466E7
1.805547551309892E7
1.8055476E7
1.805548551309892E7
1.8055486E7
1.805549551309892E7
1.8055496E7
1.805550551309892E7
1.8055506E7
1.805551551309892E7
1.8055516E7
1.805552551309892E7
1.8055526E7
1.805553551309892E7
1.8055536E7
1.805554551309892E7
1.8055546E7
1.805555551309892E7
1.8055556E7
1.805556551309892E7
1.8055566E7
1.805557551309892E7
1.8055576E7
1.805558551309892E7
1.8055586E7
1.805559551309892E7
1.8055596E7
1.805560551309892E7
1.8055606E7
1.805561551309892E7
1.8055616E7
1.805562551309892E7
1.8055626E7
1.805563551309892E7
1.8055636E7
1.805564551309892E7
1.8055646E7
1.805565551309892E7
1.8055656E7
1.805566551309892E7
1.8055666E7
1.805567551309892E7
1.8055676E7
1.805568551309892E7
1.8055686E7
1.805569551309892E7
1.8055696E7
1.805570551309892E7
1.8055706E7
1.805571551309892E7
1.8055716E7
1.805572551309892E7
1.8055726E7
1.805573551309892E7
1.8055736E7
1.8055746E7
1.8055756E7
1.8055766E7
1.8055776E7
1.8055786E7
1.8055796E7
1.8055806E7
1.8055816E7
1.8055826E7
1.8055836E7
1.8055846E7
1.8055856E7
1.8055866E7
1.8055876E7
1.8055886E7
1.8055896E7
1.8055906E7
1.8055916E7
1.8055926E7
1.8055936E7
1.8055946E7
1.8055956E7
1.8055966E7
1.8055976E7
1.8055986E7
1.8055996E7
1.8056006E7
1.8056016E7
1.8056026E7
1.8301005724151284E7
1.8301006E7
1.8301015724151284E7
1.8301016E7
1.8301025724151284E7
1.8301026E7
1.8301035724151284E7
1.8301036E7
1.8301045724151284E7
1.8301046E7
1.8301055724151284E7
1.8301056E7
1.8301065724151284E7
1.8301066E7
1.8301075724151284E7
1.8301076E7
1.8301085724151284E7
1.8301086E7
1.8301095724151284E7
1.8301096E7
1.8301105724151284E7
1.8301106E7
1.8301115724151284E7
1.8301116E7
1.8301125724151284E7
1.8301126E7
1.8301136E7
1.8301146E7
1.8301156E7
1.8301166E7
1.8301176E7
1.8301186E7
1.8301196E7
1.8301206E7
1.8301216E7
1.8301226E7
1.8301236E7
1.8301246E7
1.8301256E7
1.8301266E7
1.8301276E7
1.8301286E7
1.8301296E7
1.8301306E7
1.8301316E7
1.8301326E7
1.8301336E7
1.8301346E7
1.8301356E7
1.8301366E7
1.8301376E7
1.8301386E7
1.8301396E7
1.8301406E7
1.8301416E7
1.8301426E7
1.8301436E7
1.8301446E7
1.8301456E7
1.8301466E7
1.8301476E7
1.8301486E7
1.8301496E7
1.8301506E7
1.8301516E7
1.8301526E7
1.8301536E7
1.8301546E7
1.8301556E7
1.8301566E7
1.8301576E7
1.8301586E7
1.8301596E7
1.8301606E7
1.8301616E7
1.8301626E7
1.8301636E7
1.8301644462603174E7
1.8301646E7
1.8301656E7
1.8301666E7
1.8301676E7
1.8301686E7
1.8301696E7
1.8301706E7
1.8301716E7
1.8301726E7
1.8301736E7
1.8301746E7
1.8301756E7
1.8301766E7
1.8301776E7
1.8301786E7
1.8301796E7
1.8301806E7
1.8301816E7
1.8301826E7
1.8301836E7
1.8301846E7
1.8301856E7
1.8301866E7
