9233001.33737352
9233001.337374642
9233006.0
9233016.0
9233026.0
9233036.0
9233046.0
9233056.0
9233066.0
9233076.0
9233086.0
9233096.0
9233106.0
9233116.0
9233126.0
9233136.0
9233146.0
9233156.0
9233166.0
9233176.0
9233186.0
9233196.0
9233206.0
9233216.0
9233226.0
9233236.0
9233246.0
9233256.0
9233266.0
9233276.0
9233286.0
9233296.0
9233306.0
9233316.0
9233326.0
9233336.0
9233346.0
9233356.0
9233366.0
9233376.0
9233386.0
9233396.0
9233406.0
9233416.0
9233426.0
9233436.0
9233446.0
9233456.0
9233466.0
9233476.0
9233486.0
9233496.0
9233506.0
9233516.0
9233526.0
9233536.0
9233546.0
9233556.0
9233566.0
9233576.0
9233586.0
9233596.0
9233606.0
9233616.0
9233626.0
9233636.0
9233646.0
9233656.0
9233666.0
9233676.0
9233686.0
9233696.0
9233706.0
9233716.0
9233726.0
9233736.0
9233746.0
9233756.0
9233766.0
9233776.0
9233786.0
9233796.0
9233806.0
9233816.0
9233826.0
9233836.0
9233846.0
9233856.0
9324002.432859505
9324002.432860628
9324006.0
9324016.0
9324026.0
9324036.0
9324046.0
9324056.0
9324066.0
9324076.0
9324086.0
9324096.0
9324106.0
9324116.0
9324126.0
9324136.0
9324146.0
9324156.0
9324166.0
9324176.0
9324186.0
9324196.0
9324206.0
9324216.0
9324226.0
9324236.0
9324246.0
9324256.0
9324266.0
9324276.0
9324286.0
9324296.0
9324299.956674185
9324299.956675308
9324306.0
9324316.0
9324326.0
9324336.0
9324346.0
9324356.0
9324366.0
9324376.0
9324386.0
9324396.0
9324406.0
9324416.0
9324426.0
9324436.0
9324446.0
9324456.0
9324466.0
9324476.0
9324486.0
9324496.0
9324506.0
9324516.0
9324526.0
9324536.0
9324546.0
9324556.0
9324566.0
9324576.0
9324586.0
9324596.0
9324606.0
9324616.0
9324626.0
9324636.0
9324646.0
9324656.0
9324666.0
9324676.0
9324686.0
9324696.0
9324706.0
9324716.0
9324726.0
9324736.0
9324746.0
9324756.0
9324766.0
9324776.0
9324786.0
9324796.0
9422000.886580909
9422000.886582032
9422006.0
9422010.886580909
9422010.886582032
9422016.0
9422026.0
9422036.0
9422046.0
9422056.0
9422066.0
9422076.0
9422086.0
9422096.0
9422106.0
9422116.0
9422126.0
9422136.0
9422146.0
9422156.0
9422166.0
9422176.0
9422186.0
9422196.0
9422206.0
9422216.0
9422226.0
9422236.0
9422246.0
9422256.0
9422266.0
9422276.0
9422286.0
9422296.0
9422306.0
9422316.0
9422326.0
9422336.0
9422346.0
9422356.0
9422366.0
9422376.0
9422386.0
9422396.0
9422406.0
9422416.0
9422426.0
9422436.0
9422446.0
9422456.0
9422466.0
9422476.0
9422486.0
9422496.0
9422506.0
9422515.183534887
9422515.18353601
9422516.0
9422526.0
9422536.0
9422546.0
9422556.0
9422566.0
9422576.0
9422586.0
9422596.0
9422606.0
9422616.0
9422626.0
9422636.0
9422646.0
9422656.0
9422666.0
9422676.0
9422686.0
9422696.0
9422706.0
9422716.0
9623005.386143172
9623005.386144295
9623006.0
9623015.386143172
9623015.386144295
9623016.0
9623025.983545769
9623025.983546892
9623026.0
9623036.0
9623044.987441873
9623044.987442996
9623046.0
9623054.987441873
9623054.987442996
9623056.0
9623066.0
9623076.0
9623086.0
9623096.0
9623106.0
9623116.0
9623126.0
9623136.0
9623146.0
9623156.0
9623166.0
9623176.0
9623186.0
9623196.0
9623206.0
9623216.0
9623226.0
9623236.0
9623246.0
9623256.0
9623266.0
9623276.0
9623286.0
9623296.0
9623306.0
9623316.0
9623326.0
9623336.0
9623346.0
9623356.0
9623366.0
9623376.0
9623386.0
9623396.0
9623406.0
9623416.0
9623426.0
9623436.0
9623446.0
9623456.0
9623466.0
9623476.0
9623486.0
9623496.0
9623506.0
9623516.0
9623526.0
9623536.0
9623546.0
9623556.0
9623566.0
9623576.0
9623586.0
9623596.0
9623606.0
9623616.0
9623626.0
9623636.0
9623646.0
9623656.0
9623666.0
9623676.0
9623686.0
9623696.0
9623706.0
9623716.0
9623726.0
9623736.0
9623746.0
9623756.0
9623766.0
9623776.0
9623786.0
9623796.0
9843006.0
9843009.699024644
9843016.0
9843019.699024644
9843026.0
9843029.699024644
9843036.0
9843039.699024644
9843046.0
9843056.0
9843066.0
9843076.0
9843086.0
9843096.0
9843106.0
9843116.0
9843126.0
9843136.0
9843146.0
9843156.0
9843166.0
9843176.0
9843186.0
9843196.0
9843206.0
9843216.0
9843226.0
9843236.0
9843246.0
9843256.0
9843266.0
9843276.0
9843286.0
9843296.0
9843306.0
9843316.0
9843326.0
9843336.0
9843346.0
9843356.0
9843366.0
9843376.0
9843386.0
9843396.0
9843406.0
9843416.0
9843426.0
9843436.0
9843446.0
9843456.0
9843466.0
9843476.0
9843486.0
9843496.0
9843506.0
9843516.0
9843526.0
9843535.466486404
9843536.0
9843546.0
9843556.0
9843566.0
9843576.0
9843586.0
9843596.0
9843606.0
9843616.0
9843626.0
9843636.0
9843646.0
9843656.0
9843666.0
9843676.0
9843686.0
9843696.0
9843706.0
9843716.0
9843726.0
9843736.0
9843746.0
9843756.0
9843766.0
9843776.0
9843786.0
9843796.0
9843806.0
9843816.0
9843826.0
9843836.0
9843846.0
9843856.0
9843866.0
9843876.0
9843886.0
9843896.0
9843906.0
9843916.0
9843926.0
9843936.0
9843946.0
9843956.0
9843966.0
9843976.0
9843986.0
9843996.0
9844006.0
9844016.0
9844026.0
9844036.0
9844046.0
9844056.0
9844066.0
9844076.0
9844086.0
9844096.0
