0	8054	5205	5	0	0.0
0	8054	5205	5	0	1.8029E7
0	8053	5205	5	2	1.803E7
0	8050	5206	5	4	1.8031E7
0	8044	5207	5	6	1.8032E7
0	8037	5208	5	8	1.8033E7
0	8028	5209	5	8	1.8034E7
0	8021	5210	5	5	1.8035E7
0	8017	5211	5	3	1.8036E7
0	8015	5211	5	0	1.8037E7
0	8015	5211	5	0	1.8038E7
0	8015	5211	5	0	1.8039E7
0	8015	5211	5	0	1.804E7
0	8015	5211	5	0	1.8041E7
0	8015	5211	5	0	1.8042E7
0	8015	5211	5	0	1.8043E7
0	8015	5211	5	0	1.8044E7
0	8015	5211	5	0	1.8045E7
0	8015	5211	5	0	1.8046E7
0	8015	5211	5	0	1.8047E7
0	8015	5211	5	0	1.8048E7
0	8015	5211	5	0	1.8049E7
0	8015	5211	5	0	1.805E7
0	8015	5211	5	0	1.8051E7
0	8015	5211	5	0	1.8052E7
0	8015	5211	5	0	1.8053E7
0	8015	5211	5	0	1.8054E7
0	8015	5211	5	0	1.8055E7
0	8015	5211	5	0	1.8056E7
0	8015	5211	5	1	1.8057E7
0	8013	5211	5	3	1.8058E7
0	8008	5212	5	5	1.8059E7
0	8002	5213	5	7	1.806E7
0	7993	5214	5	9	1.8061E7
0	7983	5216	5	11	1.8062E7
0	7971	5217	5	13	1.8063E7
0	7958	5219	5	13	1.8064E7
0	7944	5221	5	13	1.8065E7
0	7931	5223	5	13	1.8066E7
0	7918	5225	5	13	1.8067E7
0	7905	5227	5	13	1.8068E7
0	7891	5230	5	13	1.8069E7
0	7878	5232	5	13	1.807E7
0	7866	5236	5	13	1.8071E7
0	7853	5242	6	13	1.8072E7
0	7842	5248	6	13	1.8073E7
0	7830	5255	6	13	1.8074E7
0	7819	5262	6	13	1.8075E7
0	7808	5268	6	10	1.8076E7
0	7800	5272	6	7	1.8077E7
0	7795	5274	6	4	1.8078E7
0	7792	5276	6	2	1.8079E7
0	7791	5277	6	0	1.808E7
0	7791	5277	6	0	1.8081E7
0	7791	5277	6	0	1.8082E7
0	7791	5277	6	0	1.8083E7
0	7791	5277	6	0	1.8084E7
0	7791	5277	6	0	1.8085E7
0	7791	5277	6	0	1.8086E7
0	7791	5277	6	0	1.8087E7
0	7791	5277	6	0	1.8088E7
0	7791	5277	6	0	1.8089E7
0	7791	5277	6	0	1.809E7
0	7791	5277	6	0	1.8091E7
0	7791	5277	6	0	1.8092E7
0	7791	5277	6	0	1.8093E7
0	7791	5277	6	0	1.8094E7
0	7791	5277	6	0	1.8095E7
0	7791	5277	6	0	1.8096E7
0	7791	5277	6	0	1.8097E7
0	7791	5277	6	0	1.8098E7
0	7791	5277	6	0	1.8099E7
0	7790	5278	6	1	1.81E7
0	7788	5280	6	3	1.8101E7
0	7785	5283	6	5	1.8102E7
0	7781	5289	6	7	1.8103E7
0	7782	5297	7	9	1.8104E7
0	7788	5306	8	11	1.8105E7
0	7796	5316	8	13	1.8106E7
0	7804	5327	8	13	1.8107E7
0	7813	5337	8	13	1.8108E7
0	7821	5347	8	13	1.8109E7
0	7829	5358	8	13	1.811E7
0	7835	5370	8	13	1.8111E7
0	7835	5383	7	13	1.8112E7
0	7828	5394	6	13	1.8113E7
0	7820	5403	6	10	1.8114E7
0	7813	5409	6	7	1.8115E7
0	7809	5414	6	5	1.8116E7
0	7806	5417	6	4	1.8117E7
0	7802	5420	6	6	1.8118E7
0	7794	5417	5	8	1.8119E7
0	7787	5410	4	10	1.812E7
0	7779	5402	4	12	1.8121E7
0	7770	5394	4	13	1.8122E7
0	7760	5384	4	13	1.8123E7
0	7750	5376	4	13	1.8124E7
0	7739	5370	4	10	1.8125E7
0	7731	5366	4	7	1.8126E7
0	7725	5363	4	5	1.8127E7
0	7722	5362	4	2	1.8128E7
0	7720	5361	4	1	1.8129E7
0	7719	5360	4	0	1.813E7
0	7719	5360	4	0	1.8131E7
0	7719	5360	4	0	1.8132E7
0	7719	5360	4	0	1.8133E7
0	7719	5360	4	0	1.8134E7
0	7719	5360	4	0	1.8135E7
0	7719	5360	4	0	1.8136E7
0	7719	5360	4	0	1.8137E7
0	7719	5360	4	0	1.8138E7
0	7719	5360	4	0	1.8139E7
0	7719	5360	4	0	1.814E7
0	7719	5360	4	0	1.8141E7
0	7719	5360	4	0	1.8142E7
0	7719	5360	4	0	1.8143E7
0	7719	5360	4	0	1.8144E7
0	7719	5360	4	0	1.8145E7
0	7719	5360	4	0	1.8146E7
0	7719	5360	4	0	1.8147E7
0	7719	5360	4	0	1.8148E7
0	7719	5360	4	0	1.8149E7
0	7719	5360	4	0	1.815E7
0	7719	5360	4	0	1.8151E7
0	7719	5360	4	0	1.8152E7
0	7719	5360	4	0	1.8153E7
0	7719	5360	4	0	1.8154E7
0	7719	5360	4	0	1.8155E7
0	7719	5360	4	0	1.8156E7
0	7719	5360	4	0	1.8157E7
0	7719	5360	4	0	1.8158E7
0	7719	5360	4	0	1.8159E7
0	7719	5360	4	0	1.816E7
0	7719	5360	4	0	1.8161E7
0	7719	5360	4	0	1.8162E7
0	7719	5360	4	0	1.8163E7
0	7719	5360	4	0	1.8164E7
0	7719	5360	4	0	1.8165E7
0	7719	5360	4	0	1.8166E7
0	7719	5360	4	0	1.8167E7
0	7719	5360	4	0	1.8168E7
0	7719	5360	4	0	1.8169E7
0	7719	5360	4	0	1.817E7
0	7719	5360	4	0	1.8171E7
0	7719	5360	4	0	1.8172E7
0	7719	5360	4	0	1.8173E7
0	7719	5360	4	0	1.8174E7
0	7719	5360	4	0	1.8175E7
0	7719	5360	4	0	1.8176E7
0	7719	5360	4	0	1.8177E7
0	7719	5360	4	0	1.8178E7
0	7719	5360	4	0	1.8179E7
0	7719	5360	4	0	1.818E7
0	7717	5360	5	2	1.8181E7
0	7714	5359	5	4	1.8182E7
0	7709	5357	5	6	1.8183E7
0	7702	5354	5	8	1.8184E7
0	7693	5352	5	10	1.8185E7
0	7683	5345	5	12	1.8186E7
0	7670	5343	5	13	1.8187E7
0	7656	5343	5	13	1.8188E7
0	7643	5345	5	13	1.8189E7
0	7630	5348	5	13	1.819E7
0	7616	5352	5	13	1.8191E7
0	7605	5359	6	13	1.8192E7
0	7593	5366	6	13	1.8193E7
0	7582	5373	6	13	1.8194E7
0	7571	5381	6	13	1.8195E7
0	7560	5388	6	13	1.8196E7
0	7549	5395	6	13	1.8197E7
0	7539	5402	6	10	1.8198E7
0	7532	5406	6	6	1.8199E7
0	7528	5409	6	4	1.82E7
0	7525	5411	6	2	1.8201E7
0	7525	5412	6	0	1.8202E7
0	7525	5412	6	0	1.8203E7
0	7525	5412	6	0	1.8204E7
0	7525	5412	6	0	1.8205E7
0	7525	5412	6	0	1.8206E7
0	7525	5412	6	0	1.8207E7
0	7525	5412	6	0	1.8208E7
0	7525	5412	6	0	1.8209E7
0	7525	5412	6	0	1.821E7
0	7525	5412	6	0	1.8211E7
0	7525	5412	6	0	1.8212E7
0	7525	5412	6	0	1.8213E7
0	7525	5412	6	0	1.8214E7
0	7525	5412	6	0	1.8215E7
0	7525	5412	6	0	1.8216E7
0	7525	5412	6	0	1.8217E7
0	7525	5412	6	0	1.8218E7
0	7525	5412	6	0	1.8219E7
0	7525	5412	6	0	1.822E7
0	7525	5412	6	0	1.8221E7
0	7524	5412	6	2	1.8222E7
0	7521	5414	6	4	1.8223E7
0	7516	5417	6	6	1.8224E7
0	7511	5421	6	8	1.8225E7
0	7505	5429	6	10	1.8226E7
0	7494	5431	5	11	1.8227E7
0	7481	5430	5	13	1.8228E7
0	7468	5430	5	10	1.8229E7
0	7459	5429	5	7	1.823E7
0	7454	5429	5	4	1.8231E7
0	7450	5429	5	4	1.8232E7
0	7444	5430	5	6	1.8233E7
0	7438	5435	6	8	1.8234E7
0	7430	5443	6	10	1.8235E7
0	7428	5454	7	12	1.8236E7
0	7425	5467	7	13	1.8237E7
0	7423	5481	7	13	1.8238E7
0	7421	5494	7	13	1.8239E7
0	7418	5507	7	13	1.824E7
0	7416	5520	7	13	1.8241E7
0	7414	5533	7	13	1.8242E7
0	7412	5546	7	13	1.8243E7
0	7408	5559	7	13	1.8244E7
0	7403	5568	6	13	1.8245E7
0	7397	5556	4	13	1.8246E7
0	7391	5544	4	13	1.8247E7
0	7385	5532	4	13	1.8248E7
0	7379	5520	4	13	1.8249E7
0	7373	5508	4	11	1.825E7
0	7369	5499	4	8	1.8251E7
0	7366	5493	4	5	1.8252E7
0	7364	5489	4	3	1.8253E7
0	7363	5487	4	1	1.8254E7
0	7362	5486	4	0	1.8255E7
0	7362	5485	4	0	1.8256E7
0	7362	5485	4	0	1.8257E7
0	7362	5485	4	0	1.8258E7
0	7362	5485	4	0	1.8259E7
0	7362	5485	4	0	1.826E7
0	7362	5485	4	0	1.8261E7
0	7362	5485	4	0	1.8262E7
0	7362	5485	4	0	1.8263E7
0	7362	5485	4	0	1.8264E7
0	7362	5485	4	0	1.8265E7
0	7362	5485	4	0	1.8266E7
0	7362	5485	4	0	1.8267E7
0	7362	5485	4	0	1.8268E7
0	7362	5485	4	0	1.8269E7
0	7362	5485	4	0	1.827E7
0	7362	5485	4	0	1.8271E7
0	7361	5484	4	2	1.8272E7
0	7360	5481	4	4	1.8273E7
0	7358	5476	4	6	1.8274E7
0	7354	5469	4	7	1.8275E7
0	7350	5461	4	9	1.8276E7
0	7346	5452	4	11	1.8277E7
0	7340	5440	4	12	1.8278E7
0	7335	5431	4	9	1.8279E7
0	7332	5423	4	6	1.828E7
0	7329	5419	4	4	1.8281E7
0	7328	5416	4	2	1.8282E7
0	7327	5415	4	0	1.8283E7
0	7327	5414	4	0	1.8284E7
0	7327	5414	4	0	1.8285E7
0	7327	5414	4	0	1.8286E7
0	7327	5414	4	0	1.8287E7
0	7327	5414	4	0	1.8288E7
0	7327	5414	4	0	1.8289E7
0	7327	5414	4	0	1.829E7
0	7327	5414	4	0	1.8291E7
0	7327	5414	4	0	1.8292E7
0	7327	5414	4	0	1.8293E7
0	7327	5414	4	0	1.8294E7
0	7327	5414	4	0	1.8295E7
0	7327	5414	4	0	1.8296E7
0	7327	5414	4	0	1.8297E7
0	7327	5414	4	0	1.8298E7
0	7327	5414	4	0	1.8299E7
0	7327	5414	4	0	1.83E7
0	7327	5414	4	0	1.8301E7
0	7327	5414	4	0	1.8302E7
0	7327	5414	4	0	1.8303E7
0	7327	5414	4	0	1.8304E7
0	7327	5414	4	0	1.8305E7
0	7327	5414	4	0	1.8306E7
0	7327	5414	4	0	1.8307E7
0	7327	5414	4	0	1.8308E7
0	7327	5414	4	0	1.8309E7
0	7327	5414	4	0	1.831E7
0	7327	5414	4	0	1.8311E7
0	7327	5414	4	0	1.8312E7
0	7327	5414	4	0	1.8313E7
0	7327	5414	4	0	1.8314E7
0	7327	5414	4	0	1.8315E7
0	7327	5414	4	0	1.8316E7
0	7327	5414	4	0	1.8317E7
0	7327	5414	4	0	1.8318E7
0	7327	5414	4	0	1.8319E7
0	7327	5414	4	0	1.832E7
0	7327	5414	4	0	1.8321E7
0	7326	5413	4	2	1.8322E7
0	7325	5409	4	4	1.8323E7
0	7322	5405	4	6	1.8324E7
0	7319	5398	4	8	1.8325E7
0	7315	5389	4	10	1.8326E7
0	7311	5382	4	7	1.8327E7
0	7309	5376	4	4	1.8328E7
0	7307	5373	4	2	1.8329E7
0	7306	5372	4	1	1.833E7
0	7306	5371	4	0	1.8331E7
0	7306	5371	4	0	1.8332E7
0	7306	5371	4	0	1.8333E7
0	7306	5370	4	0	1.8334E7
0	7306	5370	4	0	1.8335E7
0	7306	5370	4	0	1.8336E7
0	7306	5370	4	0	1.8337E7
0	7306	5370	4	0	1.8338E7
0	7306	5370	4	0	1.8339E7
0	7306	5370	4	0	1.834E7
0	7306	5370	4	0	1.8341E7
0	7306	5370	4	0	1.8342E7
0	7306	5370	4	0	1.8343E7
0	7306	5370	4	1	1.8344E7
0	7305	5368	4	2	1.8345E7
0	7303	5365	4	4	1.8346E7
0	7301	5361	4	5	1.8347E7
0	7299	5357	4	3	1.8348E7
0	7299	5356	4	0	1.8349E7
0	7299	5356	4	0	1.835E7
0	7299	5356	4	0	1.8351E7
0	7299	5356	4	0	1.8352E7
0	7299	5356	4	0	1.8353E7
0	7299	5356	4	0	1.8354E7
0	7299	5356	4	0	1.8355E7
0	7299	5356	4	0	1.8356E7
0	7299	5356	4	0	1.8357E7
0	7299	5356	4	0	1.8358E7
0	7299	5356	4	0	1.8359E7
0	7299	5356	4	0	1.836E7
0	7299	5356	4	0	1.8361E7
0	7299	5356	4	0	1.8362E7
0	7299	5356	4	0	1.8363E7
0	7299	5356	4	0	1.8364E7
0	7299	5356	4	0	1.8365E7
0	7299	5356	4	0	1.8366E7
0	7299	5356	4	0	1.8367E7
0	7299	5356	4	0	1.8368E7
0	7299	5355	4	1	1.8369E7
0	7297	5353	4	3	1.837E7
0	7296	5349	4	3	1.8371E7
0	7295	5348	4	1	1.8372E7
0	7294	5347	4	0	1.8373E7
0	7294	5346	4	0	1.8374E7
0	7294	5346	4	0	1.8375E7
0	7294	5346	4	0	1.8376E7
0	7294	5346	4	0	1.8377E7
0	7294	5346	4	0	1.8378E7
0	7294	5346	4	0	1.8379E7
0	7294	5346	4	0	1.838E7
0	7294	5346	4	0	1.8381E7
0	7294	5346	4	0	1.8382E7
0	7294	5346	4	0	1.8383E7
0	7294	5346	4	0	1.8384E7
0	7294	5346	4	0	1.8385E7
0	7294	5346	4	0	1.8386E7
0	7294	5346	4	0	1.8387E7
0	7294	5346	4	0	1.8388E7
0	7294	5346	4	0	1.8389E7
0	7294	5346	4	0	1.839E7
0	7294	5346	4	0	1.8391E7
0	7294	5346	4	0	1.8392E7
0	7294	5346	4	0	1.8393E7
0	7294	5346	4	0	1.8394E7
0	7294	5346	4	0	1.8395E7
0	7294	5346	4	0	1.8396E7
0	7294	5346	4	0	1.8397E7
0	7294	5346	4	0	1.8398E7
0	7294	5346	4	0	1.8399E7
0	7294	5346	4	0	1.84E7
0	7294	5346	4	0	1.8401E7
0	7293	5345	4	2	1.8402E7
0	7292	5341	4	4	1.8403E7
0	7290	5337	4	5	1.8404E7
0	7286	5330	4	8	1.8405E7
0	7282	5322	4	10	1.8406E7
0	7277	5312	4	12	1.8407E7
0	7272	5300	4	13	1.8408E7
0	7266	5288	4	13	1.8409E7
0	7260	5276	4	13	1.841E7
0	7254	5264	4	13	1.8411E7
0	7248	5252	4	13	1.8412E7
0	7242	5240	4	13	1.8413E7
0	7236	5228	4	13	1.8414E7
0	7230	5216	4	13	1.8415E7
0	7224	5204	4	13	1.8416E7
0	7218	5192	4	13	1.8417E7
0	7212	5180	4	13	1.8418E7
0	7206	5168	4	13	1.8419E7
0	7200	5156	4	13	1.842E7
0	7193	5144	4	13	1.8421E7
0	7188	5133	4	11	1.8422E7
0	7183	5124	4	8	1.8423E7
0	7180	5118	4	5	1.8424E7
0	7178	5114	4	3	1.8425E7
0	7177	5111	4	1	1.8426E7
0	7176	5109	4	3	1.8427E7
0	7173	5105	4	5	1.8428E7
0	7171	5099	4	7	1.8429E7
0	7167	5091	4	9	1.843E7
0	7163	5084	4	6	1.8431E7
0	7161	5080	4	4	1.8432E7
0	7159	5077	4	2	1.8433E7
0	7159	5075	4	1	1.8434E7
0	7158	5075	4	0	1.8435E7
0	7158	5075	4	0	1.8436E7
0	7158	5075	4	0	1.8437E7
0	7158	5075	4	0	1.8438E7
0	7158	5075	4	0	1.8439E7
0	7158	5075	4	0	1.844E7
0	7158	5075	4	0	1.8441E7
0	7158	5075	4	0	1.8442E7
0	7158	5075	4	0	1.8443E7
0	7158	5075	4	0	1.8444E7
0	7158	5075	4	0	1.8445E7
0	7158	5075	4	0	1.8446E7
0	7158	5075	4	0	1.8447E7
0	7158	5075	4	0	1.8448E7
0	7158	5075	4	0	1.8449E7
0	7158	5075	4	0	1.845E7
0	7158	5075	4	0	1.8451E7
0	7158	5074	4	1	1.8452E7
0	7157	5072	4	3	1.8453E7
0	7155	5068	4	4	1.8454E7
0	7153	5064	4	4	1.8455E7
0	7151	5061	4	1	1.8456E7
0	7151	5060	4	0	1.8457E7
0	7151	5060	4	0	1.8458E7
0	7151	5060	4	0	1.8459E7
0	7151	5060	4	0	1.846E7
0	7151	5060	4	0	1.8461E7
0	7151	5060	4	0	1.8462E7
0	7151	5060	4	0	1.8463E7
0	7151	5060	4	0	1.8464E7
0	7151	5060	4	0	1.8465E7
0	7151	5060	4	0	1.8466E7
0	7151	5060	4	0	1.8467E7
0	7151	5060	4	0	1.8468E7
0	7151	5060	4	0	1.8469E7
0	7151	5060	4	0	1.847E7
0	7151	5060	4	0	1.8471E7
0	7151	5060	4	0	1.8472E7
0	7151	5060	4	0	1.8473E7
0	7151	5060	4	0	1.8474E7
0	7151	5060	4	0	1.8475E7
0	7151	5060	4	0	1.8476E7
0	7150	5059	4	2	1.8477E7
0	7149	5056	4	4	1.8478E7
0	7146	5051	4	6	1.8479E7
0	7143	5044	4	8	1.848E7
0	7139	5036	4	10	1.8481E7
0	7133	5026	4	12	1.8482E7
0	7127	5015	4	13	1.8483E7
0	7121	5003	4	13	1.8484E7
0	7115	4991	4	13	1.8485E7
0	7109	4979	4	13	1.8486E7
0	7102	4967	4	13	1.8487E7
0	7096	4955	4	13	1.8488E7
0	7089	4944	4	13	1.8489E7
0	7084	4932	4	13	1.849E7
0	7078	4920	4	13	1.8491E7
0	7073	4908	3	13	1.8492E7
0	7068	4895	3	13	1.8493E7
0	7063	4883	3	13	1.8494E7
0	7058	4870	3	13	1.8495E7
0	7053	4858	3	13	1.8496E7
0	7048	4845	3	13	1.8497E7
0	7043	4833	3	13	1.8498E7
0	7038	4821	3	13	1.8499E7
0	7033	4808	3	13	1.85E7
0	7028	4796	3	13	1.8501E7
0	7023	4783	3	13	1.8502E7
0	7018	4772	3	12	1.8503E7
0	7014	4761	3	9	1.8504E7
0	7010	4753	3	7	1.8505E7
0	7008	4747	3	6	1.8506E7
0	7006	4742	3	4	1.8507E7
0	7005	4739	3	2	1.8508E7
0	7004	4737	3	1	1.8509E7
0	7003	4736	3	0	1.851E7
0	7003	4735	3	0	1.8511E7
0	7003	4735	3	0	1.8512E7
0	7003	4735	3	0	1.8513E7
0	7003	4735	3	0	1.8514E7
0	7003	4735	3	0	1.8515E7
0	7003	4735	3	0	1.8516E7
0	7003	4735	3	0	1.8517E7
0	7003	4735	3	0	1.8518E7
0	7003	4734	3	1	1.8519E7
0	7002	4732	3	3	1.852E7
0	7000	4727	3	4	1.8521E7
0	6999	4724	3	2	1.8522E7
0	6998	4722	3	1	1.8523E7
0	6998	4722	3	0	1.8524E7
0	6997	4721	3	0	1.8525E7
0	6997	4721	3	0	1.8526E7
0	6997	4721	3	0	1.8527E7
0	6997	4721	3	0	1.8528E7
0	6997	4721	3	0	1.8529E7
0	6997	4721	3	0	1.853E7
0	6997	4721	3	0	1.8531E7
0	6997	4721	3	0	1.8532E7
0	6997	4721	3	0	1.8533E7
0	6997	4721	3	0	1.8534E7
0	6997	4721	3	0	1.8535E7
0	6997	4721	3	0	1.8536E7
0	6997	4721	3	0	1.8537E7
0	6997	4721	3	0	1.8538E7
0	6997	4721	3	0	1.8539E7
0	6997	4721	3	0	1.854E7
0	6997	4721	3	0	1.8541E7
0	6997	4721	3	1	1.8542E7
0	6997	4719	3	1	1.8543E7
0	6996	4717	3	2	1.8544E7
0	6995	4715	3	2	1.8545E7
0	6994	4714	3	1	1.8546E7
0	6994	4712	3	1	1.8547E7
0	6993	4711	3	2	1.8548E7
0	6992	4708	3	3	1.8549E7
0	6990	4703	3	5	1.855E7
0	6988	4697	3	7	1.8551E7
0	6986	4689	3	9	1.8552E7
0	6983	4679	3	11	1.8553E7
0	6981	4667	3	13	1.8554E7
0	6979	4654	3	13	1.8555E7
0	6978	4641	3	13	1.8556E7
0	6978	4627	3	13	1.8557E7
0	6977	4614	3	13	1.8558E7
0	6976	4600	3	13	1.8559E7
0	6976	4587	3	13	1.856E7
0	6984	4579	2	13	1.8561E7
0	6998	4577	1	13	1.8562E7
0	7011	4575	1	13	1.8563E7
0	7023	4569	2	13	1.8564E7
0	7032	4560	2	10	1.8565E7
0	7033	4552	3	7	1.8566E7
0	7034	4546	3	4	1.8567E7
0	7034	4543	3	2	1.8568E7
0	7034	4541	3	1	1.8569E7
0	7034	4541	3	0	1.857E7
0	7033	4540	3	0	1.8571E7
0	7033	4540	3	0	1.8572E7
0	7033	4540	3	0	1.8573E7
0	7033	4540	3	0	1.8574E7
0	7033	4540	3	0	1.8575E7
0	7033	4540	3	0	1.8576E7
0	7033	4540	3	0	1.8577E7
0	7033	4540	3	0	1.8578E7
0	7033	4540	3	0	1.8579E7
0	7033	4540	3	0	1.858E7
0	7033	4540	3	0	1.8581E7
0	7033	4540	3	0	1.8582E7
0	7033	4540	3	0	1.8583E7
0	7033	4540	3	0	1.8584E7
0	7033	4539	3	1	1.8585E7
0	7033	4537	3	3	1.8586E7
0	7033	4532	3	5	1.8587E7
0	7033	4527	3	4	1.8588E7
0	7033	4525	3	1	1.8589E7
0	7033	4524	3	0	1.859E7
0	7033	4524	3	0	1.8591E7
0	7033	4524	3	0	1.8592E7
0	7033	4524	3	0	1.8593E7
0	7033	4524	3	0	1.8594E7
0	7033	4524	3	0	1.8595E7
0	7033	4524	3	0	1.8596E7
0	7033	4524	3	0	1.8597E7
0	7033	4524	3	0	1.8598E7
0	7033	4524	3	0	1.8599E7
0	7033	4524	3	0	1.86E7
0	7033	4524	3	0	1.8601E7
0	7033	4524	3	0	1.8602E7
0	7033	4524	3	0	1.8603E7
0	7033	4524	3	0	1.8604E7
0	7033	4524	3	0	1.8605E7
0	7033	4524	3	0	1.8606E7
0	7033	4524	3	0	1.8607E7
0	7033	4524	3	0	1.8608E7
0	7033	4524	3	0	1.8609E7
0	7033	4523	3	2	1.861E7
0	7033	4519	3	4	1.8611E7
0	7032	4513	3	6	1.8612E7
0	7032	4505	3	8	1.8613E7
0	7032	4495	3	10	1.8614E7
0	7031	4483	3	12	1.8615E7
0	7029	4470	3	13	1.8616E7
0	7029	4457	3	13	1.8617E7
0	7028	4444	3	11	1.8618E7
0	7028	4434	3	8	1.8619E7
0	7028	4427	3	5	1.862E7
0	7028	4423	3	3	1.8621E7
0	7027	4421	3	1	1.8622E7
0	7027	4420	3	0	1.8623E7
0	7027	4420	3	0	1.8624E7
0	7027	4419	3	0	1.8625E7
0	7027	4419	3	0	1.8626E7
0	7027	4419	3	0	1.8627E7
0	7027	4419	3	0	1.8628E7
0	7027	4419	3	0	1.8629E7
0	7027	4419	3	0	1.863E7
0	7024	4419	3	1	1.8631E7
0	7024	4416	3	3	1.8632E7
0	7024	4411	3	4	1.8633E7
0	7024	4408	3	2	1.8634E7
0	7024	4406	3	1	1.8635E7
0	7024	4405	3	0	1.8636E7
0	7024	4405	3	0	1.8637E7
0	7024	4404	3	0	1.8638E7
0	7024	4404	3	0	1.8639E7
0	7024	4404	3	0	1.864E7
0	7024	4404	3	0	1.8641E7
0	7024	4403	3	2	1.8642E7
0	7023	4399	3	4	1.8643E7
0	7023	4394	3	6	1.8644E7
0	7023	4386	3	8	1.8645E7
0	7023	4376	3	10	1.8646E7
0	7022	4364	3	12	1.8647E7
0	7022	4351	3	13	1.8648E7
0	7021	4337	3	13	1.8649E7
0	7021	4323	3	13	1.865E7
0	7024	4311	3	13	1.8651E7
0	7037	4307	2	13	1.8652E7
0	7050	4303	1	13	1.8653E7
0	7063	4300	1	13	1.8654E7
0	7074	4297	1	10	1.8655E7
0	7082	4294	1	7	1.8656E7
0	7087	4293	1	4	1.8657E7
0	7090	4292	1	2	1.8658E7
0	7091	4292	1	0	1.8659E7
0	7091	4292	1	0	1.866E7
0	7091	4292	1	0	1.8661E7
0	7091	4292	1	0	1.8662E7
0	7091	4292	1	0	1.8663E7
0	7091	4292	1	0	1.8664E7
0	7091	4292	1	0	1.8665E7
0	7091	4292	1	0	1.8666E7
0	7091	4292	1	0	1.8667E7
0	7091	4292	1	0	1.8668E7
0	7091	4292	1	0	1.8669E7
0	7091	4292	1	0	1.867E7
0	7091	4292	1	0	1.8671E7
0	7091	4292	1	0	1.8672E7
0	7091	4292	1	0	1.8673E7
0	7091	4292	1	0	1.8674E7
0	7091	4292	1	0	1.8675E7
0	7091	4292	1	0	1.8676E7
0	7091	4292	1	0	1.8677E7
0	7089	4289	1	0	1.8678E7
0	7090	4289	1	2	1.8679E7
0	7094	4288	1	4	1.868E7
0	7099	4286	1	6	1.8681E7
0	7106	4285	1	6	1.8682E7
0	7111	4283	1	4	1.8683E7
0	7114	4282	1	2	1.8684E7
0	7115	4281	1	0	1.8685E7
0	7115	4280	2	0	1.8686E7
0	7116	4279	2	2	1.8687E7
0	7117	4277	2	4	1.8688E7
0	7117	4271	3	6	1.8689E7
0	7115	4264	3	8	1.869E7
0	7112	4255	3	10	1.8691E7
0	7108	4245	3	12	1.8692E7
0	7104	4232	3	13	1.8693E7
0	7103	4218	3	15	1.8694E7
0	7099	4202	3	16	1.8695E7
0	7094	4186	3	16	1.8696E7
0	7090	4171	3	13	1.8697E7
0	7087	4160	3	10	1.8698E7
0	7084	4152	3	7	1.8699E7
0	7083	4147	3	4	1.87E7
0	7082	4143	3	2	1.8701E7
0	7082	4142	3	1	1.8702E7
0	7081	4141	3	0	1.8703E7
0	7081	4141	3	0	1.8704E7
0	7081	4141	3	0	1.8705E7
0	7081	4141	3	0	1.8706E7
0	7081	4141	3	0	1.8707E7
0	7081	4141	3	0	1.8708E7
0	7081	4141	3	0	1.8709E7
0	7081	4141	3	0	1.871E7
0	7081	4141	3	0	1.8711E7
0	7081	4141	3	0	1.8712E7
0	7081	4141	3	0	1.8713E7
0	7081	4141	3	0	1.8714E7
0	7081	4141	3	0	1.8715E7
0	7081	4141	3	0	1.8716E7
0	7081	4141	3	0	1.8717E7
0	7081	4141	3	0	1.8718E7
0	7081	4141	3	0	1.8719E7
0	7081	4141	3	0	1.872E7
0	7081	4141	3	0	1.8721E7
0	7081	4139	3	2	1.8722E7
0	7080	4136	3	4	1.8723E7
0	7078	4131	3	6	1.8724E7
0	7076	4124	3	7	1.8725E7
0	7074	4116	3	9	1.8726E7
0	7074	4104	3	11	1.8727E7
0	7070	4092	3	13	1.8728E7
0	7066	4078	3	15	1.8729E7
0	7062	4062	3	17	1.873E7
0	7057	4045	3	18	1.8731E7
0	7051	4027	3	18	1.8732E7
0	7046	4009	3	17	1.8733E7
0	7042	3995	3	13	1.8734E7
0	7038	3984	3	10	1.8735E7
0	7036	3975	3	7	1.8736E7
0	7034	3970	3	4	1.8737E7
0	7033	3967	3	2	1.8738E7
0	7033	3966	3	0	1.8739E7
0	7033	3966	3	0	1.874E7
0	7033	3966	3	0	1.8741E7
0	7033	3966	3	0	1.8742E7
0	7033	3966	3	0	1.8743E7
0	7033	3966	3	0	1.8744E7
0	7033	3966	3	0	1.8745E7
0	7033	3966	3	0	1.8746E7
0	7033	3966	3	0	1.8747E7
0	7033	3966	3	0	1.8748E7
0	7033	3966	3	0	1.8749E7
0	7033	3966	3	0	1.875E7
0	7033	3966	3	0	1.8751E7
0	7033	3966	3	0	1.8752E7
0	7033	3966	3	0	1.8753E7
0	7033	3966	3	0	1.8754E7
0	7033	3966	3	0	1.8755E7
0	7033	3966	3	0	1.8756E7
0	7033	3966	3	0	1.8757E7
0	7033	3966	3	0	1.8758E7
0	7033	3965	3	2	1.8759E7
0	7032	3962	3	4	1.876E7
0	7030	3957	3	6	1.8761E7
0	7028	3950	3	7	1.8762E7
0	7026	3942	3	9	1.8763E7
0	7023	3931	3	11	1.8764E7
0	7020	3918	3	13	1.8765E7
0	7017	3907	3	10	1.8766E7
0	7014	3895	3	12	1.8767E7
0	7011	3882	3	14	1.8768E7
0	7024	3879	1	13	1.8769E7
0	7037	3875	1	13	1.877E7
0	7050	3872	1	13	1.8771E7
0	7063	3869	1	13	1.8772E7
0	7076	3866	1	13	1.8773E7
0	7089	3863	1	13	1.8774E7
0	7102	3861	1	13	1.8775E7
0	7115	3859	1	13	1.8776E7
0	7128	3856	1	13	1.8777E7
0	7142	3854	1	13	1.8778E7
0	7155	3851	1	13	1.8779E7
0	7168	3849	1	13	1.878E7
0	7181	3847	1	13	1.8781E7
0	7194	3844	1	13	1.8782E7
0	7208	3842	1	13	1.8783E7
0	7221	3840	1	13	1.8784E7
0	7234	3837	1	13	1.8785E7
0	7247	3835	1	13	1.8786E7
0	7260	3833	1	13	1.8787E7
0	7273	3830	1	13	1.8788E7
0	7287	3828	1	13	1.8789E7
0	7300	3825	1	13	1.879E7
0	7313	3823	1	13	1.8791E7
0	7326	3820	1	13	1.8792E7
0	7339	3818	1	13	1.8793E7
0	7352	3816	1	13	1.8794E7
0	7366	3813	1	13	1.8795E7
0	7379	3811	1	13	1.8796E7
0	7392	3808	1	13	1.8797E7
0	7405	3806	1	13	1.8798E7
0	7418	3803	1	13	1.8799E7
0	7431	3801	1	13	1.88E7
0	7445	3798	1	13	1.8801E7
0	7458	3796	1	13	1.8802E7
0	7471	3794	1	13	1.8803E7
0	7484	3791	1	13	1.8804E7
0	7497	3789	1	13	1.8805E7
0	7510	3786	1	13	1.8806E7
0	7524	3784	1	13	1.8807E7
0	7537	3781	1	13	1.8808E7
0	7550	3779	1	13	1.8809E7
0	7563	3776	1	13	1.881E7
0	7576	3774	1	13	1.8811E7
0	7589	3771	1	13	1.8812E7
0	7602	3769	1	13	1.8813E7
0	7616	3766	1	13	1.8814E7
0	7629	3764	1	13	1.8815E7
0	7642	3761	1	13	1.8816E7
0	7655	3759	1	13	1.8817E7
0	7668	3756	1	13	1.8818E7
0	7681	3754	1	13	1.8819E7
0	7695	3751	1	13	1.882E7
0	7708	3749	1	13	1.8821E7
0	7721	3746	1	13	1.8822E7
0	7734	3743	1	13	1.8823E7
0	7747	3741	1	13	1.8824E7
0	7760	3738	1	13	1.8825E7
0	7773	3736	1	13	1.8826E7
0	7786	3733	1	13	1.8827E7
0	7800	3730	1	13	1.8828E7
0	7813	3728	1	13	1.8829E7
0	7826	3725	1	13	1.883E7
0	7839	3722	1	13	1.8831E7
0	7852	3719	1	13	1.8832E7
0	7865	3716	1	13	1.8833E7
0	7877	3713	1	10	1.8834E7
0	7886	3711	1	7	1.8835E7
0	7892	3710	1	5	1.8836E7
0	7896	3709	1	2	1.8837E7
0	7898	3708	1	1	1.8838E7
0	7899	3708	1	0	1.8839E7
0	7899	3708	1	0	1.884E7
0	7900	3708	1	0	1.8841E7
0	7900	3708	1	0	1.8842E7
0	7900	3708	1	0	1.8843E7
0	7900	3708	1	0	1.8844E7
0	7900	3708	1	0	1.8845E7
0	7900	3708	1	0	1.8846E7
0	7900	3708	1	0	1.8847E7
0	7900	3708	1	0	1.8848E7
0	7900	3708	1	0	1.8849E7
0	7900	3708	1	0	1.885E7
0	7900	3708	1	0	1.8851E7
0	7900	3708	1	0	1.8852E7
0	7900	3708	1	0	1.8853E7
0	7900	3708	1	0	1.8854E7
0	7900	3708	1	0	1.8855E7
0	7900	3708	1	0	1.8856E7
0	7900	3708	1	0	1.8857E7
0	7900	3708	1	0	1.8858E7
0	7900	3708	1	0	1.8859E7
0	7900	3708	1	0	1.886E7
0	7900	3708	1	0	1.8861E7
0	7900	3708	1	0	1.8862E7
0	7900	3708	1	0	1.8863E7
0	7900	3708	1	0	1.8864E7
0	7900	3708	1	0	1.8865E7
0	7900	3708	1	0	1.8866E7
0	7900	3708	1	0	1.8867E7
0	7900	3708	1	0	1.8868E7
0	7900	3708	1	0	1.8869E7
0	7900	3708	1	0	1.887E7
0	7900	3708	1	0	1.8871E7
0	7900	3708	1	0	1.8872E7
0	7900	3708	1	0	1.8873E7
0	7900	3708	1	0	1.8874E7
0	7900	3708	1	0	1.8875E7
0	7900	3708	1	0	1.8876E7
0	7900	3708	1	0	1.8877E7
0	7900	3708	1	0	1.8878E7
0	7900	3708	1	0	1.8879E7
0	7900	3708	1	0	1.888E7
0	7900	3708	1	0	1.8881E7
0	7901	3708	1	2	1.8882E7
0	7905	3707	1	4	1.8883E7
0	7910	3708	1	6	1.8884E7
0	7917	3708	1	8	1.8885E7
0	7926	3706	1	10	1.8886E7
0	7937	3704	1	11	1.8887E7
0	7949	3701	1	13	1.8888E7
0	7963	3699	1	13	1.8889E7
0	7976	3696	1	13	1.889E7
0	7989	3694	1	13	1.8891E7
0	8002	3691	1	13	1.8892E7
0	8015	3689	1	13	1.8893E7
0	8029	3687	1	13	1.8894E7
0	8042	3685	1	13	1.8895E7
0	8055	3683	1	13	1.8896E7
0	8068	3679	1	13	1.8897E7
0	8081	3676	1	13	1.8898E7
0	8094	3672	1	13	1.8899E7
0	8107	3669	1	13	1.89E7
0	8120	3666	1	13	1.8901E7
0	8133	3664	1	13	1.8902E7
0	8146	3661	1	13	1.8903E7
0	8160	3659	1	13	1.8904E7
0	8173	3656	1	13	1.8905E7
0	8186	3654	1	13	1.8906E7
0	8199	3651	1	13	1.8907E7
0	8211	3649	1	10	1.8908E7
0	8219	3648	1	7	1.8909E7
0	8224	3647	1	4	1.891E7
0	8228	3646	1	2	1.8911E7
0	8228	3646	1	0	1.8912E7
0	8228	3646	1	0	1.8913E7
0	8228	3646	1	0	1.8914E7
0	8228	3646	1	0	1.8915E7
0	8228	3646	1	0	1.8916E7
0	8228	3646	1	0	1.8917E7
0	8228	3646	1	0	1.8918E7
0	8228	3646	1	0	1.8919E7
0	8228	3646	1	0	1.892E7
0	8228	3646	1	0	1.8921E7
0	8228	3646	1	0	1.8922E7
0	8228	3646	1	0	1.8923E7
0	8228	3646	1	0	1.8924E7
0	8228	3646	1	0	1.8925E7
0	8228	3646	1	0	1.8926E7
0	8228	3646	1	0	1.8927E7
0	8228	3646	1	0	1.8928E7
0	8228	3646	1	0	1.8929E7
0	8228	3646	1	0	1.893E7
0	8228	3646	1	0	1.8931E7
0	8229	3646	1	2	1.8932E7
0	8233	3645	1	4	1.8933E7
0	8238	3644	1	6	1.8934E7
0	8245	3642	1	8	1.8935E7
0	8253	3636	1	10	1.8936E7
0	8264	3633	1	12	1.8937E7
0	8277	3630	1	13	1.8938E7
0	8290	3627	1	13	1.8939E7
0	8303	3623	1	13	1.894E7
0	8315	3617	1	13	1.8941E7
0	8328	3613	1	13	1.8942E7
0	8341	3610	1	13	1.8943E7
0	8354	3606	1	13	1.8944E7
0	8366	3603	1	13	1.8945E7
0	8379	3599	1	13	1.8946E7
0	8392	3596	1	13	1.8947E7
0	8405	3592	1	13	1.8948E7
0	8418	3588	1	13	1.8949E7
0	8431	3584	1	13	1.895E7
0	8443	3581	1	13	1.8951E7
0	8456	3577	1	13	1.8952E7
0	8469	3573	1	13	1.8953E7
0	8482	3569	1	13	1.8954E7
0	8495	3565	1	13	1.8955E7
0	8507	3561	1	13	1.8956E7
0	8520	3557	1	13	1.8957E7
0	8533	3553	1	13	1.8958E7
0	8546	3549	1	13	1.8959E7
0	8558	3544	1	13	1.896E7
0	8571	3540	1	13	1.8961E7
0	8584	3535	1	13	1.8962E7
0	8595	3528	1	13	1.8963E7
0	8607	3523	1	13	1.8964E7
0	8620	3519	1	13	1.8965E7
0	8633	3514	1	13	1.8966E7
0	8645	3510	1	13	1.8967E7
0	8658	3505	1	13	1.8968E7
0	8670	3500	1	13	1.8969E7
0	8682	3495	1	13	1.897E7
0	8695	3490	1	13	1.8971E7
0	8707	3485	1	13	1.8972E7
0	8720	3480	1	13	1.8973E7
0	8732	3475	1	13	1.8974E7
0	8745	3470	1	13	1.8975E7
0	8757	3465	2	13	1.8976E7
0	8769	3459	2	13	1.8977E7
0	8781	3454	2	13	1.8978E7
0	8793	3449	2	13	1.8979E7
0	8806	3443	2	13	1.898E7
0	8818	3438	2	13	1.8981E7
0	8830	3432	2	13	1.8982E7
0	8841	3427	2	10	1.8983E7
0	8849	3424	2	7	1.8984E7
0	8854	3421	2	4	1.8985E7
0	8857	3419	2	2	1.8986E7
0	8859	3418	2	1	1.8987E7
0	8860	3418	2	0	1.8988E7
0	8860	3418	2	0	1.8989E7
0	8860	3418	2	0	1.899E7
0	8860	3418	2	0	1.8991E7
0	8861	3417	2	2	1.8992E7
0	8864	3414	2	4	1.8993E7
0	8865	3408	2	7	1.8994E7
0	8862	3401	3	9	1.8995E7
0	8857	3392	4	10	1.8996E7
0	8850	3382	4	13	1.8997E7
0	8843	3371	4	13	1.8998E7
0	8835	3360	4	13	1.8999E7
0	8828	3349	4	13	1.9E7
0	8821	3337	4	13	1.9001E7
0	8814	3326	4	13	1.9002E7
0	8807	3314	4	13	1.9003E7
0	8803	3301	4	13	1.9004E7
0	8796	3290	4	13	1.9005E7
0	8789	3278	4	13	1.9006E7
0	8782	3267	4	13	1.9007E7
0	8776	3255	4	13	1.9008E7
0	8769	3244	4	13	1.9009E7
0	8762	3232	4	13	1.901E7
0	8755	3221	4	13	1.9011E7
0	8748	3209	4	13	1.9012E7
0	8742	3198	4	11	1.9013E7
0	8737	3190	4	7	1.9014E7
0	8734	3185	4	5	1.9015E7
0	8732	3181	4	3	1.9016E7
0	8730	3177	4	6	1.9017E7
0	8731	3174	3	8	1.9018E7
0	8738	3163	2	9	1.9019E7
0	8740	3150	3	11	1.902E7
0	8752	3144	2	13	1.9021E7
0	8763	3137	2	13	1.9022E7
0	8775	3130	2	13	1.9023E7
0	8786	3123	2	13	1.9024E7
0	8798	3117	2	13	1.9025E7
0	8809	3110	2	13	1.9026E7
0	8821	3103	2	13	1.9027E7
0	8833	3096	2	13	1.9028E7
0	8844	3090	2	13	1.9029E7
0	8856	3083	2	13	1.903E7
0	8867	3076	2	13	1.9031E7
0	8879	3070	2	13	1.9032E7
0	8890	3063	2	13	1.9033E7
0	8902	3056	2	13	1.9034E7
0	8914	3049	2	13	1.9035E7
0	8925	3043	2	13	1.9036E7
0	8937	3036	2	13	1.9037E7
0	8947	3028	2	13	1.9038E7
0	8957	3019	2	13	1.9039E7
0	8954	3006	3	13	1.904E7
0	8947	2994	4	13	1.9041E7
0	8940	2983	4	13	1.9042E7
0	8934	2971	4	13	1.9043E7
0	8927	2960	4	13	1.9044E7
0	8920	2948	4	13	1.9045E7
0	8913	2937	4	13	1.9046E7
0	8906	2925	4	13	1.9047E7
0	8899	2914	4	13	1.9048E7
0	8892	2902	4	13	1.9049E7
0	8885	2891	4	13	1.905E7
0	8879	2880	4	13	1.9051E7
0	8872	2868	4	13	1.9052E7
0	8865	2857	4	13	1.9053E7
0	8858	2845	4	12	1.9054E7
0	8852	2836	4	9	1.9055E7
0	8848	2829	4	6	1.9056E7
0	8846	2825	4	3	1.9057E7
0	8845	2823	4	2	1.9058E7
0	8844	2821	4	0	1.9059E7
0	8844	2821	4	0	1.906E7
0	8844	2821	4	0	1.9061E7
0	8844	2821	4	0	1.9062E7
0	8844	2821	4	0	1.9063E7
0	8844	2821	4	0	1.9064E7
0	8844	2821	4	0	1.9065E7
0	8844	2821	4	0	1.9066E7
0	8844	2821	4	0	1.9067E7
0	8844	2821	4	0	1.9068E7
0	8844	2821	4	0	1.9069E7
0	8844	2821	4	0	1.907E7
0	8844	2821	4	0	1.9071E7
0	8844	2821	4	0	1.9072E7
0	8844	2821	4	0	1.9073E7
0	8844	2821	4	0	1.9074E7
0	8844	2821	4	0	1.9075E7
0	8844	2821	4	0	1.9076E7
0	8844	2821	4	0	1.9077E7
0	8844	2821	4	0	1.9078E7
0	8844	2821	4	0	1.9079E7
0	8844	2821	4	0	1.908E7
0	8844	2821	4	0	1.9081E7
0	8844	2821	4	0	1.9082E7
0	8844	2821	4	0	1.9083E7
0	8844	2821	4	0	1.9084E7
0	8844	2821	4	0	1.9085E7
0	8844	2821	4	0	1.9086E7
0	8843	2819	4	2	1.9087E7
0	8843	2816	3	4	1.9088E7
0	8847	2812	3	6	1.9089E7
0	8853	2809	2	8	1.909E7
0	8861	2804	2	10	1.9091E7
0	8871	2798	2	11	1.9092E7
0	8882	2792	2	13	1.9093E7
0	8893	2785	2	13	1.9094E7
0	8905	2778	2	13	1.9095E7
0	8916	2772	2	11	1.9096E7
0	8924	2767	2	7	1.9097E7
0	8929	2764	2	5	1.9098E7
0	8933	2762	2	2	1.9099E7
0	8934	2762	2	0	1.91E7
0	8934	2762	2	0	1.9101E7
0	8934	2762	2	0	1.9102E7
0	8934	2762	2	0	1.9103E7
0	8934	2762	2	0	1.9104E7
0	8934	2762	2	0	1.9105E7
0	8934	2762	2	0	1.9106E7
0	8934	2762	2	0	1.9107E7
0	8934	2762	2	0	1.9108E7
0	8934	2762	2	0	1.9109E7
0	8934	2762	2	0	1.911E7
0	8934	2762	2	0	1.9111E7
0	8934	2762	2	0	1.9112E7
0	8934	2762	2	0	1.9113E7
0	8934	2762	2	0	1.9114E7
0	8934	2762	2	0	1.9115E7
0	8934	2762	2	0	1.9116E7
0	8934	2762	2	0	1.9117E7
0	8934	2762	2	0	1.9118E7
0	8934	2762	2	0	1.9119E7
0	8934	2761	2	1	1.912E7
0	8937	2760	2	3	1.9121E7
0	8939	2755	2	5	1.9122E7
0	8944	2751	2	7	1.9123E7
0	8952	2747	2	9	1.9124E7
0	8961	2742	2	11	1.9125E7
0	8972	2736	2	13	1.9126E7
0	8983	2729	2	13	1.9127E7
0	8995	2722	2	13	1.9128E7
0	9006	2716	2	13	1.9129E7
0	9018	2709	2	12	1.913E7
0	9029	2702	2	13	1.9131E7
0	9041	2696	2	13	1.9132E7
0	9044	2683	3	14	1.9133E7
0	9039	2668	3	16	1.9134E7
0	9034	2653	3	16	1.9135E7
0	9029	2638	3	16	1.9136E7
0	9024	2624	3	13	1.9137E7
0	9021	2613	3	9	1.9138E7
0	9018	2606	3	6	1.9139E7
0	9016	2601	3	4	1.914E7
0	9014	2597	3	4	1.9141E7
0	9009	2595	4	7	1.9142E7
0	9001	2598	5	8	1.9143E7
0	8992	2603	6	10	1.9144E7
0	8982	2608	6	12	1.9145E7
0	8970	2614	6	13	1.9146E7
0	8958	2620	6	13	1.9147E7
0	8946	2625	6	13	1.9148E7
0	8934	2631	6	13	1.9149E7
0	8922	2638	6	13	1.915E7
0	8911	2645	6	13	1.9151E7
0	8899	2652	6	13	1.9152E7
0	8888	2658	6	13	1.9153E7
0	8878	2665	6	9	1.9154E7
0	8871	2669	6	6	1.9155E7
0	8867	2672	6	4	1.9156E7
0	8864	2674	6	1	1.9157E7
0	8864	2674	6	0	1.9158E7
0	8864	2674	6	0	1.9159E7
0	8864	2674	6	0	1.916E7
0	8864	2674	6	0	1.9161E7
0	8864	2674	6	0	1.9162E7
0	8864	2674	6	0	1.9163E7
0	8864	2674	6	0	1.9164E7
0	8864	2674	6	0	1.9165E7
0	8864	2674	6	0	1.9166E7
0	8864	2674	6	0	1.9167E7
0	8864	2674	6	0	1.9168E7
0	8864	2674	6	0	1.9169E7
0	8864	2674	6	0	1.917E7
0	8864	2674	6	0	1.9171E7
0	8864	2674	6	0	1.9172E7
0	8864	2674	6	0	1.9173E7
0	8864	2674	6	0	1.9174E7
0	8864	2674	6	0	1.9175E7
0	8864	2674	6	0	1.9176E7
0	8864	2674	6	0	1.9177E7
0	8863	2675	6	2	1.9178E7
0	8859	2676	6	4	1.9179E7
0	8855	2679	6	6	1.918E7
0	8848	2683	6	8	1.9181E7
0	8841	2688	6	10	1.9182E7
0	8831	2693	6	12	1.9183E7
0	8820	2700	6	13	1.9184E7
0	8808	2707	6	13	1.9185E7
0	8797	2714	6	13	1.9186E7
0	8785	2721	6	13	1.9187E7
0	8774	2728	6	13	1.9188E7
0	8762	2735	6	13	1.9189E7
0	8751	2742	6	13	1.919E7
0	8740	2749	6	13	1.9191E7
0	8728	2755	6	13	1.9192E7
0	8723	2744	3	13	1.9193E7
0	8726	2732	3	13	1.9194E7
0	8730	2719	3	13	1.9195E7
0	8732	2706	3	13	1.9196E7
0	8730	2693	3	13	1.9197E7
0	8725	2680	4	13	1.9198E7
0	8718	2669	4	13	1.9199E7
0	8712	2657	4	13	1.92E7
0	8705	2645	4	13	1.9201E7
0	8699	2634	4	13	1.9202E7
0	8692	2622	4	13	1.9203E7
0	8687	2611	4	10	1.9204E7
0	8682	2603	4	7	1.9205E7
0	8679	2597	4	5	1.9206E7
0	8677	2594	4	3	1.9207E7
0	8673	2592	4	6	1.9208E7
0	8666	2595	5	8	1.9209E7
0	8658	2600	6	10	1.921E7
0	8649	2606	6	11	1.9211E7
0	8638	2613	6	13	1.9212E7
0	8627	2620	6	13	1.9213E7
0	8615	2627	6	13	1.9214E7
0	8604	2634	6	13	1.9215E7
0	8593	2641	6	13	1.9216E7
0	8581	2648	6	13	1.9217E7
0	8570	2655	6	13	1.9218E7
0	8559	2662	6	13	1.9219E7
0	8547	2669	6	13	1.922E7
0	8536	2676	6	13	1.9221E7
0	8528	2687	6	13	1.9222E7
0	8526	2700	7	13	1.9223E7
0	8521	2712	6	13	1.9224E7
0	8509	2718	6	13	1.9225E7
0	8497	2723	6	13	1.9226E7
0	8485	2729	6	13	1.9227E7
0	8473	2735	6	13	1.9228E7
0	8461	2741	6	13	1.9229E7
0	8449	2747	6	13	1.923E7
0	8437	2753	6	13	1.9231E7
0	8425	2759	6	13	1.9232E7
0	8413	2765	6	13	1.9233E7
0	8401	2771	6	13	1.9234E7
0	8389	2777	6	13	1.9235E7
0	8377	2783	6	13	1.9236E7
0	8365	2789	6	13	1.9237E7
0	8353	2794	6	12	1.9238E7
0	8344	2799	6	8	1.9239E7
0	8337	2802	6	6	1.924E7
0	8333	2804	6	3	1.9241E7
0	8329	2806	6	5	1.9242E7
0	8324	2805	5	7	1.9243E7
0	8320	2797	4	9	1.9244E7
0	8315	2788	4	10	1.9245E7
0	8311	2780	4	7	1.9246E7
0	8308	2774	4	5	1.9247E7
0	8306	2771	4	2	1.9248E7
0	8306	2770	4	0	1.9249E7
0	8306	2770	4	0	1.925E7
0	8306	2770	4	0	1.9251E7
0	8306	2770	4	0	1.9252E7
0	8306	2770	4	0	1.9253E7
0	8306	2770	4	0	1.9254E7
0	8306	2770	4	0	1.9255E7
0	8306	2770	4	0	1.9256E7
0	8306	2770	4	0	1.9257E7
0	8306	2770	4	0	1.9258E7
0	8306	2770	4	0	1.9259E7
0	8306	2770	4	0	1.926E7
0	8306	2770	4	0	1.9261E7
0	8306	2770	4	0	1.9262E7
0	8306	2770	4	0	1.9263E7
0	8306	2770	4	0	1.9264E7
0	8306	2770	4	0	1.9265E7
0	8306	2770	4	0	1.9266E7
0	8306	2770	4	0	1.9267E7
0	8306	2770	4	0	1.9268E7
0	8306	2769	4	1	1.9269E7
0	8301	2768	4	3	1.927E7
0	8299	2764	4	5	1.9271E7
0	8295	2758	4	7	1.9272E7
0	8290	2750	4	9	1.9273E7
0	8285	2741	4	10	1.9274E7
0	8280	2734	4	7	1.9275E7
0	8277	2729	4	4	1.9276E7
0	8277	2725	3	4	1.9277E7
0	8281	2718	3	6	1.9278E7
0	8287	2713	2	8	1.9279E7
0	8297	2712	1	10	1.928E7
0	8307	2710	1	12	1.9281E7
0	8318	2704	2	13	1.9282E7
0	8328	2695	2	13	1.9283E7
0	8332	2683	3	13	1.9284E7
0	8327	2672	4	11	1.9285E7
0	8320	2666	4	8	1.9286E7
0	8314	2663	4	5	1.9287E7
0	8310	2662	5	3	1.9288E7
0	8306	2662	5	5	1.9289E7
0	8300	2663	5	7	1.929E7
0	8293	2667	6	9	1.9291E7
0	8284	2673	6	11	1.9292E7
0	8273	2679	6	13	1.9293E7
0	8261	2686	6	14	1.9294E7
0	8247	2694	6	16	1.9295E7
0	8232	2699	6	16	1.9296E7
0	8218	2707	6	16	1.9297E7
0	8204	2715	6	16	1.9298E7
0	8190	2723	6	16	1.9299E7
0	8176	2730	6	16	1.93E7
0	8162	2738	6	16	1.9301E7
0	8148	2746	6	16	1.9302E7
0	8133	2754	6	16	1.9303E7
0	8119	2762	6	16	1.9304E7
0	8105	2770	6	16	1.9305E7
0	8091	2778	6	16	1.9306E7
0	8078	2785	6	13	1.9307E7
0	8068	2792	6	10	1.9308E7
0	8061	2797	6	7	1.9309E7
0	8056	2800	6	4	1.931E7
0	8053	2803	6	2	1.9311E7
0	8053	2803	6	0	1.9312E7
0	8053	2803	6	0	1.9313E7
0	8053	2803	6	0	1.9314E7
0	8053	2803	6	0	1.9315E7
0	8053	2803	6	0	1.9316E7
0	8053	2803	6	0	1.9317E7
0	8053	2803	6	0	1.9318E7
0	8053	2803	6	0	1.9319E7
0	8053	2803	6	0	1.932E7
0	8053	2803	6	0	1.9321E7
0	8053	2803	6	0	1.9322E7
0	8053	2803	6	0	1.9323E7
0	8053	2803	6	0	1.9324E7
0	8053	2803	6	0	1.9325E7
0	8053	2803	6	0	1.9326E7
0	8053	2803	6	0	1.9327E7
0	8053	2803	6	0	1.9328E7
0	8053	2803	6	0	1.9329E7
0	8053	2803	6	0	1.933E7
0	8053	2803	6	0	1.9331E7
0	8052	2804	6	2	1.9332E7
0	8049	2806	6	4	1.9333E7
0	8045	2809	6	6	1.9334E7
0	8039	2813	6	8	1.9335E7
0	8032	2818	6	10	1.9336E7
0	8023	2825	6	12	1.9337E7
0	8012	2833	6	14	1.9338E7
0	7999	2842	6	16	1.9339E7
0	7986	2852	6	16	1.934E7
0	7973	2861	6	16	1.9341E7
0	7960	2870	6	16	1.9342E7
0	7946	2879	6	16	1.9343E7
0	7933	2887	6	16	1.9344E7
0	7919	2895	6	16	1.9345E7
0	7904	2902	6	16	1.9346E7
0	7889	2908	5	16	1.9347E7
0	7874	2913	5	16	1.9348E7
0	7859	2919	5	16	1.9349E7
0	7844	2924	5	16	1.935E7
0	7830	2929	5	16	1.9351E7
0	7815	2934	5	16	1.9352E7
0	7799	2937	5	16	1.9353E7
0	7784	2935	5	16	1.9354E7
0	7771	2926	4	16	1.9355E7
0	7767	2912	3	16	1.9356E7
0	7771	2896	3	16	1.9357E7
0	7780	2884	2	16	1.9358E7
0	7791	2872	2	16	1.9359E7
0	7803	2861	2	16	1.936E7
0	7814	2849	2	16	1.9361E7
0	7825	2838	2	16	1.9362E7
0	7835	2827	2	13	1.9363E7
0	7843	2819	2	9	1.9364E7
0	7849	2813	2	6	1.9365E7
0	7853	2810	2	4	1.9366E7
0	7855	2808	2	1	1.9367E7
0	7855	2807	2	0	1.9368E7
0	7855	2807	2	0	1.9369E7
0	7855	2807	2	0	1.937E7
0	7855	2807	2	0	1.9371E7
0	7855	2807	2	0	1.9372E7
0	7855	2807	2	0	1.9373E7
0	7855	2807	2	0	1.9374E7
0	7855	2807	2	0	1.9375E7
0	7855	2807	2	0	1.9376E7
0	7855	2807	2	0	1.9377E7
0	7855	2807	2	0	1.9378E7
0	7855	2807	2	0	1.9379E7
0	7855	2807	2	0	1.938E7
0	7855	2807	2	0	1.9381E7
0	7855	2807	2	0	1.9382E7
0	7855	2807	2	0	1.9383E7
0	7855	2807	2	0	1.9384E7
0	7855	2807	2	0	1.9385E7
0	7855	2807	2	0	1.9386E7
0	7855	2807	2	0	1.9387E7
0	7856	2806	2	2	1.9388E7
0	7859	2804	2	4	1.9389E7
0	7863	2800	2	6	1.939E7
0	7869	2795	2	8	1.9391E7
0	7871	2790	2	10	1.9392E7
0	7880	2784	2	12	1.9393E7
0	7892	2777	2	14	1.9394E7
0	7907	2772	1	16	1.9395E7
0	7922	2767	1	16	1.9396E7
0	7937	2762	1	16	1.9397E7
0	7952	2757	1	16	1.9398E7
0	7967	2750	2	16	1.9399E7
0	7982	2744	2	16	1.94E7
0	7997	2737	2	16	1.9401E7
0	8011	2731	2	16	1.9402E7
0	8026	2724	2	16	1.9403E7
0	8039	2715	2	16	1.9404E7
0	8053	2706	2	16	1.9405E7
0	8065	2696	2	16	1.9406E7
0	8067	2682	3	16	1.9407E7
0	8055	2669	4	16	1.9408E7
0	8039	2672	5	16	1.9409E7
0	8025	2676	5	13	1.941E7
0	8014	2679	5	10	1.9411E7
0	8006	2680	5	6	1.9412E7
0	8000	2679	5	4	1.9413E7
0	7997	2679	5	2	1.9414E7
0	7997	2679	5	0	1.9415E7
0	7997	2679	5	0	1.9416E7
0	7997	2679	5	0	1.9417E7
0	7997	2679	5	0	1.9418E7
0	7997	2679	5	0	1.9419E7
0	7997	2679	5	0	1.942E7
0	7997	2679	5	0	1.9421E7
0	7997	2679	5	0	1.9422E7
0	7997	2679	5	0	1.9423E7
0	7997	2679	5	0	1.9424E7
0	7997	2679	5	0	1.9425E7
0	7997	2679	5	0	1.9426E7
0	7997	2679	5	0	1.9427E7
0	7997	2679	5	0	1.9428E7
0	7997	2679	5	0	1.9429E7
0	7997	2679	5	0	1.943E7
0	7997	2679	5	0	1.9431E7
0	7997	2679	5	0	1.9432E7
0	7997	2679	5	0	1.9433E7
0	7997	2679	5	0	1.9434E7
0	7995	2679	5	2	1.9435E7
0	7992	2678	5	4	1.9436E7
0	7987	2677	5	6	1.9437E7
0	7980	2675	5	8	1.9438E7
0	7972	2673	5	9	1.9439E7
0	7961	2670	5	11	1.944E7
0	7948	2667	5	14	1.9441E7
0	7934	2664	5	15	1.9442E7
0	7918	2663	5	16	1.9443E7
0	7902	2661	5	16	1.9444E7
0	7886	2660	5	16	1.9445E7
0	7870	2658	5	16	1.9446E7
0	7854	2655	5	16	1.9447E7
0	7838	2652	5	16	1.9448E7
0	7824	2648	5	13	1.9449E7
0	7813	2645	5	9	1.945E7
0	7806	2642	5	6	1.9451E7
0	7801	2640	5	4	1.9452E7
0	7798	2639	5	1	1.9453E7
0	7797	2639	5	0	1.9454E7
0	7797	2639	5	0	1.9455E7
0	7797	2639	5	0	1.9456E7
0	7797	2639	5	0	1.9457E7
0	7797	2639	5	0	1.9458E7
0	7797	2639	5	0	1.9459E7
0	7797	2639	5	0	1.946E7
0	7797	2639	5	0	1.9461E7
0	7797	2639	5	0	1.9462E7
0	7797	2639	5	0	1.9463E7
0	7797	2639	5	0	1.9464E7
0	7797	2639	5	0	1.9465E7
0	7797	2639	5	0	1.9466E7
0	7797	2639	5	0	1.9467E7
0	7797	2639	5	0	1.9468E7
0	7797	2639	5	0	1.9469E7
0	7797	2639	5	0	1.947E7
0	7797	2639	5	0	1.9471E7
0	7797	2639	5	0	1.9472E7
0	7797	2639	5	0	1.9473E7
0	7796	2638	5	2	1.9474E7
0	7793	2637	5	4	1.9475E7
0	7788	2635	5	6	1.9476E7
0	7781	2632	4	8	1.9477E7
0	7772	2628	4	10	1.9478E7
0	7763	2623	4	12	1.9479E7
0	7751	2616	4	14	1.948E7
0	7738	2608	4	16	1.9481E7
0	7725	2599	4	16	1.9482E7
0	7712	2590	4	16	1.9483E7
0	7699	2580	4	16	1.9484E7
0	7684	2575	5	16	1.9485E7
0	7668	2578	5	16	1.9486E7
0	7657	2589	6	16	1.9487E7
0	7649	2603	6	16	1.9488E7
0	7641	2617	6	16	1.9489E7
0	7632	2631	6	16	1.949E7
0	7625	2645	6	16	1.9491E7
0	7620	2660	7	16	1.9492E7
0	7606	2666	5	16	1.9493E7
0	7591	2660	5	16	1.9494E7
0	7578	2652	4	16	1.9495E7
0	7565	2643	4	16	1.9496E7
0	7551	2636	4	14	1.9497E7
0	7540	2631	4	10	1.9498E7
0	7532	2627	4	7	1.9499E7
0	7527	2625	4	4	1.95E7
0	7524	2623	4	2	1.9501E7
0	7523	2622	4	0	1.9502E7
0	7523	2622	4	0	1.9503E7
0	7523	2622	4	0	1.9504E7
0	7523	2622	4	0	1.9505E7
0	7523	2622	4	0	1.9506E7
0	7523	2622	4	0	1.9507E7
0	7523	2622	4	0	1.9508E7
0	7523	2622	4	0	1.9509E7
0	7523	2622	4	0	1.951E7
0	7523	2622	4	0	1.9511E7
0	7523	2622	4	0	1.9512E7
0	7523	2622	4	0	1.9513E7
0	7523	2622	4	0	1.9514E7
0	7523	2622	4	0	1.9515E7
0	7523	2622	4	0	1.9516E7
0	7523	2622	4	0	1.9517E7
0	7523	2622	4	0	1.9518E7
0	7523	2622	4	0	1.9519E7
0	7523	2622	4	0	1.952E7
0	7523	2622	4	0	1.9521E7
0	7522	2622	4	1	1.9522E7
0	7520	2620	4	3	1.9523E7
0	7516	2617	4	5	1.9524E7
0	7511	2613	4	7	1.9525E7
0	7504	2606	4	9	1.9526E7
0	7497	2598	4	11	1.9527E7
