1.8184001668112375E7
1.818400166812066E7
1.8184006E7
1.8184016E7
1.8184026E7
1.8184036E7
1.8184046E7
1.8184056E7
1.8184066E7
1.8184076E7
1.8184086E7
1.8184096E7
1.8184106E7
1.8184116E7
1.8184126E7
1.8184136E7
1.8184146E7
1.8184156E7
1.8184166E7
1.8184176E7
1.8184186E7
1.8184196E7
1.8184206E7
1.8184216E7
1.8184226E7
1.8184236E7
1.8184246E7
1.8184256E7
1.8184266E7
1.8184276E7
1.8184286E7
1.8184296E7
1.8184306E7
1.8184316E7
1.8184326E7
1.8184336E7
1.8184346E7
1.8184356E7
1.8184366E7
1.8184376E7
1.8184386E7
1.8184396E7
1.8184406E7
1.8184416E7
1.8184426E7
1.8184436E7
1.8184446E7
1.8184456E7
1.8184466E7
1.8184476E7
1.8184486E7
1.8184496E7
1.8184506E7
1.8184516E7
1.8184526E7
1.8184536E7
1.8184546E7
1.8184556E7
1.8184566E7
1.8184576E7
1.8184586E7
1.8184596E7
1.8184606E7
1.8184616E7
1.8184626E7
1.8184636E7
1.8184646E7
1.8184656E7
1.8184666E7
1.8184676E7
1.8184686E7
1.8184696E7
1.8184706E7
1.8184716E7
1.8184726E7
1.8184736E7
1.8184746E7
1.8184756E7
1.8184766E7
1.8184776E7
1.8184786E7
1.8184796E7
1.8184806E7
1.8184816E7
1.8184826E7
1.8184836E7
1.8184846E7
1.8184856E7
1.8184866E7
1.8184876E7
1.826900346130369E7
1.8269003461311974E7
1.8269006E7
1.826901346130369E7
1.8269013461311974E7
1.8269016E7
1.8269026E7
1.8269036E7
1.8269046E7
1.826905346130369E7
1.8269053461311974E7
1.8269056E7
1.8269066E7
1.826907346130369E7
1.8269073461311974E7
1.8269076E7
1.826908346130369E7
1.8269083461311974E7
1.8269086E7
1.826909346130369E7
1.8269093461311974E7
1.8269096E7
1.826910346130369E7
1.8269103461311974E7
1.8269106E7
1.826911346130369E7
1.8269113461311974E7
1.8269116E7
1.826912346130369E7
1.8269123461311974E7
1.8269126E7
1.8269136E7
1.8269146E7
1.8269156E7
1.8269166E7
1.8269176E7
1.8269186E7
1.8269196E7
1.8269206E7
1.8269216E7
1.8269226E7
1.8269236E7
1.8269246E7
1.8269256E7
1.8269266E7
1.8269276E7
1.8269286E7
1.8269296E7
1.8269306E7
1.8269316E7
1.8269326E7
1.8269336E7
1.8269346E7
1.8269356E7
1.8269366E7
1.8269376E7
1.8269386E7
1.8269396E7
1.8269406E7
1.8269416E7
1.8269426E7
1.8269436E7
1.8269446E7
1.8269456E7
1.8269466E7
1.8269476E7
1.8269486E7
1.8269496E7
1.8269506E7
1.8269516E7
1.8269526E7
1.8269536E7
1.8269546E7
1.8269556E7
1.8269566E7
1.8269576E7
1.8269586E7
1.8269596E7
1.8269606E7
1.8269616E7
1.8269626E7
1.8269636E7
1.8269646E7
1.8269656E7
1.8269666E7
1.8269676E7
1.8269686E7
1.8269696E7
1.8269706E7
1.8269716E7
1.8269726E7
1.8269736E7
1.8269746E7
1.8269756E7
1.8269766E7
1.8269776E7
1.8269786E7
1.8269796E7
1.8269806E7
1.8269816E7
1.8269826E7
1.8269836E7
1.8269846E7
1.8269856E7
1.8269866E7
1.8269876E7
1.8269886E7
1.8269896E7
1.8269906E7
1.8269916E7
1.8269926E7
1.8269936E7
1.8269946E7
1.8269956E7
1.8269966E7
1.8269976E7
1.8269986E7
1.8269996E7
1.8270006E7
1.8270016E7
1.8270026E7
1.8270036E7
1.8270046E7
1.8270056E7
1.8270066E7
1.8270076E7
1.8270086E7
1.8270096E7
1.8270106E7
1.8270116E7
1.8270126E7
1.8270136E7
1.8270146E7
1.8270156E7
1.8270166E7
