2.001300141312218E7
2.0013001413130194E7
2.0013006E7
2.0013016E7
2.0013026E7
2.0013036E7
2.0013046E7
2.0013056E7
2.0013066E7
2.0013076E7
2.0013086E7
2.0013096E7
2.0013106E7
2.0013116E7
2.0013126E7
2.0013136E7
2.0013146E7
2.0013156E7
2.0013166E7
2.0013176E7
2.0013186E7
2.0013196E7
2.0013206E7
2.0013216E7
2.0013226E7
2.0013236E7
2.0013246E7
2.0013256E7
2.0013266E7
2.0013276E7
2.0013286E7
2.0013296E7
2.0013306E7
2.0013316E7
2.0013317446808968E7
2.001331744681698E7
2.0013326E7
2.0013336E7
2.0013346E7
2.0013356E7
2.0013366E7
2.0013376E7
2.0013386E7
2.0013396E7
2.0013406E7
2.0013416E7
2.0013426E7
2.0013436E7
2.0013446E7
2.0013456E7
2.0013466E7
2.0013476E7
2.0013486E7
2.0013496E7
2.0013506E7
2.0013516E7
2.0013526E7
2.0013536E7
2.0013546E7
2.0013556E7
2.0013566E7
2.0013576E7
2.0013586E7
2.0013596E7
2.0013606E7
2.0013616E7
2.0013626E7
2.0013636E7
2.0013646E7
2.0013656E7
2.0013666E7
2.0013676E7
2.0013686E7
2.0013696E7
2.0013706E7
2.0013716E7
2.0013726E7
2.0013736E7
2.0013746E7
2.0013756E7
2.0013766E7
2.0013776E7
2.0013786E7
2.0013796E7
2.0013806E7
2.0013816E7
2.0013826E7
2.0013836E7
2.0013846E7
2.0013856E7
2.0013866E7
2.0089002307130042E7
2.0089002307138056E7
2.0089006E7
2.0089016E7
2.0089026E7
2.0089036E7
2.0089046E7
2.0089056E7
2.0089066E7
2.0089076E7
2.0089086E7
2.0089096E7
2.0089106E7
2.0089116E7
2.0089126E7
2.0089136E7
2.0089146E7
2.0089156E7
2.0089166E7
2.0089176E7
2.0089186E7
2.0089196E7
2.0089206E7
2.0089216E7
2.0089226E7
2.0089236E7
2.0089246E7
2.0089256E7
2.0089266E7
2.0089276E7
2.0089286E7
2.0089296E7
2.0089306E7
2.0089316E7
2.0089326E7
2.0089336E7
2.0089346E7
2.0089356E7
2.0089366E7
2.0089376E7
2.0089386E7
2.0089396E7
2.0089406E7
2.0089416E7
2.0089426E7
2.0089436E7
2.0089446E7
2.0089456E7
2.0089466E7
2.0089476E7
2.0089486E7
2.0089496E7
2.0089506E7
2.0089516E7
2.0089526E7
2.0089536E7
2.0089546E7
2.0089556E7
2.0089566E7
2.0089576E7
2.0089586E7
2.0089596E7
2.0089606E7
2.0089616E7
2.0089626E7
2.0089636E7
2.0089646E7
2.0089656E7
2.0089666E7
2.0089676E7
2.0089686E7
2.0089696E7
2.0089706E7
2.0089716E7
2.0089726E7
2.0089736E7
2.0089746E7
2.0089756E7
2.0089766E7
2.0089776E7
2.0089786E7
2.0089796E7
2.0089806E7
2.0089816E7
2.0089826E7
2.0089836E7
2.0089846E7
2.0089856E7
2.0089866E7
2.0089876E7
2.0089886E7
2.0089896E7
2.0089906E7
2.0089916E7
2.0089926E7
2.0089936E7
2.0089946E7
2.0089956E7
2.0089966E7
2.0089976E7
2.0454001963142816E7
2.045400196315083E7
2.0454006E7
2.0454016E7
2.0454026E7
2.0454036E7
2.0454046E7
2.0454056E7
2.0454066E7
2.0454076E7
2.0454086E7
2.0454096E7
2.0454106E7
2.0454116E7
2.0454126E7
2.0454136E7
2.0454146E7
2.0454156E7
2.0454166E7
2.0454176E7
2.0454186E7
2.0454196E7
2.0454206E7
2.0454216E7
2.0454226E7
2.0454236E7
2.0454246E7
2.0454256E7
2.0454266E7
2.0454276E7
2.0454286E7
2.0454296E7
2.0454306E7
2.0454316E7
2.0454326E7
2.0454336E7
2.0454346E7
2.0454356E7
2.0454366E7
2.0454376E7
2.0454386E7
2.0454396E7
2.0454406E7
2.0454416E7
2.0454426E7
2.0454436E7
2.0454446E7
2.0454456E7
2.0454466E7
2.0454476E7
2.0454486E7
2.0454496E7
2.0454506E7
2.0454516E7
2.0454526E7
2.0454536E7
2.0454546E7
2.0454556E7
2.0454566E7
2.0454576E7
2.0454586E7
2.0454596E7
2.0454606E7
2.0454616E7
2.0454626E7
2.0454636E7
2.0454646E7
2.0454656E7
2.0454666E7
2.0454676E7
2.0454686E7
2.0454696E7
2.0454706E7
2.0454716E7
2.0454726E7
2.0454736E7
2.0454746E7
2.0454756E7
2.0454766E7
2.0454776E7
2.0454776721819285E7
2.04547767218273E7
2.0454786E7
2.0454796E7
2.0454806E7
2.0454816E7
2.0454826E7
