0	7031	4562	2	0	0.0
0	7031	4562	2	0	5437000.0
0	7031	4561	2	2	5438000.0
0	7032	4558	2	4	5439000.0
0	7033	4552	3	6	5440000.0
0	7034	4544	3	8	5441000.0
0	7033	4536	3	7	5442000.0
0	7033	4529	3	5	5443000.0
0	7033	4525	3	2	5444000.0
0	7033	4524	3	0	5445000.0
0	7033	4524	3	0	5446000.0
0	7033	4524	3	0	5447000.0
0	7033	4524	3	0	5448000.0
0	7033	4524	3	0	5449000.0
0	7033	4524	3	0	5450000.0
0	7033	4524	3	0	5451000.0
0	7033	4524	3	0	5452000.0
0	7033	4524	3	0	5453000.0
0	7033	4524	3	0	5454000.0
0	7033	4524	3	0	5455000.0
0	7033	4524	3	0	5456000.0
0	7033	4524	3	0	5457000.0
0	7033	4524	3	0	5458000.0
0	7033	4524	3	0	5459000.0
0	7033	4524	3	0	5460000.0
0	7033	4524	3	0	5461000.0
0	7033	4524	3	0	5462000.0
0	7033	4524	3	0	5463000.0
0	7033	4524	3	0	5464000.0
0	7033	4524	3	1	5465000.0
0	7033	4521	3	3	5466000.0
0	7029	4515	3	5	5467000.0
0	7029	4508	3	7	5468000.0
0	7029	4500	3	9	5469000.0
0	7028	4489	3	11	5470000.0
0	7027	4477	3	12	5471000.0
0	7026	4465	3	12	5472000.0
0	7025	4453	3	12	5473000.0
0	7025	4441	3	12	5474000.0
0	7024	4428	3	12	5475000.0
0	7024	4417	3	10	5476000.0
0	7024	4406	3	12	5477000.0
0	7019	4395	4	12	5478000.0
0	7007	4389	4	12	5479000.0
0	6995	4388	5	11	5480000.0
0	6986	4386	5	8	5481000.0
0	6979	4385	5	5	5482000.0
0	6975	4385	5	3	5483000.0
0	6973	4384	5	1	5484000.0
0	6972	4384	5	0	5485000.0
0	6971	4384	5	0	5486000.0
0	6971	4384	5	0	5487000.0
0	6971	4384	5	0	5488000.0
0	6971	4384	5	0	5489000.0
0	6971	4384	5	0	5490000.0
0	6971	4384	5	0	5491000.0
0	6971	4384	5	0	5492000.0
0	6971	4384	5	0	5493000.0
0	6971	4384	5	0	5494000.0
0	6971	4384	5	0	5495000.0
0	6971	4384	5	0	5496000.0
0	6971	4384	5	0	5497000.0
0	6971	4384	5	0	5498000.0
0	6971	4384	5	0	5499000.0
0	6971	4384	5	0	5500000.0
0	6971	4384	5	0	5501000.0
0	6971	4384	5	0	5502000.0
0	6971	4384	5	0	5503000.0
0	6971	4384	5	0	5504000.0
0	6971	4384	5	0	5505000.0
0	6971	4384	5	0	5506000.0
0	6971	4384	5	0	5507000.0
0	6971	4384	5	0	5508000.0
0	6971	4384	5	0	5509000.0
0	6971	4384	5	0	5510000.0
0	6971	4384	5	0	5511000.0
0	6971	4384	5	0	5512000.0
0	6971	4384	5	0	5513000.0
0	6971	4384	5	0	5514000.0
0	6971	4384	5	0	5515000.0
0	6971	4384	5	0	5516000.0
0	6971	4384	5	0	5517000.0
0	6971	4384	5	0	5518000.0
0	6971	4384	5	0	5519000.0
0	6971	4384	5	0	5520000.0
0	6971	4384	5	0	5521000.0
0	6971	4384	5	0	5522000.0
0	6971	4384	5	0	5523000.0
0	6971	4384	5	0	5524000.0
0	6971	4384	5	0	5525000.0
0	6971	4384	5	0	5526000.0
0	6971	4384	5	0	5527000.0
0	6971	4384	5	0	5528000.0
0	6971	4384	5	0	5529000.0
0	6971	4384	5	0	5530000.0
0	6971	4384	5	0	5531000.0
0	6971	4384	5	0	5532000.0
0	6971	4384	5	0	5533000.0
0	6971	4384	5	0	5534000.0
0	6971	4384	5	0	5535000.0
0	6971	4384	5	0	5536000.0
0	6971	4384	5	0	5537000.0
0	6971	4384	5	0	5538000.0
0	6971	4384	5	0	5539000.0
0	6971	4384	5	0	5540000.0
0	6971	4384	5	0	5541000.0
0	6971	4384	5	0	5542000.0
0	6969	4384	5	2	5543000.0
0	6967	4382	5	4	5544000.0
0	6966	4376	4	6	5545000.0
0	6966	4369	3	8	5546000.0
0	6964	4359	3	10	5547000.0
0	6964	4347	3	12	5548000.0
0	6965	4335	3	12	5549000.0
0	6966	4323	3	12	5550000.0
0	6967	4311	3	12	5551000.0
0	6968	4299	3	10	5552000.0
0	6969	4291	3	7	5553000.0
0	6970	4285	3	4	5554000.0
0	6970	4282	3	2	5555000.0
0	6971	4280	3	1	5556000.0
0	6971	4279	3	0	5557000.0
0	6971	4279	3	0	5558000.0
0	6972	4279	3	0	5559000.0
0	6972	4279	3	0	5560000.0
0	6972	4279	3	0	5561000.0
0	6972	4279	3	0	5562000.0
0	6972	4279	3	0	5563000.0
0	6972	4279	3	0	5564000.0
0	6972	4279	3	0	5565000.0
0	6972	4279	3	0	5566000.0
0	6972	4279	3	0	5567000.0
0	6972	4279	3	0	5568000.0
0	6972	4279	3	0	5569000.0
0	6972	4279	3	0	5570000.0
0	6972	4279	3	0	5571000.0
0	6972	4279	3	0	5572000.0
0	6972	4279	3	0	5573000.0
0	6972	4279	3	0	5574000.0
0	6972	4279	3	0	5575000.0
0	6972	4279	3	0	5576000.0
0	6972	4279	3	0	5577000.0
0	6972	4279	3	0	5578000.0
0	6972	4279	3	0	5579000.0
0	6972	4279	3	0	5580000.0
0	6972	4279	3	0	5581000.0
0	6972	4277	3	2	5582000.0
0	6974	4274	3	4	5583000.0
0	6977	4269	2	6	5584000.0
0	6982	4264	2	8	5585000.0
0	6991	4260	2	10	5586000.0
0	7001	4257	1	12	5587000.0
0	7013	4254	1	12	5588000.0
0	7025	4251	1	12	5589000.0
0	7037	4247	1	12	5590000.0
0	7049	4243	1	12	5591000.0
0	7060	4239	1	12	5592000.0
0	7072	4235	1	12	5593000.0
0	7082	4231	1	8	5594000.0
0	7088	4229	1	5	5595000.0
0	7093	4227	1	3	5596000.0
0	7096	4224	2	5	5597000.0
0	7098	4218	2	7	5598000.0
0	7101	4208	3	9	5599000.0
0	7098	4199	3	11	5600000.0
0	7094	4187	3	13	5601000.0
0	7091	4173	3	15	5602000.0
0	7089	4157	3	16	5603000.0
0	7085	4141	3	17	5604000.0
0	7080	4124	3	17	5605000.0
0	7075	4107	3	17	5606000.0
0	7070	4091	3	17	5607000.0
0	7065	4074	3	17	5608000.0
0	7060	4058	3	17	5609000.0
0	7056	4041	3	17	5610000.0
0	7051	4025	3	17	5611000.0
0	7046	4008	3	16	5612000.0
0	7041	3994	3	13	5613000.0
0	7038	3983	3	10	5614000.0
0	7036	3975	3	6	5615000.0
0	7034	3970	3	4	5616000.0
0	7033	3967	3	2	5617000.0
0	7033	3966	3	0	5618000.0
0	7033	3966	3	0	5619000.0
0	7033	3966	3	0	5620000.0
0	7033	3966	3	0	5621000.0
0	7033	3966	3	0	5622000.0
0	7033	3966	3	0	5623000.0
0	7033	3966	3	0	5624000.0
0	7033	3966	3	0	5625000.0
0	7033	3966	3	0	5626000.0
0	7033	3966	3	0	5627000.0
0	7033	3966	3	0	5628000.0
0	7033	3966	3	0	5629000.0
0	7033	3966	3	0	5630000.0
0	7033	3966	3	0	5631000.0
0	7033	3966	3	0	5632000.0
0	7033	3966	3	0	5633000.0
0	7033	3966	3	0	5634000.0
0	7033	3966	3	0	5635000.0
0	7033	3966	3	0	5636000.0
0	7033	3966	3	0	5637000.0
0	7033	3965	3	2	5638000.0
0	7032	3962	3	4	5639000.0
0	7030	3957	3	5	5640000.0
0	7028	3950	3	7	5641000.0
0	7026	3942	3	9	5642000.0
0	7023	3931	3	11	5643000.0
0	7020	3919	3	13	5644000.0
0	7017	3904	3	15	5645000.0
0	7012	3888	3	15	5646000.0
0	7017	3880	2	12	5647000.0
0	7029	3877	1	12	5648000.0
0	7041	3874	1	12	5649000.0
0	7053	3871	1	12	5650000.0
0	7065	3868	1	12	5651000.0
0	7077	3866	1	12	5652000.0
0	7089	3863	1	12	5653000.0
0	7101	3861	1	12	5654000.0
0	7113	3859	1	12	5655000.0
0	7125	3857	1	12	5656000.0
0	7137	3855	1	12	5657000.0
0	7149	3852	1	12	5658000.0
0	7161	3850	1	12	5659000.0
0	7173	3848	1	12	5660000.0
0	7186	3846	1	12	5661000.0
0	7198	3844	1	12	5662000.0
0	7210	3842	1	12	5663000.0
0	7222	3839	1	12	5664000.0
0	7234	3837	1	12	5665000.0
0	7246	3835	1	12	5666000.0
0	7258	3833	1	12	5667000.0
0	7270	3831	1	12	5668000.0
0	7282	3829	1	12	5669000.0
0	7294	3826	1	12	5670000.0
0	7306	3824	1	12	5671000.0
0	7319	3822	1	12	5672000.0
0	7331	3820	1	12	5673000.0
0	7343	3817	1	12	5674000.0
0	7355	3815	1	12	5675000.0
0	7367	3813	1	12	5676000.0
0	7379	3811	1	12	5677000.0
0	7391	3808	1	12	5678000.0
0	7403	3806	1	12	5679000.0
0	7415	3804	1	12	5680000.0
0	7427	3802	1	12	5681000.0
0	7439	3799	1	12	5682000.0
0	7451	3797	1	12	5683000.0
0	7463	3795	1	12	5684000.0
0	7476	3793	1	12	5685000.0
0	7488	3790	1	12	5686000.0
0	7500	3788	1	12	5687000.0
0	7512	3786	1	12	5688000.0
0	7524	3784	1	12	5689000.0
0	7536	3781	1	12	5690000.0
0	7548	3779	1	12	5691000.0
0	7560	3777	1	12	5692000.0
0	7572	3775	1	12	5693000.0
0	7584	3772	1	12	5694000.0
0	7596	3770	1	12	5695000.0
0	7609	3768	1	12	5696000.0
0	7621	3766	1	12	5697000.0
0	7633	3763	1	12	5698000.0
0	7645	3761	1	12	5699000.0
0	7657	3759	1	12	5700000.0
0	7669	3756	1	12	5701000.0
0	7681	3754	1	12	5702000.0
0	7693	3752	1	12	5703000.0
0	7705	3749	1	12	5704000.0
0	7717	3747	1	12	5705000.0
0	7729	3744	1	12	5706000.0
0	7741	3742	1	12	5707000.0
0	7753	3740	1	12	5708000.0
0	7765	3737	1	12	5709000.0
0	7777	3735	1	12	5710000.0
0	7789	3732	1	12	5711000.0
0	7801	3730	1	12	5712000.0
0	7813	3727	1	12	5713000.0
0	7825	3725	1	12	5714000.0
0	7837	3722	1	12	5715000.0
0	7849	3719	1	12	5716000.0
0	7861	3717	1	12	5717000.0
0	7873	3714	1	12	5718000.0
0	7883	3712	1	8	5719000.0
0	7891	3710	1	6	5720000.0
0	7895	3709	1	3	5721000.0
0	7898	3708	1	1	5722000.0
0	7899	3708	1	0	5723000.0
0	7899	3708	1	0	5724000.0
0	7900	3708	1	0	5725000.0
0	7900	3708	1	0	5726000.0
0	7900	3708	1	0	5727000.0
0	7900	3708	1	0	5728000.0
0	7900	3708	1	0	5729000.0
0	7900	3708	1	0	5730000.0
0	7900	3708	1	0	5731000.0
0	7900	3708	1	0	5732000.0
0	7900	3708	1	0	5733000.0
0	7900	3708	1	0	5734000.0
0	7900	3708	1	0	5735000.0
0	7900	3708	1	0	5736000.0
0	7900	3708	1	0	5737000.0
0	7900	3708	1	0	5738000.0
0	7900	3708	1	0	5739000.0
0	7900	3708	1	0	5740000.0
0	7900	3708	1	0	5741000.0
0	7900	3708	1	0	5742000.0
0	7900	3708	1	0	5743000.0
0	7900	3708	1	0	5744000.0
0	7900	3708	1	0	5745000.0
0	7900	3708	1	0	5746000.0
0	7900	3708	1	0	5747000.0
0	7900	3708	1	0	5748000.0
0	7900	3708	1	0	5749000.0
0	7900	3708	1	0	5750000.0
0	7900	3708	1	0	5751000.0
0	7900	3708	1	0	5752000.0
0	7900	3708	1	0	5753000.0
0	7900	3708	1	0	5754000.0
0	7900	3708	1	0	5755000.0
0	7900	3708	1	0	5756000.0
0	7900	3708	1	0	5757000.0
0	7900	3708	1	0	5758000.0
0	7900	3708	1	0	5759000.0
0	7900	3708	1	0	5760000.0
0	7900	3708	1	0	5761000.0
0	7901	3708	1	2	5762000.0
0	7905	3707	1	4	5763000.0
0	7910	3708	1	6	5764000.0
0	7918	3707	1	8	5765000.0
0	7927	3706	1	10	5766000.0
0	7938	3703	1	12	5767000.0
0	7950	3701	1	12	5768000.0
0	7963	3699	1	12	5769000.0
0	7975	3696	1	12	5770000.0
0	7987	3694	1	12	5771000.0
0	7999	3692	1	12	5772000.0
0	8011	3690	1	12	5773000.0
0	8023	3688	1	12	5774000.0
0	8035	3686	1	12	5775000.0
0	8047	3684	1	12	5776000.0
0	8059	3682	1	12	5777000.0
0	8071	3678	1	12	5778000.0
0	8083	3675	1	12	5779000.0
0	8095	3672	1	12	5780000.0
0	8107	3669	1	12	5781000.0
0	8119	3666	1	12	5782000.0
0	8131	3664	1	12	5783000.0
0	8143	3662	1	12	5784000.0
0	8155	3660	1	12	5785000.0
0	8167	3657	1	12	5786000.0
0	8180	3655	1	12	5787000.0
0	8192	3653	1	12	5788000.0
0	8204	3651	1	12	5789000.0
0	8214	3649	1	8	5790000.0
0	8221	3647	1	6	5791000.0
0	8226	3646	1	3	5792000.0
0	8228	3646	1	0	5793000.0
0	8228	3646	1	0	5794000.0
0	8228	3646	1	0	5795000.0
0	8228	3646	1	0	5796000.0
0	8228	3646	1	0	5797000.0
0	8228	3646	1	0	5798000.0
0	8228	3646	1	0	5799000.0
0	8228	3646	1	0	5800000.0
0	8228	3646	1	0	5801000.0
0	8228	3646	1	0	5802000.0
0	8228	3646	1	0	5803000.0
0	8228	3646	1	0	5804000.0
0	8228	3646	1	0	5805000.0
0	8228	3646	1	0	5806000.0
0	8228	3646	1	0	5807000.0
0	8228	3646	1	0	5808000.0
0	8228	3646	1	0	5809000.0
0	8228	3646	1	0	5810000.0
0	8228	3646	1	0	5811000.0
0	8228	3646	1	0	5812000.0
0	8228	3646	1	0	5813000.0
0	8230	3645	1	2	5814000.0
0	8234	3645	1	4	5815000.0
0	8239	3643	1	6	5816000.0
0	8247	3641	1	8	5817000.0
0	8256	3639	1	10	5818000.0
0	8267	3636	1	12	5819000.0
0	8279	3633	1	12	5820000.0
0	8291	3630	1	12	5821000.0
0	8303	3627	1	12	5822000.0
0	8315	3624	1	12	5823000.0
0	8326	3621	1	12	5824000.0
0	8338	3617	1	12	5825000.0
0	8350	3614	1	12	5826000.0
0	8362	3611	1	12	5827000.0
0	8374	3608	1	12	5828000.0
0	8386	3604	1	12	5829000.0
0	8398	3601	1	12	5830000.0
0	8410	3598	1	12	5831000.0
0	8421	3594	1	12	5832000.0
0	8433	3591	1	12	5833000.0
0	8445	3587	1	12	5834000.0
0	8457	3583	1	12	5835000.0
0	8468	3580	1	12	5836000.0
0	8480	3576	1	12	5837000.0
0	8492	3572	1	12	5838000.0
0	8504	3569	1	12	5839000.0
0	8515	3565	1	12	5840000.0
0	8527	3561	1	12	5841000.0
0	8539	3558	1	12	5842000.0
0	8549	3554	1	9	5843000.0
0	8556	3552	1	6	5844000.0
0	8561	3550	1	3	5845000.0
0	8564	3549	1	1	5846000.0
0	8564	3549	1	0	5847000.0
0	8564	3549	1	0	5848000.0
0	8564	3549	1	0	5849000.0
0	8564	3549	1	0	5850000.0
0	8564	3549	1	0	5851000.0
0	8564	3549	1	0	5852000.0
0	8564	3549	1	0	5853000.0
0	8564	3549	1	0	5854000.0
0	8564	3549	1	0	5855000.0
0	8564	3549	1	0	5856000.0
0	8564	3549	1	0	5857000.0
0	8564	3549	1	0	5858000.0
0	8564	3549	1	0	5859000.0
0	8564	3549	1	0	5860000.0
0	8564	3549	1	0	5861000.0
0	8564	3549	1	0	5862000.0
0	8564	3549	1	0	5863000.0
0	8564	3549	1	0	5864000.0
0	8564	3549	1	0	5865000.0
0	8564	3549	1	0	5866000.0
0	8566	3549	1	2	5867000.0
0	8569	3547	1	4	5868000.0
0	8574	3545	1	6	5869000.0
0	8582	3543	1	8	5870000.0
0	8590	3540	1	10	5871000.0
0	8601	3536	1	12	5872000.0
0	8613	3532	1	12	5873000.0
0	8624	3528	1	12	5874000.0
0	8636	3524	1	12	5875000.0
0	8647	3519	1	12	5876000.0
0	8659	3515	1	12	5877000.0
0	8670	3510	1	12	5878000.0
0	8682	3506	1	12	5879000.0
0	8693	3501	1	12	5880000.0
0	8705	3497	1	12	5881000.0
0	8716	3492	1	12	5882000.0
0	8728	3488	1	12	5883000.0
0	8739	3483	1	12	5884000.0
0	8750	3479	1	12	5885000.0
0	8762	3474	2	12	5886000.0
0	8773	3469	2	12	5887000.0
0	8784	3464	2	12	5888000.0
0	8795	3458	2	12	5889000.0
0	8806	3453	2	12	5890000.0
0	8818	3448	2	12	5891000.0
0	8829	3443	2	12	5892000.0
0	8840	3438	2	12	5893000.0
0	8850	3434	2	9	5894000.0
0	8856	3431	2	6	5895000.0
0	8861	3429	2	3	5896000.0
0	8863	3427	2	1	5897000.0
0	8864	3427	2	0	5898000.0
0	8865	3426	2	0	5899000.0
0	8865	3426	2	0	5900000.0
0	8865	3426	2	0	5901000.0
0	8865	3426	2	0	5902000.0
0	8865	3426	2	0	5903000.0
0	8865	3426	2	0	5904000.0
0	8865	3426	2	0	5905000.0
0	8865	3426	2	0	5906000.0
0	8865	3426	2	0	5907000.0
0	8865	3426	2	0	5908000.0
0	8865	3426	2	0	5909000.0
0	8865	3426	2	0	5910000.0
0	8865	3426	2	0	5911000.0
0	8865	3426	2	0	5912000.0
0	8865	3426	2	0	5913000.0
0	8865	3426	2	0	5914000.0
0	8865	3426	2	0	5915000.0
0	8865	3426	2	0	5916000.0
0	8865	3426	2	0	5917000.0
0	8865	3426	2	0	5918000.0
0	8865	3426	2	0	5919000.0
0	8865	3426	2	0	5920000.0
0	8865	3426	2	0	5921000.0
0	8865	3426	2	0	5922000.0
0	8865	3426	2	0	5923000.0
0	8865	3426	2	0	5924000.0
0	8865	3426	2	0	5925000.0
0	8865	3426	2	0	5926000.0
0	8865	3426	2	0	5927000.0
0	8865	3426	2	0	5928000.0
0	8865	3426	2	0	5929000.0
0	8865	3426	2	0	5930000.0
0	8865	3426	2	0	5931000.0
0	8865	3426	2	0	5932000.0
0	8865	3426	2	0	5933000.0
0	8865	3426	2	0	5934000.0
0	8865	3426	2	0	5935000.0
0	8865	3426	2	0	5936000.0
0	8865	3426	2	0	5937000.0
0	8865	3426	2	0	5938000.0
0	8865	3426	2	0	5939000.0
0	8865	3426	2	0	5940000.0
0	8865	3426	2	0	5941000.0
0	8866	3426	2	2	5942000.0
0	8869	3424	2	4	5943000.0
0	8874	3421	2	6	5944000.0
0	8881	3418	2	8	5945000.0
0	8890	3414	2	10	5946000.0
0	8901	3409	2	12	5947000.0
0	8912	3404	2	12	5948000.0
0	8923	3399	2	12	5949000.0
0	8934	3393	2	12	5950000.0
0	8945	3388	2	12	5951000.0
0	8956	3383	2	12	5952000.0
0	8967	3377	2	12	5953000.0
0	8978	3371	2	12	5954000.0
0	8989	3365	2	12	5955000.0
0	9000	3360	2	12	5956000.0
0	9009	3355	2	9	5957000.0
0	9016	3351	2	6	5958000.0
0	9020	3348	2	3	5959000.0
0	9023	3347	2	0	5960000.0
0	9023	3347	2	0	5961000.0
0	9023	3347	2	0	5962000.0
0	9023	3347	2	0	5963000.0
0	9023	3347	2	0	5964000.0
0	9023	3347	2	0	5965000.0
0	9023	3347	2	0	5966000.0
0	9023	3347	2	0	5967000.0
0	9023	3347	2	0	5968000.0
0	9023	3347	2	0	5969000.0
0	9023	3347	2	0	5970000.0
0	9023	3347	2	0	5971000.0
0	9023	3347	2	0	5972000.0
0	9023	3347	2	0	5973000.0
0	9023	3347	2	0	5974000.0
0	9023	3347	2	0	5975000.0
0	9023	3347	2	0	5976000.0
0	9023	3347	2	0	5977000.0
0	9023	3347	2	0	5978000.0
0	9023	3347	2	0	5979000.0
0	9023	3347	2	0	5980000.0
0	9025	3346	2	2	5981000.0
0	9028	3344	2	4	5982000.0
0	9033	3341	2	6	5983000.0
0	9040	3337	2	8	5984000.0
0	9048	3333	2	10	5985000.0
0	9058	3327	2	12	5986000.0
0	9069	3321	2	12	5987000.0
0	9080	3315	2	12	5988000.0
0	9091	3310	2	12	5989000.0
0	9101	3303	2	12	5990000.0
0	9112	3297	2	12	5991000.0
0	9122	3291	2	12	5992000.0
0	9133	3284	2	12	5993000.0
0	9143	3278	2	12	5994000.0
0	9154	3271	2	12	5995000.0
0	9165	3265	2	12	5996000.0
0	9175	3259	2	12	5997000.0
0	9186	3252	2	12	5998000.0
0	9196	3246	2	12	5999000.0
0	9207	3240	2	12	6000000.0
0	9217	3233	2	12	6001000.0
0	9228	3227	2	12	6002000.0
0	9238	3219	2	12	6003000.0
0	9248	3212	2	12	6004000.0
0	9258	3205	2	12	6005000.0
0	9268	3198	2	12	6006000.0
0	9278	3191	2	12	6007000.0
0	9288	3184	2	12	6008000.0
0	9298	3177	2	12	6009000.0
0	9308	3169	2	12	6010000.0
0	9318	3162	2	12	6011000.0
0	9328	3155	2	12	6012000.0
0	9338	3148	2	12	6013000.0
0	9348	3141	2	12	6014000.0
0	9358	3133	2	12	6015000.0
0	9367	3126	2	12	6016000.0
0	9377	3119	2	12	6017000.0
0	9387	3111	2	12	6018000.0
0	9397	3104	2	12	6019000.0
0	9407	3097	2	12	6020000.0
0	9417	3089	2	12	6021000.0
0	9426	3081	2	12	6022000.0
0	9436	3074	2	12	6023000.0
0	9445	3066	2	12	6024000.0
0	9455	3058	2	12	6025000.0
0	9465	3051	2	12	6026000.0
0	9474	3043	2	12	6027000.0
0	9484	3035	2	12	6028000.0
0	9493	3027	2	12	6029000.0
0	9503	3019	2	12	6030000.0
0	9512	3011	2	12	6031000.0
0	9521	3003	2	12	6032000.0
0	9531	2995	2	12	6033000.0
0	9540	2988	2	9	6034000.0
0	9546	2983	2	6	6035000.0
0	9550	2979	2	4	6036000.0
0	9552	2977	2	1	6037000.0
0	9552	2977	2	0	6038000.0
0	9552	2977	2	0	6039000.0
0	9552	2977	2	0	6040000.0
0	9552	2977	2	0	6041000.0
0	9552	2977	2	0	6042000.0
0	9552	2977	2	0	6043000.0
0	9552	2977	2	0	6044000.0
0	9552	2977	2	0	6045000.0
0	9552	2977	2	0	6046000.0
0	9552	2977	2	0	6047000.0
0	9552	2977	2	0	6048000.0
0	9552	2977	2	0	6049000.0
0	9552	2977	2	0	6050000.0
0	9552	2977	2	0	6051000.0
0	9552	2977	2	0	6052000.0
0	9552	2977	2	0	6053000.0
0	9552	2977	2	0	6054000.0
0	9552	2977	2	0	6055000.0
0	9552	2977	2	0	6056000.0
0	9552	2977	2	0	6057000.0
0	9554	2976	2	2	6058000.0
0	9556	2974	2	4	6059000.0
0	9560	2971	2	6	6060000.0
0	9566	2966	2	8	6061000.0
0	9572	2960	2	8	6062000.0
0	9577	2955	2	5	6063000.0
0	9580	2953	2	3	6064000.0
0	9582	2951	2	1	6065000.0
0	9583	2950	2	0	6066000.0
0	9583	2950	2	0	6067000.0
0	9583	2950	2	0	6068000.0
0	9583	2950	2	0	6069000.0
0	9583	2950	2	0	6070000.0
0	9583	2950	2	0	6071000.0
0	9583	2950	2	0	6072000.0
0	9583	2950	2	0	6073000.0
0	9583	2950	2	0	6074000.0
0	9583	2950	2	0	6075000.0
0	9583	2950	2	0	6076000.0
0	9583	2950	2	0	6077000.0
0	9583	2950	2	0	6078000.0
0	9583	2950	2	0	6079000.0
0	9583	2950	2	0	6080000.0
0	9583	2950	2	0	6081000.0
0	9585	2949	2	2	6082000.0
0	9587	2947	2	4	6083000.0
0	9591	2943	2	6	6084000.0
0	9597	2938	2	8	6085000.0
0	9604	2932	2	10	6086000.0
0	9613	2924	2	12	6087000.0
0	9622	2916	2	12	6088000.0
0	9631	2908	2	12	6089000.0
0	9641	2900	2	12	6090000.0
0	9650	2892	2	12	6091000.0
0	9659	2884	2	12	6092000.0
0	9668	2875	2	12	6093000.0
0	9677	2867	2	12	6094000.0
0	9686	2859	2	12	6095000.0
0	9696	2851	2	12	6096000.0
0	9705	2843	2	12	6097000.0
0	9715	2835	2	12	6098000.0
0	9724	2828	2	12	6099000.0
0	9734	2820	2	12	6100000.0
0	9743	2812	2	12	6101000.0
0	9752	2804	2	12	6102000.0
0	9761	2795	2	12	6103000.0
0	9771	2787	2	12	6104000.0
0	9780	2779	2	12	6105000.0
0	9789	2771	2	12	6106000.0
0	9799	2763	2	12	6107000.0
0	9808	2755	2	12	6108000.0
0	9817	2747	2	12	6109000.0
0	9827	2739	2	12	6110000.0
0	9836	2731	2	12	6111000.0
0	9845	2723	2	12	6112000.0
0	9855	2715	2	12	6113000.0
0	9864	2707	2	12	6114000.0
0	9873	2699	2	12	6115000.0
0	9883	2691	2	12	6116000.0
0	9892	2683	2	12	6117000.0
0	9901	2675	2	12	6118000.0
0	9910	2667	2	12	6119000.0
0	9920	2659	2	12	6120000.0
0	9928	2652	2	9	6121000.0
0	9933	2647	2	6	6122000.0
0	9937	2643	2	3	6123000.0
0	9939	2642	2	0	6124000.0
0	9939	2642	2	0	6125000.0
0	9939	2642	2	0	6126000.0
0	9939	2642	2	0	6127000.0
0	9939	2642	2	0	6128000.0
0	9939	2642	2	0	6129000.0
0	9939	2642	2	0	6130000.0
0	9939	2642	2	0	6131000.0
0	9939	2642	2	0	6132000.0
0	9939	2642	2	0	6133000.0
0	9939	2642	2	0	6134000.0
0	9939	2642	2	0	6135000.0
0	9939	2642	2	0	6136000.0
0	9939	2642	2	0	6137000.0
0	9939	2642	2	0	6138000.0
0	9939	2642	2	0	6139000.0
0	9939	2642	2	0	6140000.0
0	9939	2642	2	0	6141000.0
0	9939	2642	2	0	6142000.0
0	9939	2642	2	0	6143000.0
0	9939	2642	2	0	6144000.0
0	9940	2640	2	2	6145000.0
0	9943	2638	2	4	6146000.0
0	9948	2634	2	7	6147000.0
0	9954	2628	2	8	6148000.0
0	9961	2621	2	10	6149000.0
0	9970	2614	2	12	6150000.0
0	9979	2605	2	12	6151000.0
0	9988	2597	2	11	6152000.0
0	9996	2591	2	8	6153000.0
0	10003	2584	2	10	6154000.0
0	10011	2576	2	12	6155000.0
0	10020	2568	2	12	6156000.0
0	10030	2560	2	12	6157000.0
0	10039	2552	2	12	6158000.0
0	10048	2544	2	12	6159000.0
0	10058	2536	2	12	6160000.0
0	10067	2528	2	12	6161000.0
0	10076	2520	2	12	6162000.0
0	10085	2512	2	12	6163000.0
0	10095	2504	2	12	6164000.0
0	10104	2496	2	12	6165000.0
0	10113	2488	2	12	6166000.0
0	10122	2480	2	12	6167000.0
0	10132	2472	2	12	6168000.0
0	10141	2464	2	12	6169000.0
0	10150	2456	2	12	6170000.0
0	10160	2448	2	12	6171000.0
0	10169	2440	2	12	6172000.0
0	10178	2432	2	12	6173000.0
0	10187	2424	2	12	6174000.0
0	10197	2416	2	12	6175000.0
0	10206	2408	2	12	6176000.0
0	10215	2400	2	12	6177000.0
0	10225	2392	2	12	6178000.0
0	10234	2384	2	12	6179000.0
0	10243	2376	2	12	6180000.0
0	10253	2367	2	12	6181000.0
0	10260	2361	2	8	6182000.0
0	10266	2356	2	6	6183000.0
0	10269	2353	2	3	6184000.0
0	10271	2351	2	1	6185000.0
0	10272	2350	2	0	6186000.0
0	10273	2350	2	0	6187000.0
0	10273	2350	2	0	6188000.0
0	10273	2350	2	0	6189000.0
0	10273	2350	2	0	6190000.0
0	10273	2350	2	0	6191000.0
0	10273	2350	2	0	6192000.0
0	10273	2350	2	0	6193000.0
0	10273	2350	2	0	6194000.0
0	10273	2350	2	0	6195000.0
0	10273	2350	2	0	6196000.0
0	10273	2350	2	0	6197000.0
0	10273	2350	2	0	6198000.0
0	10273	2350	2	0	6199000.0
0	10273	2350	2	0	6200000.0
0	10273	2350	2	0	6201000.0
0	10273	2350	2	0	6202000.0
0	10273	2350	2	0	6203000.0
0	10273	2350	2	0	6204000.0
0	10273	2350	2	0	6205000.0
0	10273	2350	2	0	6206000.0
0	10273	2350	2	0	6207000.0
0	10273	2350	2	0	6208000.0
0	10273	2350	2	0	6209000.0
0	10273	2350	2	0	6210000.0
0	10273	2350	2	0	6211000.0
0	10274	2349	2	2	6212000.0
0	10277	2346	2	4	6213000.0
0	10281	2343	2	6	6214000.0
0	10286	2338	2	7	6215000.0
0	10293	2332	2	10	6216000.0
0	10302	2325	2	12	6217000.0
0	10310	2316	2	12	6218000.0
0	10319	2308	2	11	6219000.0
0	10327	2302	2	8	6220000.0
0	10332	2297	2	5	6221000.0
0	10335	2294	2	3	6222000.0
0	10336	2294	2	0	6223000.0
0	10336	2294	2	0	6224000.0
0	10336	2294	2	0	6225000.0
0	10336	2294	2	0	6226000.0
0	10336	2294	2	0	6227000.0
0	10336	2294	2	0	6228000.0
0	10336	2294	2	0	6229000.0
0	10336	2294	2	0	6230000.0
0	10336	2294	2	0	6231000.0
0	10336	2294	2	0	6232000.0
0	10336	2294	2	0	6233000.0
0	10336	2294	2	0	6234000.0
0	10336	2294	2	0	6235000.0
0	10336	2294	2	0	6236000.0
0	10336	2294	2	0	6237000.0
0	10336	2294	2	0	6238000.0
0	10336	2294	2	0	6239000.0
0	10336	2294	2	0	6240000.0
0	10336	2294	2	0	6241000.0
0	10336	2294	2	0	6242000.0
0	10336	2293	2	1	6243000.0
0	10338	2292	2	3	6244000.0
0	10342	2289	2	5	6245000.0
0	10346	2284	2	7	6246000.0
0	10353	2279	2	9	6247000.0
0	10361	2272	2	11	6248000.0
0	10370	2264	2	12	6249000.0
0	10379	2256	2	12	6250000.0
0	10388	2248	2	12	6251000.0
0	10397	2240	2	12	6252000.0
0	10406	2231	2	12	6253000.0
0	10415	2223	2	12	6254000.0
0	10425	2215	2	12	6255000.0
0	10434	2207	2	12	6256000.0
0	10443	2199	2	12	6257000.0
0	10452	2191	2	12	6258000.0
0	10461	2183	2	12	6259000.0
0	10471	2175	2	12	6260000.0
0	10480	2167	2	12	6261000.0
0	10489	2159	2	12	6262000.0
0	10498	2151	2	12	6263000.0
0	10508	2143	2	12	6264000.0
0	10517	2135	2	12	6265000.0
0	10526	2126	2	12	6266000.0
0	10535	2118	2	12	6267000.0
0	10545	2111	2	12	6268000.0
0	10554	2103	2	12	6269000.0
0	10564	2095	2	12	6270000.0
0	10573	2087	2	12	6271000.0
0	10582	2079	2	12	6272000.0
0	10592	2071	2	12	6273000.0
0	10601	2063	2	12	6274000.0
0	10610	2055	2	12	6275000.0
0	10620	2047	2	12	6276000.0
0	10630	2040	2	12	6277000.0
0	10639	2032	2	12	6278000.0
0	10649	2025	2	12	6279000.0
0	10659	2017	2	12	6280000.0
0	10669	2010	2	12	6281000.0
0	10678	2002	2	12	6282000.0
0	10688	1995	2	12	6283000.0
0	10698	1987	2	12	6284000.0
0	10707	1980	2	12	6285000.0
0	10714	1978	1	12	6286000.0
0	10726	1983	8	12	6287000.0
0	10740	1983	1	12	6288000.0
0	10752	1978	2	12	6289000.0
0	10761	1969	2	12	6290000.0
0	10770	1959	2	12	6291000.0
0	10774	1947	3	12	6292000.0
0	10774	1934	3	12	6293000.0
0	10772	1922	3	9	6294000.0
0	10766	1916	4	6	6295000.0
0	10763	1913	4	3	6296000.0
0	10760	1910	4	5	6297000.0
0	10754	1904	4	7	6298000.0
0	10744	1903	5	9	6299000.0
0	10733	1902	5	11	6300000.0
0	10721	1904	5	12	6301000.0
0	10709	1907	5	12	6302000.0
0	10700	1899	4	12	6303000.0
0	10692	1889	4	12	6304000.0
0	10685	1880	4	12	6305000.0
0	10677	1870	4	12	6306000.0
0	10669	1861	4	12	6307000.0
0	10661	1851	4	12	6308000.0
0	10653	1842	4	12	6309000.0
0	10645	1833	4	12	6310000.0
0	10637	1823	4	12	6311000.0
0	10628	1815	4	12	6312000.0
0	10619	1807	4	12	6313000.0
0	10610	1798	4	12	6314000.0
0	10600	1791	4	12	6315000.0
0	10590	1784	4	12	6316000.0
0	10579	1779	4	12	6317000.0
0	10568	1773	4	12	6318000.0
0	10556	1768	4	12	6319000.0
0	10545	1763	4	12	6320000.0
0	10534	1758	4	12	6321000.0
0	10523	1753	4	12	6322000.0
0	10512	1748	4	12	6323000.0
0	10500	1743	4	12	6324000.0
0	10489	1738	5	12	6325000.0
0	10477	1733	5	12	6326000.0
0	10466	1729	5	12	6327000.0
0	10454	1724	5	12	6328000.0
0	10443	1720	5	12	6329000.0
0	10431	1716	5	12	6330000.0
0	10419	1714	5	12	6331000.0
0	10406	1714	5	12	6332000.0
0	10394	1714	5	12	6333000.0
0	10382	1718	5	12	6334000.0
0	10371	1723	6	12	6335000.0
0	10362	1731	6	12	6336000.0
0	10352	1739	6	12	6337000.0
0	10343	1748	6	12	6338000.0
0	10334	1756	6	12	6339000.0
0	10324	1764	6	12	6340000.0
0	10315	1772	6	12	6341000.0
0	10306	1780	6	12	6342000.0
0	10297	1788	6	12	6343000.0
0	10288	1797	6	12	6344000.0
0	10279	1805	6	12	6345000.0
0	10269	1813	6	12	6346000.0
0	10260	1822	6	12	6347000.0
0	10251	1830	6	12	6348000.0
0	10242	1838	6	12	6349000.0
0	10233	1847	6	12	6350000.0
0	10224	1855	6	12	6351000.0
0	10215	1863	6	12	6352000.0
0	10206	1871	6	12	6353000.0
0	10197	1880	6	12	6354000.0
0	10188	1888	6	12	6355000.0
0	10179	1896	6	12	6356000.0
0	10170	1905	6	12	6357000.0
0	10162	1912	6	9	6358000.0
0	10156	1917	6	6	6359000.0
0	10153	1921	6	3	6360000.0
0	10151	1922	6	1	6361000.0
0	10151	1923	6	0	6362000.0
0	10151	1923	6	0	6363000.0
0	10151	1923	6	0	6364000.0
0	10151	1923	6	0	6365000.0
0	10151	1923	6	0	6366000.0
0	10151	1923	6	0	6367000.0
0	10151	1923	6	0	6368000.0
0	10151	1923	6	0	6369000.0
0	10151	1923	6	0	6370000.0
0	10151	1923	6	0	6371000.0
0	10151	1923	6	0	6372000.0
0	10151	1923	6	0	6373000.0
0	10151	1923	6	0	6374000.0
0	10151	1923	6	0	6375000.0
0	10151	1923	6	0	6376000.0
0	10151	1923	6	0	6377000.0
0	10151	1923	6	0	6378000.0
0	10151	1923	6	0	6379000.0
0	10151	1923	6	0	6380000.0
0	10150	1923	6	0	6381000.0
0	10149	1924	6	2	6382000.0
0	10146	1926	6	4	6383000.0
0	10142	1930	6	6	6384000.0
0	10136	1935	6	8	6385000.0
0	10129	1942	6	10	6386000.0
0	10121	1949	6	11	6387000.0
0	10112	1958	6	12	6388000.0
0	10103	1966	6	12	6389000.0
0	10094	1974	6	12	6390000.0
0	10085	1983	6	12	6391000.0
0	10076	1991	6	12	6392000.0
0	10067	1999	6	12	6393000.0
0	10058	2008	6	12	6394000.0
0	10049	2016	6	12	6395000.0
0	10040	2024	6	11	6396000.0
0	10033	2031	6	8	6397000.0
0	10028	2035	6	5	6398000.0
0	10025	2038	6	3	6399000.0
0	10024	2040	6	1	6400000.0
0	10023	2040	6	0	6401000.0
0	10021	2042	6	2	6402000.0
0	10018	2044	6	4	6403000.0
0	10014	2048	6	6	6404000.0
0	10008	2054	6	8	6405000.0
0	10001	2061	6	11	6406000.0
0	9992	2069	6	12	6407000.0
0	9983	2077	6	12	6408000.0
0	9974	2085	6	12	6409000.0
0	9965	2094	6	12	6410000.0
0	9955	2102	6	12	6411000.0
0	9948	2112	6	12	6412000.0
0	9941	2122	6	12	6413000.0
0	9933	2132	6	12	6414000.0
0	9926	2139	6	12	6415000.0
0	9915	2136	5	12	6416000.0
0	9902	2137	5	12	6417000.0
0	9891	2145	6	12	6418000.0
0	9881	2143	5	12	6419000.0
0	9870	2137	4	12	6420000.0
0	9859	2131	4	12	6421000.0
0	9848	2126	5	12	6422000.0
0	9836	2122	5	12	6423000.0
0	9824	2121	5	12	6424000.0
0	9812	2123	5	12	6425000.0
0	9800	2124	5	12	6426000.0
0	9787	2126	5	12	6427000.0
0	9775	2128	5	12	6428000.0
0	9763	2131	5	12	6429000.0
0	9751	2134	5	12	6430000.0
0	9739	2138	5	12	6431000.0
0	9728	2142	5	12	6432000.0
0	9716	2147	5	12	6433000.0
0	9705	2152	6	12	6434000.0
0	9694	2157	6	12	6435000.0
0	9683	2163	6	12	6436000.0
0	9672	2170	6	12	6437000.0
0	9662	2176	6	12	6438000.0
0	9652	2183	6	12	6439000.0
0	9641	2190	6	12	6440000.0
0	9631	2196	6	12	6441000.0
0	9621	2203	6	12	6442000.0
0	9611	2210	6	12	6443000.0
0	9601	2217	6	12	6444000.0
0	9591	2225	6	12	6445000.0
0	9581	2232	6	12	6446000.0
0	9572	2239	6	9	6447000.0
0	9566	2245	6	6	6448000.0
0	9561	2248	6	4	6449000.0
0	9559	2250	6	2	6450000.0
0	9558	2251	6	1	6451000.0
0	9557	2251	6	0	6452000.0
0	9557	2252	6	0	6453000.0
0	9557	2252	6	0	6454000.0
0	9557	2252	6	0	6455000.0
0	9557	2252	6	0	6456000.0
0	9557	2252	6	0	6457000.0
0	9557	2252	6	0	6458000.0
0	9557	2252	6	0	6459000.0
0	9557	2252	6	0	6460000.0
0	9557	2252	6	0	6461000.0
0	9557	2252	6	0	6462000.0
0	9557	2252	6	0	6463000.0
0	9557	2252	6	0	6464000.0
0	9557	2252	6	0	6465000.0
0	9557	2252	6	0	6466000.0
0	9557	2252	6	0	6467000.0
0	9557	2252	6	0	6468000.0
0	9557	2252	6	0	6469000.0
0	9557	2252	6	0	6470000.0
0	9557	2252	6	0	6471000.0
0	9557	2252	6	0	6472000.0
0	9557	2252	6	0	6473000.0
0	9557	2252	6	0	6474000.0
0	9557	2252	6	0	6475000.0
0	9557	2252	6	0	6476000.0
0	9557	2252	6	0	6477000.0
0	9557	2252	6	0	6478000.0
0	9557	2252	6	0	6479000.0
0	9557	2252	6	0	6480000.0
0	9557	2252	6	0	6481000.0
0	9555	2253	6	2	6482000.0
0	9553	2255	6	4	6483000.0
0	9549	2259	6	6	6484000.0
0	9543	2264	6	8	6485000.0
0	9537	2271	6	10	6486000.0
0	9530	2279	6	12	6487000.0
0	9523	2287	6	9	6488000.0
0	9518	2293	6	6	6489000.0
0	9515	2297	6	3	6490000.0
0	9513	2299	6	1	6491000.0
0	9513	2300	6	0	6492000.0
0	9513	2300	6	0	6493000.0
0	9513	2300	6	0	6494000.0
0	9513	2300	6	0	6495000.0
0	9513	2300	6	0	6496000.0
0	9513	2300	6	0	6497000.0
0	9513	2300	6	0	6498000.0
0	9513	2300	6	0	6499000.0
0	9513	2300	6	0	6500000.0
0	9513	2300	6	0	6501000.0
0	9513	2300	6	0	6502000.0
0	9513	2300	6	0	6503000.0
0	9513	2300	6	0	6504000.0
0	9513	2300	6	0	6505000.0
0	9513	2300	6	0	6506000.0
0	9513	2300	6	0	6507000.0
0	9513	2300	6	0	6508000.0
0	9513	2300	6	0	6509000.0
0	9513	2300	6	0	6510000.0
0	9513	2300	6	0	6511000.0
0	9512	2301	6	2	6512000.0
0	9509	2304	6	4	6513000.0
0	9506	2309	6	6	6514000.0
0	9501	2315	6	8	6515000.0
0	9495	2323	6	10	6516000.0
0	9489	2332	6	12	6517000.0
0	9481	2342	6	12	6518000.0
0	9474	2352	6	12	6519000.0
0	9467	2362	6	12	6520000.0
0	9459	2372	6	12	6521000.0
0	9452	2381	6	12	6522000.0
0	9445	2391	6	12	6523000.0
0	9437	2401	6	12	6524000.0
0	9430	2411	6	12	6525000.0
0	9422	2421	6	12	6526000.0
0	9415	2431	6	12	6527000.0
0	9408	2440	6	12	6528000.0
0	9400	2450	6	12	6529000.0
0	9392	2459	6	12	6530000.0
0	9384	2468	6	12	6531000.0
0	9375	2477	6	12	6532000.0
0	9367	2486	6	12	6533000.0
0	9358	2494	6	12	6534000.0
0	9348	2502	6	12	6535000.0
0	9338	2509	6	12	6536000.0
0	9329	2516	6	10	6537000.0
0	9322	2521	6	7	6538000.0
0	9317	2525	6	4	6539000.0
0	9314	2527	6	2	6540000.0
0	9313	2528	6	1	6541000.0
0	9312	2528	6	0	6542000.0
0	9312	2528	6	0	6543000.0
0	9312	2529	6	0	6544000.0
0	9312	2529	6	0	6545000.0
0	9312	2529	6	0	6546000.0
0	9312	2529	6	0	6547000.0
0	9312	2529	6	0	6548000.0
0	9312	2529	6	0	6549000.0
0	9312	2529	6	0	6550000.0
0	9312	2529	6	0	6551000.0
0	9312	2529	6	0	6552000.0
0	9312	2529	6	0	6553000.0
0	9312	2529	6	0	6554000.0
0	9312	2529	6	0	6555000.0
0	9312	2529	6	0	6556000.0
0	9312	2529	6	0	6557000.0
0	9312	2529	6	0	6558000.0
0	9312	2529	6	0	6559000.0
0	9312	2529	6	0	6560000.0
0	9312	2529	6	0	6561000.0
0	9311	2529	6	2	6562000.0
0	9308	2532	6	4	6563000.0
0	9303	2535	6	6	6564000.0
0	9297	2539	6	8	6565000.0
0	9288	2544	6	10	6566000.0
0	9278	2550	6	12	6567000.0
0	9268	2557	6	12	6568000.0
0	9257	2563	6	12	6569000.0
0	9249	2568	6	8	6570000.0
0	9242	2572	6	5	6571000.0
0	9238	2574	6	3	6572000.0
0	9237	2575	6	0	6573000.0
0	9237	2575	6	0	6574000.0
0	9237	2575	6	0	6575000.0
0	9237	2575	6	0	6576000.0
0	9237	2575	6	0	6577000.0
0	9237	2575	6	0	6578000.0
0	9237	2575	6	0	6579000.0
0	9237	2575	6	0	6580000.0
0	9237	2575	6	0	6581000.0
0	9237	2575	6	0	6582000.0
0	9237	2575	6	0	6583000.0
0	9237	2575	6	0	6584000.0
0	9237	2575	6	0	6585000.0
0	9237	2575	6	0	6586000.0
0	9237	2575	6	0	6587000.0
0	9237	2575	6	0	6588000.0
0	9237	2575	6	0	6589000.0
0	9237	2575	6	0	6590000.0
0	9237	2575	6	0	6591000.0
0	9237	2575	6	0	6592000.0
0	9236	2576	6	0	6593000.0
0	9235	2577	6	3	6594000.0
0	9231	2579	6	4	6595000.0
0	9226	2581	6	6	6596000.0
0	9221	2588	6	8	6597000.0
0	9212	2593	6	10	6598000.0
0	9202	2599	6	12	6599000.0
0	9191	2605	6	12	6600000.0
0	9180	2611	6	12	6601000.0
0	9170	2617	6	12	6602000.0
0	9159	2623	6	12	6603000.0
0	9148	2629	6	12	6604000.0
0	9137	2635	6	12	6605000.0
0	9127	2641	6	12	6606000.0
0	9116	2647	6	12	6607000.0
0	9105	2653	6	12	6608000.0
0	9095	2660	6	12	6609000.0
0	9084	2666	6	12	6610000.0
0	9073	2672	6	12	6611000.0
0	9063	2678	6	12	6612000.0
0	9053	2685	6	12	6613000.0
0	9042	2691	6	12	6614000.0
0	9030	2694	5	12	6615000.0
0	9019	2700	6	12	6616000.0
0	9009	2707	6	12	6617000.0
0	8998	2713	6	12	6618000.0
0	8987	2719	6	12	6619000.0
0	8977	2725	6	12	6620000.0
0	8966	2731	6	12	6621000.0
0	8955	2737	6	12	6622000.0
0	8945	2744	6	12	6623000.0
0	8934	2750	6	11	6624000.0
0	8926	2755	6	8	6625000.0
0	8920	2758	6	5	6626000.0
0	8917	2760	6	3	6627000.0
0	8916	2761	6	0	6628000.0
0	8916	2761	6	0	6629000.0
0	8916	2761	6	0	6630000.0
0	8916	2761	6	0	6631000.0
0	8916	2761	6	0	6632000.0
0	8916	2761	6	0	6633000.0
0	8916	2761	6	0	6634000.0
0	8916	2761	6	0	6635000.0
0	8916	2761	6	0	6636000.0
0	8916	2761	6	0	6637000.0
0	8916	2761	6	0	6638000.0
0	8916	2761	6	0	6639000.0
0	8916	2761	6	0	6640000.0
0	8916	2761	6	0	6641000.0
0	8916	2761	6	0	6642000.0
0	8916	2761	6	0	6643000.0
0	8916	2761	6	0	6644000.0
0	8916	2761	6	0	6645000.0
0	8916	2761	6	0	6646000.0
0	8916	2761	6	0	6647000.0
0	8915	2761	6	1	6648000.0
0	8913	2762	6	3	6649000.0
0	8909	2764	6	5	6650000.0
0	8903	2768	6	7	6651000.0
0	8896	2772	6	9	6652000.0
0	8887	2777	6	11	6653000.0
0	8877	2783	6	12	6654000.0
0	8867	2789	6	12	6655000.0
0	8856	2795	6	12	6656000.0
0	8846	2802	6	12	6657000.0
0	8835	2808	6	12	6658000.0
0	8825	2815	6	12	6659000.0
0	8814	2821	6	12	6660000.0
0	8804	2827	6	12	6661000.0
0	8793	2834	6	12	6662000.0
0	8783	2840	6	12	6663000.0
0	8772	2846	6	12	6664000.0
0	8762	2853	6	12	6665000.0
0	8751	2859	6	12	6666000.0
0	8741	2865	6	12	6667000.0
0	8730	2872	6	12	6668000.0
0	8720	2878	6	12	6669000.0
0	8709	2885	6	12	6670000.0
0	8699	2891	6	12	6671000.0
0	8688	2898	6	12	6672000.0
0	8678	2904	6	12	6673000.0
0	8667	2910	6	12	6674000.0
0	8656	2916	6	12	6675000.0
0	8646	2922	6	12	6676000.0
0	8635	2928	6	12	6677000.0
0	8624	2934	6	12	6678000.0
0	8614	2940	6	12	6679000.0
0	8603	2947	6	12	6680000.0
0	8592	2953	6	12	6681000.0
0	8582	2959	6	12	6682000.0
0	8571	2966	6	12	6683000.0
0	8561	2972	6	12	6684000.0
0	8551	2978	6	12	6685000.0
0	8540	2985	6	12	6686000.0
0	8530	2991	6	12	6687000.0
0	8519	2998	6	12	6688000.0
0	8509	3004	6	12	6689000.0
0	8499	3011	6	10	6690000.0
0	8491	3016	6	7	6691000.0
0	8486	3019	6	4	6692000.0
0	8483	3021	6	2	6693000.0
0	8482	3022	6	0	6694000.0
0	8482	3022	6	0	6695000.0
0	8482	3022	6	0	6696000.0
0	8482	3022	6	0	6697000.0
0	8482	3022	6	0	6698000.0
0	8482	3022	6	0	6699000.0
0	8482	3022	6	0	6700000.0
0	8482	3022	6	0	6701000.0
0	8482	3022	6	0	6702000.0
0	8482	3022	6	0	6703000.0
0	8482	3022	6	0	6704000.0
0	8482	3022	6	0	6705000.0
0	8482	3022	6	0	6706000.0
0	8482	3022	6	0	6707000.0
0	8482	3022	6	0	6708000.0
0	8482	3022	6	0	6709000.0
0	8482	3022	6	0	6710000.0
0	8482	3022	6	0	6711000.0
0	8482	3022	6	0	6712000.0
0	8482	3022	6	0	6713000.0
0	8482	3022	6	1	6714000.0
0	8479	3024	6	3	6715000.0
0	8475	3027	6	5	6716000.0
0	8469	3030	6	7	6717000.0
0	8461	3035	6	9	6718000.0
0	8452	3040	6	11	6719000.0
0	8442	3046	6	10	6720000.0
0	8435	3051	6	7	6721000.0
0	8430	3054	6	4	6722000.0
0	8427	3056	6	2	6723000.0
0	8425	3057	6	1	6724000.0
0	8424	3057	6	0	6725000.0
0	8424	3057	6	0	6726000.0
0	8424	3057	6	0	6727000.0
0	8424	3057	6	0	6728000.0
0	8424	3057	6	0	6729000.0
0	8424	3057	6	0	6730000.0
0	8424	3057	6	0	6731000.0
0	8424	3057	6	0	6732000.0
0	8424	3057	6	0	6733000.0
0	8424	3057	6	0	6734000.0
0	8424	3057	6	0	6735000.0
0	8424	3057	6	0	6736000.0
0	8424	3057	6	0	6737000.0
0	8424	3057	6	0	6738000.0
0	8424	3057	6	0	6739000.0
0	8424	3057	6	0	6740000.0
0	8424	3057	6	0	6741000.0
0	8424	3057	6	0	6742000.0
0	8424	3057	6	0	6743000.0
0	8424	3057	6	0	6744000.0
0	8424	3057	6	0	6745000.0
0	8424	3057	6	0	6746000.0
0	8424	3057	6	0	6747000.0
0	8424	3057	6	0	6748000.0
0	8424	3057	6	0	6749000.0
0	8424	3057	6	0	6750000.0
0	8424	3057	6	0	6751000.0
0	8423	3058	6	2	6752000.0
0	8419	3057	5	4	6753000.0
0	8416	3053	4	6	6754000.0
0	8413	3046	4	8	6755000.0
0	8408	3038	4	10	6756000.0
0	8403	3028	4	12	6757000.0
0	8398	3016	3	12	6758000.0
0	8394	3005	3	12	6759000.0
0	8390	2994	3	12	6760000.0
0	8386	2982	3	12	6761000.0
0	8382	2970	3	12	6762000.0
0	8378	2959	3	12	6763000.0
0	8375	2947	3	12	6764000.0
0	8371	2935	3	12	6765000.0
0	8368	2923	3	12	6766000.0
0	8364	2912	3	12	6767000.0
0	8360	2900	3	12	6768000.0
0	8357	2888	3	12	6769000.0
0	8353	2876	3	12	6770000.0
0	8349	2865	3	12	6771000.0
0	8346	2853	3	12	6772000.0
0	8342	2841	3	12	6773000.0
0	8336	2830	4	12	6774000.0
0	8331	2819	4	12	6775000.0
0	8326	2808	4	12	6776000.0
0	8320	2797	4	12	6777000.0
0	8315	2787	4	10	6778000.0
0	8311	2779	4	7	6779000.0
0	8308	2774	4	4	6780000.0
0	8306	2770	4	2	6781000.0
0	8306	2770	4	0	6782000.0
0	8306	2770	4	0	6783000.0
0	8306	2770	4	0	6784000.0
0	8306	2770	4	0	6785000.0
0	8306	2770	4	0	6786000.0
0	8306	2770	4	0	6787000.0
0	8306	2770	4	0	6788000.0
0	8306	2770	4	0	6789000.0
0	8306	2770	4	0	6790000.0
0	8306	2770	4	0	6791000.0
0	8306	2770	4	0	6792000.0
0	8306	2770	4	0	6793000.0
0	8306	2770	4	0	6794000.0
0	8306	2770	4	0	6795000.0
0	8306	2770	4	0	6796000.0
0	8306	2770	4	0	6797000.0
0	8306	2770	4	0	6798000.0
0	8306	2770	4	0	6799000.0
0	8306	2770	4	0	6800000.0
0	8306	2770	4	0	6801000.0
0	8305	2769	4	2	6802000.0
0	8301	2768	4	3	6803000.0
0	8298	2764	4	5	6804000.0
0	8295	2758	4	7	6805000.0
0	8290	2750	4	9	6806000.0
0	8285	2741	4	10	6807000.0
0	8280	2734	4	7	6808000.0
0	8277	2729	4	4	6809000.0
0	8277	2724	3	4	6810000.0
0	8281	2717	3	7	6811000.0
0	8288	2713	2	9	6812000.0
0	8298	2712	1	11	6813000.0
0	8310	2709	1	12	6814000.0
0	8320	2703	2	12	6815000.0
0	8328	2695	2	12	6816000.0
0	8332	2684	3	12	6817000.0
0	8327	2674	4	12	6818000.0
0	8321	2667	4	8	6819000.0
0	8315	2663	4	5	6820000.0
0	8311	2663	5	3	6821000.0
0	8307	2662	5	5	6822000.0
0	8300	2663	5	7	6823000.0
0	8293	2667	6	9	6824000.0
0	8284	2673	6	11	6825000.0
0	8273	2680	6	13	6826000.0
0	8261	2686	6	13	6827000.0
0	8249	2693	6	14	6828000.0
0	8236	2701	6	14	6829000.0
0	8223	2708	6	14	6830000.0
0	8208	2712	6	14	6831000.0
0	8195	2719	6	14	6832000.0
0	8182	2727	6	14	6833000.0
0	8170	2734	6	14	6834000.0
0	8157	2741	6	14	6835000.0
0	8144	2748	6	14	6836000.0
0	8131	2756	6	14	6837000.0
0	8118	2763	6	14	6838000.0
0	8105	2770	6	14	6839000.0
0	8092	2777	6	14	6840000.0
0	8079	2784	6	14	6841000.0
0	8069	2791	6	10	6842000.0
0	8062	2796	6	7	6843000.0
0	8056	2800	6	5	6844000.0
0	8053	2802	6	2	6845000.0
0	8053	2803	6	0	6846000.0
0	8053	2803	6	0	6847000.0
0	8053	2803	6	0	6848000.0
0	8053	2803	6	0	6849000.0
0	8053	2803	6	0	6850000.0
0	8053	2803	6	0	6851000.0
0	8053	2803	6	0	6852000.0
0	8053	2803	6	0	6853000.0
0	8053	2803	6	0	6854000.0
0	8053	2803	6	0	6855000.0
0	8053	2803	6	0	6856000.0
0	8053	2803	6	0	6857000.0
0	8053	2803	6	0	6858000.0
0	8053	2803	6	0	6859000.0
0	8053	2803	6	0	6860000.0
0	8053	2803	6	0	6861000.0
0	8053	2803	6	0	6862000.0
0	8053	2803	6	0	6863000.0
0	8053	2803	6	0	6864000.0
0	8053	2803	6	0	6865000.0
0	8052	2804	6	1	6866000.0
0	8049	2805	6	4	6867000.0
0	8045	2808	6	6	6868000.0
0	8040	2813	6	7	6869000.0
0	8032	2818	6	9	6870000.0
0	8023	2824	6	11	6871000.0
0	8013	2832	6	13	6872000.0
0	8002	2840	6	14	6873000.0
0	7990	2849	6	14	6874000.0
0	7978	2858	6	14	6875000.0
0	7966	2866	6	14	6876000.0
0	7953	2874	6	14	6877000.0
0	7941	2882	6	14	6878000.0
0	7928	2890	6	14	6879000.0
0	7915	2897	6	14	6880000.0
0	7902	2903	6	14	6881000.0
0	7888	2908	5	14	6882000.0
0	7874	2913	5	14	6883000.0
0	7860	2919	5	14	6884000.0
0	7847	2924	5	14	6885000.0
0	7833	2928	5	14	6886000.0
0	7820	2932	5	14	6887000.0
0	7806	2936	5	14	6888000.0
0	7791	2936	5	14	6889000.0
0	7778	2933	5	14	6890000.0
0	7768	2922	4	14	6891000.0
0	7767	2907	3	14	6892000.0
0	7772	2894	2	14	6893000.0
0	7781	2883	2	14	6894000.0
0	7792	2872	2	14	6895000.0
0	7802	2862	2	14	6896000.0
0	7812	2851	2	14	6897000.0
0	7823	2840	2	14	6898000.0
0	7833	2830	2	14	6899000.0
0	7841	2821	2	10	6900000.0
0	7848	2815	2	7	6901000.0
0	7852	2811	2	4	6902000.0
0	7855	2808	2	2	6903000.0
0	7855	2807	2	0	6904000.0
0	7855	2807	2	0	6905000.0
0	7855	2807	2	0	6906000.0
0	7855	2807	2	0	6907000.0
0	7855	2807	2	0	6908000.0
0	7855	2807	2	0	6909000.0
0	7855	2807	2	0	6910000.0
0	7855	2807	2	0	6911000.0
0	7855	2807	2	0	6912000.0
0	7855	2807	2	0	6913000.0
0	7855	2807	2	0	6914000.0
0	7855	2807	2	0	6915000.0
0	7855	2807	2	0	6916000.0
0	7855	2807	2	0	6917000.0
0	7855	2807	2	0	6918000.0
0	7855	2807	2	0	6919000.0
0	7855	2807	2	0	6920000.0
0	7855	2807	2	0	6921000.0
0	7855	2807	2	0	6922000.0
0	7855	2807	2	0	6923000.0
0	7856	2807	2	1	6924000.0
0	7858	2805	2	4	6925000.0
0	7862	2801	2	6	6926000.0
0	7867	2796	2	8	6927000.0
0	7874	2791	2	10	6928000.0
0	7878	2785	2	12	6929000.0
0	7889	2779	2	13	6930000.0
0	7903	2774	1	14	6931000.0
0	7917	2769	1	14	6932000.0
0	7931	2764	1	14	6933000.0
0	7945	2759	1	14	6934000.0
0	7959	2754	1	14	6935000.0
0	7972	2748	2	14	6936000.0
0	7986	2742	2	14	6937000.0
0	7999	2736	2	14	6938000.0
0	8013	2730	2	14	6939000.0
0	8026	2724	2	14	6940000.0
0	8038	2716	2	14	6941000.0
0	8051	2708	2	14	6942000.0
0	8062	2698	2	14	6943000.0
0	8069	2686	2	14	6944000.0
0	8061	2674	4	14	6945000.0
0	8047	2670	5	14	6946000.0
0	8032	2674	5	14	6947000.0
0	8019	2678	5	11	6948000.0
0	8010	2680	5	8	6949000.0
0	8003	2679	5	5	6950000.0
0	7999	2679	5	3	6951000.0
0	7997	2679	5	0	6952000.0
0	7997	2679	5	0	6953000.0
0	7997	2679	5	0	6954000.0
0	7997	2679	5	0	6955000.0
0	7997	2679	5	0	6956000.0
0	7997	2679	5	0	6957000.0
0	7997	2679	5	0	6958000.0
0	7997	2679	5	0	6959000.0
0	7997	2679	5	0	6960000.0
0	7997	2679	5	0	6961000.0
0	7997	2679	5	0	6962000.0
0	7997	2679	5	0	6963000.0
0	7997	2679	5	0	6964000.0
0	7997	2679	5	0	6965000.0
0	7997	2679	5	0	6966000.0
0	7997	2679	5	0	6967000.0
0	7997	2679	5	0	6968000.0
0	7997	2679	5	0	6969000.0
0	7997	2679	5	0	6970000.0
0	7997	2679	5	0	6971000.0
0	7996	2679	5	1	6972000.0
0	7994	2678	5	3	6973000.0
0	7990	2678	5	5	6974000.0
0	7984	2676	5	7	6975000.0
0	7976	2674	5	9	6976000.0
0	7967	2671	5	10	6977000.0
0	7955	2668	5	12	6978000.0
0	7941	2665	5	14	6979000.0
0	7927	2663	5	14	6980000.0
0	7912	2662	5	14	6981000.0
0	7897	2661	5	14	6982000.0
0	7883	2659	5	14	6983000.0
0	7868	2658	5	14	6984000.0
0	7853	2655	5	14	6985000.0
0	7839	2652	5	14	6986000.0
0	7825	2649	5	13	6987000.0
0	7814	2645	5	10	6988000.0
0	7806	2642	5	7	6989000.0
0	7801	2640	5	4	6990000.0
0	7798	2639	5	2	6991000.0
0	7797	2639	5	0	6992000.0
0	7797	2639	5	0	6993000.0
0	7797	2639	5	0	6994000.0
0	7797	2639	5	0	6995000.0
0	7797	2639	5	0	6996000.0
0	7797	2639	5	0	6997000.0
0	7797	2639	5	0	6998000.0
0	7797	2639	5	0	6999000.0
0	7797	2639	5	0	7000000.0
0	7797	2639	5	0	7001000.0
0	7797	2639	5	0	7002000.0
0	7797	2639	5	0	7003000.0
0	7797	2639	5	0	7004000.0
0	7797	2639	5	0	7005000.0
0	7797	2639	5	0	7006000.0
0	7797	2639	5	0	7007000.0
0	7797	2639	5	0	7008000.0
0	7797	2639	5	0	7009000.0
0	7797	2639	5	0	7010000.0
0	7797	2639	5	0	7011000.0
0	7796	2639	5	2	7012000.0
0	7793	2637	5	3	7013000.0
0	7789	2636	5	5	7014000.0
0	7782	2633	4	7	7015000.0
0	7774	2629	4	10	7016000.0
0	7764	2624	4	12	7017000.0
0	7753	2617	4	13	7018000.0
0	7741	2610	4	14	7019000.0
0	7729	2602	4	14	7020000.0
0	7717	2593	4	14	7021000.0
0	7705	2585	4	14	7022000.0
0	7692	2577	4	14	7023000.0
0	7677	2575	5	14	7024000.0
0	7664	2581	6	14	7025000.0
0	7655	2592	6	14	7026000.0
0	7648	2605	6	14	7027000.0
0	7640	2618	6	14	7028000.0
0	7633	2630	6	14	7029000.0
0	7626	2643	6	14	7030000.0
0	7621	2657	7	14	7031000.0
0	7610	2666	6	14	7032000.0
0	7596	2663	5	14	7033000.0
0	7583	2656	4	14	7034000.0
0	7572	2646	4	14	7035000.0
0	7559	2639	4	14	7036000.0
0	7547	2634	4	12	7037000.0
0	7537	2629	4	9	7038000.0
0	7530	2626	4	6	7039000.0
0	7525	2624	4	3	7040000.0
0	7523	2622	4	1	7041000.0
0	7523	2622	4	0	7042000.0
0	7523	2622	4	0	7043000.0
0	7523	2622	4	0	7044000.0
0	7523	2622	4	0	7045000.0
0	7523	2622	4	0	7046000.0
0	7523	2622	4	0	7047000.0
0	7523	2622	4	0	7048000.0
0	7523	2622	4	0	7049000.0
0	7523	2622	4	0	7050000.0
0	7523	2622	4	0	7051000.0
0	7523	2622	4	0	7052000.0
0	7523	2622	4	0	7053000.0
0	7523	2622	4	0	7054000.0
0	7523	2622	4	0	7055000.0
0	7523	2622	4	0	7056000.0
0	7523	2622	4	0	7057000.0
0	7523	2622	4	0	7058000.0
0	7523	2622	4	0	7059000.0
0	7523	2622	4	0	7060000.0
0	7523	2622	4	0	7061000.0
0	7519	2623	4	2	7062000.0
0	7516	2621	4	4	7063000.0
0	7511	2617	4	6	7064000.0
0	7506	2612	4	8	7065000.0
0	7500	2606	4	7	7066000.0
0	7495	2601	4	5	7067000.0
0	7493	2598	4	2	7068000.0
0	7491	2597	4	1	7069000.0
0	7491	2596	4	0	7070000.0
0	7491	2596	4	0	7071000.0
0	7490	2596	4	0	7072000.0
0	7490	2596	4	0	7073000.0
0	7490	2596	4	0	7074000.0
0	7490	2596	4	0	7075000.0
0	7490	2596	4	0	7076000.0
0	7490	2596	4	0	7077000.0
0	7490	2596	4	0	7078000.0
0	7490	2596	4	0	7079000.0
0	7490	2596	4	0	7080000.0
0	7490	2596	4	0	7081000.0
0	7490	2596	4	0	7082000.0
0	7490	2596	4	0	7083000.0
0	7490	2596	4	0	7084000.0
0	7490	2596	4	0	7085000.0
0	7490	2596	4	0	7086000.0
0	7489	2595	4	2	7087000.0
0	7487	2592	4	4	7088000.0
0	7483	2588	4	6	7089000.0
0	7476	2584	4	8	7090000.0
0	7466	2587	5	10	7091000.0
0	7456	2592	6	12	7092000.0
0	7444	2596	5	12	7093000.0
0	7432	2598	5	12	7094000.0
0	7420	2600	5	12	7095000.0
0	7408	2603	5	12	7096000.0
0	7396	2603	5	12	7097000.0
0	7383	2603	5	12	7098000.0
0	7371	2606	5	12	7099000.0
0	7359	2614	6	12	7100000.0
0	7352	2624	6	12	7101000.0
0	7345	2634	6	12	7102000.0
0	7337	2644	6	12	7103000.0
0	7330	2654	6	12	7104000.0
0	7322	2664	6	12	7105000.0
0	7315	2674	6	12	7106000.0
0	7310	2685	6	12	7107000.0
0	7305	2696	6	10	7108000.0
0	7303	2705	7	7	7109000.0
0	7302	2710	7	4	7110000.0
0	7302	2714	7	2	7111000.0
0	7301	2714	7	0	7112000.0
0	7301	2714	7	0	7113000.0
0	7301	2714	7	0	7114000.0
0	7301	2714	7	0	7115000.0
0	7301	2714	7	0	7116000.0
0	7301	2714	7	0	7117000.0
0	7301	2714	7	0	7118000.0
0	7301	2714	7	0	7119000.0
0	7301	2714	7	0	7120000.0
0	7301	2714	7	0	7121000.0
0	7301	2714	7	0	7122000.0
0	7301	2714	7	0	7123000.0
0	7301	2714	7	0	7124000.0
0	7301	2714	7	0	7125000.0
0	7301	2714	7	0	7126000.0
0	7301	2714	7	0	7127000.0
0	7301	2714	7	0	7128000.0
0	7301	2714	7	0	7129000.0
0	7301	2714	7	0	7130000.0
0	7301	2714	7	0	7131000.0
0	7301	2716	7	2	7132000.0
0	7301	2719	7	4	7133000.0
0	7301	2724	7	5	7134000.0
0	7301	2731	7	7	7135000.0
0	7301	2740	7	9	7136000.0
0	7301	2751	7	11	7137000.0
0	7301	2763	7	12	7138000.0
0	7301	2776	7	12	7139000.0
0	7301	2788	7	12	7140000.0
0	7301	2800	7	12	7141000.0
0	7301	2813	7	12	7142000.0
0	7301	2825	7	12	7143000.0
0	7302	2837	7	12	7144000.0
0	7303	2849	7	12	7145000.0
0	7305	2862	7	12	7146000.0
0	7306	2874	7	12	7147000.0
0	7307	2886	7	12	7148000.0
0	7309	2898	7	12	7149000.0
0	7310	2910	7	12	7150000.0
0	7312	2923	7	12	7151000.0
0	7313	2935	7	12	7152000.0
0	7315	2947	7	12	7153000.0
0	7316	2959	7	12	7154000.0
0	7316	2971	7	12	7155000.0
0	7317	2984	7	12	7156000.0
0	7318	2996	7	12	7157000.0
0	7319	3008	7	12	7158000.0
0	7319	3020	7	12	7159000.0
0	7320	3033	7	12	7160000.0
0	7320	3045	7	12	7161000.0
0	7320	3057	7	12	7162000.0
0	7320	3069	7	12	7163000.0
0	7320	3082	7	12	7164000.0
0	7320	3094	7	12	7165000.0
0	7320	3106	7	12	7166000.0
0	7320	3118	7	12	7167000.0
0	7320	3131	7	12	7168000.0
0	7320	3143	7	12	7169000.0
0	7319	3155	7	12	7170000.0
0	7319	3167	7	12	7171000.0
0	7318	3180	7	12	7172000.0
0	7318	3192	7	12	7173000.0
0	7317	3204	7	12	7174000.0
0	7317	3216	7	12	7175000.0
0	7316	3228	7	11	7176000.0
0	7316	3238	7	8	7177000.0
0	7316	3245	7	5	7178000.0
0	7316	3249	7	3	7179000.0
0	7316	3251	7	0	7180000.0
0	7316	3251	7	0	7181000.0
0	7316	3251	7	0	7182000.0
0	7316	3251	7	0	7183000.0
0	7316	3251	7	0	7184000.0
0	7316	3251	7	0	7185000.0
0	7316	3251	7	0	7186000.0
0	7316	3251	7	0	7187000.0
0	7316	3251	7	0	7188000.0
0	7316	3251	7	0	7189000.0
0	7316	3251	7	0	7190000.0
0	7316	3251	7	0	7191000.0
0	7316	3251	7	0	7192000.0
0	7316	3251	7	0	7193000.0
0	7316	3251	7	0	7194000.0
0	7316	3251	7	0	7195000.0
0	7316	3251	7	0	7196000.0
0	7316	3251	7	0	7197000.0
0	7316	3251	7	0	7198000.0
0	7316	3251	7	0	7199000.0
0	7316	3251	7	1	7200000.0
0	7316	3254	7	3	7201000.0
0	7316	3258	7	4	7202000.0
0	7315	3263	7	6	7203000.0
0	7315	3271	7	8	7204000.0
0	7315	3281	7	10	7205000.0
0	7314	3292	7	12	7206000.0
0	7314	3304	7	12	7207000.0
0	7313	3317	7	12	7208000.0
0	7313	3329	7	12	7209000.0
0	7312	3341	7	12	7210000.0
0	7312	3353	7	12	7211000.0
0	7311	3366	7	12	7212000.0
0	7311	3378	7	12	7213000.0
0	7310	3390	7	12	7214000.0
0	7310	3402	7	12	7215000.0
0	7309	3414	7	12	7216000.0
0	7309	3427	7	12	7217000.0
0	7308	3439	7	12	7218000.0
0	7308	3451	7	12	7219000.0
0	7308	3463	7	12	7220000.0
0	7307	3476	7	12	7221000.0
0	7307	3488	7	12	7222000.0
0	7307	3500	7	12	7223000.0
0	7306	3512	7	12	7224000.0
0	7305	3525	7	12	7225000.0
0	7303	3537	7	12	7226000.0
0	7302	3549	7	12	7227000.0
0	7298	3560	7	12	7228000.0
0	7293	3573	7	12	7229000.0
0	7292	3585	7	12	7230000.0
0	7290	3597	7	12	7231000.0
0	7288	3609	7	12	7232000.0
0	7286	3622	7	12	7233000.0
0	7284	3634	7	12	7234000.0
0	7283	3645	7	9	7235000.0
0	7282	3653	7	6	7236000.0
0	7281	3658	7	4	7237000.0
0	7280	3661	7	1	7238000.0
0	7280	3661	7	0	7239000.0
0	7280	3661	7	0	7240000.0
0	7280	3661	7	0	7241000.0
0	7280	3661	7	0	7242000.0
0	7280	3661	7	0	7243000.0
0	7280	3661	7	0	7244000.0
0	7280	3661	7	0	7245000.0
0	7280	3661	7	0	7246000.0
0	7280	3661	7	0	7247000.0
0	7280	3661	7	0	7248000.0
0	7280	3661	7	0	7249000.0
0	7280	3661	7	0	7250000.0
0	7280	3661	7	0	7251000.0
0	7280	3661	7	0	7252000.0
0	7280	3661	7	0	7253000.0
0	7280	3661	7	0	7254000.0
0	7280	3661	7	0	7255000.0
0	7280	3661	7	0	7256000.0
0	7280	3661	7	0	7257000.0
0	7280	3661	7	0	7258000.0
0	7280	3663	7	2	7259000.0
0	7280	3666	7	4	7260000.0
0	7279	3672	7	6	7261000.0
0	7278	3679	7	8	7262000.0
0	7276	3688	7	10	7263000.0
0	7275	3700	7	12	7264000.0
0	7273	3712	7	12	7265000.0
0	7271	3724	7	12	7266000.0
0	7269	3736	7	12	7267000.0
0	7268	3748	7	12	7268000.0
0	7266	3760	7	12	7269000.0
0	7264	3772	7	12	7270000.0
0	7262	3785	7	12	7271000.0
0	7260	3797	7	12	7272000.0
0	7259	3809	7	12	7273000.0
0	7257	3821	7	12	7274000.0
0	7255	3833	7	12	7275000.0
0	7253	3845	7	12	7276000.0
0	7251	3858	7	12	7277000.0
0	7250	3870	7	12	7278000.0
0	7248	3882	7	12	7279000.0
0	7246	3894	7	12	7280000.0
0	7244	3906	7	12	7281000.0
0	7242	3918	7	12	7282000.0
0	7240	3931	7	12	7283000.0
0	7238	3943	7	12	7284000.0
0	7237	3955	7	12	7285000.0
0	7237	3968	7	12	7286000.0
0	7238	3980	7	12	7287000.0
0	7240	3992	7	12	7288000.0
0	7242	4004	7	12	7289000.0
0	7244	4017	7	12	7290000.0
0	7248	4028	7	12	7291000.0
0	7251	4040	7	12	7292000.0
0	7255	4052	7	12	7293000.0
0	7259	4064	7	12	7294000.0
0	7263	4075	7	12	7295000.0
0	7267	4087	7	12	7296000.0
0	7271	4099	7	12	7297000.0
0	7275	4110	7	12	7298000.0
0	7279	4122	7	12	7299000.0
0	7279	4136	7	12	7300000.0
0	7268	4141	5	12	7301000.0
0	7257	4146	6	12	7302000.0
0	7246	4152	6	12	7303000.0
0	7235	4157	6	12	7304000.0
0	7224	4162	6	12	7305000.0
0	7213	4168	6	11	7306000.0
0	7205	4172	6	7	7307000.0
0	7199	4174	6	5	7308000.0
0	7196	4177	6	3	7309000.0
0	7193	4181	6	6	7310000.0
0	7193	4188	7	8	7311000.0
0	7195	4197	7	10	7312000.0
0	7198	4208	7	11	7313000.0
0	7202	4219	7	12	7314000.0
0	7205	4229	7	8	7315000.0
0	7207	4236	7	5	7316000.0
0	7208	4241	7	3	7317000.0
0	7209	4245	7	5	7318000.0
0	7206	4249	7	7	7319000.0
0	7197	4252	5	9	7320000.0
0	7187	4254	5	11	7321000.0
0	7176	4257	5	9	7322000.0
0	7169	4259	5	6	7323000.0
0	7164	4261	5	3	7324000.0
0	7162	4261	5	0	7325000.0
0	7162	4261	5	0	7326000.0
0	7162	4261	5	0	7327000.0
0	7162	4261	5	0	7328000.0
0	7162	4261	5	0	7329000.0
0	7162	4261	5	0	7330000.0
0	7162	4261	5	0	7331000.0
0	7162	4261	5	0	7332000.0
0	7162	4261	5	0	7333000.0
0	7162	4261	5	0	7334000.0
0	7162	4261	5	0	7335000.0
0	7162	4261	5	0	7336000.0
0	7162	4261	5	0	7337000.0
0	7162	4261	5	0	7338000.0
0	7162	4261	5	0	7339000.0
0	7162	4261	5	0	7340000.0
0	7162	4261	5	0	7341000.0
0	7162	4261	5	0	7342000.0
0	7162	4261	5	0	7343000.0
0	7162	4261	5	0	7344000.0
0	7162	4261	5	0	7345000.0
0	7160	4262	5	2	7346000.0
0	7156	4263	5	4	7347000.0
0	7150	4265	5	6	7348000.0
0	7143	4267	5	9	7349000.0
0	7133	4270	5	10	7350000.0
0	7122	4273	5	12	7351000.0
0	7110	4277	5	12	7352000.0
0	7098	4280	5	12	7353000.0
0	7086	4283	5	12	7354000.0
0	7074	4287	5	12	7355000.0
0	7062	4290	5	12	7356000.0
0	7050	4293	5	12	7357000.0
0	7038	4296	5	12	7358000.0
0	7026	4299	5	12	7359000.0
0	7018	4308	6	12	7360000.0
0	7014	4319	7	12	7361000.0
0	7014	4332	7	12	7362000.0
0	7015	4344	7	12	7363000.0
0	7015	4357	7	12	7364000.0
0	7016	4369	7	12	7365000.0
0	7016	4381	7	12	7366000.0
0	7017	4394	7	12	7367000.0
0	7017	4406	7	12	7368000.0
0	7017	4418	7	12	7369000.0
0	7018	4430	7	12	7370000.0
0	7018	4443	7	12	7371000.0
0	7019	4455	7	12	7372000.0
0	7019	4467	7	12	7373000.0
0	7020	4479	7	12	7374000.0
0	7021	4491	7	12	7375000.0
0	7022	4504	7	12	7376000.0
0	7023	4516	7	11	7377000.0
0	7023	4525	7	8	7378000.0
0	7023	4531	7	5	7379000.0
0	7023	4535	7	3	7380000.0
0	7023	4537	7	0	7381000.0
0	7023	4537	7	0	7382000.0
0	7023	4537	7	0	7383000.0
0	7023	4537	7	0	7384000.0
0	7023	4537	7	0	7385000.0
0	7023	4537	7	0	7386000.0
0	7023	4537	7	0	7387000.0
0	7023	4537	7	0	7388000.0
0	7023	4537	7	0	7389000.0
0	7023	4537	7	0	7390000.0
0	7023	4537	7	0	7391000.0
0	7023	4537	7	0	7392000.0
0	7023	4537	7	0	7393000.0
0	7023	4537	7	0	7394000.0
0	7023	4537	7	0	7395000.0
0	7023	4537	7	0	7396000.0
0	7023	4537	7	0	7397000.0
0	7023	4537	7	0	7398000.0
0	7023	4537	7	0	7399000.0
0	7023	4537	7	0	7400000.0
0	7023	4537	7	1	7401000.0
0	7024	4540	7	3	7402000.0
0	7024	4544	7	5	7403000.0
0	7024	4551	7	7	7404000.0
