0	7031	4562	2	0	0.0
0	7031	4562	2	0	1.2637E7
0	7031	4561	2	2	1.2638E7
0	7032	4558	2	4	1.2639E7
0	7033	4552	3	6	1.264E7
0	7034	4545	3	8	1.2641E7
0	7033	4536	3	8	1.2642E7
0	7033	4530	3	5	1.2643E7
0	7033	4526	3	3	1.2644E7
0	7033	4524	3	0	1.2645E7
0	7033	4524	3	0	1.2646E7
0	7033	4524	3	0	1.2647E7
0	7033	4524	3	0	1.2648E7
0	7033	4524	3	0	1.2649E7
0	7033	4524	3	0	1.265E7
0	7033	4524	3	0	1.2651E7
0	7033	4524	3	0	1.2652E7
0	7033	4524	3	0	1.2653E7
0	7033	4524	3	0	1.2654E7
0	7033	4524	3	0	1.2655E7
0	7033	4524	3	0	1.2656E7
0	7033	4524	3	0	1.2657E7
0	7033	4524	3	0	1.2658E7
0	7033	4524	3	0	1.2659E7
0	7033	4524	3	0	1.266E7
0	7033	4524	3	0	1.2661E7
0	7033	4524	3	0	1.2662E7
0	7033	4524	3	0	1.2663E7
0	7033	4524	3	0	1.2664E7
0	7033	4524	3	1	1.2665E7
0	7033	4521	3	3	1.2666E7
0	7029	4515	3	5	1.2667E7
0	7029	4508	3	7	1.2668E7
0	7029	4499	3	9	1.2669E7
0	7028	4489	3	11	1.267E7
0	7027	4476	3	13	1.2671E7
0	7026	4462	3	14	1.2672E7
0	7025	4448	3	14	1.2673E7
0	7025	4434	3	14	1.2674E7
0	7024	4421	3	11	1.2675E7
0	7024	4412	3	8	1.2676E7
0	7023	4402	3	10	1.2677E7
0	7016	4394	4	12	1.2678E7
0	7003	4389	4	13	1.2679E7
0	6991	4387	5	10	1.268E7
0	6983	4386	5	7	1.2681E7
0	6977	4385	5	4	1.2682E7
0	6974	4385	5	2	1.2683E7
0	6972	4384	5	1	1.2684E7
0	6971	4384	5	0	1.2685E7
0	6971	4384	5	0	1.2686E7
0	6971	4384	5	0	1.2687E7
0	6971	4384	5	0	1.2688E7
0	6971	4384	5	0	1.2689E7
0	6971	4384	5	0	1.269E7
0	6971	4384	5	0	1.2691E7
0	6971	4384	5	0	1.2692E7
0	6971	4384	5	0	1.2693E7
0	6971	4384	5	0	1.2694E7
0	6971	4384	5	0	1.2695E7
0	6971	4384	5	0	1.2696E7
0	6971	4384	5	0	1.2697E7
0	6971	4384	5	0	1.2698E7
0	6971	4384	5	0	1.2699E7
0	6971	4384	5	0	1.27E7
0	6971	4384	5	0	1.2701E7
0	6971	4384	5	0	1.2702E7
0	6971	4384	5	0	1.2703E7
0	6971	4384	5	0	1.2704E7
0	6971	4384	5	0	1.2705E7
0	6971	4384	5	0	1.2706E7
0	6971	4384	5	0	1.2707E7
0	6971	4384	5	0	1.2708E7
0	6971	4384	5	0	1.2709E7
0	6971	4384	5	0	1.271E7
0	6971	4384	5	0	1.2711E7
0	6971	4384	5	0	1.2712E7
0	6971	4384	5	0	1.2713E7
0	6971	4384	5	0	1.2714E7
0	6971	4384	5	0	1.2715E7
0	6971	4384	5	0	1.2716E7
0	6971	4384	5	0	1.2717E7
0	6971	4384	5	0	1.2718E7
0	6971	4384	5	0	1.2719E7
0	6971	4384	5	0	1.272E7
0	6971	4384	5	0	1.2721E7
0	6971	4384	5	0	1.2722E7
0	6971	4384	5	0	1.2723E7
0	6971	4384	5	0	1.2724E7
0	6971	4384	5	0	1.2725E7
0	6971	4384	5	0	1.2726E7
0	6971	4384	5	0	1.2727E7
0	6971	4384	5	0	1.2728E7
0	6971	4384	5	0	1.2729E7
0	6971	4384	5	0	1.273E7
0	6971	4384	5	0	1.2731E7
0	6971	4384	5	0	1.2732E7
0	6971	4384	5	0	1.2733E7
0	6971	4384	5	0	1.2734E7
0	6971	4384	5	0	1.2735E7
0	6971	4384	5	0	1.2736E7
0	6969	4384	5	2	1.2737E7
0	6967	4382	5	4	1.2738E7
0	6966	4376	4	6	1.2739E7
0	6966	4369	3	8	1.274E7
0	6964	4359	3	10	1.2741E7
0	6964	4348	3	12	1.2742E7
0	6965	4335	3	14	1.2743E7
0	6966	4321	3	14	1.2744E7
0	6967	4307	3	12	1.2745E7
0	6968	4296	3	9	1.2746E7
0	6969	4288	3	6	1.2747E7
0	6970	4284	3	3	1.2748E7
0	6971	4281	3	2	1.2749E7
0	6971	4280	3	0	1.275E7
0	6971	4279	3	0	1.2751E7
0	6971	4279	3	0	1.2752E7
0	6972	4279	3	0	1.2753E7
0	6972	4279	3	0	1.2754E7
0	6972	4279	3	0	1.2755E7
0	6972	4279	3	0	1.2756E7
0	6972	4279	3	0	1.2757E7
0	6972	4279	3	0	1.2758E7
0	6972	4279	3	0	1.2759E7
0	6972	4279	3	0	1.276E7
0	6972	4279	3	0	1.2761E7
0	6972	4279	3	0	1.2762E7
0	6972	4279	3	0	1.2763E7
0	6972	4279	3	0	1.2764E7
0	6972	4279	3	0	1.2765E7
0	6972	4279	3	0	1.2766E7
0	6972	4279	3	0	1.2767E7
0	6972	4279	3	0	1.2768E7
0	6972	4279	3	0	1.2769E7
0	6972	4279	3	0	1.277E7
0	6972	4279	3	0	1.2771E7
0	6972	4279	3	0	1.2772E7
0	6972	4279	3	0	1.2773E7
0	6972	4279	3	0	1.2774E7
0	6972	4279	3	0	1.2775E7
0	6972	4279	3	0	1.2776E7
0	6972	4279	3	0	1.2777E7
0	6972	4279	3	0	1.2778E7
0	6972	4279	3	0	1.2779E7
0	6972	4279	3	0	1.278E7
0	6972	4279	3	0	1.2781E7
0	6972	4277	3	2	1.2782E7
0	6974	4274	3	4	1.2783E7
0	6977	4269	2	6	1.2784E7
0	6982	4264	2	8	1.2785E7
0	6990	4260	2	9	1.2786E7
0	7001	4258	1	11	1.2787E7
0	7013	4254	1	13	1.2788E7
0	7027	4250	1	14	1.2789E7
0	7041	4246	1	14	1.279E7
0	7055	4241	1	14	1.2791E7
0	7068	4236	1	13	1.2792E7
0	7079	4232	1	9	1.2793E7
0	7086	4229	1	6	1.2794E7
0	7091	4227	1	4	1.2795E7
0	7095	4225	2	5	1.2796E7
0	7098	4220	2	7	1.2797E7
0	7098	4212	3	8	1.2798E7
0	7099	4201	3	10	1.2799E7
0	7095	4190	3	12	1.28E7
0	7092	4177	3	14	1.2801E7
0	7091	4161	3	16	1.2802E7
0	7086	4144	3	18	1.2803E7
0	7080	4126	3	20	1.2804E7
0	7075	4106	3	20	1.2805E7
0	7069	4087	3	20	1.2806E7
0	7063	4068	3	20	1.2807E7
0	7058	4048	3	20	1.2808E7
0	7052	4029	3	20	1.2809E7
0	7047	4011	3	17	1.281E7
0	7042	3996	3	13	1.2811E7
0	7039	3985	3	10	1.2812E7
0	7036	3976	3	7	1.2813E7
0	7034	3970	3	4	1.2814E7
0	7033	3967	3	2	1.2815E7
0	7033	3966	3	0	1.2816E7
0	7033	3966	3	0	1.2817E7
0	7033	3966	3	0	1.2818E7
0	7033	3966	3	0	1.2819E7
0	7033	3966	3	0	1.282E7
0	7033	3966	3	0	1.2821E7
0	7033	3966	3	0	1.2822E7
0	7033	3966	3	0	1.2823E7
0	7033	3966	3	0	1.2824E7
0	7033	3966	3	0	1.2825E7
0	7033	3966	3	0	1.2826E7
0	7033	3966	3	0	1.2827E7
0	7033	3966	3	0	1.2828E7
0	7033	3966	3	0	1.2829E7
0	7033	3966	3	0	1.283E7
0	7033	3966	3	0	1.2831E7
0	7033	3966	3	0	1.2832E7
0	7033	3966	3	0	1.2833E7
0	7033	3966	3	0	1.2834E7
0	7033	3966	3	0	1.2835E7
0	7033	3965	3	2	1.2836E7
0	7032	3962	3	4	1.2837E7
0	7030	3957	3	6	1.2838E7
0	7028	3951	3	8	1.2839E7
0	7026	3942	3	9	1.284E7
0	7023	3931	3	11	1.2841E7
0	7020	3918	3	13	1.2842E7
0	7016	3904	3	15	1.2843E7
0	7011	3888	3	16	1.2844E7
0	7019	3880	2	14	1.2845E7
0	7033	3876	1	14	1.2846E7
0	7047	3873	1	14	1.2847E7
0	7061	3869	1	14	1.2848E7
0	7075	3866	1	14	1.2849E7
0	7089	3863	1	14	1.285E7
0	7103	3861	1	14	1.2851E7
0	7117	3858	1	14	1.2852E7
0	7131	3856	1	14	1.2853E7
0	7145	3853	1	14	1.2854E7
0	7159	3851	1	14	1.2855E7
0	7174	3848	1	14	1.2856E7
0	7188	3845	1	14	1.2857E7
0	7202	3843	1	14	1.2858E7
0	7216	3840	1	14	1.2859E7
0	7230	3838	1	14	1.286E7
0	7244	3835	1	14	1.2861E7
0	7258	3833	1	14	1.2862E7
0	7272	3831	1	14	1.2863E7
0	7286	3828	1	14	1.2864E7
0	7300	3825	1	14	1.2865E7
0	7314	3823	1	14	1.2866E7
0	7328	3820	1	14	1.2867E7
0	7343	3817	1	14	1.2868E7
0	7357	3815	1	14	1.2869E7
0	7371	3812	1	14	1.287E7
0	7385	3810	1	14	1.2871E7
0	7399	3807	1	14	1.2872E7
0	7413	3804	1	14	1.2873E7
0	7427	3802	1	14	1.2874E7
0	7441	3799	1	14	1.2875E7
0	7455	3796	1	14	1.2876E7
0	7469	3794	1	14	1.2877E7
0	7483	3791	1	14	1.2878E7
0	7497	3789	1	14	1.2879E7
0	7511	3786	1	14	1.288E7
0	7525	3783	1	14	1.2881E7
0	7540	3781	1	14	1.2882E7
0	7554	3778	1	14	1.2883E7
0	7568	3775	1	14	1.2884E7
0	7582	3773	1	14	1.2885E7
0	7596	3770	1	14	1.2886E7
0	7610	3768	1	14	1.2887E7
0	7624	3765	1	14	1.2888E7
0	7638	3762	1	14	1.2889E7
0	7652	3760	1	14	1.289E7
0	7666	3757	1	14	1.2891E7
0	7680	3754	1	14	1.2892E7
0	7694	3752	1	14	1.2893E7
0	7708	3749	1	14	1.2894E7
0	7722	3746	1	14	1.2895E7
0	7736	3743	1	14	1.2896E7
0	7750	3740	1	14	1.2897E7
0	7764	3737	1	14	1.2898E7
0	7778	3734	1	14	1.2899E7
0	7792	3732	1	14	1.29E7
0	7806	3729	1	14	1.2901E7
0	7820	3726	1	14	1.2902E7
0	7834	3723	1	14	1.2903E7
0	7848	3720	1	14	1.2904E7
0	7862	3716	1	14	1.2905E7
0	7876	3713	1	14	1.2906E7
0	7890	3710	1	14	1.2907E7
0	7904	3707	1	14	1.2908E7
0	7918	3707	1	14	1.2909E7
0	7932	3705	1	14	1.291E7
0	7946	3702	1	14	1.2911E7
0	7960	3699	1	14	1.2912E7
0	7975	3696	1	14	1.2913E7
0	7989	3694	1	14	1.2914E7
0	8003	3691	1	14	1.2915E7
0	8017	3689	1	14	1.2916E7
0	8031	3687	1	14	1.2917E7
0	8045	3685	1	14	1.2918E7
0	8059	3682	1	14	1.2919E7
0	8073	3678	1	14	1.292E7
0	8087	3674	1	14	1.2921E7
0	8101	3670	1	14	1.2922E7
0	8115	3667	1	14	1.2923E7
0	8129	3665	1	14	1.2924E7
0	8143	3662	1	14	1.2925E7
0	8157	3659	1	14	1.2926E7
0	8171	3657	1	14	1.2927E7
0	8185	3654	1	14	1.2928E7
0	8199	3651	1	13	1.2929E7
0	8211	3649	1	10	1.293E7
0	8219	3648	1	7	1.2931E7
0	8224	3647	1	4	1.2932E7
0	8228	3646	1	2	1.2933E7
0	8228	3646	1	0	1.2934E7
0	8228	3646	1	0	1.2935E7
0	8228	3646	1	0	1.2936E7
0	8228	3646	1	0	1.2937E7
0	8228	3646	1	0	1.2938E7
0	8228	3646	1	0	1.2939E7
0	8228	3646	1	0	1.294E7
0	8228	3646	1	0	1.2941E7
0	8228	3646	1	0	1.2942E7
0	8228	3646	1	0	1.2943E7
0	8228	3646	1	0	1.2944E7
0	8228	3646	1	0	1.2945E7
0	8228	3646	1	0	1.2946E7
0	8228	3646	1	0	1.2947E7
0	8228	3646	1	0	1.2948E7
0	8228	3646	1	0	1.2949E7
0	8228	3646	1	0	1.295E7
0	8228	3646	1	0	1.2951E7
0	8228	3646	1	0	1.2952E7
0	8228	3646	1	0	1.2953E7
0	8229	3646	1	2	1.2954E7
0	8233	3645	1	4	1.2955E7
0	8238	3644	1	6	1.2956E7
0	8245	3642	1	8	1.2957E7
0	8254	3639	1	10	1.2958E7
0	8265	3636	1	12	1.2959E7
0	8278	3633	1	14	1.296E7
0	8292	3630	1	14	1.2961E7
0	8306	3626	1	14	1.2962E7
0	8320	3622	1	14	1.2963E7
0	8333	3619	1	14	1.2964E7
0	8347	3615	1	14	1.2965E7
0	8361	3611	1	14	1.2966E7
0	8375	3607	1	14	1.2967E7
0	8389	3604	1	14	1.2968E7
0	8403	3600	1	14	1.2969E7
0	8416	3596	1	14	1.297E7
0	8430	3592	1	14	1.2971E7
0	8444	3587	1	14	1.2972E7
0	8457	3583	1	14	1.2973E7
0	8471	3579	1	14	1.2974E7
0	8485	3575	1	14	1.2975E7
0	8499	3570	1	14	1.2976E7
0	8512	3566	1	14	1.2977E7
0	8526	3562	1	14	1.2978E7
0	8539	3558	1	12	1.2979E7
0	8549	3554	1	9	1.298E7
0	8557	3552	1	6	1.2981E7
0	8561	3550	1	3	1.2982E7
0	8564	3549	1	0	1.2983E7
0	8564	3549	1	0	1.2984E7
0	8564	3549	1	0	1.2985E7
0	8564	3549	1	0	1.2986E7
0	8564	3549	1	0	1.2987E7
0	8564	3549	1	0	1.2988E7
0	8564	3549	1	0	1.2989E7
0	8564	3549	1	0	1.299E7
0	8564	3549	1	0	1.2991E7
0	8564	3549	1	0	1.2992E7
0	8564	3549	1	0	1.2993E7
0	8564	3549	1	0	1.2994E7
0	8564	3549	1	0	1.2995E7
0	8564	3549	1	0	1.2996E7
0	8564	3549	1	0	1.2997E7
0	8564	3549	1	0	1.2998E7
0	8564	3549	1	0	1.2999E7
0	8564	3549	1	0	1.3E7
0	8564	3549	1	0	1.3001E7
0	8564	3549	1	0	1.3002E7
0	8564	3549	1	0	1.3003E7
0	8566	3549	1	3	1.3004E7
0	8570	3547	1	5	1.3005E7
0	8575	3545	1	7	1.3006E7
0	8583	3542	1	9	1.3007E7
0	8593	3539	1	11	1.3008E7
0	8604	3535	1	13	1.3009E7
0	8618	3530	1	14	1.301E7
0	8631	3525	1	14	1.3011E7
0	8645	3521	1	14	1.3012E7
0	8658	3515	1	14	1.3013E7
0	8671	3510	1	14	1.3014E7
0	8685	3505	1	14	1.3015E7
0	8698	3500	1	14	1.3016E7
0	8711	3494	1	14	1.3017E7
0	8725	3489	1	14	1.3018E7
0	8738	3484	1	14	1.3019E7
0	8751	3478	1	14	1.302E7
0	8764	3472	2	14	1.3021E7
0	8777	3467	2	14	1.3022E7
0	8790	3461	2	14	1.3023E7
0	8803	3455	2	14	1.3024E7
0	8816	3449	2	14	1.3025E7
0	8830	3443	2	14	1.3026E7
0	8842	3438	2	11	1.3027E7
0	8851	3433	2	8	1.3028E7
0	8857	3431	2	5	1.3029E7
0	8861	3428	2	3	1.303E7
0	8863	3427	2	1	1.3031E7
0	8864	3427	2	0	1.3032E7
0	8865	3426	2	0	1.3033E7
0	8865	3426	2	0	1.3034E7
0	8865	3426	2	0	1.3035E7
0	8865	3426	2	0	1.3036E7
0	8865	3426	2	0	1.3037E7
0	8865	3426	2	0	1.3038E7
0	8865	3426	2	0	1.3039E7
0	8865	3426	2	0	1.304E7
0	8865	3426	2	0	1.3041E7
0	8865	3426	2	0	1.3042E7
0	8865	3426	2	0	1.3043E7
0	8865	3426	2	0	1.3044E7
0	8865	3426	2	0	1.3045E7
0	8865	3426	2	0	1.3046E7
0	8865	3426	2	0	1.3047E7
0	8865	3426	2	0	1.3048E7
0	8865	3426	2	0	1.3049E7
0	8865	3426	2	0	1.305E7
0	8865	3426	2	0	1.3051E7
0	8866	3426	2	2	1.3052E7
0	8869	3424	2	4	1.3053E7
0	8874	3422	2	6	1.3054E7
0	8880	3419	2	8	1.3055E7
0	8889	3415	2	10	1.3056E7
0	8899	3410	2	12	1.3057E7
0	8911	3404	2	14	1.3058E7
0	8924	3398	2	14	1.3059E7
0	8937	3392	2	14	1.306E7
0	8950	3386	2	14	1.3061E7
0	8963	3379	2	14	1.3062E7
0	8975	3373	2	14	1.3063E7
0	8988	3366	2	14	1.3064E7
0	9000	3359	2	12	1.3065E7
0	9010	3354	2	9	1.3066E7
0	9016	3351	2	6	1.3067E7
0	9021	3348	2	3	1.3068E7
0	9023	3347	2	0	1.3069E7
0	9023	3347	2	0	1.307E7
0	9023	3347	2	0	1.3071E7
0	9023	3347	2	0	1.3072E7
0	9023	3347	2	0	1.3073E7
0	9023	3347	2	0	1.3074E7
0	9023	3347	2	0	1.3075E7
0	9023	3347	2	0	1.3076E7
0	9023	3347	2	0	1.3077E7
0	9023	3347	2	0	1.3078E7
0	9023	3347	2	0	1.3079E7
0	9023	3347	2	0	1.308E7
0	9023	3347	2	0	1.3081E7
0	9023	3347	2	0	1.3082E7
0	9023	3347	2	0	1.3083E7
0	9023	3347	2	0	1.3084E7
0	9023	3347	2	0	1.3085E7
0	9023	3347	2	0	1.3086E7
0	9023	3347	2	0	1.3087E7
0	9023	3347	2	0	1.3088E7
0	9023	3347	2	0	1.3089E7
0	9025	3346	2	2	1.309E7
0	9028	3344	2	4	1.3091E7
0	9033	3341	2	6	1.3092E7
0	9040	3337	2	8	1.3093E7
0	9049	3332	2	10	1.3094E7
0	9059	3327	2	12	1.3095E7
0	9071	3320	2	14	1.3096E7
0	9084	3313	2	14	1.3097E7
0	9097	3306	2	14	1.3098E7
0	9109	3299	2	14	1.3099E7
0	9121	3291	2	14	1.31E7
0	9133	3284	2	14	1.3101E7
0	9146	3277	2	14	1.3102E7
0	9158	3269	2	14	1.3103E7
0	9170	3262	2	14	1.3104E7
0	9182	3254	2	14	1.3105E7
0	9195	3247	2	14	1.3106E7
0	9207	3239	2	14	1.3107E7
0	9219	3232	2	14	1.3108E7
0	9231	3224	2	14	1.3109E7
0	9243	3216	2	14	1.311E7
0	9255	3207	2	14	1.3111E7
0	9266	3199	2	14	1.3112E7
0	9278	3191	2	14	1.3113E7
0	9290	3182	2	14	1.3114E7
0	9301	3174	2	14	1.3115E7
0	9313	3166	2	14	1.3116E7
0	9325	3157	2	14	1.3117E7
0	9336	3149	2	14	1.3118E7
0	9348	3141	2	14	1.3119E7
0	9359	3132	2	14	1.312E7
0	9371	3124	2	14	1.3121E7
0	9382	3115	2	14	1.3122E7
0	9394	3106	2	14	1.3123E7
0	9405	3098	2	14	1.3124E7
0	9417	3089	2	14	1.3125E7
0	9428	3080	2	14	1.3126E7
0	9439	3071	2	14	1.3127E7
0	9450	3062	2	14	1.3128E7
0	9461	3053	2	14	1.3129E7
0	9473	3044	2	14	1.313E7
0	9484	3035	2	14	1.3131E7
0	9495	3026	2	14	1.3132E7
0	9506	3017	2	14	1.3133E7
0	9517	3007	2	14	1.3134E7
0	9528	2998	2	14	1.3135E7
0	9537	2990	2	10	1.3136E7
0	9544	2984	2	7	1.3137E7
0	9549	2980	2	5	1.3138E7
0	9552	2978	2	2	1.3139E7
0	9552	2977	2	0	1.314E7
0	9552	2977	2	0	1.3141E7
0	9552	2977	2	0	1.3142E7
0	9552	2977	2	0	1.3143E7
0	9552	2977	2	0	1.3144E7
0	9552	2977	2	0	1.3145E7
0	9552	2977	2	0	1.3146E7
0	9552	2977	2	0	1.3147E7
0	9552	2977	2	0	1.3148E7
0	9552	2977	2	0	1.3149E7
0	9552	2977	2	0	1.315E7
0	9552	2977	2	0	1.3151E7
0	9552	2977	2	0	1.3152E7
0	9552	2977	2	0	1.3153E7
0	9552	2977	2	0	1.3154E7
0	9552	2977	2	0	1.3155E7
0	9552	2977	2	0	1.3156E7
0	9552	2977	2	0	1.3157E7
0	9552	2977	2	0	1.3158E7
0	9552	2977	2	0	1.3159E7
0	9553	2977	2	1	1.316E7
0	9555	2975	2	3	1.3161E7
0	9559	2971	2	5	1.3162E7
0	9564	2967	2	7	1.3163E7
0	9571	2961	2	8	1.3164E7
0	9576	2956	2	5	1.3165E7
0	9580	2953	2	3	1.3166E7
0	9582	2951	2	1	1.3167E7
0	9583	2951	2	0	1.3168E7
0	9583	2950	2	0	1.3169E7
0	9583	2950	2	0	1.317E7
0	9583	2950	2	0	1.3171E7
0	9583	2950	2	0	1.3172E7
0	9583	2950	2	0	1.3173E7
0	9583	2950	2	0	1.3174E7
0	9583	2950	2	0	1.3175E7
0	9583	2950	2	0	1.3176E7
0	9583	2950	2	0	1.3177E7
0	9583	2950	2	0	1.3178E7
0	9583	2950	2	0	1.3179E7
0	9583	2950	2	0	1.318E7
0	9583	2950	2	0	1.3181E7
0	9583	2950	2	0	1.3182E7
0	9583	2950	2	0	1.3183E7
0	9583	2950	2	0	1.3184E7
0	9583	2950	2	0	1.3185E7
0	9583	2950	2	0	1.3186E7
0	9583	2950	2	0	1.3187E7
0	9583	2950	2	0	1.3188E7
0	9583	2950	2	0	1.3189E7
0	9583	2950	2	0	1.319E7
0	9583	2950	2	0	1.3191E7
0	9583	2950	2	0	1.3192E7
0	9583	2950	2	0	1.3193E7
0	9583	2950	2	0	1.3194E7
0	9583	2950	2	0	1.3195E7
0	9583	2950	2	0	1.3196E7
0	9583	2950	2	0	1.3197E7
0	9583	2950	2	0	1.3198E7
0	9583	2950	2	0	1.3199E7
0	9583	2950	2	0	1.32E7
0	9583	2950	2	0	1.3201E7
0	9584	2949	2	2	1.3202E7
0	9587	2947	2	4	1.3203E7
0	9591	2943	2	6	1.3204E7
0	9597	2938	2	8	1.3205E7
0	9604	2932	2	10	1.3206E7
0	9612	2924	2	12	1.3207E7
0	9622	2916	2	14	1.3208E7
0	9633	2906	2	14	1.3209E7
0	9644	2897	2	14	1.321E7
0	9655	2887	2	14	1.3211E7
0	9665	2878	2	14	1.3212E7
0	9676	2868	2	14	1.3213E7
0	9687	2859	2	14	1.3214E7
0	9698	2849	2	14	1.3215E7
0	9709	2840	2	14	1.3216E7
0	9720	2831	2	14	1.3217E7
0	9731	2822	2	14	1.3218E7
0	9742	2813	2	14	1.3219E7
0	9752	2803	2	14	1.322E7
0	9763	2794	2	14	1.3221E7
0	9774	2784	2	14	1.3222E7
0	9785	2775	2	14	1.3223E7
0	9796	2766	2	14	1.3224E7
0	9807	2756	2	14	1.3225E7
0	9817	2747	2	14	1.3226E7
0	9828	2738	2	14	1.3227E7
0	9839	2728	2	14	1.3228E7
0	9850	2719	2	14	1.3229E7
0	9861	2710	2	14	1.323E7
0	9872	2700	2	14	1.3231E7
0	9883	2691	2	14	1.3232E7
0	9894	2682	2	14	1.3233E7
0	9904	2672	2	14	1.3234E7
0	9915	2663	2	14	1.3235E7
0	9924	2655	2	10	1.3236E7
0	9931	2649	2	7	1.3237E7
0	9936	2645	2	4	1.3238E7
0	9938	2642	2	2	1.3239E7
0	9939	2642	2	0	1.324E7
0	9939	2642	2	0	1.3241E7
0	9939	2642	2	0	1.3242E7
0	9939	2642	2	0	1.3243E7
0	9939	2642	2	0	1.3244E7
0	9939	2642	2	0	1.3245E7
0	9939	2642	2	0	1.3246E7
0	9939	2642	2	0	1.3247E7
0	9939	2642	2	0	1.3248E7
0	9939	2642	2	0	1.3249E7
0	9939	2642	2	0	1.325E7
0	9939	2642	2	0	1.3251E7
0	9939	2642	2	0	1.3252E7
0	9939	2642	2	0	1.3253E7
0	9939	2642	2	0	1.3254E7
0	9939	2642	2	0	1.3255E7
0	9939	2642	2	0	1.3256E7
0	9939	2642	2	0	1.3257E7
0	9939	2642	2	0	1.3258E7
0	9939	2642	2	0	1.3259E7
0	9940	2641	2	1	1.326E7
0	9942	2639	2	4	1.3261E7
0	9946	2636	2	6	1.3262E7
0	9951	2631	2	8	1.3263E7
0	9958	2624	2	10	1.3264E7
0	9966	2617	2	12	1.3265E7
0	9976	2608	2	12	1.3266E7
0	9984	2601	2	8	1.3267E7
0	9989	2596	2	6	1.3268E7
0	9993	2593	2	3	1.3269E7
0	9995	2592	2	1	1.327E7
0	9996	2591	2	0	1.3271E7
0	9996	2590	2	0	1.3272E7
0	9996	2590	2	0	1.3273E7
0	9996	2590	2	0	1.3274E7
0	9996	2590	2	0	1.3275E7
0	9996	2590	2	0	1.3276E7
0	9997	2590	2	0	1.3277E7
0	9997	2590	2	0	1.3278E7
0	9997	2590	2	0	1.3279E7
0	9997	2590	2	0	1.328E7
0	9997	2590	2	0	1.3281E7
0	9997	2590	2	0	1.3282E7
0	9997	2590	2	0	1.3283E7
0	9997	2590	2	0	1.3284E7
0	9997	2590	2	0	1.3285E7
0	9997	2590	2	0	1.3286E7
0	9997	2590	2	0	1.3287E7
0	9997	2590	2	0	1.3288E7
0	9997	2590	2	0	1.3289E7
0	9997	2590	2	0	1.329E7
0	9997	2590	2	0	1.3291E7
0	9997	2590	2	0	1.3292E7
0	9997	2590	2	0	1.3293E7
0	9997	2590	2	0	1.3294E7
0	9997	2590	2	0	1.3295E7
0	9997	2590	2	0	1.3296E7
0	9997	2590	2	0	1.3297E7
0	9997	2590	2	0	1.3298E7
0	9997	2590	2	0	1.3299E7
0	9997	2590	2	0	1.33E7
0	9997	2590	2	0	1.3301E7
0	9997	2590	2	0	1.3302E7
0	9997	2590	2	0	1.3303E7
0	9997	2590	2	0	1.3304E7
0	9997	2590	2	0	1.3305E7
0	9997	2590	2	0	1.3306E7
0	9997	2590	2	0	1.3307E7
0	9997	2590	2	0	1.3308E7
0	9997	2590	2	0	1.3309E7
0	9997	2590	2	0	1.331E7
0	9997	2590	2	0	1.3311E7
0	9997	2590	2	0	1.3312E7
0	9997	2590	2	0	1.3313E7
0	9997	2590	2	0	1.3314E7
0	9997	2590	2	0	1.3315E7
0	9997	2590	2	0	1.3316E7
0	9997	2590	2	0	1.3317E7
0	9997	2590	2	0	1.3318E7
0	9997	2590	2	0	1.3319E7
0	9997	2590	2	0	1.332E7
0	9997	2590	2	0	1.3321E7
0	9998	2589	2	2	1.3322E7
0	10000	2587	2	4	1.3323E7
0	10004	2583	2	6	1.3324E7
0	10009	2578	2	7	1.3325E7
0	10015	2573	2	9	1.3326E7
0	10024	2565	2	11	1.3327E7
0	10033	2557	2	13	1.3328E7
0	10044	2548	2	14	1.3329E7
0	10055	2539	2	14	1.333E7
0	10066	2529	2	14	1.3331E7
0	10077	2520	2	14	1.3332E7
0	10087	2510	2	14	1.3333E7
0	10098	2501	2	14	1.3334E7
0	10109	2491	2	14	1.3335E7
0	10120	2482	2	14	1.3336E7
0	10131	2473	2	14	1.3337E7
0	10142	2463	2	14	1.3338E7
0	10152	2454	2	14	1.3339E7
0	10163	2445	2	14	1.334E7
0	10174	2435	2	14	1.3341E7
0	10185	2426	2	14	1.3342E7
0	10196	2417	2	14	1.3343E7
0	10207	2407	2	14	1.3344E7
0	10217	2398	2	14	1.3345E7
0	10228	2389	2	14	1.3346E7
0	10239	2379	2	14	1.3347E7
0	10250	2370	2	14	1.3348E7
0	10261	2360	2	14	1.3349E7
0	10272	2351	2	14	1.335E7
0	10282	2342	2	14	1.3351E7
0	10293	2332	2	14	1.3352E7
0	10303	2323	2	12	1.3353E7
0	10312	2315	2	10	1.3354E7
0	10319	2308	2	9	1.3355E7
0	10326	2302	2	8	1.3356E7
0	10331	2297	2	5	1.3357E7
0	10335	2295	2	3	1.3358E7
0	10336	2293	2	0	1.3359E7
0	10336	2293	2	0	1.336E7
0	10336	2293	2	0	1.3361E7
0	10336	2293	2	0	1.3362E7
0	10336	2293	2	0	1.3363E7
0	10336	2293	2	0	1.3364E7
0	10336	2293	2	0	1.3365E7
0	10336	2293	2	0	1.3366E7
0	10336	2293	2	0	1.3367E7
0	10336	2293	2	0	1.3368E7
0	10336	2293	2	0	1.3369E7
0	10336	2293	2	0	1.337E7
0	10336	2293	2	0	1.3371E7
0	10336	2293	2	0	1.3372E7
0	10336	2293	2	0	1.3373E7
0	10336	2293	2	0	1.3374E7
0	10336	2293	2	0	1.3375E7
0	10336	2293	2	0	1.3376E7
0	10336	2293	2	0	1.3377E7
0	10336	2293	2	0	1.3378E7
0	10336	2293	2	1	1.3379E7
0	10338	2292	2	3	1.338E7
0	10342	2289	2	5	1.3381E7
0	10347	2284	2	7	1.3382E7
0	10353	2279	2	9	1.3383E7
0	10361	2272	2	11	1.3384E7
0	10370	2264	2	13	1.3385E7
0	10381	2254	2	14	1.3386E7
0	10391	2245	2	14	1.3387E7
0	10402	2235	2	14	1.3388E7
0	10412	2226	2	14	1.3389E7
0	10423	2216	2	14	1.339E7
0	10434	2207	2	14	1.3391E7
0	10445	2198	2	14	1.3392E7
0	10456	2188	2	14	1.3393E7
0	10466	2179	2	14	1.3394E7
0	10477	2169	2	14	1.3395E7
0	10488	2160	2	14	1.3396E7
0	10499	2151	2	14	1.3397E7
0	10509	2141	2	14	1.3398E7
0	10520	2132	2	14	1.3399E7
0	10531	2122	2	14	1.34E7
0	10542	2113	2	14	1.3401E7
0	10553	2104	2	14	1.3402E7
0	10564	2095	2	14	1.3403E7
0	10575	2085	2	14	1.3404E7
0	10585	2076	2	14	1.3405E7
0	10596	2067	2	14	1.3406E7
0	10607	2058	2	14	1.3407E7
0	10618	2048	2	14	1.3408E7
0	10630	2040	2	14	1.3409E7
0	10641	2031	2	14	1.341E7
0	10652	2022	2	14	1.3411E7
0	10664	2013	2	14	1.3412E7
0	10675	2005	2	14	1.3413E7
0	10686	1996	2	14	1.3414E7
0	10698	1987	2	14	1.3415E7
0	10708	1979	2	14	1.3416E7
0	10717	1980	1	14	1.3417E7
0	10732	1984	1	14	1.3418E7
0	10748	1980	1	14	1.3419E7
0	10760	1971	2	14	1.342E7
0	10770	1960	2	14	1.3421E7
0	10775	1945	3	14	1.3422E7
0	10774	1932	3	11	1.3423E7
0	10770	1921	3	8	1.3424E7
0	10765	1915	4	5	1.3425E7
0	10762	1912	4	3	1.3426E7
0	10759	1909	4	5	1.3427E7
0	10752	1904	4	7	1.3428E7
0	10742	1903	5	9	1.3429E7
0	10731	1902	5	11	1.343E7
0	10718	1905	5	13	1.3431E7
0	10706	1904	5	14	1.3432E7
0	10696	1893	4	14	1.3433E7
0	10687	1882	4	14	1.3434E7
0	10677	1871	4	14	1.3435E7
0	10668	1860	4	14	1.3436E7
0	10659	1849	4	14	1.3437E7
0	10650	1838	4	14	1.3438E7
0	10641	1827	4	14	1.3439E7
0	10630	1817	4	14	1.344E7
0	10620	1807	4	14	1.3441E7
0	10610	1798	4	14	1.3442E7
0	10598	1789	4	14	1.3443E7
0	10586	1782	4	14	1.3444E7
0	10573	1776	4	14	1.3445E7
0	10560	1770	4	14	1.3446E7
0	10547	1764	4	14	1.3447E7
0	10534	1758	4	14	1.3448E7
0	10521	1752	4	14	1.3449E7
0	10508	1746	4	14	1.345E7
0	10494	1740	4	14	1.3451E7
0	10481	1735	5	14	1.3452E7
0	10467	1729	5	14	1.3453E7
0	10454	1724	5	14	1.3454E7
0	10440	1719	5	14	1.3455E7
0	10427	1715	5	14	1.3456E7
0	10412	1714	5	14	1.3457E7
0	10398	1713	5	14	1.3458E7
0	10384	1717	5	14	1.3459E7
0	10371	1723	6	14	1.346E7
0	10360	1733	6	14	1.3461E7
0	10349	1742	6	14	1.3462E7
0	10338	1752	6	14	1.3463E7
0	10327	1761	6	14	1.3464E7
0	10316	1771	6	14	1.3465E7
0	10306	1780	6	14	1.3466E7
0	10295	1790	6	14	1.3467E7
0	10285	1799	6	14	1.3468E7
0	10274	1809	6	14	1.3469E7
0	10263	1819	6	14	1.347E7
0	10253	1829	6	14	1.3471E7
0	10242	1838	6	14	1.3472E7
0	10232	1848	6	14	1.3473E7
0	10221	1858	6	14	1.3474E7
0	10211	1867	6	14	1.3475E7
0	10200	1877	6	14	1.3476E7
0	10190	1887	6	14	1.3477E7
0	10179	1896	6	14	1.3478E7
0	10169	1906	6	12	1.3479E7
0	10162	1913	6	9	1.348E7
0	10156	1918	6	6	1.3481E7
0	10152	1921	6	3	1.3482E7
0	10151	1923	6	0	1.3483E7
0	10151	1923	6	0	1.3484E7
0	10151	1923	6	0	1.3485E7
0	10151	1923	6	0	1.3486E7
0	10151	1923	6	0	1.3487E7
0	10151	1923	6	0	1.3488E7
0	10151	1923	6	0	1.3489E7
0	10151	1923	6	0	1.349E7
0	10151	1923	6	0	1.3491E7
0	10151	1923	6	0	1.3492E7
0	10151	1923	6	0	1.3493E7
0	10151	1923	6	0	1.3494E7
0	10151	1923	6	0	1.3495E7
0	10151	1923	6	0	1.3496E7
0	10151	1923	6	0	1.3497E7
0	10151	1923	6	0	1.3498E7
0	10151	1923	6	0	1.3499E7
0	10151	1923	6	0	1.35E7
0	10151	1923	6	0	1.3501E7
0	10151	1923	6	0	1.3502E7
0	10150	1923	6	0	1.3503E7
0	10149	1924	6	2	1.3504E7
0	10146	1926	6	4	1.3505E7
0	10142	1930	6	6	1.3506E7
0	10136	1935	6	8	1.3507E7
0	10129	1942	6	10	1.3508E7
0	10120	1950	6	12	1.3509E7
0	10111	1959	6	14	1.351E7
0	10100	1969	6	14	1.3511E7
0	10090	1978	6	14	1.3512E7
0	10079	1988	6	14	1.3513E7
0	10069	1998	6	14	1.3514E7
0	10058	2008	6	14	1.3515E7
0	10048	2017	6	14	1.3516E7
0	10039	2026	6	10	1.3517E7
0	10032	2032	6	7	1.3518E7
0	10028	2036	6	4	1.3519E7
0	10025	2038	6	2	1.352E7
0	10023	2040	6	1	1.3521E7
0	10021	2042	6	3	1.3522E7
0	10018	2045	6	5	1.3523E7
0	10012	2050	6	7	1.3524E7
0	10006	2056	6	10	1.3525E7
0	9997	2064	6	12	1.3526E7
0	9988	2072	6	13	1.3527E7
0	9977	2082	6	14	1.3528E7
0	9967	2092	6	14	1.3529E7
0	9956	2101	6	14	1.353E7
0	9948	2113	6	14	1.3531E7
0	9939	2124	6	14	1.3532E7
0	9930	2136	6	14	1.3533E7
0	9920	2137	5	14	1.3534E7
0	9905	2136	5	14	1.3535E7
0	9892	2144	6	14	1.3536E7
0	9880	2142	5	14	1.3537E7
0	9868	2135	4	14	1.3538E7
0	9855	2129	4	14	1.3539E7
0	9841	2124	5	14	1.354E7
0	9827	2121	5	14	1.3541E7
0	9813	2123	5	14	1.3542E7
0	9799	2124	5	14	1.3543E7
0	9784	2126	5	14	1.3544E7
0	9770	2129	5	14	1.3545E7
0	9756	2133	5	14	1.3546E7
0	9743	2137	5	14	1.3547E7
0	9729	2142	5	14	1.3548E7
0	9715	2147	5	14	1.3549E7
0	9702	2153	6	14	1.355E7
0	9689	2159	6	14	1.3551E7
0	9677	2167	6	14	1.3552E7
0	9665	2174	6	14	1.3553E7
0	9653	2182	6	14	1.3554E7
0	9641	2190	6	14	1.3555E7
0	9629	2198	6	14	1.3556E7
0	9617	2206	6	14	1.3557E7
0	9605	2214	6	14	1.3558E7
0	9594	2223	6	14	1.3559E7
0	9583	2231	6	13	1.356E7
0	9573	2239	6	10	1.3561E7
0	9566	2244	6	7	1.3562E7
0	9562	2248	6	4	1.3563E7
0	9559	2250	6	2	1.3564E7
0	9558	2251	6	1	1.3565E7
0	9557	2251	6	0	1.3566E7
0	9557	2252	6	0	1.3567E7
0	9557	2252	6	0	1.3568E7
0	9557	2252	6	0	1.3569E7
0	9557	2252	6	0	1.357E7
0	9557	2252	6	0	1.3571E7
0	9557	2252	6	0	1.3572E7
0	9557	2252	6	0	1.3573E7
0	9557	2252	6	0	1.3574E7
0	9557	2252	6	0	1.3575E7
0	9557	2252	6	0	1.3576E7
0	9557	2252	6	0	1.3577E7
0	9557	2252	6	0	1.3578E7
0	9557	2252	6	0	1.3579E7
0	9557	2252	6	0	1.358E7
0	9557	2252	6	0	1.3581E7
0	9557	2252	6	0	1.3582E7
0	9557	2252	6	0	1.3583E7
0	9557	2252	6	0	1.3584E7
0	9557	2252	6	0	1.3585E7
0	9557	2252	6	0	1.3586E7
0	9557	2252	6	0	1.3587E7
0	9557	2252	6	0	1.3588E7
0	9557	2252	6	0	1.3589E7
0	9557	2252	6	0	1.359E7
0	9557	2252	6	0	1.3591E7
0	9555	2253	6	2	1.3592E7
0	9553	2255	6	4	1.3593E7
0	9549	2259	6	6	1.3594E7
0	9543	2264	6	8	1.3595E7
0	9537	2271	6	10	1.3596E7
0	9529	2280	6	12	1.3597E7
0	9522	2288	6	9	1.3598E7
0	9517	2294	6	6	1.3599E7
0	9514	2297	6	3	1.36E7
0	9513	2299	6	0	1.3601E7
0	9513	2299	6	0	1.3602E7
0	9513	2299	6	0	1.3603E7
0	9513	2299	6	0	1.3604E7
0	9513	2299	6	0	1.3605E7
0	9513	2299	6	0	1.3606E7
0	9513	2299	6	0	1.3607E7
0	9513	2299	6	0	1.3608E7
0	9513	2299	6	0	1.3609E7
0	9513	2299	6	0	1.361E7
0	9513	2299	6	0	1.3611E7
0	9513	2299	6	0	1.3612E7
0	9513	2299	6	0	1.3613E7
0	9513	2299	6	0	1.3614E7
0	9513	2299	6	0	1.3615E7
0	9513	2299	6	0	1.3616E7
0	9513	2299	6	0	1.3617E7
0	9513	2299	6	0	1.3618E7
0	9513	2299	6	0	1.3619E7
0	9513	2299	6	0	1.362E7
0	9513	2300	6	0	1.3621E7
0	9512	2301	6	3	1.3622E7
0	9509	2304	6	4	1.3623E7
0	9506	2309	6	7	1.3624E7
0	9501	2316	6	8	1.3625E7
0	9495	2324	6	11	1.3626E7
0	9487	2334	6	13	1.3627E7
0	9479	2345	6	14	1.3628E7
0	9471	2356	6	14	1.3629E7
0	9462	2368	6	14	1.363E7
0	9453	2379	6	14	1.3631E7
0	9445	2391	6	14	1.3632E7
0	9436	2402	6	14	1.3633E7
0	9428	2414	6	14	1.3634E7
0	9419	2425	6	14	1.3635E7
0	9411	2437	6	14	1.3636E7
0	9402	2448	6	14	1.3637E7
0	9393	2459	6	14	1.3638E7
0	9383	2469	6	14	1.3639E7
0	9373	2480	6	14	1.364E7
0	9363	2490	6	14	1.3641E7
0	9352	2499	6	14	1.3642E7
0	9340	2507	6	14	1.3643E7
0	9330	2515	6	10	1.3644E7
0	9323	2520	6	7	1.3645E7
0	9318	2524	6	5	1.3646E7
0	9315	2526	6	2	1.3647E7
0	9313	2528	6	1	1.3648E7
0	9312	2528	6	0	1.3649E7
0	9312	2528	6	0	1.365E7
0	9312	2529	6	0	1.3651E7
0	9312	2529	6	0	1.3652E7
0	9312	2529	6	0	1.3653E7
0	9312	2529	6	0	1.3654E7
0	9312	2529	6	0	1.3655E7
0	9312	2529	6	0	1.3656E7
0	9312	2529	6	0	1.3657E7
0	9312	2529	6	0	1.3658E7
0	9312	2529	6	0	1.3659E7
0	9312	2529	6	0	1.366E7
0	9312	2529	6	0	1.3661E7
0	9312	2529	6	0	1.3662E7
0	9312	2529	6	0	1.3663E7
0	9312	2529	6	0	1.3664E7
0	9312	2529	6	0	1.3665E7
0	9312	2529	6	0	1.3666E7
0	9312	2529	6	0	1.3667E7
0	9312	2529	6	0	1.3668E7
0	9312	2529	6	0	1.3669E7
0	9312	2529	6	0	1.367E7
0	9312	2529	6	0	1.3671E7
0	9312	2529	6	0	1.3672E7
0	9312	2529	6	0	1.3673E7
0	9312	2529	6	0	1.3674E7
0	9312	2529	6	0	1.3675E7
0	9312	2529	6	0	1.3676E7
0	9312	2529	6	0	1.3677E7
0	9312	2529	6	0	1.3678E7
0	9312	2529	6	0	1.3679E7
0	9312	2529	6	0	1.368E7
0	9312	2529	6	0	1.3681E7
0	9311	2529	6	2	1.3682E7
0	9308	2531	6	4	1.3683E7
0	9304	2534	6	5	1.3684E7
0	9298	2538	6	7	1.3685E7
0	9290	2543	6	9	1.3686E7
0	9281	2549	6	12	1.3687E7
0	9270	2556	6	13	1.3688E7
0	9258	2563	6	12	1.3689E7
0	9249	2568	6	9	1.369E7
0	9243	2572	6	6	1.3691E7
0	9239	2574	6	3	1.3692E7
0	9237	2575	6	0	1.3693E7
0	9237	2575	6	0	1.3694E7
0	9237	2575	6	0	1.3695E7
0	9237	2575	6	0	1.3696E7
0	9237	2575	6	0	1.3697E7
0	9237	2575	6	0	1.3698E7
0	9237	2575	6	0	1.3699E7
0	9237	2575	6	0	1.37E7
0	9237	2575	6	0	1.3701E7
0	9237	2575	6	0	1.3702E7
0	9237	2575	6	0	1.3703E7
0	9237	2575	6	0	1.3704E7
0	9237	2575	6	0	1.3705E7
0	9237	2575	6	0	1.3706E7
0	9237	2575	6	0	1.3707E7
0	9237	2575	6	0	1.3708E7
0	9237	2575	6	0	1.3709E7
0	9237	2575	6	0	1.371E7
0	9237	2575	6	0	1.3711E7
0	9237	2575	6	0	1.3712E7
0	9236	2575	6	0	1.3713E7
0	9235	2576	6	2	1.3714E7
0	9232	2578	6	4	1.3715E7
0	9227	2581	6	6	1.3716E7
0	9221	2588	6	8	1.3717E7
0	9213	2593	6	10	1.3718E7
0	9202	2598	6	12	1.3719E7
0	9190	2605	6	14	1.372E7
0	9178	2612	6	14	1.3721E7
0	9165	2619	6	14	1.3722E7
0	9153	2626	6	14	1.3723E7
0	9140	2633	6	14	1.3724E7
0	9128	2640	6	14	1.3725E7
0	9116	2648	6	14	1.3726E7
0	9103	2655	6	14	1.3727E7
0	9091	2662	6	14	1.3728E7
0	9078	2669	6	14	1.3729E7
0	9066	2676	6	14	1.373E7
0	9054	2684	6	14	1.3731E7
0	9042	2691	6	14	1.3732E7
0	9028	2696	5	14	1.3733E7
0	9015	2703	6	14	1.3734E7
0	9003	2710	6	14	1.3735E7
0	8991	2717	6	14	1.3736E7
0	8978	2724	6	14	1.3737E7
0	8966	2731	6	14	1.3738E7
0	8953	2738	6	14	1.3739E7
0	8941	2746	6	13	1.374E7
0	8931	2752	6	10	1.3741E7
0	8924	2756	6	7	1.3742E7
0	8919	2759	6	4	1.3743E7
0	8916	2760	6	2	1.3744E7
0	8916	2761	6	0	1.3745E7
0	8916	2761	6	0	1.3746E7
0	8916	2761	6	0	1.3747E7
0	8916	2761	6	0	1.3748E7
0	8916	2761	6	0	1.3749E7
0	8916	2761	6	0	1.375E7
0	8916	2761	6	0	1.3751E7
0	8916	2761	6	0	1.3752E7
0	8916	2761	6	0	1.3753E7
0	8916	2761	6	0	1.3754E7
0	8916	2761	6	0	1.3755E7
0	8916	2761	6	0	1.3756E7
0	8916	2761	6	0	1.3757E7
0	8916	2761	6	0	1.3758E7
0	8916	2761	6	0	1.3759E7
0	8916	2761	6	0	1.376E7
0	8916	2761	6	0	1.3761E7
0	8916	2761	6	0	1.3762E7
0	8916	2761	6	0	1.3763E7
0	8916	2761	6	0	1.3764E7
0	8914	2761	6	2	1.3765E7
0	8912	2763	6	4	1.3766E7
0	8907	2765	6	6	1.3767E7
0	8901	2769	6	8	1.3768E7
0	8893	2773	6	10	1.3769E7
0	8883	2779	6	11	1.377E7
0	8872	2786	6	13	1.3771E7
0	8860	2793	6	14	1.3772E7
0	8848	2800	6	14	1.3773E7
0	8836	2808	6	14	1.3774E7
0	8823	2816	6	14	1.3775E7
0	8811	2823	6	14	1.3776E7
0	8799	2830	6	14	1.3777E7
0	8787	2838	6	14	1.3778E7
0	8774	2845	6	14	1.3779E7
0	8762	2852	6	14	1.378E7
0	8750	2860	6	14	1.3781E7
0	8738	2867	6	14	1.3782E7
0	8725	2875	6	14	1.3783E7
0	8713	2882	6	14	1.3784E7
0	8701	2890	6	14	1.3785E7
0	8689	2897	6	14	1.3786E7
0	8676	2904	6	14	1.3787E7
0	8664	2912	6	14	1.3788E7
0	8652	2919	6	14	1.3789E7
0	8639	2926	6	14	1.379E7
0	8627	2933	6	14	1.3791E7
0	8614	2940	6	14	1.3792E7
0	8602	2947	6	14	1.3793E7
0	8590	2954	6	14	1.3794E7
0	8577	2962	6	14	1.3795E7
0	8565	2970	6	14	1.3796E7
0	8553	2977	6	14	1.3797E7
0	8541	2984	6	14	1.3798E7
0	8529	2992	6	14	1.3799E7
0	8517	2999	6	14	1.38E7
0	8505	3007	6	12	1.3801E7
0	8496	3013	6	9	1.3802E7
0	8489	3018	6	6	1.3803E7
0	8485	3020	6	4	1.3804E7
0	8482	3022	6	1	1.3805E7
0	8482	3022	6	0	1.3806E7
0	8482	3022	6	0	1.3807E7
0	8482	3022	6	0	1.3808E7
0	8482	3022	6	0	1.3809E7
0	8482	3022	6	0	1.381E7
0	8482	3022	6	0	1.3811E7
0	8482	3022	6	0	1.3812E7
0	8482	3022	6	0	1.3813E7
0	8482	3022	6	0	1.3814E7
0	8482	3022	6	0	1.3815E7
0	8482	3022	6	0	1.3816E7
0	8482	3022	6	0	1.3817E7
0	8482	3022	6	0	1.3818E7
0	8482	3022	6	0	1.3819E7
0	8482	3022	6	0	1.382E7
0	8482	3022	6	0	1.3821E7
0	8482	3022	6	0	1.3822E7
0	8482	3022	6	0	1.3823E7
0	8482	3022	6	0	1.3824E7
0	8482	3022	6	0	1.3825E7
0	8481	3023	6	2	1.3826E7
0	8478	3025	6	4	1.3827E7
0	8473	3028	6	6	1.3828E7
0	8467	3032	6	8	1.3829E7
0	8459	3037	6	10	1.383E7
0	8449	3043	6	12	1.3831E7
0	8439	3048	6	9	1.3832E7
0	8433	3052	6	6	1.3833E7
0	8428	3055	6	4	1.3834E7
0	8426	3056	6	2	1.3835E7
0	8425	3057	6	0	1.3836E7
0	8424	3057	6	0	1.3837E7
0	8424	3057	6	0	1.3838E7
0	8424	3057	6	0	1.3839E7
0	8424	3057	6	0	1.384E7
0	8424	3057	6	0	1.3841E7
0	8424	3057	6	0	1.3842E7
0	8424	3057	6	0	1.3843E7
0	8424	3057	6	0	1.3844E7
0	8424	3057	6	0	1.3845E7
0	8424	3057	6	0	1.3846E7
0	8424	3057	6	0	1.3847E7
0	8424	3057	6	0	1.3848E7
0	8424	3057	6	0	1.3849E7
0	8424	3057	6	0	1.385E7
0	8424	3057	6	0	1.3851E7
0	8424	3057	6	0	1.3852E7
0	8424	3057	6	0	1.3853E7
0	8424	3057	6	0	1.3854E7
0	8424	3057	6	0	1.3855E7
0	8424	3057	6	0	1.3856E7
0	8424	3057	6	0	1.3857E7
0	8424	3057	6	0	1.3858E7
0	8424	3057	6	0	1.3859E7
0	8424	3057	6	0	1.386E7
0	8424	3057	6	0	1.3861E7
0	8423	3058	6	2	1.3862E7
0	8420	3058	5	4	1.3863E7
0	8417	3053	5	6	1.3864E7
0	8413	3047	4	7	1.3865E7
0	8409	3039	4	9	1.3866E7
0	8404	3030	4	11	1.3867E7
0	8399	3018	3	13	1.3868E7
0	8394	3005	3	14	1.3869E7
0	8389	2991	3	14	1.387E7
0	8384	2978	3	14	1.3871E7
0	8380	2964	3	14	1.3872E7
0	8376	2950	3	14	1.3873E7
0	8372	2937	3	14	1.3874E7
0	8367	2923	3	14	1.3875E7
0	8363	2909	3	14	1.3876E7
0	8359	2896	3	14	1.3877E7
0	8355	2882	3	14	1.3878E7
0	8350	2868	3	14	1.3879E7
0	8346	2855	3	14	1.388E7
0	8341	2841	3	14	1.3881E7
0	8335	2828	4	14	1.3882E7
0	8329	2815	4	14	1.3883E7
0	8323	2802	4	14	1.3884E7
0	8317	2791	4	11	1.3885E7
0	8312	2782	4	8	1.3886E7
0	8309	2775	4	5	1.3887E7
0	8307	2771	4	3	1.3888E7
0	8306	2770	4	0	1.3889E7
0	8306	2770	4	0	1.389E7
0	8306	2770	4	0	1.3891E7
0	8306	2770	4	0	1.3892E7
0	8306	2770	4	0	1.3893E7
0	8306	2770	4	0	1.3894E7
0	8306	2770	4	0	1.3895E7
0	8306	2770	4	0	1.3896E7
0	8306	2770	4	0	1.3897E7
0	8306	2770	4	0	1.3898E7
0	8306	2770	4	0	1.3899E7
0	8306	2770	4	0	1.39E7
0	8306	2770	4	0	1.3901E7
0	8306	2770	4	0	1.3902E7
0	8306	2770	4	0	1.3903E7
0	8306	2770	4	0	1.3904E7
0	8306	2770	4	0	1.3905E7
0	8306	2770	4	0	1.3906E7
0	8306	2770	4	0	1.3907E7
0	8306	2770	4	0	1.3908E7
0	8306	2770	4	1	1.3909E7
0	8302	2769	4	3	1.391E7
0	8299	2765	4	5	1.3911E7
0	8296	2760	4	6	1.3912E7
0	8292	2753	4	8	1.3913E7
0	8287	2745	4	10	1.3914E7
0	8282	2737	4	8	1.3915E7
0	8278	2731	4	5	1.3916E7
0	8277	2726	4	3	1.3917E7
0	8279	2720	3	5	1.3918E7
0	8284	2715	2	7	1.3919E7
0	8293	2713	1	9	1.392E7
0	8303	2711	1	11	1.3921E7
0	8315	2707	1	13	1.3922E7
0	8325	2698	2	14	1.3923E7
0	8332	2687	2	14	1.3924E7
0	8328	2674	3	12	1.3925E7
0	8321	2667	4	9	1.3926E7
0	8315	2664	4	6	1.3927E7
0	8311	2663	5	3	1.3928E7
0	8307	2662	5	5	1.3929E7
0	8301	2663	5	7	1.393E7
0	8294	2667	5	8	1.3931E7
0	8286	2672	6	10	1.3932E7
0	8276	2678	6	12	1.3933E7
0	8264	2685	6	14	1.3934E7
0	8250	2693	6	16	1.3935E7
0	8233	2698	6	17	1.3936E7
0	8218	2707	6	17	1.3937E7
0	8203	2715	6	17	1.3938E7
0	8188	2723	6	17	1.3939E7
0	8173	2732	6	17	1.394E7
0	8158	2740	6	17	1.3941E7
0	8143	2749	6	17	1.3942E7
0	8128	2757	6	17	1.3943E7
0	8113	2766	6	17	1.3944E7
0	8098	2774	6	17	1.3945E7
0	8083	2782	6	15	1.3946E7
0	8072	2789	6	11	1.3947E7
0	8064	2795	6	8	1.3948E7
0	8058	2799	6	5	1.3949E7
0	8054	2802	6	3	1.395E7
0	8053	2803	6	0	1.3951E7
0	8053	2803	6	0	1.3952E7
0	8053	2803	6	0	1.3953E7
0	8053	2803	6	0	1.3954E7
0	8053	2803	6	0	1.3955E7
0	8053	2803	6	0	1.3956E7
0	8053	2803	6	0	1.3957E7
0	8053	2803	6	0	1.3958E7
0	8053	2803	6	0	1.3959E7
0	8053	2803	6	0	1.396E7
0	8053	2803	6	0	1.3961E7
0	8053	2803	6	0	1.3962E7
0	8053	2803	6	0	1.3963E7
0	8053	2803	6	0	1.3964E7
0	8053	2803	6	0	1.3965E7
0	8053	2803	6	0	1.3966E7
0	8053	2803	6	0	1.3967E7
0	8053	2803	6	0	1.3968E7
0	8053	2803	6	0	1.3969E7
0	8053	2803	6	0	1.397E7
0	8052	2803	6	0	1.3971E7
0	8051	2804	6	3	1.3972E7
0	8047	2807	6	5	1.3973E7
0	8042	2811	6	7	1.3974E7
0	8036	2815	6	9	1.3975E7
0	8027	2821	6	11	1.3976E7
0	8017	2829	6	13	1.3977E7
0	8006	2837	6	15	1.3978E7
0	7993	2847	6	17	1.3979E7
0	7979	2857	6	17	1.398E7
0	7964	2867	6	17	1.3981E7
0	7950	2876	6	17	1.3982E7
0	7936	2886	6	17	1.3983E7
0	7921	2894	6	17	1.3984E7
0	7905	2901	6	17	1.3985E7
0	7889	2908	5	17	1.3986E7
0	7873	2914	5	17	1.3987E7
0	7857	2920	5	17	1.3988E7
0	7841	2925	5	17	1.3989E7
0	7825	2930	5	17	1.399E7
0	7809	2935	5	17	1.3991E7
0	7793	2936	5	17	1.3992E7
0	7777	2932	5	17	1.3993E7
0	7768	2919	4	17	1.3994E7
0	7768	2902	3	17	1.3995E7
0	7777	2887	2	17	1.3996E7
0	7789	2875	2	17	1.3997E7
0	7801	2863	2	17	1.3998E7
0	7813	2850	2	17	1.3999E7
0	7825	2838	2	16	1.4E7
0	7835	2827	2	13	1.4001E7
0	7843	2819	2	9	1.4002E7
0	7849	2814	2	6	1.4003E7
0	7853	2810	2	4	1.4004E7
0	7855	2808	2	1	1.4005E7
0	7855	2807	2	0	1.4006E7
0	7855	2807	2	0	1.4007E7
0	7855	2807	2	0	1.4008E7
0	7855	2807	2	0	1.4009E7
0	7855	2807	2	0	1.401E7
0	7855	2807	2	0	1.4011E7
0	7855	2807	2	0	1.4012E7
0	7855	2807	2	0	1.4013E7
0	7855	2807	2	0	1.4014E7
0	7855	2807	2	0	1.4015E7
0	7855	2807	2	0	1.4016E7
0	7855	2807	2	0	1.4017E7
0	7855	2807	2	0	1.4018E7
0	7855	2807	2	0	1.4019E7
0	7855	2807	2	0	1.402E7
0	7855	2807	2	0	1.4021E7
0	7855	2807	2	0	1.4022E7
0	7855	2807	2	0	1.4023E7
0	7855	2807	2	0	1.4024E7
0	7855	2807	2	0	1.4025E7
0	7856	2806	2	2	1.4026E7
0	7859	2804	2	4	1.4027E7
0	7863	2800	2	6	1.4028E7
0	7868	2795	2	8	1.4029E7
0	7876	2790	2	10	1.403E7
0	7880	2784	2	11	1.4031E7
0	7891	2778	2	14	1.4032E7
0	7905	2773	1	15	1.4033E7
0	7921	2767	1	17	1.4034E7
0	7938	2762	1	17	1.4035E7
0	7954	2756	1	17	1.4036E7
0	7970	2749	2	17	1.4037E7
0	7985	2742	2	17	1.4038E7
0	8001	2735	2	17	1.4039E7
0	8017	2728	2	17	1.404E7
0	8032	2720	2	17	1.4041E7
0	8046	2711	2	17	1.4042E7
0	8060	2700	2	17	1.4043E7
0	8069	2687	2	17	1.4044E7
0	8059	2673	4	17	1.4045E7
0	8043	2671	5	17	1.4046E7
0	8027	2675	5	14	1.4047E7
0	8016	2679	5	10	1.4048E7
0	8007	2680	5	7	1.4049E7
0	8001	2679	5	4	1.405E7
0	7998	2679	5	2	1.4051E7
0	7997	2679	5	0	1.4052E7
0	7997	2679	5	0	1.4053E7
0	7997	2679	5	0	1.4054E7
0	7997	2679	5	0	1.4055E7
0	7997	2679	5	0	1.4056E7
0	7997	2679	5	0	1.4057E7
0	7997	2679	5	0	1.4058E7
0	7997	2679	5	0	1.4059E7
0	7997	2679	5	0	1.406E7
0	7997	2679	5	0	1.4061E7
0	7997	2679	5	0	1.4062E7
0	7997	2679	5	0	1.4063E7
0	7997	2679	5	0	1.4064E7
0	7997	2679	5	0	1.4065E7
0	7997	2679	5	0	1.4066E7
0	7997	2679	5	0	1.4067E7
0	7997	2679	5	0	1.4068E7
0	7997	2679	5	0	1.4069E7
0	7997	2679	5	0	1.407E7
0	7997	2679	5	0	1.4071E7
0	7996	2679	5	1	1.4072E7
0	7993	2678	5	3	1.4073E7
0	7989	2677	5	5	1.4074E7
0	7982	2676	5	7	1.4075E7
0	7974	2674	5	9	1.4076E7
0	7963	2670	5	11	1.4077E7
0	7951	2667	5	13	1.4078E7
0	7937	2665	5	15	1.4079E7
0	7921	2663	5	17	1.408E7
0	7903	2662	5	17	1.4081E7
0	7886	2660	5	17	1.4082E7
0	7869	2658	5	17	1.4083E7
0	7852	2655	5	17	1.4084E7
0	7836	2651	5	16	1.4085E7
0	7822	2648	5	12	1.4086E7
0	7812	2644	5	9	1.4087E7
0	7805	2642	5	6	1.4088E7
0	7800	2640	5	3	1.4089E7
0	7797	2639	5	1	1.409E7
0	7797	2639	5	0	1.4091E7
0	7797	2639	5	0	1.4092E7
0	7797	2639	5	0	1.4093E7
0	7797	2639	5	0	1.4094E7
0	7797	2639	5	0	1.4095E7
0	7797	2639	5	0	1.4096E7
0	7797	2639	5	0	1.4097E7
0	7797	2639	5	0	1.4098E7
0	7797	2639	5	0	1.4099E7
0	7797	2639	5	0	1.41E7
0	7797	2639	5	0	1.4101E7
0	7797	2639	5	0	1.4102E7
0	7797	2639	5	0	1.4103E7
0	7797	2639	5	0	1.4104E7
0	7797	2639	5	0	1.4105E7
0	7797	2639	5	0	1.4106E7
0	7797	2639	5	0	1.4107E7
0	7797	2639	5	0	1.4108E7
0	7797	2639	5	0	1.4109E7
0	7797	2639	5	0	1.411E7
0	7796	2638	5	2	1.4111E7
0	7792	2637	5	4	1.4112E7
0	7787	2635	5	6	1.4113E7
0	7780	2632	4	8	1.4114E7
0	7772	2628	4	10	1.4115E7
0	7762	2622	4	12	1.4116E7
0	7750	2615	4	14	1.4117E7
0	7737	2607	4	16	1.4118E7
0	7723	2598	4	17	1.4119E7
0	7709	2588	4	17	1.412E7
0	7695	2579	4	17	1.4121E7
0	7678	2575	5	17	1.4122E7
0	7663	2582	6	17	1.4123E7
0	7653	2596	6	17	1.4124E7
0	7644	2611	6	17	1.4125E7
0	7635	2625	6	17	1.4126E7
0	7627	2640	6	17	1.4127E7
0	7621	2657	7	17	1.4128E7
0	7608	2666	6	17	1.4129E7
0	7592	2661	5	17	1.413E7
0	7578	2652	4	17	1.4131E7
0	7564	2642	4	17	1.4132E7
0	7551	2635	4	13	1.4133E7
0	7540	2631	4	10	1.4134E7
0	7532	2627	4	7	1.4135E7
0	7526	2624	4	4	1.4136E7
0	7523	2623	4	2	1.4137E7
0	7523	2622	4	0	1.4138E7
0	7523	2622	4	0	1.4139E7
0	7523	2622	4	0	1.414E7
0	7523	2622	4	0	1.4141E7
0	7523	2622	4	0	1.4142E7
0	7523	2622	4	0	1.4143E7
0	7523	2622	4	0	1.4144E7
0	7523	2622	4	0	1.4145E7
0	7523	2622	4	0	1.4146E7
0	7523	2622	4	0	1.4147E7
0	7523	2622	4	0	1.4148E7
0	7523	2622	4	0	1.4149E7
0	7523	2622	4	0	1.415E7
0	7523	2622	4	0	1.4151E7
0	7523	2622	4	0	1.4152E7
0	7523	2622	4	0	1.4153E7
0	7523	2622	4	0	1.4154E7
0	7523	2622	4	0	1.4155E7
0	7523	2622	4	0	1.4156E7
0	7523	2622	4	0	1.4157E7
0	7519	2624	4	2	1.4158E7
0	7517	2622	4	4	1.4159E7
0	7513	2619	4	5	1.416E7
0	7508	2614	4	7	1.4161E7
0	7502	2608	4	8	1.4162E7
0	7497	2603	4	5	1.4163E7
0	7494	2599	4	3	1.4164E7
0	7492	2597	4	1	1.4165E7
0	7491	2596	4	0	1.4166E7
0	7491	2596	4	0	1.4167E7
0	7490	2596	4	0	1.4168E7
0	7490	2596	4	0	1.4169E7
0	7490	2596	4	0	1.417E7
0	7490	2596	4	0	1.4171E7
0	7490	2596	4	0	1.4172E7
0	7490	2596	4	0	1.4173E7
0	7490	2596	4	0	1.4174E7
0	7490	2596	4	0	1.4175E7
0	7490	2596	4	0	1.4176E7
0	7490	2596	4	0	1.4177E7
0	7490	2596	4	0	1.4178E7
0	7490	2596	4	0	1.4179E7
0	7490	2596	4	0	1.418E7
0	7490	2596	4	0	1.4181E7
0	7490	2596	4	0	1.4182E7
0	7490	2596	4	0	1.4183E7
0	7490	2596	4	0	1.4184E7
0	7490	2596	4	0	1.4185E7
0	7490	2596	4	0	1.4186E7
0	7490	2596	4	0	1.4187E7
0	7490	2596	4	0	1.4188E7
0	7490	2596	4	0	1.4189E7
0	7490	2596	4	0	1.419E7
0	7490	2596	4	0	1.4191E7
0	7490	2596	4	0	1.4192E7
0	7490	2596	4	0	1.4193E7
0	7490	2596	4	0	1.4194E7
0	7490	2596	4	0	1.4195E7
0	7490	2596	4	0	1.4196E7
0	7490	2596	4	0	1.4197E7
0	7490	2596	4	0	1.4198E7
0	7490	2596	4	0	1.4199E7
0	7490	2596	4	0	1.42E7
0	7490	2596	4	0	1.4201E7
0	7490	2596	4	0	1.4202E7
0	7490	2596	4	0	1.4203E7
0	7490	2596	4	0	1.4204E7
0	7490	2596	4	0	1.4205E7
0	7490	2596	4	0	1.4206E7
0	7489	2595	4	2	1.4207E7
0	7487	2592	4	4	1.4208E7
0	7483	2588	4	6	1.4209E7
0	7476	2584	4	8	1.421E7
0	7467	2587	5	10	1.4211E7
0	7456	2591	6	11	1.4212E7
0	7444	2596	5	13	1.4213E7
0	7430	2598	5	14	1.4214E7
0	7416	2601	5	14	1.4215E7
0	7402	2604	5	14	1.4216E7
0	7387	2603	5	14	1.4217E7
0	7373	2606	5	14	1.4218E7
0	7359	2614	6	14	1.4219E7
0	7351	2626	6	14	1.422E7
0	7342	2638	6	14	1.4221E7
0	7334	2649	6	14	1.4222E7
0	7325	2660	6	14	1.4223E7
0	7316	2672	6	14	1.4224E7
0	7310	2685	6	13	1.4225E7
0	7305	2696	6	10	1.4226E7
0	7303	2705	7	7	1.4227E7
0	7302	2710	7	4	1.4228E7
0	7302	2714	7	2	1.4229E7
0	7301	2714	7	0	1.423E7
0	7301	2714	7	0	1.4231E7
0	7301	2714	7	0	1.4232E7
0	7301	2714	7	0	1.4233E7
0	7301	2714	7	0	1.4234E7
0	7301	2714	7	0	1.4235E7
0	7301	2714	7	0	1.4236E7
0	7301	2714	7	0	1.4237E7
0	7301	2714	7	0	1.4238E7
0	7301	2714	7	0	1.4239E7
0	7301	2714	7	0	1.424E7
0	7301	2714	7	0	1.4241E7
0	7301	2714	7	0	1.4242E7
0	7301	2714	7	0	1.4243E7
0	7301	2714	7	0	1.4244E7
0	7301	2714	7	0	1.4245E7
0	7301	2714	7	0	1.4246E7
0	7301	2714	7	0	1.4247E7
0	7301	2714	7	0	1.4248E7
0	7301	2714	7	0	1.4249E7
0	7301	2715	7	2	1.425E7
0	7301	2719	7	4	1.4251E7
0	7301	2724	7	6	1.4252E7
0	7301	2731	7	8	1.4253E7
0	7301	2740	7	9	1.4254E7
0	7301	2751	7	11	1.4255E7
0	7301	2764	7	13	1.4256E7
0	7301	2778	7	14	1.4257E7
0	7301	2792	7	14	1.4258E7
0	7301	2807	7	14	1.4259E7
0	7301	2821	7	14	1.426E7
0	7302	2836	7	14	1.4261E7
0	7303	2850	7	14	1.4262E7
0	7305	2864	7	14	1.4263E7
0	7306	2878	7	14	1.4264E7
0	7308	2893	7	14	1.4265E7
0	7310	2907	7	14	1.4266E7
0	7311	2921	7	14	1.4267E7
0	7313	2935	7	14	1.4268E7
0	7315	2949	7	14	1.4269E7
0	7316	2963	7	14	1.427E7
0	7317	2978	7	14	1.4271E7
0	7318	2992	7	14	1.4272E7
0	7318	3006	7	14	1.4273E7
0	7319	3020	7	14	1.4274E7
0	7320	3035	7	14	1.4275E7
0	7320	3049	7	14	1.4276E7
0	7320	3063	7	14	1.4277E7
0	7320	3077	7	14	1.4278E7
0	7320	3092	7	14	1.4279E7
0	7320	3106	7	14	1.428E7
0	7320	3120	7	14	1.4281E7
0	7320	3134	7	14	1.4282E7
0	7320	3149	7	14	1.4283E7
0	7319	3163	7	14	1.4284E7
0	7318	3177	7	14	1.4285E7
0	7318	3192	7	14	1.4286E7
0	7317	3206	7	14	1.4287E7
0	7316	3220	7	13	1.4288E7
0	7316	3232	7	10	1.4289E7
0	7316	3241	7	7	1.429E7
0	7316	3247	7	4	1.4291E7
0	7316	3250	7	2	1.4292E7
0	7316	3251	7	0	1.4293E7
0	7316	3251	7	0	1.4294E7
0	7316	3251	7	0	1.4295E7
0	7316	3251	7	0	1.4296E7
0	7316	3251	7	0	1.4297E7
0	7316	3251	7	0	1.4298E7
0	7316	3251	7	0	1.4299E7
0	7316	3251	7	0	1.43E7
0	7316	3251	7	0	1.4301E7
0	7316	3251	7	0	1.4302E7
0	7316	3251	7	0	1.4303E7
0	7316	3251	7	0	1.4304E7
0	7316	3251	7	0	1.4305E7
0	7316	3251	7	0	1.4306E7
0	7316	3251	7	0	1.4307E7
0	7316	3251	7	0	1.4308E7
0	7316	3251	7	0	1.4309E7
0	7316	3251	7	0	1.431E7
0	7316	3251	7	0	1.4311E7
0	7316	3251	7	0	1.4312E7
0	7316	3252	7	2	1.4313E7
0	7316	3255	7	3	1.4314E7
0	7315	3260	7	5	1.4315E7
0	7315	3267	7	7	1.4316E7
0	7315	3275	7	9	1.4317E7
0	7314	3286	7	11	1.4318E7
0	7314	3298	7	13	1.4319E7
0	7313	3312	7	14	1.432E7
0	7313	3326	7	14	1.4321E7
0	7312	3340	7	14	1.4322E7
0	7312	3354	7	14	1.4323E7
0	7311	3369	7	14	1.4324E7
0	7310	3383	7	14	1.4325E7
0	7310	3397	7	14	1.4326E7
0	7309	3411	7	14	1.4327E7
0	7309	3426	7	14	1.4328E7
0	7308	3440	7	14	1.4329E7
0	7308	3454	7	14	1.433E7
0	7307	3468	7	14	1.4331E7
0	7307	3483	7	14	1.4332E7
0	7307	3497	7	14	1.4333E7
0	7306	3511	7	14	1.4334E7
0	7305	3525	7	14	1.4335E7
0	7303	3540	7	14	1.4336E7
0	7301	3554	7	14	1.4337E7
0	7295	3567	6	14	1.4338E7
0	7292	3582	7	14	1.4339E7
0	7290	3596	7	14	1.434E7
0	7288	3610	7	14	1.4341E7
0	7286	3624	7	14	1.4342E7
0	7284	3638	7	12	1.4343E7
0	7282	3648	7	8	1.4344E7
0	7281	3655	7	5	1.4345E7
0	7281	3659	7	3	1.4346E7
0	7280	3662	7	0	1.4347E7
0	7280	3662	7	0	1.4348E7
0	7280	3662	7	0	1.4349E7
0	7280	3662	7	0	1.435E7
0	7280	3662	7	0	1.4351E7
0	7280	3662	7	0	1.4352E7
0	7280	3662	7	0	1.4353E7
0	7280	3662	7	0	1.4354E7
0	7280	3662	7	0	1.4355E7
0	7280	3662	7	0	1.4356E7
0	7280	3662	7	0	1.4357E7
0	7280	3662	7	0	1.4358E7
0	7280	3662	7	0	1.4359E7
0	7280	3662	7	0	1.436E7
0	7280	3662	7	0	1.4361E7
0	7280	3662	7	0	1.4362E7
0	7280	3662	7	0	1.4363E7
0	7280	3662	7	0	1.4364E7
0	7280	3662	7	0	1.4365E7
0	7280	3662	7	0	1.4366E7
0	7280	3662	7	0	1.4367E7
0	7280	3664	7	3	1.4368E7
0	7279	3668	7	4	1.4369E7
0	7278	3674	7	6	1.437E7
0	7277	3682	7	9	1.4371E7
0	7276	3692	7	11	1.4372E7
0	7274	3704	7	13	1.4373E7
0	7272	3718	7	14	1.4374E7
0	7270	3733	7	14	1.4375E7
0	7268	3747	7	14	1.4376E7
0	7266	3761	7	14	1.4377E7
0	7264	3775	7	14	1.4378E7
0	7261	3789	7	14	1.4379E7
0	7259	3803	7	14	1.438E7
0	7257	3817	7	14	1.4381E7
0	7255	3832	7	14	1.4382E7
0	7253	3846	7	14	1.4383E7
0	7251	3860	7	14	1.4384E7
0	7249	3874	7	14	1.4385E7
0	7247	3888	7	14	1.4386E7
0	7245	3902	7	14	1.4387E7
0	7242	3917	7	14	1.4388E7
0	7240	3931	7	14	1.4389E7
0	7237	3945	7	14	1.439E7
0	7237	3960	7	14	1.4391E7
0	7238	3974	7	14	1.4392E7
0	7239	3988	7	14	1.4393E7
0	7242	4003	7	14	1.4394E7
0	7244	4017	7	14	1.4395E7
0	7248	4030	7	14	1.4396E7
0	7253	4044	7	14	1.4397E7
0	7257	4058	7	14	1.4398E7
0	7261	4072	7	14	1.4399E7
0	7266	4085	7	14	1.44E7
0	7270	4099	7	13	1.4401E7
0	7275	4112	7	14	1.4402E7
0	7280	4126	7	14	1.4403E7
0	7274	4140	6	14	1.4404E7
0	7261	4144	5	14	1.4405E7
0	7248	4150	6	14	1.4406E7
0	7235	4157	6	14	1.4407E7
0	7223	4163	6	13	1.4408E7
0	7212	4168	6	10	1.4409E7
0	7204	4172	6	7	1.441E7
0	7199	4175	6	4	1.4411E7
0	7195	4177	6	4	1.4412E7
0	7193	4182	6	6	1.4413E7
0	7193	4190	7	8	1.4414E7
0	7196	4199	7	10	1.4415E7
0	7199	4210	7	12	1.4416E7
0	7203	4222	7	11	1.4417E7
0	7205	4231	7	8	1.4418E7
0	7207	4238	7	5	1.4419E7
0	7208	4242	7	3	1.442E7
0	7209	4247	7	6	1.4421E7
0	7203	4250	6	8	1.4422E7
0	7194	4252	5	10	1.4423E7
0	7183	4255	5	11	1.4424E7
0	7174	4258	5	8	1.4425E7
0	7167	4260	5	5	1.4426E7
0	7163	4261	5	3	1.4427E7
0	7162	4261	5	0	1.4428E7
0	7162	4261	5	0	1.4429E7
0	7162	4261	5	0	1.443E7
0	7162	4261	5	0	1.4431E7
0	7162	4261	5	0	1.4432E7
0	7162	4261	5	0	1.4433E7
0	7162	4261	5	0	1.4434E7
0	7162	4261	5	0	1.4435E7
0	7162	4261	5	0	1.4436E7
0	7162	4261	5	0	1.4437E7
0	7162	4261	5	0	1.4438E7
0	7162	4261	5	0	1.4439E7
0	7162	4261	5	0	1.444E7
0	7162	4261	5	0	1.4441E7
0	7162	4261	5	0	1.4442E7
0	7162	4261	5	0	1.4443E7
0	7162	4261	5	0	1.4444E7
0	7162	4261	5	0	1.4445E7
0	7162	4261	5	0	1.4446E7
0	7162	4261	5	0	1.4447E7
0	7161	4262	5	1	1.4448E7
0	7159	4262	5	3	1.4449E7
0	7154	4264	5	5	1.445E7
0	7148	4265	5	7	1.4451E7
0	7139	4268	5	9	1.4452E7
0	7129	4271	5	11	1.4453E7
0	7118	4274	5	13	1.4454E7
0	7104	4278	5	14	1.4455E7
0	7090	4282	5	14	1.4456E7
0	7076	4286	5	14	1.4457E7
0	7062	4290	5	14	1.4458E7
0	7048	4293	5	14	1.4459E7
0	7034	4297	5	14	1.446E7
0	7021	4302	6	14	1.4461E7
0	7014	4315	6	14	1.4462E7
0	7014	4329	7	14	1.4463E7
0	7015	4344	7	14	1.4464E7
0	7015	4358	7	12	1.4465E7
0	7016	4368	7	9	1.4466E7
0	7016	4376	7	6	1.4467E7
0	7016	4381	7	3	1.4468E7
0	7016	4384	7	1	1.4469E7
0	7016	4385	7	0	1.447E7
0	7016	4386	7	0	1.4471E7
0	7016	4386	7	0	1.4472E7
0	7016	4386	7	0	1.4473E7
0	7016	4386	7	0	1.4474E7
0	7016	4386	7	0	1.4475E7
0	7016	4386	7	0	1.4476E7
0	7016	4386	7	0	1.4477E7
0	7016	4386	7	0	1.4478E7
0	7016	4386	7	0	1.4479E7
0	7016	4386	7	0	1.448E7
0	7016	4386	7	0	1.4481E7
0	7016	4388	7	2	1.4482E7
0	7017	4391	7	4	1.4483E7
0	7017	4397	7	6	1.4484E7
0	7017	4404	7	8	1.4485E7
0	7017	4413	7	10	1.4486E7
0	7018	4425	7	12	1.4487E7
0	7018	4438	7	14	1.4488E7
0	7019	4452	7	14	1.4489E7
0	7019	4466	7	14	1.449E7
0	7020	4481	7	14	1.4491E7
0	7022	4495	7	14	1.4492E7
0	7022	4509	7	13	1.4493E7
0	7023	4520	7	9	1.4494E7
0	7023	4528	7	6	1.4495E7
0	7023	4533	7	4	1.4496E7
0	7023	4536	7	1	1.4497E7
0	7023	4537	7	0	1.4498E7
0	7023	4537	7	0	1.4499E7
0	7023	4537	7	0	1.45E7
0	7023	4537	7	0	1.4501E7
0	7023	4537	7	0	1.4502E7
0	7023	4537	7	0	1.4503E7
0	7023	4537	7	0	1.4504E7
0	7023	4537	7	0	1.4505E7
0	7023	4537	7	0	1.4506E7
0	7023	4537	7	0	1.4507E7
0	7023	4537	7	0	1.4508E7
0	7023	4537	7	0	1.4509E7
0	7023	4537	7	0	1.451E7
0	7023	4537	7	0	1.4511E7
0	7023	4537	7	0	1.4512E7
0	7023	4537	7	0	1.4513E7
0	7023	4537	7	0	1.4514E7
0	7023	4537	7	0	1.4515E7
0	7023	4537	7	0	1.4516E7
0	7023	4537	7	0	1.4517E7
0	7023	4538	7	2	1.4518E7
0	7024	4542	7	4	1.4519E7
0	7024	4547	7	6	1.452E7
0	7023	4554	7	8	1.4521E7
