1.8205006E7
1.8205016E7
1.8205026E7
1.8205036E7
1.8205046E7
1.8205051031780265E7
1.820505103178806E7
1.8205056E7
1.8205066E7
1.8205076E7
1.8205086E7
1.8205096E7
1.8205106E7
1.8205116E7
1.8205126E7
1.8205136E7
1.8205146E7
1.8205156E7
1.8205166E7
1.8205176E7
1.8205186E7
1.8205196E7
1.8205206E7
1.8205216E7
1.8205226E7
1.8205236E7
1.8205246E7
1.8205256E7
1.8205266E7
1.8205276E7
1.8205286E7
1.8205296E7
1.8205306E7
1.8205316E7
1.8205326E7
1.8205336E7
1.8205346E7
1.8205356E7
1.8205366E7
1.8205376E7
1.8205386E7
1.8205396E7
1.8205406E7
1.8205416E7
1.8205426E7
1.8205436E7
1.8205446E7
1.8205456E7
1.8205466E7
1.8205476E7
1.8205486E7
1.8205496E7
1.8205506E7
1.8205516E7
1.8205526E7
1.8205536E7
1.8205546E7
1.8205556E7
1.8205566E7
1.8205576E7
1.8205586E7
1.8205596E7
1.8205606E7
1.8205616E7
1.8205626E7
1.8205636E7
1.8205646E7
1.8205656E7
1.8205666E7
1.8205676E7
1.8205686E7
1.8205696E7
1.8205706E7
1.8205716E7
1.8205726E7
1.8205736E7
1.8205746E7
1.8205756E7
1.8205766E7
1.8205776E7
1.8205786E7
1.8205796E7
1.8205806E7
1.8205816E7
