306	10668	1860	10659	1849	10659	1849	14.212670403551895	14.212670403551895	0.0	13
306	10668	1860	10659	1849	10659	1849	14.212670403551895	14.212670403551895	0.0	13
306	10668	1860	10659	1849	10659	1849	14.212670403551895	14.212670403551895	0.0	13
306	10668	1860	10659	1849	10659	1849	14.212670403551895	14.212670403551895	0.0	13
306	10668	1860	10659	1849	10659	1849	14.212670403551895	14.212670403551895	0.0	13
306	10668	1860	10659	1849	10659	1849	14.212670403551895	14.212670403551895	0.0	13
306	10668	1860	10659	1849	10659	1849	14.212670403551895	14.212670403551895	0.0	13
306	10668	1860	10659	1849	10659	1849	14.212670403551895	14.212670403551895	0.0	13
306	10668	1860	10659	1849	10659	1849	14.212670403551895	14.212670403551895	0.0	13
307	10659	1849	10650	1838	10650	1838	14.212670403551895	14.212670403551895	0.0	13
307	10659	1849	10650	1838	10650	1838	14.212670403551895	14.212670403551895	0.0	13
307	10659	1849	10650	1838	10650	1838	14.212670403551895	14.212670403551895	0.0	13
307	10659	1849	10650	1838	10650	1838	14.212670403551895	14.212670403551895	0.0	13
307	10659	1849	10650	1838	10650	1838	14.212670403551895	14.212670403551895	0.0	13
307	10659	1849	10650	1838	10650	1838	14.212670403551895	14.212670403551895	0.0	13
307	10659	1849	10650	1838	10650	1838	14.212670403551895	14.212670403551895	0.0	13
307	10659	1849	10650	1838	10650	1838	14.212670403551895	14.212670403551895	0.0	13
307	10659	1849	10650	1838	10650	1838	14.212670403551895	14.212670403551895	0.0	13
308	10650	1838	10641	1828	10641	1828	13.45362404707371	13.45362404707371	0.0	13
308	10650	1838	10641	1828	10641	1828	13.45362404707371	13.45362404707371	0.0	13
308	10650	1838	10641	1828	10641	1828	13.45362404707371	13.45362404707371	0.0	13
308	10650	1838	10641	1828	10641	1828	13.45362404707371	13.45362404707371	0.0	13
308	10650	1838	10641	1828	10641	1828	13.45362404707371	13.45362404707371	0.0	13
308	10650	1838	10641	1828	10641	1828	13.45362404707371	13.45362404707371	0.0	13
308	10650	1838	10641	1828	10641	1828	13.45362404707371	13.45362404707371	0.0	13
308	10650	1838	10641	1828	10641	1828	13.45362404707371	13.45362404707371	0.0	13
308	10650	1838	10641	1828	10641	1828	13.45362404707371	13.45362404707371	0.0	13
309	10641	1828	10631	1818	10631	1818	14.142135623730951	14.142135623730951	0.0	13
309	10641	1828	10631	1818	10631	1818	14.142135623730951	14.142135623730951	0.0	13
309	10641	1828	10631	1818	10631	1818	14.142135623730951	14.142135623730951	0.0	13
309	10641	1828	10631	1818	10631	1818	14.142135623730951	14.142135623730951	0.0	13
309	10641	1828	10631	1818	10631	1818	14.142135623730951	14.142135623730951	0.0	13
309	10641	1828	10631	1818	10631	1818	14.142135623730951	14.142135623730951	0.0	13
309	10641	1828	10631	1818	10631	1818	14.142135623730951	14.142135623730951	0.0	13
309	10641	1828	10631	1818	10631	1818	14.142135623730951	14.142135623730951	0.0	13
309	10641	1828	10631	1818	10631	1818	14.142135623730951	14.142135623730951	0.0	13
310	10631	1818	10621	1808	10621	1808	14.142135623730951	14.142135623730951	0.0	13
310	10631	1818	10621	1808	10621	1808	14.142135623730951	14.142135623730951	0.0	13
310	10631	1818	10621	1808	10621	1808	14.142135623730951	14.142135623730951	0.0	13
310	10631	1818	10621	1808	10621	1808	14.142135623730951	14.142135623730951	0.0	13
310	10631	1818	10621	1808	10621	1808	14.142135623730951	14.142135623730951	0.0	13
310	10631	1818	10621	1808	10621	1808	14.142135623730951	14.142135623730951	0.0	13
310	10631	1818	10621	1808	10621	1808	14.142135623730951	14.142135623730951	0.0	13
310	10631	1818	10621	1808	10621	1808	14.142135623730951	14.142135623730951	0.0	13
311	10621	1808	10611	1799	10611	1799	13.45362404707371	13.45362404707371	0.0	13
311	10621	1808	10611	1799	10611	1799	13.45362404707371	13.45362404707371	0.0	13
311	10621	1808	10611	1799	10611	1799	13.45362404707371	13.45362404707371	0.0	13
311	10621	1808	10611	1799	10611	1799	13.45362404707371	13.45362404707371	0.0	13
311	10621	1808	10611	1799	10611	1799	13.45362404707371	13.45362404707371	0.0	13
311	10621	1808	10611	1799	10611	1799	13.45362404707371	13.45362404707371	0.0	13
311	10621	1808	10611	1799	10611	1799	13.45362404707371	13.45362404707371	0.0	13
311	10621	1808	10611	1799	10611	1799	13.45362404707371	13.45362404707371	0.0	13
311	10621	1808	10611	1799	10611	1799	13.45362404707371	13.45362404707371	0.0	13
312	10611	1799	10600	1790	10600	1790	14.212670403551895	14.212670403551895	0.0	13
312	10611	1799	10600	1790	10600	1790	14.212670403551895	14.212670403551895	0.0	13
312	10611	1799	10600	1790	10600	1790	14.212670403551895	14.212670403551895	0.0	13
312	10611	1799	10600	1790	10600	1790	14.212670403551895	14.212670403551895	0.0	13
312	10611	1799	10600	1790	10600	1790	14.212670403551895	14.212670403551895	0.0	13
312	10611	1799	10600	1790	10600	1790	14.212670403551895	14.212670403551895	0.0	13
312	10611	1799	10600	1790	10600	1790	14.212670403551895	14.212670403551895	0.0	13
312	10611	1799	10600	1790	10600	1790	14.212670403551895	14.212670403551895	0.0	13
312	10611	1799	10600	1790	10600	1790	14.212670403551895	14.212670403551895	0.0	13
313	10600	1790	10588	1783	10588	1783	13.892443989449804	13.892443989449804	0.0	13
313	10600	1790	10588	1783	10588	1783	13.892443989449804	13.892443989449804	0.0	13
313	10600	1790	10588	1783	10588	1783	13.892443989449804	13.892443989449804	0.0	13
313	10600	1790	10588	1783	10588	1783	13.892443989449804	13.892443989449804	0.0	13
313	10600	1790	10588	1783	10588	1783	13.892443989449804	13.892443989449804	0.0	13
313	10600	1790	10588	1783	10588	1783	13.892443989449804	13.892443989449804	0.0	13
313	10600	1790	10588	1783	10588	1783	13.892443989449804	13.892443989449804	0.0	13
313	10600	1790	10588	1783	10588	1783	13.892443989449804	13.892443989449804	0.0	13
313	10600	1790	10588	1783	10588	1783	13.892443989449804	13.892443989449804	0.0	13
314	10588	1783	10575	1777	10575	1777	14.317821063276353	14.317821063276353	0.0	13
314	10588	1783	10575	1777	10575	1777	14.317821063276353	14.317821063276353	0.0	13
314	10588	1783	10575	1777	10575	1777	14.317821063276353	14.317821063276353	0.0	13
314	10588	1783	10575	1777	10575	1777	14.317821063276353	14.317821063276353	0.0	13
314	10588	1783	10575	1777	10575	1777	14.317821063276353	14.317821063276353	0.0	13
314	10588	1783	10575	1777	10575	1777	14.317821063276353	14.317821063276353	0.0	13
314	10588	1783	10575	1777	10575	1777	14.317821063276353	14.317821063276353	0.0	13
314	10588	1783	10575	1777	10575	1777	14.317821063276353	14.317821063276353	0.0	13
314	10588	1783	10575	1777	10575	1777	14.317821063276353	14.317821063276353	0.0	13
315	10575	1777	10563	1771	10563	1771	13.416407864998739	13.416407864998739	0.0	13
315	10575	1777	10563	1771	10563	1771	13.416407864998739	13.416407864998739	0.0	13
315	10575	1777	10563	1771	10563	1771	13.416407864998739	13.416407864998739	0.0	13
315	10575	1777	10563	1771	10563	1771	13.416407864998739	13.416407864998739	0.0	13
315	10575	1777	10563	1771	10563	1771	13.416407864998739	13.416407864998739	0.0	13
315	10575	1777	10563	1771	10563	1771	13.416407864998739	13.416407864998739	0.0	13
315	10575	1777	10563	1771	10563	1771	13.416407864998739	13.416407864998739	0.0	13
315	10575	1777	10563	1771	10563	1771	13.416407864998739	13.416407864998739	0.0	13
316	10563	1771	10550	1765	10550	1765	14.317821063276353	14.317821063276353	0.0	13
316	10563	1771	10550	1765	10550	1765	14.317821063276353	14.317821063276353	0.0	13
316	10563	1771	10550	1765	10550	1765	14.317821063276353	14.317821063276353	0.0	13
316	10563	1771	10550	1765	10550	1765	14.317821063276353	14.317821063276353	0.0	13
316	10563	1771	10550	1765	10550	1765	14.317821063276353	14.317821063276353	0.0	13
316	10563	1771	10550	1765	10550	1765	14.317821063276353	14.317821063276353	0.0	13
316	10563	1771	10550	1765	10550	1765	14.317821063276353	14.317821063276353	0.0	13
316	10563	1771	10550	1765	10550	1765	14.317821063276353	14.317821063276353	0.0	13
316	10563	1771	10550	1765	10550	1765	14.317821063276353	14.317821063276353	0.0	13
317	10550	1765	10538	1760	10538	1760	13.0	13.0	0.0	13
317	10550	1765	10538	1760	10538	1760	13.0	13.0	0.0	13
317	10550	1765	10538	1760	10538	1760	13.0	13.0	0.0	13
317	10550	1765	10538	1760	10538	1760	13.0	13.0	0.0	13
318	10538	1760	10525	1754	10525	1754	14.317821063276353	14.317821063276353	0.0	13
318	10538	1760	10525	1754	10525	1754	14.317821063276353	14.317821063276353	0.0	13
318	10538	1760	10525	1754	10525	1754	14.317821063276353	14.317821063276353	0.0	13
318	10538	1760	10525	1754	10525	1754	14.317821063276353	14.317821063276353	0.0	13
318	10538	1760	10525	1754	10525	1754	14.317821063276353	14.317821063276353	0.0	13
318	10538	1760	10525	1754	10525	1754	14.317821063276353	14.317821063276353	0.0	13
318	10538	1760	10525	1754	10525	1754	14.317821063276353	14.317821063276353	0.0	13
318	10538	1760	10525	1754	10525	1754	14.317821063276353	14.317821063276353	0.0	13
318	10538	1760	10525	1754	10525	1754	14.317821063276353	14.317821063276353	0.0	13
319	10525	1754	10512	1748	10512	1748	14.317821063276353	14.317821063276353	0.0	13
319	10525	1754	10512	1748	10512	1748	14.317821063276353	14.317821063276353	0.0	13
319	10525	1754	10512	1748	10512	1748	14.317821063276353	14.317821063276353	0.0	13
319	10525	1754	10512	1748	10512	1748	14.317821063276353	14.317821063276353	0.0	13
319	10525	1754	10512	1748	10512	1748	14.317821063276353	14.317821063276353	0.0	13
319	10525	1754	10512	1748	10512	1748	14.317821063276353	14.317821063276353	0.0	13
319	10525	1754	10512	1748	10512	1748	14.317821063276353	14.317821063276353	0.0	13
319	10525	1754	10512	1748	10512	1748	14.317821063276353	14.317821063276353	0.0	13
319	10525	1754	10512	1748	10512	1748	14.317821063276353	14.317821063276353	0.0	13
320	10512	1748	10500	1742	10500	1742	13.416407864998739	13.416407864998739	0.0	13
320	10512	1748	10500	1742	10500	1742	13.416407864998739	13.416407864998739	0.0	13
320	10512	1748	10500	1742	10500	1742	13.416407864998739	13.416407864998739	0.0	13
320	10512	1748	10500	1742	10500	1742	13.416407864998739	13.416407864998739	0.0	13
320	10512	1748	10500	1742	10500	1742	13.416407864998739	13.416407864998739	0.0	13
320	10512	1748	10500	1742	10500	1742	13.416407864998739	13.416407864998739	0.0	13
320	10512	1748	10500	1742	10500	1742	13.416407864998739	13.416407864998739	0.0	13
320	10512	1748	10500	1742	10500	1742	13.416407864998739	13.416407864998739	0.0	13
321	10500	1742	10487	1737	10487	1737	13.92838827718412	13.92838827718412	0.0	13
321	10500	1742	10487	1737	10487	1737	13.92838827718412	13.92838827718412	0.0	13
321	10500	1742	10487	1737	10487	1737	13.92838827718412	13.92838827718412	0.0	13
321	10500	1742	10487	1737	10487	1737	13.92838827718412	13.92838827718412	0.0	13
321	10500	1742	10487	1737	10487	1737	13.92838827718412	13.92838827718412	0.0	13
321	10500	1742	10487	1737	10487	1737	13.92838827718412	13.92838827718412	0.0	13
321	10500	1742	10487	1737	10487	1737	13.92838827718412	13.92838827718412	0.0	13
321	10500	1742	10487	1737	10487	1737	13.92838827718412	13.92838827718412	0.0	13
321	10500	1742	10487	1737	10487	1737	13.92838827718412	13.92838827718412	0.0	13
389	9957	1695	9943	1698	9943	1698	14.317821063276353	14.317821063276353	0.0	13
389	9957	1695	9943	1698	9943	1698	14.317821063276353	14.317821063276353	0.0	13
389	9957	1695	9943	1698	9943	1698	14.317821063276353	14.317821063276353	0.0	13
389	9957	1695	9943	1698	9943	1698	14.317821063276353	14.317821063276353	0.0	13
389	9957	1695	9943	1698	9943	1698	14.317821063276353	14.317821063276353	0.0	13
389	9957	1695	9943	1698	9943	1698	14.317821063276353	14.317821063276353	0.0	13
389	9957	1695	9943	1698	9943	1698	14.317821063276353	14.317821063276353	0.0	13
390	9943	1698	9931	1700	9931	1700	12.165525060596439	12.165525060596439	0.0	13
390	9943	1698	9931	1700	9931	1700	12.165525060596439	12.165525060596439	0.0	13
390	9943	1698	9931	1700	9931	1700	12.165525060596439	12.165525060596439	0.0	13
390	9943	1698	9931	1700	9931	1700	12.165525060596439	12.165525060596439	0.0	13
390	9943	1698	9931	1700	9931	1700	12.165525060596439	12.165525060596439	0.0	13
390	9943	1698	9931	1700	9931	1700	12.165525060596439	12.165525060596439	0.0	13
390	9943	1698	9931	1700	9931	1700	12.165525060596439	12.165525060596439	0.0	13
390	9943	1698	9931	1700	9931	1700	12.165525060596439	12.165525060596439	0.0	13
390	9943	1698	9931	1700	9931	1700	12.165525060596439	12.165525060596439	0.0	13
391	9931	1700	9923	1702	9923	1702	8.246211251235321	8.246211251235321	0.0	10
391	9931	1700	9923	1702	9923	1702	8.246211251235321	8.246211251235321	0.0	10
391	9931	1700	9923	1702	9923	1702	8.246211251235321	8.246211251235321	0.0	10
391	9931	1700	9923	1702	9923	1702	8.246211251235321	8.246211251235321	0.0	10
391	9931	1700	9923	1702	9923	1702	8.246211251235321	8.246211251235321	0.0	10
391	9931	1700	9923	1702	9923	1702	8.246211251235321	8.246211251235321	0.0	10
391	9931	1700	9923	1702	9923	1702	8.246211251235321	8.246211251235321	0.0	10
391	9931	1700	9923	1702	9923	1702	8.246211251235321	8.246211251235321	0.0	10
391	9931	1700	9923	1702	9923	1702	8.246211251235321	8.246211251235321	0.0	10
392	9923	1702	9917	1703	9917	1703	6.082762530298219	6.082762530298219	0.0	7
392	9923	1702	9917	1703	9917	1703	6.082762530298219	6.082762530298219	0.0	7
392	9923	1702	9917	1703	9917	1703	6.082762530298219	6.082762530298219	0.0	7
392	9923	1702	9917	1703	9917	1703	6.082762530298219	6.082762530298219	0.0	7
392	9923	1702	9917	1703	9917	1703	6.082762530298219	6.082762530298219	0.0	7
392	9923	1702	9917	1703	9917	1703	6.082762530298219	6.082762530298219	0.0	7
392	9923	1702	9917	1703	9917	1703	6.082762530298219	6.082762530298219	0.0	7
393	9917	1703	9914	1704	9914	1704	3.1622776601683795	3.1622776601683795	0.0	4
393	9917	1703	9914	1704	9914	1704	3.1622776601683795	3.1622776601683795	0.0	4
393	9917	1703	9914	1704	9914	1704	3.1622776601683795	3.1622776601683795	0.0	4
393	9917	1703	9914	1704	9914	1704	3.1622776601683795	3.1622776601683795	0.0	4
393	9917	1703	9914	1704	9914	1704	3.1622776601683795	3.1622776601683795	0.0	4
393	9917	1703	9914	1704	9914	1704	3.1622776601683795	3.1622776601683795	0.0	4
393	9917	1703	9914	1704	9914	1704	3.1622776601683795	3.1622776601683795	0.0	4
394	9914	1704	9913	1704	9913	1704	1.0	1.0	0.0	2
394	9914	1704	9913	1704	9913	1704	1.0	1.0	0.0	2
394	9914	1704	9913	1704	9913	1704	1.0	1.0	0.0	2
394	9914	1704	9913	1704	9913	1704	1.0	1.0	0.0	2
394	9914	1704	9913	1704	9913	1704	1.0	1.0	0.0	2
394	9914	1704	9913	1704	9913	1704	1.0	1.0	0.0	2
394	9914	1704	9913	1704	9913	1704	1.0	1.0	0.0	2
415	9912	1704	9909	1705	9909	1705	3.1622776601683795	3.1622776601683795	0.0	2
415	9912	1704	9909	1705	9909	1705	3.1622776601683795	3.1622776601683795	0.0	2
415	9912	1704	9909	1705	9909	1705	3.1622776601683795	3.1622776601683795	0.0	2
415	9912	1704	9909	1705	9909	1705	3.1622776601683795	3.1622776601683795	0.0	2
415	9912	1704	9909	1705	9909	1705	3.1622776601683795	3.1622776601683795	0.0	2
415	9912	1704	9909	1705	9909	1705	3.1622776601683795	3.1622776601683795	0.0	2
415	9912	1704	9909	1705	9909	1705	3.1622776601683795	3.1622776601683795	0.0	2
415	9912	1704	9909	1705	9909	1705	3.1622776601683795	3.1622776601683795	0.0	2
415	9912	1704	9909	1705	9909	1705	3.1622776601683795	3.1622776601683795	0.0	2
416	9909	1705	9904	1706	9904	1706	5.0990195135927845	5.0990195135927845	0.0	4
416	9909	1705	9904	1706	9904	1706	5.0990195135927845	5.0990195135927845	0.0	4
416	9909	1705	9904	1706	9904	1706	5.0990195135927845	5.0990195135927845	0.0	4
416	9909	1705	9904	1706	9904	1706	5.0990195135927845	5.0990195135927845	0.0	4
416	9909	1705	9904	1706	9904	1706	5.0990195135927845	5.0990195135927845	0.0	4
416	9909	1705	9904	1706	9904	1706	5.0990195135927845	5.0990195135927845	0.0	4
416	9909	1705	9904	1706	9904	1706	5.0990195135927845	5.0990195135927845	0.0	4
417	9904	1706	9898	1708	9898	1708	6.324555320336759	6.324555320336759	0.0	5
417	9904	1706	9898	1708	9898	1708	6.324555320336759	6.324555320336759	0.0	5
417	9904	1706	9898	1708	9898	1708	6.324555320336759	6.324555320336759	0.0	5
417	9904	1706	9898	1708	9898	1708	6.324555320336759	6.324555320336759	0.0	5
417	9904	1706	9898	1708	9898	1708	6.324555320336759	6.324555320336759	0.0	5
417	9904	1706	9898	1708	9898	1708	6.324555320336759	6.324555320336759	0.0	5
417	9904	1706	9898	1708	9898	1708	6.324555320336759	6.324555320336759	0.0	5
417	9904	1706	9898	1708	9898	1708	6.324555320336759	6.324555320336759	0.0	5
417	9904	1706	9898	1708	9898	1708	6.324555320336759	6.324555320336759	0.0	5
418	9898	1708	9889	1710	9889	1710	9.219544457292887	9.219544457292887	0.0	7
418	9898	1708	9889	1710	9889	1710	9.219544457292887	9.219544457292887	0.0	7
418	9898	1708	9889	1710	9889	1710	9.219544457292887	9.219544457292887	0.0	7
418	9898	1708	9889	1710	9889	1710	9.219544457292887	9.219544457292887	0.0	7
418	9898	1708	9889	1710	9889	1710	9.219544457292887	9.219544457292887	0.0	7
418	9898	1708	9889	1710	9889	1710	9.219544457292887	9.219544457292887	0.0	7
419	9889	1710	9879	1713	9879	1713	10.44030650891055	10.44030650891055	0.0	9
419	9889	1710	9879	1713	9879	1713	10.44030650891055	10.44030650891055	0.0	9
419	9889	1710	9879	1713	9879	1713	10.44030650891055	10.44030650891055	0.0	9
419	9889	1710	9879	1713	9879	1713	10.44030650891055	10.44030650891055	0.0	9
419	9889	1710	9879	1713	9879	1713	10.44030650891055	10.44030650891055	0.0	9
419	9889	1710	9879	1713	9879	1713	10.44030650891055	10.44030650891055	0.0	9
419	9889	1710	9879	1713	9879	1713	10.44030650891055	10.44030650891055	0.0	9
419	9889	1710	9879	1713	9879	1713	10.44030650891055	10.44030650891055	0.0	9
419	9889	1710	9879	1713	9879	1713	10.44030650891055	10.44030650891055	0.0	9
420	9879	1713	9867	1717	9867	1717	12.649110640673518	12.649110640673518	0.0	11
420	9879	1713	9867	1717	9867	1717	12.649110640673518	12.649110640673518	0.0	11
420	9879	1713	9867	1717	9867	1717	12.649110640673518	12.649110640673518	0.0	11
420	9879	1713	9867	1717	9867	1717	12.649110640673518	12.649110640673518	0.0	11
420	9879	1713	9867	1717	9867	1717	12.649110640673518	12.649110640673518	0.0	11
420	9879	1713	9867	1717	9867	1717	12.649110640673518	12.649110640673518	0.0	11
420	9879	1713	9867	1717	9867	1717	12.649110640673518	12.649110640673518	0.0	11
420	9879	1713	9867	1717	9867	1717	12.649110640673518	12.649110640673518	0.0	11
420	9879	1713	9867	1717	9867	1717	12.649110640673518	12.649110640673518	0.0	11
421	9867	1717	9854	1722	9854	1722	13.92838827718412	13.92838827718412	0.0	13
421	9867	1717	9854	1722	9854	1722	13.92838827718412	13.92838827718412	0.0	13
421	9867	1717	9854	1722	9854	1722	13.92838827718412	13.92838827718412	0.0	13
421	9867	1717	9854	1722	9854	1722	13.92838827718412	13.92838827718412	0.0	13
421	9867	1717	9854	1722	9854	1722	13.92838827718412	13.92838827718412	0.0	13
421	9867	1717	9854	1722	9854	1722	13.92838827718412	13.92838827718412	0.0	13
421	9867	1717	9854	1722	9854	1722	13.92838827718412	13.92838827718412	0.0	13
422	9854	1722	9841	1726	9841	1726	13.601470508735444	13.601470508735444	0.0	13
422	9854	1722	9841	1726	9841	1726	13.601470508735444	13.601470508735444	0.0	13
422	9854	1722	9841	1726	9841	1726	13.601470508735444	13.601470508735444	0.0	13
422	9854	1722	9841	1726	9841	1726	13.601470508735444	13.601470508735444	0.0	13
422	9854	1722	9841	1726	9841	1726	13.601470508735444	13.601470508735444	0.0	13
422	9854	1722	9841	1726	9841	1726	13.601470508735444	13.601470508735444	0.0	13
422	9854	1722	9841	1726	9841	1726	13.601470508735444	13.601470508735444	0.0	13
422	9854	1722	9841	1726	9841	1726	13.601470508735444	13.601470508735444	0.0	13
422	9854	1722	9841	1726	9841	1726	13.601470508735444	13.601470508735444	0.0	13
423	9841	1726	9828	1731	9828	1731	13.92838827718412	13.92838827718412	0.0	13
423	9841	1726	9828	1731	9828	1731	13.92838827718412	13.92838827718412	0.0	13
423	9841	1726	9828	1731	9828	1731	13.92838827718412	13.92838827718412	0.0	13
423	9841	1726	9828	1731	9828	1731	13.92838827718412	13.92838827718412	0.0	13
423	9841	1726	9828	1731	9828	1731	13.92838827718412	13.92838827718412	0.0	13
423	9841	1726	9828	1731	9828	1731	13.92838827718412	13.92838827718412	0.0	13
423	9841	1726	9828	1731	9828	1731	13.92838827718412	13.92838827718412	0.0	13
423	9841	1726	9828	1731	9828	1731	13.92838827718412	13.92838827718412	0.0	13
424	9828	1731	9815	1737	9815	1737	14.317821063276353	14.317821063276353	0.0	13
424	9828	1731	9815	1737	9815	1737	14.317821063276353	14.317821063276353	0.0	13
424	9828	1731	9815	1737	9815	1737	14.317821063276353	14.317821063276353	0.0	13
424	9828	1731	9815	1737	9815	1737	14.317821063276353	14.317821063276353	0.0	13
424	9828	1731	9815	1737	9815	1737	14.317821063276353	14.317821063276353	0.0	13
424	9828	1731	9815	1737	9815	1737	14.317821063276353	14.317821063276353	0.0	13
424	9828	1731	9815	1737	9815	1737	14.317821063276353	14.317821063276353	0.0	13
424	9828	1731	9815	1737	9815	1737	14.317821063276353	14.317821063276353	0.0	13
424	9828	1731	9815	1737	9815	1737	14.317821063276353	14.317821063276353	0.0	13
425	9815	1737	9802	1742	9802	1742	13.92838827718412	13.92838827718412	0.0	13
425	9815	1737	9802	1742	9802	1742	13.92838827718412	13.92838827718412	0.0	13
425	9815	1737	9802	1742	9802	1742	13.92838827718412	13.92838827718412	0.0	13
425	9815	1737	9802	1742	9802	1742	13.92838827718412	13.92838827718412	0.0	13
425	9815	1737	9802	1742	9802	1742	13.92838827718412	13.92838827718412	0.0	13
425	9815	1737	9802	1742	9802	1742	13.92838827718412	13.92838827718412	0.0	13
425	9815	1737	9802	1742	9802	1742	13.92838827718412	13.92838827718412	0.0	13
466	9453	2128	9457	2142	9457	2142	14.560219778561036	14.560219778561036	0.0	13
466	9453	2128	9457	2142	9457	2142	14.560219778561036	14.560219778561036	0.0	13
466	9453	2128	9457	2142	9457	2142	14.560219778561036	14.560219778561036	0.0	13
466	9453	2128	9457	2142	9457	2142	14.560219778561036	14.560219778561036	0.0	13
466	9453	2128	9457	2142	9457	2142	14.560219778561036	14.560219778561036	0.0	13
466	9453	2128	9457	2142	9457	2142	14.560219778561036	14.560219778561036	0.0	13
466	9453	2128	9457	2142	9457	2142	14.560219778561036	14.560219778561036	0.0	13
466	9453	2128	9457	2142	9457	2142	14.560219778561036	14.560219778561036	0.0	13
466	9453	2128	9457	2142	9457	2142	14.560219778561036	14.560219778561036	0.0	13
467	9457	2142	9462	2155	9462	2155	13.92838827718412	13.92838827718412	0.0	13
467	9457	2142	9462	2155	9462	2155	13.92838827718412	13.92838827718412	0.0	13
467	9457	2142	9462	2155	9462	2155	13.92838827718412	13.92838827718412	0.0	13
467	9457	2142	9462	2155	9462	2155	13.92838827718412	13.92838827718412	0.0	13
467	9457	2142	9462	2155	9462	2155	13.92838827718412	13.92838827718412	0.0	13
467	9457	2142	9462	2155	9462	2155	13.92838827718412	13.92838827718412	0.0	13
467	9457	2142	9462	2155	9462	2155	13.92838827718412	13.92838827718412	0.0	13
467	9457	2142	9462	2155	9462	2155	13.92838827718412	13.92838827718412	0.0	13
467	9457	2142	9462	2155	9462	2155	13.92838827718412	13.92838827718412	0.0	13
468	9462	2155	9469	2167	9469	2167	13.892443989449804	13.892443989449804	0.0	13
468	9462	2155	9469	2167	9469	2167	13.892443989449804	13.892443989449804	0.0	13
468	9462	2155	9469	2167	9469	2167	13.892443989449804	13.892443989449804	0.0	13
468	9462	2155	9469	2167	9469	2167	13.892443989449804	13.892443989449804	0.0	13
468	9462	2155	9469	2167	9469	2167	13.892443989449804	13.892443989449804	0.0	13
468	9462	2155	9469	2167	9469	2167	13.892443989449804	13.892443989449804	0.0	13
468	9462	2155	9469	2167	9469	2167	13.892443989449804	13.892443989449804	0.0	13
468	9462	2155	9469	2167	9469	2167	13.892443989449804	13.892443989449804	0.0	13
468	9462	2155	9469	2167	9469	2167	13.892443989449804	13.892443989449804	0.0	13
469	9469	2167	9475	2179	9475	2179	13.416407864998739	13.416407864998739	0.0	13
469	9469	2167	9475	2179	9475	2179	13.416407864998739	13.416407864998739	0.0	13
469	9469	2167	9475	2179	9475	2179	13.416407864998739	13.416407864998739	0.0	13
469	9469	2167	9475	2179	9475	2179	13.416407864998739	13.416407864998739	0.0	13
469	9469	2167	9475	2179	9475	2179	13.416407864998739	13.416407864998739	0.0	13
469	9469	2167	9475	2179	9475	2179	13.416407864998739	13.416407864998739	0.0	13
469	9469	2167	9475	2179	9475	2179	13.416407864998739	13.416407864998739	0.0	13
469	9469	2167	9475	2179	9475	2179	13.416407864998739	13.416407864998739	0.0	13
469	9469	2167	9475	2179	9475	2179	13.416407864998739	13.416407864998739	0.0	13
470	9475	2179	9482	2191	9482	2191	13.892443989449804	13.892443989449804	0.0	13
470	9475	2179	9482	2191	9482	2191	13.892443989449804	13.892443989449804	0.0	13
470	9475	2179	9482	2191	9482	2191	13.892443989449804	13.892443989449804	0.0	13
470	9475	2179	9482	2191	9482	2191	13.892443989449804	13.892443989449804	0.0	13
470	9475	2179	9482	2191	9482	2191	13.892443989449804	13.892443989449804	0.0	13
470	9475	2179	9482	2191	9482	2191	13.892443989449804	13.892443989449804	0.0	13
470	9475	2179	9482	2191	9482	2191	13.892443989449804	13.892443989449804	0.0	13
470	9475	2179	9482	2191	9482	2191	13.892443989449804	13.892443989449804	0.0	13
470	9475	2179	9482	2191	9482	2191	13.892443989449804	13.892443989449804	0.0	13
471	9482	2191	9490	2203	9490	2203	14.422205101855956	14.422205101855956	0.0	13
471	9482	2191	9490	2203	9490	2203	14.422205101855956	14.422205101855956	0.0	13
471	9482	2191	9490	2203	9490	2203	14.422205101855956	14.422205101855956	0.0	13
471	9482	2191	9490	2203	9490	2203	14.422205101855956	14.422205101855956	0.0	13
471	9482	2191	9490	2203	9490	2203	14.422205101855956	14.422205101855956	0.0	13
471	9482	2191	9490	2203	9490	2203	14.422205101855956	14.422205101855956	0.0	13
471	9482	2191	9490	2203	9490	2203	14.422205101855956	14.422205101855956	0.0	13
471	9482	2191	9490	2203	9490	2203	14.422205101855956	14.422205101855956	0.0	13
471	9482	2191	9490	2203	9490	2203	14.422205101855956	14.422205101855956	0.0	13
472	9490	2203	9499	2213	9499	2213	13.45362404707371	13.45362404707371	0.0	13
472	9490	2203	9499	2213	9499	2213	13.45362404707371	13.45362404707371	0.0	13
472	9490	2203	9499	2213	9499	2213	13.45362404707371	13.45362404707371	0.0	13
472	9490	2203	9499	2213	9499	2213	13.45362404707371	13.45362404707371	0.0	13
472	9490	2203	9499	2213	9499	2213	13.45362404707371	13.45362404707371	0.0	13
472	9490	2203	9499	2213	9499	2213	13.45362404707371	13.45362404707371	0.0	13
472	9490	2203	9499	2213	9499	2213	13.45362404707371	13.45362404707371	0.0	13
472	9490	2203	9499	2213	9499	2213	13.45362404707371	13.45362404707371	0.0	13
472	9490	2203	9499	2213	9499	2213	13.45362404707371	13.45362404707371	0.0	13
473	9499	2213	9509	2223	9509	2223	14.142135623730951	14.142135623730951	0.0	13
473	9499	2213	9509	2223	9509	2223	14.142135623730951	14.142135623730951	0.0	13
473	9499	2213	9509	2223	9509	2223	14.142135623730951	14.142135623730951	0.0	13
473	9499	2213	9509	2223	9509	2223	14.142135623730951	14.142135623730951	0.0	13
473	9499	2213	9509	2223	9509	2223	14.142135623730951	14.142135623730951	0.0	13
473	9499	2213	9509	2223	9509	2223	14.142135623730951	14.142135623730951	0.0	13
473	9499	2213	9509	2223	9509	2223	14.142135623730951	14.142135623730951	0.0	13
473	9499	2213	9509	2223	9509	2223	14.142135623730951	14.142135623730951	0.0	13
473	9499	2213	9509	2223	9509	2223	14.142135623730951	14.142135623730951	0.0	13
474	9509	2223	9519	2233	9519	2233	14.142135623730951	14.142135623730951	0.0	13
474	9509	2223	9519	2233	9519	2233	14.142135623730951	14.142135623730951	0.0	13
474	9509	2223	9519	2233	9519	2233	14.142135623730951	14.142135623730951	0.0	13
474	9509	2223	9519	2233	9519	2233	14.142135623730951	14.142135623730951	0.0	13
474	9509	2223	9519	2233	9519	2233	14.142135623730951	14.142135623730951	0.0	13
474	9509	2223	9519	2233	9519	2233	14.142135623730951	14.142135623730951	0.0	13
474	9509	2223	9519	2233	9519	2233	14.142135623730951	14.142135623730951	0.0	13
474	9509	2223	9519	2233	9519	2233	14.142135623730951	14.142135623730951	0.0	13
474	9509	2223	9519	2233	9519	2233	14.142135623730951	14.142135623730951	0.0	13
475	9519	2233	9529	2243	9529	2243	14.142135623730951	14.142135623730951	0.0	13
475	9519	2233	9529	2243	9529	2243	14.142135623730951	14.142135623730951	0.0	13
475	9519	2233	9529	2243	9529	2243	14.142135623730951	14.142135623730951	0.0	13
475	9519	2233	9529	2243	9529	2243	14.142135623730951	14.142135623730951	0.0	13
475	9519	2233	9529	2243	9529	2243	14.142135623730951	14.142135623730951	0.0	13
475	9519	2233	9529	2243	9529	2243	14.142135623730951	14.142135623730951	0.0	13
475	9519	2233	9529	2243	9529	2243	14.142135623730951	14.142135623730951	0.0	13
475	9519	2233	9529	2243	9529	2243	14.142135623730951	14.142135623730951	0.0	13
475	9519	2233	9529	2243	9529	2243	14.142135623730951	14.142135623730951	0.0	13
476	9529	2243	9538	2253	9538	2253	13.45362404707371	13.45362404707371	0.0	13
476	9529	2243	9538	2253	9538	2253	13.45362404707371	13.45362404707371	0.0	13
476	9529	2243	9538	2253	9538	2253	13.45362404707371	13.45362404707371	0.0	13
476	9529	2243	9538	2253	9538	2253	13.45362404707371	13.45362404707371	0.0	13
476	9529	2243	9538	2253	9538	2253	13.45362404707371	13.45362404707371	0.0	13
476	9529	2243	9538	2253	9538	2253	13.45362404707371	13.45362404707371	0.0	13
476	9529	2243	9538	2253	9538	2253	13.45362404707371	13.45362404707371	0.0	13
476	9529	2243	9538	2253	9538	2253	13.45362404707371	13.45362404707371	0.0	13
476	9529	2243	9538	2253	9538	2253	13.45362404707371	13.45362404707371	0.0	13
477	9538	2253	9544	2264	9544	2264	12.529964086141668	12.529964086141668	0.0	13
477	9538	2253	9544	2264	9544	2264	12.529964086141668	12.529964086141668	0.0	13
477	9538	2253	9544	2264	9544	2264	12.529964086141668	12.529964086141668	0.0	13
477	9538	2253	9544	2264	9544	2264	12.529964086141668	12.529964086141668	0.0	13
477	9538	2253	9544	2264	9544	2264	12.529964086141668	12.529964086141668	0.0	13
477	9538	2253	9544	2264	9544	2264	12.529964086141668	12.529964086141668	0.0	13
477	9538	2253	9544	2264	9544	2264	12.529964086141668	12.529964086141668	0.0	13
477	9538	2253	9544	2264	9544	2264	12.529964086141668	12.529964086141668	0.0	13
477	9538	2253	9544	2264	9544	2264	12.529964086141668	12.529964086141668	0.0	13
478	9544	2264	9534	2274	9534	2274	14.142135623730951	14.142135623730951	0.0	13
478	9544	2264	9534	2274	9534	2274	14.142135623730951	14.142135623730951	0.0	13
478	9544	2264	9534	2274	9534	2274	14.142135623730951	14.142135623730951	0.0	13
478	9544	2264	9534	2274	9534	2274	14.142135623730951	14.142135623730951	0.0	13
478	9544	2264	9534	2274	9534	2274	14.142135623730951	14.142135623730951	0.0	13
478	9544	2264	9534	2274	9534	2274	14.142135623730951	14.142135623730951	0.0	13
478	9544	2264	9534	2274	9534	2274	14.142135623730951	14.142135623730951	0.0	13
478	9544	2264	9534	2274	9534	2274	14.142135623730951	14.142135623730951	0.0	13
478	9544	2264	9534	2274	9534	2274	14.142135623730951	14.142135623730951	0.0	13
667	8581	2960	8569	2967	8569	2967	13.892443989449804	13.892443989449804	0.0	13
667	8581	2960	8569	2967	8569	2967	13.892443989449804	13.892443989449804	0.0	13
667	8581	2960	8569	2967	8569	2967	13.892443989449804	13.892443989449804	0.0	13
667	8581	2960	8569	2967	8569	2967	13.892443989449804	13.892443989449804	0.0	13
667	8581	2960	8569	2967	8569	2967	13.892443989449804	13.892443989449804	0.0	13
667	8581	2960	8569	2967	8569	2967	13.892443989449804	13.892443989449804	0.0	13
667	8581	2960	8569	2967	8569	2967	13.892443989449804	13.892443989449804	0.0	13
667	8581	2960	8569	2967	8569	2967	13.892443989449804	13.892443989449804	0.0	13
667	8581	2960	8569	2967	8569	2967	13.892443989449804	13.892443989449804	0.0	13
1315	6489	4792	6491	4806	6491	4806	14.142135623730951	14.142135623730951	0.0	13
1315	6489	4792	6491	4806	6491	4806	14.142135623730951	14.142135623730951	0.0	13
1315	6489	4792	6491	4806	6491	4806	14.142135623730951	14.142135623730951	0.0	13
1315	6489	4792	6491	4806	6491	4806	14.142135623730951	14.142135623730951	0.0	13
1315	6489	4792	6491	4806	6491	4806	14.142135623730951	14.142135623730951	0.0	13
1315	6489	4792	6491	4806	6491	4806	14.142135623730951	14.142135623730951	0.0	13
1315	6489	4792	6491	4806	6491	4806	14.142135623730951	14.142135623730951	0.0	13
1315	6489	4792	6491	4806	6491	4806	14.142135623730951	14.142135623730951	0.0	13
1315	6489	4792	6491	4806	6491	4806	14.142135623730951	14.142135623730951	0.0	13
1847	4544	5209	4532	5217	4532	5217	14.422205101855956	14.422205101855956	0.0	13
1847	4544	5209	4532	5217	4532	5217	14.422205101855956	14.422205101855956	0.0	13
1847	4544	5209	4532	5217	4532	5217	14.422205101855956	14.422205101855956	0.0	13
1847	4544	5209	4532	5217	4532	5217	14.422205101855956	14.422205101855956	0.0	13
1847	4544	5209	4532	5217	4532	5217	14.422205101855956	14.422205101855956	0.0	13
1847	4544	5209	4532	5217	4532	5217	14.422205101855956	14.422205101855956	0.0	13
1847	4544	5209	4532	5217	4532	5217	14.422205101855956	14.422205101855956	0.0	13
1847	4544	5209	4532	5217	4532	5217	14.422205101855956	14.422205101855956	0.0	13
1847	4544	5209	4532	5217	4532	5217	14.422205101855956	14.422205101855956	0.0	13
