0	8107	8816	5	0	0.0
0	8107	8816	5	0	1.9822E7
0	8106	8817	5	2	1.9823E7
0	8105	8820	6	4	1.9824E7
0	8102	8825	6	6	1.9825E7
0	8099	8831	6	7	1.9826E7
0	8096	8836	6	4	1.9827E7
0	8095	8839	6	2	1.9828E7
0	8094	8840	6	0	1.9829E7
0	8094	8840	6	0	1.983E7
0	8094	8840	6	0	1.9831E7
0	8094	8840	6	0	1.9832E7
0	8094	8840	6	0	1.9833E7
0	8094	8840	6	0	1.9834E7
0	8094	8840	6	0	1.9835E7
0	8094	8840	6	0	1.9836E7
0	8094	8840	6	0	1.9837E7
0	8094	8840	6	0	1.9838E7
0	8094	8840	6	0	1.9839E7
0	8094	8840	6	0	1.984E7
0	8094	8840	6	0	1.9841E7
0	8094	8840	6	0	1.9842E7
0	8094	8840	6	0	1.9843E7
0	8094	8840	6	0	1.9844E7
0	8094	8840	6	0	1.9845E7
0	8094	8840	6	0	1.9846E7
0	8094	8840	6	0	1.9847E7
0	8094	8840	6	0	1.9848E7
0	8094	8841	6	2	1.9849E7
0	8092	8844	6	4	1.985E7
0	8090	8848	6	3	1.9851E7
0	8088	8852	6	5	1.9852E7
0	8082	8851	6	8	1.9853E7
0	8074	8846	4	9	1.9854E7
0	8065	8840	4	11	1.9855E7
0	8055	8833	4	13	1.9856E7
0	8043	8826	4	13	1.9857E7
0	8032	8819	4	13	1.9858E7
0	8020	8811	4	13	1.9859E7
0	8008	8804	4	13	1.986E7
0	7997	8797	4	13	1.9861E7
0	7985	8789	4	13	1.9862E7
0	7974	8782	4	13	1.9863E7
0	7962	8775	4	13	1.9864E7
0	7951	8767	4	13	1.9865E7
0	7940	8759	4	13	1.9866E7
0	7928	8751	4	13	1.9867E7
0	7917	8743	4	13	1.9868E7
0	7907	8734	4	13	1.9869E7
0	7896	8725	4	13	1.987E7
0	7886	8716	4	13	1.9871E7
0	7875	8708	4	13	1.9872E7
0	7865	8698	4	13	1.9873E7
0	7856	8688	4	13	1.9874E7
0	7846	8679	4	13	1.9875E7
0	7837	8669	4	13	1.9876E7
0	7827	8659	4	13	1.9877E7
0	7818	8648	4	13	1.9878E7
0	7809	8638	4	13	1.9879E7
0	7800	8628	4	13	1.988E7
0	7791	8617	4	13	1.9881E7
0	7782	8607	4	13	1.9882E7
0	7774	8596	4	13	1.9883E7
0	7765	8585	4	13	1.9884E7
0	7757	8575	4	13	1.9885E7
0	7748	8564	4	13	1.9886E7
0	7739	8554	4	13	1.9887E7
0	7730	8543	4	13	1.9888E7
0	7721	8533	4	13	1.9889E7
0	7711	8523	4	13	1.989E7
0	7702	8513	4	13	1.9891E7
0	7692	8503	4	13	1.9892E7
0	7682	8494	4	13	1.9893E7
0	7672	8485	4	13	1.9894E7
0	7662	8476	4	13	1.9895E7
0	7651	8467	4	13	1.9896E7
0	7641	8458	4	13	1.9897E7
0	7630	8450	4	13	1.9898E7
0	7619	8441	4	13	1.9899E7
0	7607	8434	4	13	1.99E7
0	7596	8426	4	13	1.9901E7
0	7586	8417	4	13	1.9902E7
0	7587	8406	3	13	1.9903E7
0	7584	8392	3	13	1.9904E7
0	7574	8381	4	13	1.9905E7
0	7560	8377	5	13	1.9906E7
0	7546	8382	5	13	1.9907E7
0	7535	8381	5	15	1.9908E7
0	7521	8374	4	16	1.9909E7
0	7510	8365	4	13	1.991E7
0	7501	8357	4	9	1.9911E7
0	7495	8352	4	6	1.9912E7
0	7491	8349	4	4	1.9913E7
0	7489	8346	4	1	1.9914E7
0	7488	8346	4	0	1.9915E7
0	7488	8346	4	0	1.9916E7
0	7488	8346	4	0	1.9917E7
0	7488	8346	4	0	1.9918E7
0	7488	8346	4	0	1.9919E7
0	7488	8346	4	0	1.992E7
0	7488	8346	4	0	1.9921E7
0	7488	8346	4	0	1.9922E7
0	7488	8346	4	0	1.9923E7
0	7488	8346	4	0	1.9924E7
0	7488	8346	4	0	1.9925E7
0	7488	8346	4	0	1.9926E7
0	7488	8346	4	0	1.9927E7
0	7488	8346	4	0	1.9928E7
0	7488	8346	4	0	1.9929E7
0	7488	8346	4	0	1.993E7
0	7488	8346	4	0	1.9931E7
0	7488	8346	4	0	1.9932E7
0	7488	8346	4	0	1.9933E7
0	7488	8346	4	0	1.9934E7
0	7487	8345	4	2	1.9935E7
0	7485	8343	4	4	1.9936E7
0	7481	8339	4	6	1.9937E7
0	7475	8334	4	8	1.9938E7
0	7468	8328	4	10	1.9939E7
0	7460	8319	4	12	1.994E7
0	7451	8309	4	14	1.9941E7
0	7440	8298	4	16	1.9942E7
0	7429	8285	4	16	1.9943E7
0	7418	8273	4	16	1.9944E7
0	7407	8261	4	16	1.9945E7
0	7397	8248	4	16	1.9946E7
0	7386	8236	4	16	1.9947E7
0	7374	8224	4	16	1.9948E7
0	7370	8213	3	13	1.9949E7
0	7369	8199	3	13	1.995E7
0	7361	8187	4	13	1.9951E7
0	7359	8176	3	13	1.9952E7
0	7364	8163	3	13	1.9953E7
0	7369	8150	3	13	1.9954E7
0	7374	8138	3	13	1.9955E7
0	7380	8125	2	13	1.9956E7
0	7386	8113	2	12	1.9957E7
0	7391	8103	2	9	1.9958E7
0	7395	8096	2	6	1.9959E7
0	7397	8092	2	4	1.996E7
0	7399	8089	2	1	1.9961E7
0	7399	8089	2	0	1.9962E7
0	7399	8089	2	0	1.9963E7
0	7399	8089	2	0	1.9964E7
0	7399	8089	2	0	1.9965E7
0	7399	8089	2	0	1.9966E7
0	7399	8089	2	0	1.9967E7
0	7399	8089	2	0	1.9968E7
0	7399	8089	2	0	1.9969E7
0	7399	8089	2	0	1.997E7
0	7399	8089	2	0	1.9971E7
0	7399	8089	2	0	1.9972E7
0	7399	8089	2	0	1.9973E7
0	7399	8089	2	0	1.9974E7
0	7399	8089	2	0	1.9975E7
0	7399	8089	2	0	1.9976E7
0	7399	8089	2	0	1.9977E7
0	7399	8089	2	0	1.9978E7
0	7399	8089	2	0	1.9979E7
0	7399	8089	2	0	1.998E7
0	7399	8089	2	0	1.9981E7
0	7400	8088	2	2	1.9982E7
0	7402	8084	2	4	1.9983E7
0	7404	8079	2	6	1.9984E7
0	7408	8072	2	9	1.9985E7
0	7413	8063	2	11	1.9986E7
0	7419	8052	2	12	1.9987E7
0	7425	8040	2	13	1.9988E7
0	7432	8028	2	13	1.9989E7
0	7438	8016	2	13	1.999E7
0	7445	8004	2	13	1.9991E7
0	7452	7992	2	13	1.9992E7
0	7458	7980	2	13	1.9993E7
0	7465	7968	2	13	1.9994E7
0	7471	7955	2	13	1.9995E7
0	7477	7943	2	13	1.9996E7
0	7483	7931	2	13	1.9997E7
0	7490	7919	2	13	1.9998E7
0	7496	7906	2	13	1.9999E7
0	7502	7894	2	13	2.0E7
0	7508	7882	2	13	2.0001E7
0	7514	7869	2	13	2.0002E7
0	7520	7857	2	13	2.0003E7
0	7526	7845	2	13	2.0004E7
0	7532	7832	2	13	2.0005E7
0	7538	7820	2	13	2.0006E7
0	7544	7808	2	13	2.0007E7
0	7551	7795	2	13	2.0008E7
0	7557	7783	2	13	2.0009E7
0	7564	7771	2	13	2.001E7
0	7570	7759	2	13	2.0011E7
0	7576	7747	2	13	2.0012E7
0	7583	7735	2	13	2.0013E7
0	7588	7722	2	13	2.0014E7
0	7593	7709	3	13	2.0015E7
0	7598	7696	3	13	2.0016E7
0	7602	7683	3	13	2.0017E7
0	7605	7671	3	10	2.0018E7
0	7607	7663	3	7	2.0019E7
0	7608	7657	3	4	2.002E7
0	7609	7653	3	2	2.0021E7
0	7609	7652	3	0	2.0022E7
0	7609	7652	3	0	2.0023E7
0	7609	7652	3	0	2.0024E7
0	7609	7652	3	0	2.0025E7
0	7609	7652	3	0	2.0026E7
0	7609	7652	3	0	2.0027E7
0	7609	7652	3	0	2.0028E7
0	7609	7652	3	0	2.0029E7
0	7609	7652	3	0	2.003E7
0	7609	7652	3	0	2.0031E7
0	7609	7652	3	0	2.0032E7
0	7609	7652	3	0	2.0033E7
0	7609	7652	3	0	2.0034E7
0	7609	7652	3	0	2.0035E7
0	7609	7652	3	0	2.0036E7
0	7609	7652	3	0	2.0037E7
0	7609	7652	3	0	2.0038E7
0	7609	7652	3	0	2.0039E7
0	7609	7652	3	0	2.004E7
0	7609	7652	3	0	2.0041E7
0	7609	7651	3	1	2.0042E7
0	7610	7648	3	4	2.0043E7
0	7611	7643	3	6	2.0044E7
0	7611	7636	3	8	2.0045E7
0	7612	7627	3	10	2.0046E7
0	7613	7616	3	12	2.0047E7
0	7612	7603	3	13	2.0048E7
0	7610	7589	3	13	2.0049E7
0	7608	7576	3	13	2.005E7
0	7607	7562	3	13	2.0051E7
0	7605	7548	3	13	2.0052E7
0	7604	7535	3	13	2.0053E7
0	7602	7521	3	13	2.0054E7
0	7601	7507	3	13	2.0055E7
0	7599	7494	3	13	2.0056E7
0	7598	7480	3	13	2.0057E7
0	7594	7467	3	13	2.0058E7
0	7589	7456	4	10	2.0059E7
0	7585	7448	4	7	2.006E7
0	7582	7442	4	4	2.0061E7
0	7580	7439	4	4	2.0062E7
0	7578	7434	4	6	2.0063E7
0	7578	7429	3	8	2.0064E7
0	7583	7421	2	10	2.0065E7
0	7587	7410	3	12	2.0066E7
0	7589	7397	3	13	2.0067E7
0	7588	7383	3	13	2.0068E7
0	7588	7370	3	13	2.0069E7
0	7589	7356	3	13	2.007E7
0	7593	7343	3	13	2.0071E7
0	7599	7330	2	13	2.0072E7
0	7606	7319	2	13	2.0073E7
0	7614	7308	2	13	2.0074E7
0	7622	7297	2	13	2.0075E7
0	7631	7286	2	13	2.0076E7
0	7639	7276	2	13	2.0077E7
0	7648	7265	2	13	2.0078E7
0	7657	7254	2	13	2.0079E7
0	7665	7244	2	13	2.008E7
0	7674	7233	2	13	2.0081E7
0	7683	7223	2	13	2.0082E7
0	7693	7213	2	13	2.0083E7
0	7702	7204	2	13	2.0084E7
0	7713	7194	2	13	2.0085E7
0	7723	7185	2	13	2.0086E7
0	7730	7173	2	13	2.0087E7
0	7740	7164	2	13	2.0088E7
0	7751	7155	2	13	2.0089E7
0	7762	7147	2	13	2.009E7
0	7773	7139	2	13	2.0091E7
0	7784	7130	2	13	2.0092E7
0	7795	7122	2	13	2.0093E7
0	7806	7114	2	13	2.0094E7
0	7817	7106	2	13	2.0095E7
0	7829	7099	2	13	2.0096E7
0	7841	7093	2	13	2.0097E7
0	7854	7087	2	13	2.0098E7
0	7866	7080	2	13	2.0099E7
0	7878	7074	2	13	2.01E7
0	7891	7068	2	13	2.0101E7
0	7903	7062	2	13	2.0102E7
0	7915	7056	2	13	2.0103E7
0	7928	7050	2	13	2.0104E7
0	7940	7044	2	13	2.0105E7
0	7953	7039	2	13	2.0106E7
0	7966	7034	2	13	2.0107E7
0	7978	7029	1	13	2.0108E7
0	7989	7025	1	9	2.0109E7
0	7996	7022	1	6	2.011E7
0	8001	7020	1	4	2.0111E7
0	8004	7019	1	2	2.0112E7
0	8005	7018	1	1	2.0113E7
0	8006	7018	1	0	2.0114E7
0	8006	7018	1	0	2.0115E7
0	8006	7018	1	0	2.0116E7
0	8008	7017	1	2	2.0117E7
0	8011	7016	2	3	2.0118E7
0	8014	7013	2	5	2.0119E7
0	8017	7007	2	7	2.012E7
0	8015	6999	3	9	2.0121E7
0	8012	6989	3	11	2.0122E7
0	8008	6977	3	13	2.0123E7
0	8004	6964	3	13	2.0124E7
0	7999	6951	3	13	2.0125E7
0	7995	6938	3	13	2.0126E7
0	7991	6925	3	13	2.0127E7
0	7986	6912	3	13	2.0128E7
0	7982	6899	3	13	2.0129E7
0	7978	6887	3	11	2.013E7
0	7974	6877	3	8	2.0131E7
0	7972	6871	3	5	2.0132E7
0	7971	6867	3	3	2.0133E7
0	7970	6865	3	1	2.0134E7
0	7970	6864	3	0	2.0135E7
0	7970	6863	3	0	2.0136E7
0	7970	6863	3	0	2.0137E7
0	7970	6863	3	0	2.0138E7
0	7970	6863	3	0	2.0139E7
0	7970	6863	3	0	2.014E7
0	7970	6863	3	0	2.0141E7
0	7970	6863	3	0	2.0142E7
0	7970	6863	3	0	2.0143E7
0	7970	6863	3	0	2.0144E7
0	7970	6863	3	0	2.0145E7
0	7970	6863	3	0	2.0146E7
0	7970	6863	3	0	2.0147E7
0	7970	6863	3	0	2.0148E7
0	7970	6863	3	0	2.0149E7
0	7970	6863	3	0	2.015E7
0	7970	6863	3	0	2.0151E7
0	7970	6863	3	0	2.0152E7
0	7970	6863	3	0	2.0153E7
0	7970	6863	3	0	2.0154E7
0	7970	6863	3	0	2.0155E7
0	7970	6863	3	0	2.0156E7
0	7970	6863	3	0	2.0157E7
0	7970	6863	3	0	2.0158E7
0	7970	6863	3	0	2.0159E7
0	7970	6863	3	0	2.016E7
0	7970	6863	3	0	2.0161E7
0	7969	6861	3	2	2.0162E7
0	7968	6858	3	4	2.0163E7
0	7966	6853	3	6	2.0164E7
0	7964	6846	3	8	2.0165E7
0	7961	6837	3	10	2.0166E7
0	7957	6826	3	12	2.0167E7
0	7956	6813	3	13	2.0168E7
0	7952	6800	3	13	2.0169E7
0	7948	6787	3	13	2.017E7
0	7943	6774	3	13	2.0171E7
0	7939	6761	3	13	2.0172E7
0	7934	6748	3	13	2.0173E7
0	7930	6735	3	13	2.0174E7
0	7925	6722	3	13	2.0175E7
0	7921	6709	3	13	2.0176E7
0	7916	6696	3	13	2.0177E7
0	7911	6683	3	13	2.0178E7
0	7907	6670	3	13	2.0179E7
0	7902	6657	3	13	2.018E7
0	7901	6643	3	13	2.0181E7
0	7895	6630	4	13	2.0182E7
0	7890	6618	4	13	2.0183E7
0	7884	6605	4	13	2.0184E7
0	7879	6593	4	13	2.0185E7
0	7872	6581	4	13	2.0186E7
0	7864	6569	4	13	2.0187E7
0	7857	6557	4	13	2.0188E7
0	7850	6545	4	13	2.0189E7
0	7843	6534	4	13	2.019E7
0	7836	6522	4	13	2.0191E7
0	7828	6510	4	13	2.0192E7
0	7821	6499	4	12	2.0193E7
0	7815	6491	4	9	2.0194E7
0	7811	6484	4	6	2.0195E7
0	7808	6480	4	3	2.0196E7
0	7807	6478	4	0	2.0197E7
0	7807	6478	4	0	2.0198E7
0	7807	6478	4	0	2.0199E7
0	7807	6478	4	0	2.02E7
0	7807	6478	4	0	2.0201E7
0	7807	6478	4	0	2.0202E7
0	7807	6478	4	0	2.0203E7
0	7807	6478	4	0	2.0204E7
0	7807	6478	4	0	2.0205E7
0	7807	6478	4	0	2.0206E7
0	7807	6478	4	0	2.0207E7
0	7807	6478	4	0	2.0208E7
0	7807	6478	4	0	2.0209E7
0	7807	6478	4	0	2.021E7
0	7807	6478	4	0	2.0211E7
0	7807	6478	4	0	2.0212E7
0	7807	6478	4	0	2.0213E7
0	7807	6478	4	0	2.0214E7
0	7807	6478	4	0	2.0215E7
0	7807	6478	4	0	2.0216E7
0	7807	6478	4	0	2.0217E7
0	7805	6476	4	2	2.0218E7
0	7803	6473	4	4	2.0219E7
0	7800	6468	4	7	2.022E7
0	7795	6461	4	8	2.0221E7
0	7790	6453	4	10	2.0222E7
0	7783	6443	4	12	2.0223E7
0	7775	6432	4	13	2.0224E7
0	7767	6421	4	13	2.0225E7
0	7759	6410	4	13	2.0226E7
0	7751	6399	4	13	2.0227E7
0	7743	6387	4	13	2.0228E7
0	7736	6378	4	10	2.0229E7
0	7731	6370	4	7	2.023E7
0	7728	6365	4	5	2.0231E7
0	7724	6360	4	7	2.0232E7
0	7718	6353	4	9	2.0233E7
0	7709	6348	4	11	2.0234E7
0	7699	6343	4	10	2.0235E7
0	7691	6339	4	7	2.0236E7
0	7686	6337	4	4	2.0237E7
0	7683	6335	4	2	2.0238E7
0	7681	6335	4	1	2.0239E7
0	7681	6334	4	0	2.024E7
0	7680	6334	4	0	2.0241E7
0	7679	6333	4	2	2.0242E7
0	7675	6332	4	4	2.0243E7
0	7670	6330	4	6	2.0244E7
0	7663	6328	5	8	2.0245E7
0	7654	6325	5	10	2.0246E7
0	7643	6322	5	12	2.0247E7
0	7631	6319	5	10	2.0248E7
0	7623	6317	5	7	2.0249E7
0	7617	6316	5	4	2.025E7
0	7613	6315	5	2	2.0251E7
0	7613	6315	5	0	2.0252E7
0	7613	6315	5	0	2.0253E7
0	7613	6315	5	0	2.0254E7
0	7613	6315	5	0	2.0255E7
0	7613	6315	5	0	2.0256E7
0	7613	6315	5	0	2.0257E7
0	7613	6315	5	0	2.0258E7
0	7613	6315	5	0	2.0259E7
0	7613	6315	5	0	2.026E7
0	7613	6315	5	0	2.0261E7
0	7613	6315	5	0	2.0262E7
0	7613	6315	5	0	2.0263E7
0	7613	6315	5	0	2.0264E7
0	7613	6315	5	0	2.0265E7
0	7613	6315	5	0	2.0266E7
0	7613	6315	5	0	2.0267E7
0	7613	6315	5	0	2.0268E7
0	7613	6315	5	0	2.0269E7
0	7613	6315	5	0	2.027E7
0	7613	6315	5	0	2.0271E7
0	7612	6315	5	2	2.0272E7
0	7609	6315	5	4	2.0273E7
0	7603	6314	5	6	2.0274E7
0	7596	6313	5	8	2.0275E7
0	7587	6312	5	10	2.0276E7
0	7576	6311	5	12	2.0277E7
0	7563	6309	5	13	2.0278E7
0	7549	6307	5	13	2.0279E7
0	7535	6305	5	13	2.028E7
0	7522	6303	5	13	2.0281E7
0	7508	6301	5	13	2.0282E7
0	7495	6299	5	13	2.0283E7
0	7481	6297	5	13	2.0284E7
0	7468	6295	5	13	2.0285E7
0	7455	6291	5	13	2.0286E7
0	7442	6287	5	13	2.0287E7
0	7429	6283	5	13	2.0288E7
0	7417	6277	4	13	2.0289E7
0	7406	6270	4	13	2.029E7
0	7394	6262	4	13	2.0291E7
0	7383	6255	4	13	2.0292E7
0	7372	6247	4	13	2.0293E7
0	7360	6239	4	13	2.0294E7
0	7349	6232	4	13	2.0295E7
0	7338	6224	4	13	2.0296E7
0	7327	6216	4	13	2.0297E7
0	7317	6207	4	13	2.0298E7
0	7307	6198	4	13	2.0299E7
0	7302	6186	3	13	2.03E7
0	7301	6172	3	13	2.0301E7
0	7303	6159	3	13	2.0302E7
0	7308	6146	3	13	2.0303E7
0	7313	6133	3	13	2.0304E7
0	7318	6121	3	13	2.0305E7
0	7323	6108	3	13	2.0306E7
0	7328	6095	3	13	2.0307E7
0	7333	6083	3	13	2.0308E7
0	7338	6070	3	13	2.0309E7
0	7343	6058	3	13	2.031E7
0	7348	6045	3	13	2.0311E7
0	7353	6032	3	13	2.0312E7
0	7358	6020	3	13	2.0313E7
0	7363	6008	3	11	2.0314E7
0	7367	5998	3	8	2.0315E7
0	7368	5991	3	5	2.0316E7
0	7369	5987	3	3	2.0317E7
0	7370	5985	3	1	2.0318E7
0	7370	5984	3	0	2.0319E7
0	7370	5983	3	0	2.032E7
0	7370	5983	3	0	2.0321E7
0	7371	5981	3	2	2.0322E7
0	7371	5978	3	4	2.0323E7
0	7373	5973	3	6	2.0324E7
0	7374	5966	3	8	2.0325E7
0	7377	5957	3	10	2.0326E7
0	7380	5947	3	12	2.0327E7
0	7385	5934	3	13	2.0328E7
0	7390	5921	3	13	2.0329E7
0	7394	5909	3	13	2.033E7
0	7399	5896	3	13	2.0331E7
0	7404	5883	3	13	2.0332E7
0	7409	5870	3	13	2.0333E7
0	7414	5858	3	11	2.0334E7
0	7418	5850	3	8	2.0335E7
0	7420	5843	3	5	2.0336E7
0	7422	5839	3	3	2.0337E7
0	7424	5835	3	6	2.0338E7
0	7427	5828	3	8	2.0339E7
0	7430	5819	3	10	2.034E7
0	7434	5809	3	12	2.0341E7
0	7440	5797	3	13	2.0342E7
0	7445	5784	3	13	2.0343E7
0	7450	5771	3	13	2.0344E7
0	7455	5758	3	13	2.0345E7
0	7459	5745	3	13	2.0346E7
0	7462	5731	3	13	2.0347E7
0	7463	5717	3	13	2.0348E7
0	7462	5703	3	13	2.0349E7
0	7460	5690	3	13	2.035E7
0	7456	5676	3	13	2.0351E7
0	7451	5663	3	13	2.0352E7
0	7444	5651	4	13	2.0353E7
0	7438	5639	4	13	2.0354E7
0	7432	5626	4	13	2.0355E7
0	7425	5614	4	13	2.0356E7
0	7419	5601	4	13	2.0357E7
0	7413	5589	4	13	2.0358E7
0	7407	5577	4	13	2.0359E7
0	7401	5564	4	13	2.036E7
0	7395	5552	4	13	2.0361E7
0	7389	5540	4	13	2.0362E7
0	7383	5527	4	13	2.0363E7
0	7378	5517	4	10	2.0364E7
0	7374	5509	4	7	2.0365E7
0	7371	5504	4	4	2.0366E7
0	7370	5501	4	2	2.0367E7
0	7369	5500	4	1	2.0368E7
0	7369	5499	4	0	2.0369E7
0	7369	5499	4	0	2.037E7
0	7369	5499	4	0	2.0371E7
0	7369	5498	4	1	2.0372E7
0	7368	5496	4	3	2.0373E7
0	7366	5493	4	4	2.0374E7
0	7363	5487	4	6	2.0375E7
0	7360	5480	4	8	2.0376E7
0	7355	5471	4	10	2.0377E7
0	7350	5461	4	10	2.0378E7
0	7346	5452	4	9	2.0379E7
0	7342	5445	4	7	2.038E7
0	7339	5439	4	5	2.0381E7
0	7337	5434	4	4	2.0382E7
0	7335	5431	4	2	2.0383E7
0	7335	5429	4	1	2.0384E7
0	7334	5428	4	0	2.0385E7
0	7334	5428	4	0	2.0386E7
0	7334	5428	4	0	2.0387E7
0	7334	5428	4	0	2.0388E7
0	7334	5428	4	0	2.0389E7
0	7334	5428	4	0	2.039E7
0	7334	5427	4	0	2.0391E7
0	7334	5427	4	0	2.0392E7
0	7334	5427	4	0	2.0393E7
0	7334	5427	4	0	2.0394E7
0	7334	5427	4	0	2.0395E7
0	7334	5427	4	0	2.0396E7
0	7334	5427	4	0	2.0397E7
0	7334	5427	4	0	2.0398E7
0	7334	5427	4	0	2.0399E7
0	7334	5427	4	0	2.04E7
0	7334	5427	4	0	2.0401E7
0	7333	5427	4	1	2.0402E7
0	7332	5425	4	3	2.0403E7
0	7330	5421	4	4	2.0404E7
0	7328	5416	4	7	2.0405E7
0	7324	5409	4	8	2.0406E7
0	7320	5400	4	10	2.0407E7
0	7315	5391	4	9	2.0408E7
0	7312	5383	4	7	2.0409E7
0	7309	5378	4	5	2.041E7
0	7307	5374	4	3	2.0411E7
0	7306	5372	4	1	2.0412E7
0	7306	5371	4	0	2.0413E7
0	7306	5371	4	0	2.0414E7
0	7306	5370	4	0	2.0415E7
0	7306	5370	4	0	2.0416E7
0	7306	5370	4	0	2.0417E7
0	7306	5370	4	0	2.0418E7
0	7306	5370	4	0	2.0419E7
0	7306	5370	4	0	2.042E7
0	7306	5370	4	0	2.0421E7
0	7306	5370	4	0	2.0422E7
0	7306	5370	4	0	2.0423E7
0	7306	5370	4	0	2.0424E7
0	7306	5370	4	0	2.0425E7
0	7306	5370	4	0	2.0426E7
0	7306	5370	4	0	2.0427E7
0	7306	5370	4	0	2.0428E7
0	7306	5370	4	0	2.0429E7
0	7306	5370	4	0	2.043E7
0	7306	5370	4	0	2.0431E7
0	7305	5369	4	1	2.0432E7
0	7304	5367	4	3	2.0433E7
0	7303	5364	4	2	2.0434E7
0	7302	5362	4	1	2.0435E7
0	7301	5361	4	1	2.0436E7
0	7301	5360	4	0	2.0437E7
0	7301	5360	4	0	2.0438E7
0	7301	5360	4	0	2.0439E7
0	7301	5360	4	0	2.044E7
0	7301	5360	4	0	2.0441E7
0	7301	5360	4	0	2.0442E7
0	7301	5360	4	0	2.0443E7
0	7301	5360	4	0	2.0444E7
0	7301	5360	4	0	2.0445E7
0	7301	5360	4	0	2.0446E7
0	7301	5360	4	0	2.0447E7
0	7301	5360	4	0	2.0448E7
0	7301	5360	4	0	2.0449E7
0	7301	5360	4	0	2.045E7
0	7301	5360	4	0	2.0451E7
0	7301	5360	4	0	2.0452E7
0	7301	5360	4	0	2.0453E7
0	7301	5360	4	0	2.0454E7
0	7301	5360	4	0	2.0455E7
0	7301	5360	4	0	2.0456E7
0	7301	5360	4	0	2.0457E7
0	7301	5360	4	0	2.0458E7
0	7301	5360	4	0	2.0459E7
0	7301	5360	4	0	2.046E7
0	7301	5360	4	0	2.0461E7
0	7301	5360	4	0	2.0462E7
0	7301	5360	4	0	2.0463E7
0	7301	5360	4	0	2.0464E7
0	7301	5360	4	0	2.0465E7
0	7301	5360	4	0	2.0466E7
0	7301	5360	4	0	2.0467E7
0	7301	5360	4	0	2.0468E7
0	7301	5360	4	0	2.0469E7
0	7301	5360	4	0	2.047E7
0	7301	5360	4	0	2.0471E7
0	7301	5360	4	0	2.0472E7
0	7301	5360	4	0	2.0473E7
0	7301	5360	4	0	2.0474E7
0	7301	5360	4	0	2.0475E7
0	7301	5360	4	0	2.0476E7
0	7301	5360	4	0	2.0477E7
0	7301	5360	4	0	2.0478E7
0	7301	5360	4	0	2.0479E7
0	7301	5360	4	0	2.048E7
0	7301	5360	4	0	2.0481E7
0	7300	5359	4	1	2.0482E7
0	7299	5357	4	2	2.0483E7
0	7299	5356	4	0	2.0484E7
0	7299	5356	4	0	2.0485E7
0	7299	5356	4	0	2.0486E7
0	7299	5356	4	0	2.0487E7
0	7299	5356	4	0	2.0488E7
0	7299	5356	4	0	2.0489E7
0	7299	5356	4	0	2.049E7
0	7299	5356	4	0	2.0491E7
0	7299	5356	4	0	2.0492E7
0	7299	5356	4	0	2.0493E7
0	7299	5356	4	0	2.0494E7
0	7299	5356	4	0	2.0495E7
0	7299	5356	4	0	2.0496E7
0	7299	5356	4	0	2.0497E7
0	7299	5356	4	0	2.0498E7
0	7299	5356	4	0	2.0499E7
0	7299	5356	4	0	2.05E7
0	7299	5356	4	0	2.0501E7
0	7299	5356	4	0	2.0502E7
0	7299	5356	4	0	2.0503E7
0	7299	5355	4	1	2.0504E7
0	7297	5353	4	3	2.0505E7
0	7295	5349	4	5	2.0506E7
0	7293	5343	4	7	2.0507E7
0	7289	5335	4	9	2.0508E7
0	7284	5326	4	11	2.0509E7
0	7279	5314	4	13	2.051E7
0	7273	5302	4	13	2.0511E7
0	7267	5290	4	13	2.0512E7
0	7262	5280	4	8	2.0513E7
0	7259	5274	4	4	2.0514E7
0	7258	5273	4	0	2.0515E7
0	7258	5273	4	0	2.0516E7
0	7258	5273	4	0	2.0517E7
0	7258	5273	4	0	2.0518E7
0	7258	5273	4	0	2.0519E7
0	7258	5273	4	0	2.052E7
0	7258	5273	4	0	2.0521E7
0	7258	5273	4	0	2.0522E7
0	7258	5273	4	0	2.0523E7
0	7258	5273	4	0	2.0524E7
0	7258	5273	4	0	2.0525E7
0	7258	5273	4	0	2.0526E7
0	7258	5273	4	0	2.0527E7
0	7258	5273	4	0	2.0528E7
0	7258	5273	4	0	2.0529E7
0	7258	5273	4	0	2.053E7
0	7258	5273	4	0	2.0531E7
0	7258	5273	4	0	2.0532E7
0	7258	5273	4	0	2.0533E7
0	7258	5273	4	0	2.0534E7
0	7258	5273	4	0	2.0535E7
0	7258	5273	4	0	2.0536E7
0	7258	5273	4	0	2.0537E7
0	7258	5273	4	0	2.0538E7
0	7258	5273	4	0	2.0539E7
0	7258	5273	4	0	2.054E7
0	7258	5273	4	0	2.0541E7
0	7258	5273	4	0	2.0542E7
0	7258	5273	4	0	2.0543E7
0	7258	5273	4	0	2.0544E7
0	7258	5273	4	0	2.0545E7
0	7258	5273	4	0	2.0546E7
0	7258	5273	4	0	2.0547E7
0	7258	5273	4	0	2.0548E7
0	7258	5273	4	0	2.0549E7
0	7258	5273	4	0	2.055E7
0	7258	5273	4	0	2.0551E7
0	7258	5273	4	0	2.0552E7
0	7258	5273	4	0	2.0553E7
0	7258	5273	4	0	2.0554E7
0	7258	5273	4	0	2.0555E7
0	7258	5273	4	0	2.0556E7
0	7258	5273	4	0	2.0557E7
0	7258	5273	4	0	2.0558E7
0	7258	5273	4	0	2.0559E7
0	7258	5273	4	0	2.056E7
0	7258	5273	4	0	2.0561E7
0	7258	5271	4	2	2.0562E7
0	7256	5268	4	4	2.0563E7
0	7254	5263	4	6	2.0564E7
0	7250	5257	4	8	2.0565E7
0	7246	5248	4	10	2.0566E7
0	7241	5238	4	12	2.0567E7
0	7235	5226	4	13	2.0568E7
0	7229	5214	4	13	2.0569E7
0	7223	5202	4	13	2.057E7
0	7216	5190	4	13	2.0571E7
0	7210	5177	4	13	2.0572E7
0	7204	5165	4	13	2.0573E7
0	7198	5153	4	13	2.0574E7
0	7192	5141	4	13	2.0575E7
0	7185	5128	4	13	2.0576E7
0	7179	5116	4	13	2.0577E7
0	7173	5104	4	13	2.0578E7
0	7167	5092	4	13	2.0579E7
0	7161	5080	4	11	2.058E7
0	7157	5072	4	8	2.0581E7
0	7154	5066	4	5	2.0582E7
0	7152	5062	4	3	2.0583E7
0	7151	5060	4	0	2.0584E7
0	7151	5060	4	0	2.0585E7
0	7151	5060	4	0	2.0586E7
0	7151	5060	4	0	2.0587E7
0	7151	5060	4	0	2.0588E7
0	7151	5060	4	0	2.0589E7
0	7151	5060	4	0	2.059E7
0	7151	5060	4	0	2.0591E7
0	7151	5060	4	0	2.0592E7
0	7151	5060	4	0	2.0593E7
0	7151	5060	4	0	2.0594E7
0	7151	5060	4	0	2.0595E7
0	7151	5060	4	0	2.0596E7
0	7151	5060	4	0	2.0597E7
0	7151	5060	4	0	2.0598E7
0	7151	5060	4	0	2.0599E7
0	7151	5060	4	0	2.06E7
0	7151	5060	4	0	2.0601E7
0	7151	5060	4	0	2.0602E7
0	7151	5060	4	0	2.0603E7
0	7151	5060	4	1	2.0604E7
0	7150	5058	4	3	2.0605E7
0	7148	5054	4	5	2.0606E7
0	7145	5048	4	7	2.0607E7
0	7141	5041	4	9	2.0608E7
0	7137	5032	4	11	2.0609E7
0	7131	5021	4	13	2.061E7
0	7124	5009	4	13	2.0611E7
0	7118	4997	4	13	2.0612E7
0	7112	4985	4	13	2.0613E7
0	7105	4973	4	12	2.0614E7
0	7100	4963	4	9	2.0615E7
0	7097	4957	4	6	2.0616E7
0	7094	4952	4	3	2.0617E7
0	7093	4950	4	2	2.0618E7
0	7092	4949	4	0	2.0619E7
0	7092	4948	4	0	2.062E7
0	7092	4948	4	0	2.0621E7
0	7092	4948	4	0	2.0622E7
0	7092	4948	4	0	2.0623E7
0	7092	4948	4	0	2.0624E7
0	7092	4948	4	0	2.0625E7
0	7092	4948	4	0	2.0626E7
0	7092	4948	4	0	2.0627E7
0	7092	4948	4	0	2.0628E7
0	7092	4948	4	0	2.0629E7
0	7092	4948	4	0	2.063E7
0	7092	4948	4	0	2.0631E7
0	7092	4948	4	0	2.0632E7
0	7092	4948	4	0	2.0633E7
0	7092	4948	4	0	2.0634E7
0	7092	4948	4	0	2.0635E7
0	7092	4948	4	0	2.0636E7
0	7092	4948	4	0	2.0637E7
0	7092	4948	4	0	2.0638E7
0	7092	4948	4	0	2.0639E7
0	7092	4948	4	0	2.064E7
0	7092	4948	4	0	2.0641E7
0	7091	4947	4	2	2.0642E7
0	7089	4944	4	4	2.0643E7
0	7087	4939	4	6	2.0644E7
0	7084	4932	4	8	2.0645E7
0	7080	4924	4	10	2.0646E7
0	7076	4914	3	11	2.0647E7
0	7071	4902	3	13	2.0648E7
0	7066	4889	3	13	2.0649E7
0	7060	4877	3	13	2.065E7
0	7055	4864	3	13	2.0651E7
0	7050	4851	3	13	2.0652E7
0	7045	4838	3	13	2.0653E7
0	7040	4826	3	13	2.0654E7
0	7035	4813	3	13	2.0655E7
0	7029	4800	3	13	2.0656E7
0	7024	4787	3	13	2.0657E7
0	7019	4775	3	13	2.0658E7
0	7014	4762	3	13	2.0659E7
0	7009	4749	3	13	2.066E7
0	7004	4737	3	13	2.0661E7
0	6999	4726	3	10	2.0662E7
0	6996	4718	3	7	2.0663E7
0	6994	4713	3	4	2.0664E7
0	6993	4710	3	2	2.0665E7
0	6992	4708	3	1	2.0666E7
0	6992	4708	3	0	2.0667E7
0	6992	4707	3	0	2.0668E7
0	6992	4707	3	0	2.0669E7
0	6992	4707	3	0	2.067E7
0	6992	4707	3	0	2.0671E7
0	6992	4707	3	0	2.0672E7
0	6992	4707	3	0	2.0673E7
0	6992	4707	3	0	2.0674E7
0	6992	4707	3	0	2.0675E7
0	6992	4707	3	0	2.0676E7
0	6992	4707	3	0	2.0677E7
0	6992	4707	3	0	2.0678E7
0	6992	4707	3	0	2.0679E7
0	6992	4707	3	0	2.068E7
0	6992	4707	3	0	2.0681E7
0	6992	4707	3	0	2.0682E7
0	6992	4707	3	0	2.0683E7
0	6992	4707	3	0	2.0684E7
0	6992	4707	3	0	2.0685E7
0	6992	4707	3	0	2.0686E7
0	6992	4707	3	0	2.0687E7
0	6992	4707	3	0	2.0688E7
0	6992	4707	3	0	2.0689E7
0	6992	4707	3	0	2.069E7
0	6992	4707	3	0	2.0691E7
0	6992	4707	3	0	2.0692E7
0	6992	4707	3	0	2.0693E7
0	6992	4707	3	0	2.0694E7
0	6992	4707	3	0	2.0695E7
0	6992	4707	3	0	2.0696E7
0	6992	4707	3	0	2.0697E7
0	6992	4707	3	0	2.0698E7
0	6992	4707	3	0	2.0699E7
0	6992	4707	3	0	2.07E7
0	6992	4707	3	0	2.0701E7
0	6991	4706	3	2	2.0702E7
0	6990	4703	3	2	2.0703E7
0	6989	4700	3	1	2.0704E7
0	6988	4697	3	3	2.0705E7
0	6988	4695	3	3	2.0706E7
0	6986	4690	3	5	2.0707E7
0	6985	4685	3	7	2.0708E7
0	6983	4676	3	9	2.0709E7
0	6981	4667	3	10	2.071E7
0	6980	4656	3	11	2.0711E7
0	6978	4645	3	11	2.0712E7
0	6978	4633	3	12	2.0713E7
0	6977	4621	3	12	2.0714E7
0	6977	4608	3	12	2.0715E7
0	6976	4595	3	13	2.0716E7
0	6975	4581	3	13	2.0717E7
0	6975	4568	3	13	2.0718E7
0	6974	4554	3	13	2.0719E7
0	6973	4540	3	13	2.072E7
0	6972	4526	3	13	2.0721E7
0	6972	4513	3	13	2.0722E7
0	6971	4499	3	13	2.0723E7
0	6970	4485	3	13	2.0724E7
0	6969	4472	3	13	2.0725E7
0	6969	4458	3	13	2.0726E7
0	6968	4446	3	10	2.0727E7
0	6968	4438	3	6	2.0728E7
0	6967	4433	3	4	2.0729E7
0	6967	4429	3	2	2.073E7
0	6967	4429	3	0	2.0731E7
0	6967	4429	3	0	2.0732E7
0	6967	4429	3	0	2.0733E7
0	6967	4429	3	0	2.0734E7
0	6967	4429	3	0	2.0735E7
0	6967	4429	3	0	2.0736E7
0	6967	4429	3	0	2.0737E7
0	6967	4429	3	0	2.0738E7
0	6967	4429	3	0	2.0739E7
0	6967	4429	3	0	2.074E7
0	6967	4429	3	0	2.0741E7
0	6967	4429	3	0	2.0742E7
0	6967	4429	3	0	2.0743E7
0	6967	4429	3	0	2.0744E7
0	6967	4429	3	0	2.0745E7
0	6967	4429	3	0	2.0746E7
0	6967	4429	3	0	2.0747E7
0	6967	4429	3	0	2.0748E7
0	6967	4429	3	0	2.0749E7
0	6964	4429	3	0	2.075E7
0	6964	4428	3	2	2.0751E7
0	6964	4424	3	4	2.0752E7
0	6963	4419	3	6	2.0753E7
0	6963	4411	3	7	2.0754E7
0	6962	4405	3	4	2.0755E7
0	6962	4401	3	2	2.0756E7
0	6962	4399	3	1	2.0757E7
0	6962	4399	3	0	2.0758E7
0	6962	4398	3	0	2.0759E7
0	6962	4398	3	0	2.076E7
0	6962	4398	3	0	2.0761E7
0	6962	4398	3	0	2.0762E7
0	6962	4398	3	0	2.0763E7
0	6962	4398	3	0	2.0764E7
0	6962	4398	3	0	2.0765E7
0	6962	4398	3	0	2.0766E7
0	6962	4398	3	0	2.0767E7
0	6962	4398	3	0	2.0768E7
0	6962	4398	3	0	2.0769E7
0	6962	4398	3	0	2.077E7
0	6962	4398	3	0	2.0771E7
0	6962	4398	3	0	2.0772E7
0	6962	4398	3	0	2.0773E7
0	6962	4398	3	0	2.0774E7
0	6962	4398	3	0	2.0775E7
0	6962	4398	3	0	2.0776E7
0	6962	4398	3	0	2.0777E7
0	6962	4398	3	0	2.0778E7
0	6962	4398	3	0	2.0779E7
0	6962	4398	3	0	2.078E7
0	6962	4398	3	0	2.0781E7
0	6962	4398	3	0	2.0782E7
0	6962	4398	3	0	2.0783E7
0	6962	4398	3	0	2.0784E7
0	6962	4398	3	0	2.0785E7
0	6962	4398	3	0	2.0786E7
0	6962	4398	3	0	2.0787E7
0	6962	4398	3	0	2.0788E7
0	6962	4398	3	0	2.0789E7
0	6962	4398	3	0	2.079E7
0	6962	4398	3	0	2.0791E7
0	6962	4397	3	2	2.0792E7
0	6962	4393	3	4	2.0793E7
0	6962	4388	3	6	2.0794E7
0	6962	4380	3	8	2.0795E7
0	6963	4371	3	10	2.0796E7
0	6963	4360	3	11	2.0797E7
0	6964	4347	3	13	2.0798E7
0	6965	4334	3	13	2.0799E7
0	6966	4320	3	13	2.08E7
0	6967	4306	3	13	2.0801E7
0	6968	4293	3	13	2.0802E7
0	6971	4279	3	13	2.0803E7
0	6978	4266	2	13	2.0804E7
0	6990	4261	2	13	2.0805E7
0	7004	4257	1	13	2.0806E7
0	7017	4253	1	13	2.0807E7
0	7030	4249	1	13	2.0808E7
0	7043	4245	1	13	2.0809E7
0	7056	4240	1	13	2.081E7
0	7069	4236	1	12	2.0811E7
0	7079	4232	1	9	2.0812E7
0	7087	4229	1	6	2.0813E7
0	7092	4227	1	4	2.0814E7
0	7095	4225	2	5	2.0815E7
0	7098	4219	2	7	2.0816E7
0	7098	4211	3	9	2.0817E7
0	7098	4200	3	11	2.0818E7
0	7095	4189	3	13	2.0819E7
0	7091	4175	3	15	2.082E7
0	7090	4158	3	17	2.0821E7
0	7085	4141	3	18	2.0822E7
0	7079	4122	3	19	2.0823E7
0	7074	4104	3	19	2.0824E7
0	7069	4085	3	19	2.0825E7
0	7063	4067	3	19	2.0826E7
0	7058	4048	3	19	2.0827E7
0	7052	4030	3	19	2.0828E7
0	7047	4012	3	17	2.0829E7
0	7042	3997	3	14	2.083E7
0	7039	3985	3	10	2.0831E7
0	7036	3977	3	7	2.0832E7
0	7034	3971	3	4	2.0833E7
0	7033	3967	3	2	2.0834E7
0	7033	3966	3	0	2.0835E7
0	7033	3966	3	0	2.0836E7
0	7033	3966	3	0	2.0837E7
0	7033	3966	3	0	2.0838E7
0	7033	3966	3	0	2.0839E7
0	7033	3966	3	0	2.084E7
0	7033	3966	3	0	2.0841E7
0	7033	3966	3	0	2.0842E7
0	7033	3966	3	0	2.0843E7
0	7033	3966	3	0	2.0844E7
0	7033	3966	3	0	2.0845E7
0	7033	3966	3	0	2.0846E7
0	7033	3966	3	0	2.0847E7
0	7033	3966	3	0	2.0848E7
0	7033	3966	3	0	2.0849E7
0	7033	3966	3	0	2.085E7
0	7033	3966	3	0	2.0851E7
0	7033	3966	3	0	2.0852E7
0	7033	3966	3	0	2.0853E7
0	7033	3966	3	0	2.0854E7
0	7033	3965	3	1	2.0855E7
0	7032	3963	3	3	2.0856E7
0	7031	3958	3	5	2.0857E7
0	7028	3951	3	7	2.0858E7
0	7026	3943	3	9	2.0859E7
0	7023	3932	3	11	2.086E7
0	7020	3920	3	13	2.0861E7
0	7017	3906	3	15	2.0862E7
0	7012	3890	3	16	2.0863E7
0	7017	3880	2	13	2.0864E7
0	7030	3877	1	13	2.0865E7
0	7044	3874	1	13	2.0866E7
0	7057	3870	1	13	2.0867E7
0	7070	3867	1	13	2.0868E7
0	7084	3864	1	13	2.0869E7
0	7097	3862	1	13	2.087E7
0	7111	3859	1	13	2.0871E7
0	7124	3857	1	13	2.0872E7
0	7138	3854	1	13	2.0873E7
0	7151	3852	1	13	2.0874E7
0	7165	3850	1	13	2.0875E7
0	7178	3847	1	13	2.0876E7
0	7192	3845	1	13	2.0877E7
0	7205	3842	1	13	2.0878E7
0	7219	3840	1	13	2.0879E7
0	7232	3838	1	13	2.088E7
0	7246	3835	1	13	2.0881E7
0	7260	3833	1	13	2.0882E7
0	7273	3830	1	13	2.0883E7
0	7287	3828	1	13	2.0884E7
0	7300	3825	1	13	2.0885E7
0	7314	3823	1	13	2.0886E7
0	7327	3820	1	13	2.0887E7
0	7341	3818	1	13	2.0888E7
0	7354	3815	1	13	2.0889E7
0	7368	3813	1	13	2.089E7
0	7381	3810	1	13	2.0891E7
0	7395	3808	1	13	2.0892E7
0	7408	3805	1	13	2.0893E7
0	7422	3803	1	13	2.0894E7
0	7435	3800	1	13	2.0895E7
0	7449	3798	1	13	2.0896E7
0	7462	3795	1	13	2.0897E7
0	7476	3793	1	13	2.0898E7
0	7489	3790	1	13	2.0899E7
0	7502	3788	1	13	2.09E7
0	7516	3785	1	13	2.0901E7
0	7529	3783	1	13	2.0902E7
0	7543	3780	1	13	2.0903E7
0	7556	3778	1	13	2.0904E7
0	7570	3775	1	13	2.0905E7
0	7583	3773	1	13	2.0906E7
0	7597	3770	1	13	2.0907E7
0	7610	3767	1	13	2.0908E7
0	7624	3765	1	13	2.0909E7
0	7637	3762	1	13	2.091E7
0	7651	3760	1	13	2.0911E7
0	7664	3757	1	13	2.0912E7
0	7678	3755	1	13	2.0913E7
0	7691	3752	1	13	2.0914E7
0	7705	3749	1	13	2.0915E7
0	7718	3747	1	13	2.0916E7
0	7732	3744	1	13	2.0917E7
0	7745	3741	1	13	2.0918E7
0	7759	3738	1	13	2.0919E7
0	7772	3736	1	13	2.092E7
0	7786	3733	1	13	2.0921E7
0	7799	3730	1	13	2.0922E7
0	7813	3728	1	13	2.0923E7
0	7826	3725	1	13	2.0924E7
0	7839	3722	1	13	2.0925E7
0	7853	3719	1	13	2.0926E7
0	7866	3716	1	13	2.0927E7
0	7878	3713	1	10	2.0928E7
0	7887	3711	1	7	2.0929E7
0	7893	3709	1	4	2.093E7
0	7896	3709	1	2	2.0931E7
0	7898	3708	1	1	2.0932E7
0	7899	3708	1	0	2.0933E7
0	7899	3708	1	0	2.0934E7
0	7900	3708	1	0	2.0935E7
0	7900	3708	1	0	2.0936E7
0	7900	3708	1	0	2.0937E7
0	7900	3708	1	0	2.0938E7
0	7900	3708	1	0	2.0939E7
0	7900	3708	1	0	2.094E7
0	7900	3708	1	0	2.0941E7
0	7900	3708	1	0	2.0942E7
0	7900	3708	1	0	2.0943E7
0	7900	3708	1	0	2.0944E7
0	7900	3708	1	0	2.0945E7
0	7900	3708	1	0	2.0946E7
0	7900	3708	1	0	2.0947E7
0	7900	3708	1	0	2.0948E7
0	7900	3708	1	0	2.0949E7
0	7900	3708	1	0	2.095E7
0	7900	3708	1	0	2.0951E7
0	7900	3708	1	0	2.0952E7
0	7900	3708	1	0	2.0953E7
0	7900	3708	1	0	2.0954E7
0	7900	3708	1	0	2.0955E7
0	7900	3708	1	0	2.0956E7
0	7900	3708	1	0	2.0957E7
0	7900	3708	1	0	2.0958E7
0	7900	3708	1	0	2.0959E7
0	7900	3708	1	0	2.096E7
0	7900	3708	1	0	2.0961E7
0	7901	3708	1	2	2.0962E7
0	7905	3707	1	4	2.0963E7
0	7911	3708	1	6	2.0964E7
0	7918	3707	1	8	2.0965E7
0	7927	3706	1	10	2.0966E7
0	7939	3703	1	12	2.0967E7
0	7952	3701	1	13	2.0968E7
0	7965	3698	1	13	2.0969E7
0	7979	3696	1	13	2.097E7
0	7992	3693	1	13	2.0971E7
0	8006	3691	1	13	2.0972E7
0	8019	3689	1	13	2.0973E7
0	8033	3687	1	13	2.0974E7
0	8046	3685	1	13	2.0975E7
0	8060	3681	1	13	2.0976E7
0	8073	3678	1	13	2.0977E7
0	8086	3674	1	13	2.0978E7
0	8100	3671	1	13	2.0979E7
0	8113	3668	1	13	2.098E7
0	8127	3665	1	13	2.0981E7
0	8140	3662	1	13	2.0982E7
0	8154	3660	1	13	2.0983E7
0	8167	3657	1	13	2.0984E7
0	8181	3655	1	13	2.0985E7
0	8194	3652	1	13	2.0986E7
0	8207	3650	1	11	2.0987E7
0	8216	3648	1	8	2.0988E7
0	8223	3647	1	5	2.0989E7
0	8227	3646	1	3	2.099E7
0	8228	3646	1	0	2.0991E7
0	8228	3646	1	0	2.0992E7
0	8228	3646	1	0	2.0993E7
0	8228	3646	1	0	2.0994E7
0	8228	3646	1	0	2.0995E7
0	8228	3646	1	0	2.0996E7
0	8228	3646	1	0	2.0997E7
0	8228	3646	1	0	2.0998E7
0	8228	3646	1	0	2.0999E7
0	8228	3646	1	0	2.1E7
0	8228	3646	1	0	2.1001E7
0	8228	3646	1	0	2.1002E7
0	8228	3646	1	0	2.1003E7
0	8228	3646	1	0	2.1004E7
0	8228	3646	1	0	2.1005E7
0	8228	3646	1	0	2.1006E7
0	8228	3646	1	0	2.1007E7
0	8228	3646	1	0	2.1008E7
0	8228	3646	1	0	2.1009E7
0	8228	3646	1	0	2.101E7
0	8229	3646	1	1	2.1011E7
0	8231	3645	1	3	2.1012E7
0	8235	3644	1	5	2.1013E7
0	8242	3643	1	7	2.1014E7
0	8250	3640	1	9	2.1015E7
0	8260	3638	1	11	2.1016E7
0	8272	3635	1	13	2.1017E7
0	8286	3631	1	13	2.1018E7
0	8299	3628	1	13	2.1019E7
0	8312	3624	1	13	2.102E7
0	8326	3621	1	13	2.1021E7
0	8339	3617	1	13	2.1022E7
0	8352	3614	1	13	2.1023E7
0	8365	3610	1	13	2.1024E7
0	8379	3606	1	13	2.1025E7
0	8392	3603	1	13	2.1026E7
0	8405	3599	1	13	2.1027E7
0	8418	3595	1	13	2.1028E7
0	8432	3591	1	13	2.1029E7
0	8445	3587	1	13	2.103E7
0	8458	3583	1	13	2.1031E7
0	8471	3579	1	13	2.1032E7
0	8484	3575	1	13	2.1033E7
0	8497	3571	1	13	2.1034E7
0	8510	3567	1	13	2.1035E7
0	8523	3563	1	13	2.1036E7
0	8537	3558	1	13	2.1037E7
0	8547	3555	1	9	2.1038E7
0	8555	3552	1	6	2.1039E7
0	8560	3550	1	4	2.104E7
0	8563	3549	1	1	2.1041E7
0	8564	3549	1	0	2.1042E7
0	8564	3549	1	0	2.1043E7
0	8564	3549	1	0	2.1044E7
0	8564	3549	1	0	2.1045E7
0	8564	3549	1	0	2.1046E7
0	8564	3549	1	0	2.1047E7
0	8564	3549	1	0	2.1048E7
0	8564	3549	1	0	2.1049E7
0	8564	3549	1	0	2.105E7
0	8564	3549	1	0	2.1051E7
0	8564	3549	1	0	2.1052E7
0	8564	3549	1	0	2.1053E7
0	8564	3549	1	0	2.1054E7
0	8564	3549	1	0	2.1055E7
0	8564	3549	1	0	2.1056E7
0	8564	3549	1	0	2.1057E7
0	8564	3549	1	0	2.1058E7
0	8564	3549	1	0	2.1059E7
0	8564	3549	1	0	2.106E7
0	8564	3549	1	0	2.1061E7
0	8565	3549	1	2	2.1062E7
0	8569	3547	1	4	2.1063E7
0	8574	3546	1	6	2.1064E7
0	8581	3543	1	8	2.1065E7
0	8590	3540	1	10	2.1066E7
0	8600	3536	1	12	2.1067E7
0	8613	3532	1	13	2.1068E7
0	8626	3527	1	13	2.1069E7
0	8639	3523	1	13	2.107E7
0	8652	3518	1	13	2.1071E7
0	8664	3513	1	13	2.1072E7
0	8677	3508	1	13	2.1073E7
0	8690	3503	1	13	2.1074E7
0	8703	3498	1	13	2.1075E7
0	8716	3493	1	13	2.1076E7
0	8728	3488	1	13	2.1077E7
0	8741	3483	1	13	2.1078E7
0	8754	3477	2	13	2.1079E7
0	8766	3472	2	13	2.108E7
0	8779	3466	2	13	2.1081E7
0	8791	3460	2	13	2.1082E7
0	8804	3455	2	13	2.1083E7
0	8816	3449	2	13	2.1084E7
0	8829	3443	2	13	2.1085E7
0	8842	3438	2	13	2.1086E7
0	8854	3432	2	13	2.1087E7
0	8866	3426	2	13	2.1088E7
0	8878	3420	2	13	2.1089E7
0	8891	3414	2	13	2.109E7
0	8903	3408	2	13	2.1091E7
0	8915	3402	2	13	2.1092E7
0	8928	3396	2	13	2.1093E7
0	8940	3391	2	13	2.1094E7
0	8953	3385	2	13	2.1095E7
0	8965	3378	2	13	2.1096E7
0	8977	3372	2	13	2.1097E7
0	8989	3365	2	13	2.1098E7
0	9001	3359	2	12	2.1099E7
0	9010	3354	2	8	2.11E7
0	9017	3351	2	6	2.1101E7
0	9021	3348	2	3	2.1102E7
0	9023	3347	2	0	2.1103E7
0	9023	3347	2	0	2.1104E7
0	9023	3347	2	0	2.1105E7
0	9023	3347	2	0	2.1106E7
0	9023	3347	2	0	2.1107E7
0	9023	3347	2	0	2.1108E7
0	9023	3347	2	0	2.1109E7
0	9023	3347	2	0	2.111E7
0	9023	3347	2	0	2.1111E7
0	9023	3347	2	0	2.1112E7
0	9023	3347	2	0	2.1113E7
0	9023	3347	2	0	2.1114E7
0	9023	3347	2	0	2.1115E7
0	9023	3347	2	0	2.1116E7
0	9023	3347	2	0	2.1117E7
0	9023	3347	2	0	2.1118E7
0	9023	3347	2	0	2.1119E7
0	9023	3347	2	0	2.112E7
0	9023	3347	2	0	2.1121E7
0	9023	3347	2	0	2.1122E7
0	9023	3347	2	0	2.1123E7
0	9025	3346	2	2	2.1124E7
0	9028	3344	2	4	2.1125E7
0	9033	3341	2	6	2.1126E7
0	9040	3337	2	8	2.1127E7
0	9048	3333	2	10	2.1128E7
0	9059	3327	2	12	2.1129E7
0	9071	3320	2	13	2.113E7
0	9083	3314	2	13	2.1131E7
0	9095	3307	2	13	2.1132E7
0	9107	3300	2	13	2.1133E7
0	9118	3293	2	13	2.1134E7
0	9130	3286	2	13	2.1135E7
0	9142	3279	2	13	2.1136E7
0	9154	3272	2	13	2.1137E7
0	9166	3265	2	13	2.1138E7
0	9177	3257	2	13	2.1139E7
0	9189	3250	2	13	2.114E7
0	9201	3243	2	13	2.1141E7
0	9213	3236	2	13	2.1142E7
0	9224	3229	2	13	2.1143E7
0	9236	3221	2	13	2.1144E7
0	9247	3213	2	13	2.1145E7
0	9258	3205	2	13	2.1146E7
0	9269	3197	2	13	2.1147E7
0	9280	3189	2	13	2.1148E7
0	9292	3181	2	13	2.1149E7
0	9303	3173	2	13	2.115E7
0	9314	3165	2	13	2.1151E7
0	9325	3157	2	13	2.1152E7
0	9336	3149	2	13	2.1153E7
0	9347	3141	2	13	2.1154E7
0	9359	3133	2	13	2.1155E7
0	9370	3125	2	13	2.1156E7
0	9381	3116	2	13	2.1157E7
0	9392	3108	2	13	2.1158E7
0	9403	3100	2	13	2.1159E7
0	9414	3091	2	13	2.116E7
0	9424	3083	2	13	2.1161E7
0	9435	3074	2	13	2.1162E7
0	9446	3066	2	13	2.1163E7
0	9457	3057	2	13	2.1164E7
0	9467	3048	2	13	2.1165E7
0	9478	3040	2	13	2.1166E7
0	9489	3031	2	13	2.1167E7
0	9499	3022	2	13	2.1168E7
0	9510	3013	2	13	2.1169E7
0	9520	3005	2	13	2.117E7
0	9531	2996	2	13	2.1171E7
0	9539	2988	2	9	2.1172E7
0	9546	2983	2	6	2.1173E7
0	9550	2980	2	4	2.1174E7
0	9552	2978	2	1	2.1175E7
0	9552	2977	2	0	2.1176E7
0	9552	2977	2	0	2.1177E7
0	9552	2977	2	0	2.1178E7
0	9552	2977	2	0	2.1179E7
0	9552	2977	2	0	2.118E7
0	9552	2977	2	0	2.1181E7
0	9552	2977	2	0	2.1182E7
0	9552	2977	2	0	2.1183E7
0	9552	2977	2	0	2.1184E7
0	9552	2977	2	0	2.1185E7
0	9552	2977	2	0	2.1186E7
0	9552	2977	2	0	2.1187E7
0	9552	2977	2	0	2.1188E7
0	9552	2977	2	0	2.1189E7
0	9552	2977	2	0	2.119E7
0	9552	2977	2	0	2.1191E7
0	9552	2977	2	0	2.1192E7
0	9552	2977	2	0	2.1193E7
0	9552	2977	2	0	2.1194E7
0	9552	2977	2	0	2.1195E7
0	9554	2976	2	2	2.1196E7
0	9556	2974	2	4	2.1197E7
0	9561	2970	2	6	2.1198E7
0	9566	2965	2	8	2.1199E7
0	9573	2959	2	7	2.12E7
0	9578	2955	2	5	2.1201E7
0	9583	2950	2	7	2.1202E7
0	9590	2945	2	9	2.1203E7
0	9597	2937	2	11	2.1204E7
0	9607	2929	2	13	2.1205E7
0	9617	2920	2	13	2.1206E7
0	9628	2911	2	13	2.1207E7
0	9638	2902	2	13	2.1208E7
0	9648	2893	2	13	2.1209E7
0	9659	2884	2	13	2.121E7
0	9669	2875	2	13	2.1211E7
0	9679	2866	2	13	2.1212E7
0	9689	2856	2	13	2.1213E7
0	9700	2847	2	13	2.1214E7
0	9710	2839	2	13	2.1215E7
0	9721	2830	2	13	2.1216E7
0	9732	2821	2	13	2.1217E7
0	9742	2812	2	13	2.1218E7
0	9752	2803	2	13	2.1219E7
0	9763	2794	2	13	2.122E7
0	9773	2785	2	13	2.1221E7
0	9783	2776	2	13	2.1222E7
0	9794	2767	2	13	2.1223E7
0	9804	2758	2	13	2.1224E7
0	9815	2749	2	13	2.1225E7
0	9825	2740	2	13	2.1226E7
0	9836	2731	2	13	2.1227E7
0	9846	2722	2	13	2.1228E7
0	9857	2714	2	13	2.1229E7
0	9867	2705	2	13	2.123E7
0	9877	2696	2	13	2.1231E7
0	9888	2687	2	13	2.1232E7
0	9898	2678	2	13	2.1233E7
0	9908	2669	2	13	2.1234E7
0	9919	2660	2	12	2.1235E7
0	9927	2652	2	9	2.1236E7
0	9933	2647	2	6	2.1237E7
0	9937	2644	2	4	2.1238E7
0	9939	2642	2	1	2.1239E7
0	9939	2642	2	0	2.124E7
0	9939	2642	2	0	2.1241E7
0	9939	2642	2	0	2.1242E7
0	9939	2642	2	0	2.1243E7
0	9939	2642	2	0	2.1244E7
0	9939	2642	2	0	2.1245E7
0	9939	2642	2	0	2.1246E7
0	9939	2642	2	0	2.1247E7
0	9939	2642	2	0	2.1248E7
0	9939	2642	2	0	2.1249E7
0	9939	2642	2	0	2.125E7
0	9939	2642	2	0	2.1251E7
0	9939	2642	2	0	2.1252E7
0	9939	2642	2	0	2.1253E7
0	9939	2642	2	0	2.1254E7
0	9939	2642	2	0	2.1255E7
0	9939	2642	2	0	2.1256E7
0	9939	2642	2	0	2.1257E7
0	9939	2642	2	0	2.1258E7
0	9939	2642	2	0	2.1259E7
0	9940	2641	2	2	2.126E7
0	9943	2638	2	4	2.1261E7
0	9947	2634	2	6	2.1262E7
0	9953	2629	2	8	2.1263E7
0	9960	2623	2	10	2.1264E7
0	9968	2615	2	12	2.1265E7
0	9978	2606	2	13	2.1266E7
0	9989	2597	2	13	2.1267E7
0	9999	2588	2	13	2.1268E7
0	10008	2579	2	13	2.1269E7
0	10019	2570	2	13	2.127E7
0	10029	2561	2	13	2.1271E7
0	10040	2552	2	13	2.1272E7
0	10050	2543	2	13	2.1273E7
0	10060	2534	2	13	2.1274E7
0	10071	2525	2	13	2.1275E7
0	10081	2516	2	13	2.1276E7
0	10091	2507	2	13	2.1277E7
0	10102	2498	2	13	2.1278E7
0	10112	2489	2	13	2.1279E7
0	10122	2480	2	13	2.128E7
0	10133	2471	2	13	2.1281E7
0	10143	2462	2	13	2.1282E7
0	10154	2453	2	13	2.1283E7
0	10164	2444	2	13	2.1284E7
0	10174	2435	2	13	2.1285E7
0	10185	2426	2	13	2.1286E7
0	10195	2417	2	13	2.1287E7
0	10206	2408	2	13	2.1288E7
0	10216	2399	2	13	2.1289E7
0	10226	2390	2	13	2.129E7
0	10237	2381	2	13	2.1291E7
0	10246	2373	2	10	2.1292E7
0	10252	2368	2	7	2.1293E7
0	10257	2364	2	4	2.1294E7
0	10259	2362	2	2	2.1295E7
0	10261	2360	2	1	2.1296E7
0	10261	2360	2	0	2.1297E7
0	10262	2360	2	0	2.1298E7
0	10262	2360	2	0	2.1299E7
0	10262	2360	2	0	2.13E7
0	10262	2360	2	0	2.1301E7
0	10262	2360	2	0	2.1302E7
0	10262	2360	2	0	2.1303E7
0	10262	2360	2	0	2.1304E7
0	10262	2360	2	0	2.1305E7
0	10262	2360	2	0	2.1306E7
0	10262	2360	2	0	2.1307E7
0	10260	2357	2	1	2.1308E7
0	10262	2355	2	3	2.1309E7
0	10266	2352	2	4	2.131E7
0	10268	2349	2	2	2.1311E7
0	10270	2348	2	1	2.1312E7
0	10271	2348	2	0	2.1313E7
0	10271	2347	2	0	2.1314E7
0	10271	2347	2	0	2.1315E7
0	10271	2347	2	0	2.1316E7
0	10271	2347	2	0	2.1317E7
0	10271	2347	2	0	2.1318E7
0	10271	2347	2	0	2.1319E7
0	10271	2347	2	0	2.132E7
0	10271	2347	2	0	2.1321E7
0	10271	2347	2	0	2.1322E7
0	10271	2347	2	0	2.1323E7
0	10271	2347	2	0	2.1324E7
0	10271	2347	2	0	2.1325E7
0	10271	2347	2	0	2.1326E7
0	10271	2347	2	0	2.1327E7
0	10271	2347	2	0	2.1328E7
0	10271	2347	2	0	2.1329E7
0	10271	2347	2	0	2.133E7
0	10271	2347	2	0	2.1331E7
0	10272	2346	2	2	2.1332E7
0	10275	2344	2	4	2.1333E7
0	10280	2340	2	7	2.1334E7
0	10286	2334	2	9	2.1335E7
0	10294	2328	2	11	2.1336E7
0	10305	2321	2	13	2.1337E7
0	10315	2312	2	13	2.1338E7
0	10324	2304	2	9	2.1339E7
0	10330	2299	2	6	2.134E7
0	10334	2296	2	4	2.1341E7
0	10336	2294	2	1	2.1342E7
0	10336	2293	2	0	2.1343E7
0	10336	2293	2	0	2.1344E7
0	10336	2293	2	0	2.1345E7
0	10336	2293	2	0	2.1346E7
0	10336	2293	2	0	2.1347E7
0	10336	2293	2	0	2.1348E7
0	10336	2293	2	0	2.1349E7
0	10336	2293	2	0	2.135E7
0	10336	2293	2	0	2.1351E7
0	10336	2293	2	0	2.1352E7
0	10336	2293	2	0	2.1353E7
0	10336	2293	2	0	2.1354E7
0	10336	2293	2	0	2.1355E7
0	10336	2293	2	0	2.1356E7
0	10336	2293	2	0	2.1357E7
0	10336	2293	2	0	2.1358E7
0	10336	2293	2	0	2.1359E7
0	10336	2293	2	0	2.136E7
0	10336	2293	2	0	2.1361E7
0	10336	2293	2	0	2.1362E7
0	10337	2292	2	2	2.1363E7
0	10340	2290	2	4	2.1364E7
0	10344	2287	2	6	2.1365E7
0	10349	2282	2	8	2.1366E7
0	10356	2276	2	9	2.1367E7
0	10365	2269	2	12	2.1368E7
0	10375	2260	2	13	2.1369E7
0	10385	2251	2	13	2.137E7
