1.6299004857321039E7
1.6299004857322162E7
1.6299006E7
1.6299016E7
1.6299026E7
1.6299036E7
1.6299046E7
1.6299056E7
1.6299066E7
1.6299076E7
1.6299086E7
1.6299096E7
1.6299106E7
1.6299116E7
1.6299126E7
1.6299136E7
1.6299146E7
1.6299156E7
1.6299166E7
1.6299176E7
1.6299186E7
1.6299196E7
1.6299206E7
1.6299216E7
1.6299226E7
1.6299236E7
1.6299246E7
1.6299256E7
1.6299266E7
1.6299276E7
1.6299286E7
1.6299296E7
1.6299306E7
1.6299316E7
1.6299326E7
1.6299336E7
1.6299346E7
1.6299356E7
1.6299366E7
1.6299376E7
1.6299386E7
1.6299396E7
1.6299406E7
1.6299416E7
1.6299426E7
1.6299436E7
1.6299446E7
1.6299456E7
1.6299466E7
1.6299476E7
1.6299486E7
1.6299496E7
1.6299506E7
1.6299516E7
1.6299526E7
1.6299536E7
1.6299546E7
1.6299556E7
1.6299566E7
1.6299576E7
1.6299586E7
1.6299596E7
1.6299606E7
1.6299616E7
1.6299626E7
1.6299636E7
1.6299646E7
1.6299656E7
1.6299666E7
1.6299676E7
1.6299686E7
1.6299696E7
1.6299706E7
1.6299716E7
1.6299726E7
1.6299736E7
1.6299746E7
1.6299756E7
1.6299766E7
1.6299776E7
1.6299786E7
1.6299796E7
1.6299806E7
1.6299816E7
1.6299826E7
1.6299836E7
1.6299840761217143E7
1.6299840761218267E7
1.6299846E7
1.6299856E7
1.6299866E7
1.6299876E7
1.6299886E7
1.6299896E7
1.6299906E7
1.6299916E7
1.6299926E7
1.6299936E7
1.6299946E7
1.6299956E7
1.6299966E7
1.6299976E7
1.6299986E7
1.6299996E7
1.6300006E7
1.6300016E7
1.6300026E7
1.6300036E7
1.6300046E7
1.6300056E7
1.6300066E7
1.6300076E7
1.6300086E7
1.6300096E7
1.6300106E7
1.6504006E7
1.650400901363703E7
1.6504009013638154E7
1.6504016E7
1.6504026E7
1.6504036E7
1.6504046E7
1.6504056E7
1.6504066E7
1.6504076E7
1.6504086E7
1.6504096E7
1.6504106E7
1.6504116E7
1.6504126E7
1.6504136E7
1.6504146E7
1.6504156E7
1.6504166E7
1.6504176E7
1.6504186E7
1.6504196E7
1.6504206E7
1.6504216E7
1.6504226E7
1.6504236E7
1.6504246E7
1.6504256E7
1.6504266E7
1.6504276E7
1.6504286E7
1.6504296E7
1.6504306E7
1.6504316E7
1.6504326E7
1.6504336E7
1.6504346E7
1.6504356E7
1.6504366E7
1.6504376E7
1.6504386E7
1.6504396E7
1.6504406E7
1.6504416E7
1.6504426E7
1.6504436E7
1.6504446E7
1.6504456E7
1.6504466E7
1.6504476E7
1.6504486E7
1.6504496E7
1.6504506E7
1.6504516E7
1.6504526E7
1.6504536E7
1.6504546E7
1.6504556E7
1.6504566E7
1.6504576E7
1.6504586E7
1.6504596E7
1.6504606E7
1.6504616E7
1.6504626E7
1.6504636E7
1.6504646E7
1.6504656E7
1.6504666E7
1.6504676E7
1.6504686E7
1.6504696E7
1.6504706E7
1.6504716E7
1.6504719247062948E7
1.650471924706407E7
1.6504726E7
1.6504736E7
1.6504746E7
1.6504756E7
1.6504766E7
1.6504776E7
1.6504786E7
1.6504796E7
1.6504806E7
1.6504816E7
1.6504826E7
1.6504836E7
1.6504846E7
1.6504856E7
1.6504866E7
1.6504876E7
1.6504886E7
1.6504896E7
1.6504906E7
1.6504916E7
1.6504926E7
1.6504936E7
1.6504946E7
1.6504956E7
1.6504966E7
1.6606006E7
1.6606016E7
1.6606026E7
1.6606036E7
1.6606046E7
1.6606056E7
1.6606066E7
1.6606076E7
1.6606086E7
1.6606096E7
1.6606106E7
1.6606116E7
1.6606126E7
1.6606136E7
1.6606146E7
1.6606156E7
1.6606166E7
1.6606176E7
1.6606186E7
1.6606196E7
1.6606206E7
1.6606216E7
1.6606226E7
1.6606236E7
1.6606246E7
1.6606256E7
1.6606266E7
1.6606276E7
1.6606286E7
1.6606296E7
1.6606306E7
1.6606316E7
1.6606326E7
1.6606336E7
1.6606346E7
1.6606356E7
1.6606366E7
1.6606376E7
1.6606386E7
1.6606396E7
1.6606406E7
1.6606416E7
1.6606426E7
1.6606436E7
1.6606446E7
1.6606456E7
1.6606466E7
1.6606476E7
1.6606486E7
1.6606496E7
1.6606506E7
1.6606516E7
1.6606526E7
1.6606536E7
1.6606546E7
1.6606556E7
1.6606566E7
1.6606576E7
1.6606586E7
1.6606596E7
1.6606606E7
1.6606616E7
1.6606626E7
1.6606636E7
1.6606646E7
1.6606656E7
1.6606666E7
1.6606676E7
1.6606686E7
1.6606696E7
1.6606706E7
1.6606716E7
1.6606726E7
1.6606736E7
1.6606746E7
1.6606756E7
1.6606766E7
1.6606776E7
1.6606786E7
1.6606796E7
1.6606806E7
1.6606816E7
1.6606826E7
1.6606836E7
1.6606846E7
1.6606856E7
1.6606866E7
1.6606876E7
1.6606886E7
1.6606896E7
1.6606906E7
1.6606916E7
1.6606926E7
1.6606936E7
1.6606946E7
1.6606956E7
1.6606966E7
1.6606976E7
1.6606986E7
1.6606996E7
1.6607006E7
1.6607016E7
1.6607026E7
1.6607036E7
1.680100329109619E7
1.6801006E7
1.6801016E7
1.6801026E7
1.6801036E7
1.6801046E7
1.6801056E7
1.6801066E7
1.6801076E7
1.6801086E7
1.6801096E7
1.6801106E7
1.6801116E7
1.6801126E7
1.6801136E7
1.6801146E7
1.6801156E7
1.6801166E7
1.6801176E7
1.6801186E7
1.6801196E7
1.6801206E7
1.6801216E7
1.6801226E7
1.6801236E7
1.6801246E7
1.6801256E7
1.6801266E7
1.6801276E7
1.6801286E7
1.6801296E7
1.6801306E7
1.6801316E7
1.6801326E7
1.6801336E7
1.6801346E7
1.6801356E7
1.6801366E7
1.6801376E7
1.6801386E7
1.6801396E7
1.6801406E7
1.6801416E7
1.6801426E7
1.6801436E7
1.6801446E7
1.6801456E7
1.6801466E7
1.6801476E7
1.6801486E7
1.6801496E7
1.6801506E7
1.6801516E7
1.6801526E7
1.6801536E7
1.6801546E7
1.6801556E7
1.6801566E7
1.6801576E7
1.6801586E7
1.6801596E7
1.6801606E7
1.6801616E7
1.6801626E7
1.6801636E7
1.6801646E7
1.6801656E7
1.6801666E7
1.6801676E7
1.6801686E7
1.6801696E7
1.6801706E7
1.6801716E7
1.6801726E7
1.6801736E7
1.6801746E7
1.6801756E7
1.6801766E7
1.6801776E7
1.6801786E7
1.6801796E7
1.6801806E7
1.6801816E7
1.6801826E7
1.6801836E7
1.6801846E7
1.6801856E7
1.6801866E7
1.6801876E7
1.6801886E7
1.6801896E7
1.6801906E7
1.6801916E7
1.6801926E7
1.6801936E7
1.6801946E7
1.6801956E7
1.6806002628069382E7
1.6806006E7
1.6806016E7
1.6806026E7
1.6806036E7
1.6806046E7
1.6806056E7
1.6806066E7
1.6806076E7
1.6806086E7
1.6806096E7
1.6806106E7
1.6806116E7
1.6806126E7
1.6806136E7
1.6806146E7
1.6806156E7
1.6806166E7
1.6806176E7
1.6806186E7
1.6806196E7
1.6806206E7
1.6806216E7
1.6806226E7
1.6806236E7
1.6806246E7
1.6806256E7
1.6806266E7
1.6806276E7
1.6806286E7
1.6806296E7
1.6806306E7
1.6806316E7
1.6806326E7
1.6806336E7
1.6806346E7
1.6806356E7
1.6806366E7
1.6806376E7
1.6806386E7
1.6806396E7
1.6806406E7
1.6806416E7
1.6806426E7
1.6806436E7
1.6806446E7
1.6806456E7
1.6806466E7
1.6806476E7
1.6806486E7
1.6806496E7
1.6806506E7
1.6806516E7
1.6806526E7
1.6806536E7
1.6806546E7
1.6806556E7
1.6806566E7
1.6806576E7
1.6806586E7
1.6806596E7
1.6806606E7
1.6806616E7
1.6806626E7
1.6806636E7
1.6806646E7
1.6806656E7
1.6806666E7
1.6806676E7
1.6806686E7
1.6806696E7
1.6806706E7
1.6806716E7
1.6806726E7
1.6806736E7
1.6806746E7
1.6806756E7
1.6806766E7
1.6806776E7
1.6806786E7
1.6806796E7
1.6806806E7
1.6806816E7
1.6806826E7
1.6806836E7
1.6806846E7
1.6806856E7
1.6806866E7
1.6806876E7
1.6806886E7
1.6806896E7
1.6806906E7
1.6806916E7
1.6806926E7
1.6806936E7
1.6806946E7
1.6806956E7
1.7123002785320736E7
1.7123006E7
1.7123016E7
1.7123026E7
1.7123036E7
1.7123046E7
1.7123056E7
1.7123066E7
1.7123076E7
1.7123086E7
1.7123096E7
1.7123106E7
1.7123116E7
1.7123126E7
1.7123136E7
1.7123146E7
1.7123156E7
1.7123166E7
1.7123176E7
1.7123186E7
1.7123196E7
1.7123206E7
1.7123216E7
1.7123226E7
1.7123236E7
1.7123246E7
1.7123256E7
1.7123266E7
1.7123276E7
1.7123286E7
1.7123296E7
1.7123306E7
1.7123316E7
1.7123326E7
1.7123336E7
1.7123346E7
1.7123356E7
1.7123366E7
1.7123376E7
1.7123386E7
1.7123396E7
1.7123406E7
1.7123416E7
1.7123426E7
1.7123436E7
1.7123446E7
1.7123456E7
1.7123466E7
1.7123476E7
1.7123486E7
1.7123496E7
1.7123506E7
1.7123516E7
1.7123526E7
1.7123536E7
1.7123546E7
1.7123556E7
1.7123566E7
1.7123576E7
1.7123586E7
1.7123596E7
1.7123606E7
1.7123616E7
1.7123626E7
1.7123636E7
1.7123646E7
1.7123656E7
1.7123666E7
1.7123676E7
1.7123686E7
1.7123696E7
1.7123706E7
1.7123716E7
1.7123726E7
1.7123736E7
1.7123746E7
1.7123756E7
1.7123766E7
1.7123776E7
1.7123786E7
1.7123796E7
1.7123806E7
1.7123816E7
1.7123826E7
1.7123836E7
1.7123846E7
1.7123856E7
1.7123866E7
1.7123876E7
1.7123886E7
1.7123896E7
1.7123906E7
1.7123916E7
1.7123926E7
1.7123936E7
1.7123946E7
1.7123956E7
1.7123966E7
1.7123976E7
