0	11181	3556	5	0	0.0
0	11181	3556	5	0	1.8057E7
0	11180	3556	5	2	1.8058E7
0	11177	3557	5	3	1.8059E7
0	11172	3558	5	5	1.806E7
0	11166	3561	5	7	1.8061E7
0	11157	3563	5	9	1.8062E7
0	11148	3566	5	9	1.8063E7
0	11139	3569	5	9	1.8064E7
0	11130	3573	5	9	1.8065E7
0	11121	3576	5	9	1.8066E7
0	11112	3579	5	9	1.8067E7
0	11103	3581	5	9	1.8068E7
0	11094	3584	5	9	1.8069E7
0	11085	3587	5	9	1.807E7
0	11076	3591	5	9	1.8071E7
0	11069	3593	5	6	1.8072E7
0	11064	3595	5	4	1.8073E7
0	11062	3596	5	1	1.8074E7
0	11061	3596	5	0	1.8075E7
0	11061	3596	5	0	1.8076E7
0	11061	3596	5	0	1.8077E7
0	11061	3596	5	0	1.8078E7
0	11061	3596	5	0	1.8079E7
0	11061	3596	5	0	1.808E7
0	11061	3596	5	0	1.8081E7
0	11061	3596	5	0	1.8082E7
0	11061	3596	5	0	1.8083E7
0	11061	3596	5	0	1.8084E7
0	11061	3596	5	0	1.8085E7
0	11061	3596	5	0	1.8086E7
0	11061	3596	5	0	1.8087E7
0	11061	3596	5	0	1.8088E7
0	11061	3596	5	0	1.8089E7
0	11061	3596	5	0	1.809E7
0	11061	3596	5	0	1.8091E7
0	11061	3596	5	0	1.8092E7
0	11061	3596	5	0	1.8093E7
0	11061	3596	5	0	1.8094E7
0	11060	3596	5	2	1.8095E7
0	11056	3597	5	4	1.8096E7
0	11051	3599	5	6	1.8097E7
0	11044	3601	5	8	1.8098E7
0	11035	3604	5	9	1.8099E7
0	11026	3607	5	9	1.81E7
0	11017	3610	5	9	1.8101E7
0	11008	3613	5	9	1.8102E7
0	10999	3616	5	9	1.8103E7
0	10990	3619	5	9	1.8104E7
0	10981	3622	5	9	1.8105E7
0	10972	3625	5	9	1.8106E7
0	10963	3628	5	9	1.8107E7
0	10954	3631	5	9	1.8108E7
0	10945	3634	5	9	1.8109E7
0	10936	3637	5	9	1.811E7
0	10927	3640	5	9	1.8111E7
0	10918	3643	5	9	1.8112E7
0	10909	3646	5	9	1.8113E7
0	10900	3649	5	9	1.8114E7
0	10891	3652	5	9	1.8115E7
0	10882	3655	5	9	1.8116E7
0	10873	3658	5	9	1.8117E7
0	10864	3661	5	9	1.8118E7
0	10855	3664	5	9	1.8119E7
0	10846	3667	5	9	1.812E7
0	10838	3670	5	9	1.8121E7
0	10829	3673	5	9	1.8122E7
0	10820	3676	5	9	1.8123E7
0	10811	3679	5	9	1.8124E7
0	10802	3682	5	9	1.8125E7
0	10793	3685	5	9	1.8126E7
0	10784	3688	5	9	1.8127E7
0	10775	3691	5	9	1.8128E7
0	10766	3694	5	9	1.8129E7
0	10757	3697	5	9	1.813E7
0	10748	3700	5	9	1.8131E7
0	10739	3703	5	9	1.8132E7
0	10730	3706	5	9	1.8133E7
0	10721	3709	5	9	1.8134E7
0	10712	3712	5	9	1.8135E7
0	10703	3715	5	9	1.8136E7
0	10694	3718	5	9	1.8137E7
0	10685	3721	5	9	1.8138E7
0	10676	3724	5	9	1.8139E7
0	10667	3727	5	9	1.814E7
0	10658	3730	5	9	1.8141E7
0	10649	3733	5	9	1.8142E7
0	10640	3734	5	9	1.8143E7
0	10639	3725	3	9	1.8144E7
0	10638	3715	3	9	1.8145E7
0	10637	3706	3	9	1.8146E7
0	10637	3697	3	9	1.8147E7
0	10636	3687	3	9	1.8148E7
0	10635	3678	3	9	1.8149E7
0	10634	3668	3	9	1.815E7
0	10633	3659	3	8	1.8151E7
0	10633	3652	3	5	1.8152E7
0	10632	3648	3	3	1.8153E7
0	10630	3644	3	6	1.8154E7
0	10623	3642	4	8	1.8155E7
0	10614	3641	5	9	1.8156E7
0	10605	3639	5	9	1.8157E7
0	10595	3638	5	9	1.8158E7
0	10586	3637	5	9	1.8159E7
0	10577	3635	5	9	1.816E7
0	10567	3634	5	9	1.8161E7
0	10558	3633	5	9	1.8162E7
0	10549	3631	5	9	1.8163E7
0	10540	3628	5	9	1.8164E7
0	10531	3624	4	9	1.8165E7
0	10523	3620	4	9	1.8166E7
0	10515	3614	4	9	1.8167E7
0	10509	3607	4	9	1.8168E7
0	10503	3600	4	7	1.8169E7
0	10500	3595	4	4	1.817E7
0	10498	3593	4	2	1.8171E7
0	10498	3592	4	0	1.8172E7
0	10498	3592	4	0	1.8173E7
0	10498	3592	4	0	1.8174E7
0	10498	3592	4	0	1.8175E7
0	10498	3592	4	0	1.8176E7
0	10498	3592	4	0	1.8177E7
0	10498	3592	4	0	1.8178E7
0	10498	3592	4	0	1.8179E7
0	10498	3592	4	0	1.818E7
0	10498	3592	4	0	1.8181E7
0	10498	3592	4	0	1.8182E7
0	10498	3592	4	0	1.8183E7
0	10498	3592	4	0	1.8184E7
0	10498	3592	4	0	1.8185E7
0	10498	3592	4	0	1.8186E7
0	10498	3592	4	0	1.8187E7
0	10498	3592	4	0	1.8188E7
0	10498	3592	4	0	1.8189E7
0	10498	3592	4	0	1.819E7
0	10498	3592	4	0	1.8191E7
0	10497	3591	4	2	1.8192E7
0	10495	3589	4	4	1.8193E7
0	10492	3584	4	6	1.8194E7
0	10488	3579	4	7	1.8195E7
0	10483	3572	4	8	1.8196E7
0	10479	3566	4	5	1.8197E7
0	10477	3563	4	3	1.8198E7
0	10473	3561	4	6	1.8199E7
0	10466	3564	5	8	1.82E7
0	10459	3569	6	9	1.8201E7
0	10451	3574	6	9	1.8202E7
0	10443	3579	6	9	1.8203E7
0	10435	3584	6	9	1.8204E7
0	10427	3590	6	9	1.8205E7
0	10419	3595	6	9	1.8206E7
0	10411	3600	6	9	1.8207E7
0	10403	3605	6	9	1.8208E7
0	10396	3611	6	9	1.8209E7
0	10388	3616	6	9	1.821E7
0	10380	3621	6	7	1.8211E7
0	10375	3624	6	4	1.8212E7
0	10372	3627	6	4	1.8213E7
0	10369	3631	6	6	1.8214E7
0	10368	3639	7	8	1.8215E7
0	10367	3648	7	9	1.8216E7
0	10366	3658	7	9	1.8217E7
0	10364	3667	7	9	1.8218E7
0	10363	3676	7	9	1.8219E7
0	10362	3686	7	9	1.822E7
0	10361	3695	7	9	1.8221E7
0	10359	3705	7	9	1.8222E7
0	10358	3714	7	9	1.8223E7
0	10359	3723	7	9	1.8224E7
0	10362	3732	7	9	1.8225E7
0	10365	3741	7	9	1.8226E7
0	10368	3750	7	9	1.8227E7
0	10370	3759	7	9	1.8228E7
0	10373	3768	7	9	1.8229E7
0	10376	3778	7	9	1.823E7
0	10379	3787	7	9	1.8231E7
0	10382	3796	7	9	1.8232E7
0	10384	3804	7	7	1.8233E7
0	10386	3810	7	4	1.8234E7
0	10387	3813	7	4	1.8235E7
0	10388	3819	7	6	1.8236E7
0	10382	3822	6	8	1.8237E7
0	10373	3826	6	9	1.8238E7
0	10365	3829	5	9	1.8239E7
0	10356	3832	5	9	1.824E7
0	10347	3835	5	9	1.8241E7
0	10338	3838	5	9	1.8242E7
0	10329	3841	5	8	1.8243E7
0	10322	3843	5	5	1.8244E7
0	10318	3845	5	3	1.8245E7
0	10317	3845	5	0	1.8246E7
0	10317	3845	5	0	1.8247E7
0	10317	3845	5	0	1.8248E7
0	10317	3845	5	0	1.8249E7
0	10317	3845	5	0	1.825E7
0	10317	3845	5	0	1.8251E7
0	10317	3845	5	0	1.8252E7
0	10317	3845	5	0	1.8253E7
0	10317	3845	5	0	1.8254E7
0	10317	3845	5	0	1.8255E7
0	10317	3845	5	0	1.8256E7
0	10317	3845	5	0	1.8257E7
0	10317	3845	5	0	1.8258E7
0	10317	3845	5	0	1.8259E7
0	10317	3845	5	0	1.826E7
0	10317	3845	5	0	1.8261E7
0	10317	3845	5	0	1.8262E7
0	10317	3845	5	0	1.8263E7
0	10317	3845	5	0	1.8264E7
0	10317	3845	5	0	1.8265E7
0	10316	3845	5	1	1.8266E7
0	10314	3846	5	3	1.8267E7
0	10310	3847	5	5	1.8268E7
0	10304	3849	5	7	1.8269E7
0	10296	3852	5	9	1.827E7
0	10287	3855	5	9	1.8271E7
0	10278	3858	5	9	1.8272E7
0	10269	3860	5	9	1.8273E7
0	10260	3863	5	9	1.8274E7
0	10251	3866	5	9	1.8275E7
0	10242	3869	5	9	1.8276E7
0	10233	3872	5	9	1.8277E7
0	10224	3874	5	9	1.8278E7
0	10215	3877	5	9	1.8279E7
0	10206	3880	5	9	1.828E7
0	10197	3883	5	9	1.8281E7
0	10188	3886	5	9	1.8282E7
0	10179	3888	5	9	1.8283E7
0	10169	3891	5	9	1.8284E7
0	10160	3894	5	9	1.8285E7
0	10152	3897	5	7	1.8286E7
0	10147	3898	5	4	1.8287E7
0	10143	3899	5	2	1.8288E7
0	10141	3900	5	1	1.8289E7
0	10141	3900	5	0	1.829E7
0	10140	3900	5	0	1.8291E7
0	10140	3900	5	0	1.8292E7
0	10140	3900	5	0	1.8293E7
0	10140	3900	5	0	1.8294E7
0	10140	3900	5	0	1.8295E7
0	10140	3900	5	0	1.8296E7
0	10140	3900	5	0	1.8297E7
0	10140	3900	5	0	1.8298E7
0	10140	3900	5	0	1.8299E7
0	10140	3900	5	0	1.83E7
0	10140	3900	5	0	1.8301E7
0	10140	3900	5	0	1.8302E7
0	10140	3900	5	0	1.8303E7
0	10140	3900	5	0	1.8304E7
0	10140	3900	5	0	1.8305E7
0	10140	3900	5	0	1.8306E7
0	10140	3900	5	0	1.8307E7
0	10140	3900	5	0	1.8308E7
0	10140	3900	5	0	1.8309E7
0	10140	3900	5	0	1.831E7
0	10140	3900	5	0	1.8311E7
0	10140	3900	5	0	1.8312E7
0	10140	3900	5	0	1.8313E7
0	10140	3900	5	0	1.8314E7
0	10140	3900	5	0	1.8315E7
0	10140	3900	5	0	1.8316E7
0	10140	3900	5	0	1.8317E7
0	10140	3900	5	0	1.8318E7
0	10140	3900	5	0	1.8319E7
0	10140	3900	5	0	1.832E7
0	10140	3900	5	0	1.8321E7
0	10139	3901	5	2	1.8322E7
0	10135	3902	5	4	1.8323E7
0	10130	3904	5	6	1.8324E7
0	10122	3906	5	8	1.8325E7
0	10113	3910	5	9	1.8326E7
0	10105	3913	5	9	1.8327E7
0	10096	3916	5	9	1.8328E7
0	10087	3919	5	9	1.8329E7
0	10078	3922	5	9	1.833E7
0	10069	3925	5	9	1.8331E7
0	10060	3928	5	9	1.8332E7
0	10051	3931	5	9	1.8333E7
0	10042	3934	5	9	1.8334E7
0	10033	3937	5	9	1.8335E7
0	10024	3940	5	9	1.8336E7
0	10015	3943	5	9	1.8337E7
0	10007	3946	5	7	1.8338E7
0	10002	3948	5	4	1.8339E7
0	9998	3949	5	2	1.834E7
0	9998	3949	5	0	1.8341E7
0	9998	3949	5	0	1.8342E7
0	9998	3949	5	0	1.8343E7
0	9998	3949	5	0	1.8344E7
0	9998	3949	5	0	1.8345E7
0	9998	3949	5	0	1.8346E7
0	9998	3949	5	0	1.8347E7
0	9998	3949	5	0	1.8348E7
0	9998	3949	5	0	1.8349E7
0	9998	3949	5	0	1.835E7
0	9998	3949	5	0	1.8351E7
0	9998	3949	5	0	1.8352E7
0	9998	3949	5	0	1.8353E7
0	9998	3949	5	0	1.8354E7
0	9998	3949	5	0	1.8355E7
0	9998	3949	5	0	1.8356E7
0	9998	3949	5	0	1.8357E7
0	9998	3949	5	0	1.8358E7
0	9998	3949	5	0	1.8359E7
0	9998	3949	5	0	1.836E7
0	9997	3949	5	2	1.8361E7
0	9994	3950	5	4	1.8362E7
0	9989	3952	5	6	1.8363E7
0	9982	3954	5	8	1.8364E7
0	9973	3957	5	9	1.8365E7
0	9964	3960	5	9	1.8366E7
0	9955	3963	5	9	1.8367E7
0	9946	3966	5	9	1.8368E7
0	9937	3968	5	9	1.8369E7
0	9928	3971	5	9	1.837E7
0	9919	3974	5	9	1.8371E7
0	9910	3977	5	9	1.8372E7
0	9901	3980	5	9	1.8373E7
0	9892	3983	5	9	1.8374E7
0	9883	3986	5	9	1.8375E7
0	9874	3989	5	9	1.8376E7
0	9865	3992	5	9	1.8377E7
0	9856	3993	5	9	1.8378E7
0	9852	3985	4	9	1.8379E7
0	9850	3976	3	9	1.838E7
0	9847	3967	3	9	1.8381E7
0	9844	3958	3	9	1.8382E7
0	9841	3949	3	8	1.8383E7
0	9840	3942	3	6	1.8384E7
0	9839	3937	3	3	1.8385E7
0	9838	3935	3	0	1.8386E7
0	9838	3935	3	0	1.8387E7
0	9838	3935	3	0	1.8388E7
0	9838	3935	3	0	1.8389E7
0	9838	3935	3	0	1.839E7
0	9838	3935	3	0	1.8391E7
0	9838	3935	3	0	1.8392E7
0	9838	3935	3	0	1.8393E7
0	9838	3935	3	0	1.8394E7
0	9838	3935	3	0	1.8395E7
0	9838	3935	3	0	1.8396E7
0	9838	3935	3	0	1.8397E7
0	9838	3935	3	0	1.8398E7
0	9838	3935	3	0	1.8399E7
0	9838	3935	3	0	1.84E7
0	9838	3935	3	0	1.8401E7
0	9838	3935	3	0	1.8402E7
0	9838	3935	3	0	1.8403E7
0	9838	3935	3	0	1.8404E7
0	9838	3935	3	0	1.8405E7
0	9838	3935	3	0	1.8406E7
0	9838	3932	3	3	1.8407E7
0	9838	3928	3	5	1.8408E7
0	9838	3922	3	7	1.8409E7
0	9838	3914	3	9	1.841E7
0	9838	3904	3	9	1.8411E7
0	9838	3895	3	9	1.8412E7
0	9839	3885	3	9	1.8413E7
0	9839	3876	3	9	1.8414E7
0	9839	3866	3	9	1.8415E7
0	9837	3857	3	9	1.8416E7
0	9834	3848	3	9	1.8417E7
0	9831	3839	3	9	1.8418E7
0	9828	3830	3	9	1.8419E7
0	9825	3821	3	9	1.842E7
0	9822	3812	3	9	1.8421E7
0	9819	3803	3	9	1.8422E7
0	9816	3794	3	9	1.8423E7
0	9812	3786	3	9	1.8424E7
0	9808	3777	4	9	1.8425E7
0	9803	3769	4	9	1.8426E7
0	9797	3762	4	9	1.8427E7
0	9790	3756	4	9	1.8428E7
0	9783	3749	4	9	1.8429E7
0	9778	3741	4	9	1.843E7
0	9773	3733	4	8	1.8431E7
0	9770	3728	4	5	1.8432E7
0	9768	3724	4	2	1.8433E7
0	9768	3723	4	0	1.8434E7
0	9768	3723	4	0	1.8435E7
0	9768	3723	4	0	1.8436E7
0	9768	3723	4	0	1.8437E7
0	9768	3723	4	0	1.8438E7
0	9768	3723	4	0	1.8439E7
0	9768	3723	4	0	1.844E7
0	9768	3723	4	0	1.8441E7
0	9768	3723	4	0	1.8442E7
0	9768	3723	4	0	1.8443E7
0	9768	3723	4	0	1.8444E7
0	9768	3723	4	0	1.8445E7
0	9768	3723	4	0	1.8446E7
0	9768	3723	4	0	1.8447E7
0	9768	3723	4	0	1.8448E7
0	9768	3723	4	0	1.8449E7
0	9768	3723	4	0	1.845E7
0	9768	3723	4	0	1.8451E7
0	9768	3723	4	0	1.8452E7
0	9768	3723	4	0	1.8453E7
0	9768	3723	4	1	1.8454E7
0	9767	3720	4	3	1.8455E7
0	9765	3715	3	5	1.8456E7
0	9763	3709	3	7	1.8457E7
0	9759	3702	4	9	1.8458E7
0	9752	3695	4	9	1.8459E7
0	9744	3693	5	9	1.846E7
0	9735	3694	5	9	1.8461E7
0	9726	3698	5	9	1.8462E7
0	9717	3702	6	9	1.8463E7
0	9708	3705	6	9	1.8464E7
0	9700	3709	6	9	1.8465E7
0	9691	3713	6	9	1.8466E7
0	9682	3716	5	9	1.8467E7
0	9673	3719	5	9	1.8468E7
0	9664	3723	5	9	1.8469E7
0	9655	3726	5	9	1.847E7
0	9646	3729	5	9	1.8471E7
0	9638	3732	5	9	1.8472E7
0	9629	3736	5	9	1.8473E7
0	9620	3739	5	9	1.8474E7
0	9611	3743	5	9	1.8475E7
0	9602	3746	5	9	1.8476E7
0	9594	3750	6	9	1.8477E7
0	9585	3754	6	9	1.8478E7
0	9576	3758	6	9	1.8479E7
0	9568	3762	6	9	1.848E7
0	9559	3766	6	9	1.8481E7
0	9551	3770	6	9	1.8482E7
0	9542	3774	6	9	1.8483E7
0	9534	3779	6	9	1.8484E7
0	9525	3783	6	9	1.8485E7
0	9517	3787	6	9	1.8486E7
0	9509	3792	6	9	1.8487E7
0	9500	3796	6	8	1.8488E7
0	9494	3799	6	5	1.8489E7
0	9490	3802	6	3	1.849E7
0	9489	3803	6	0	1.8491E7
0	9489	3803	6	0	1.8492E7
0	9489	3803	6	0	1.8493E7
0	9489	3803	6	0	1.8494E7
0	9489	3803	6	0	1.8495E7
0	9489	3803	6	0	1.8496E7
0	9489	3803	6	0	1.8497E7
0	9489	3803	6	0	1.8498E7
0	9489	3803	6	0	1.8499E7
0	9489	3803	6	0	1.85E7
0	9489	3803	6	0	1.8501E7
0	9489	3803	6	0	1.8502E7
0	9489	3803	6	0	1.8503E7
0	9489	3803	6	0	1.8504E7
0	9489	3803	6	0	1.8505E7
0	9489	3803	6	0	1.8506E7
0	9489	3803	6	0	1.8507E7
0	9489	3803	6	0	1.8508E7
0	9489	3803	6	0	1.8509E7
0	9489	3803	6	0	1.851E7
0	9488	3803	6	1	1.8511E7
0	9486	3804	6	3	1.8512E7
0	9483	3806	6	5	1.8513E7
0	9477	3810	6	7	1.8514E7
0	9470	3814	6	9	1.8515E7
0	9462	3819	6	9	1.8516E7
0	9454	3824	6	9	1.8517E7
0	9446	3829	6	9	1.8518E7
0	9438	3834	6	9	1.8519E7
0	9430	3839	6	9	1.852E7
0	9422	3844	6	9	1.8521E7
0	9414	3849	6	9	1.8522E7
0	9406	3854	6	9	1.8523E7
0	9398	3859	6	9	1.8524E7
0	9390	3865	6	9	1.8525E7
0	9384	3871	6	9	1.8526E7
0	9377	3878	6	9	1.8527E7
0	9371	3885	6	9	1.8528E7
0	9366	3893	6	9	1.8529E7
0	9361	3901	6	9	1.853E7
0	9358	3910	7	9	1.8531E7
0	9357	3919	7	9	1.8532E7
0	9357	3929	7	9	1.8533E7
0	9358	3938	7	9	1.8534E7
0	9360	3948	7	9	1.8535E7
0	9362	3956	7	7	1.8536E7
0	9364	3961	7	4	1.8537E7
0	9366	3964	8	2	1.8538E7
0	9366	3964	8	0	1.8539E7
0	9366	3964	8	0	1.854E7
0	9366	3964	8	0	1.8541E7
0	9366	3964	8	0	1.8542E7
0	9366	3964	8	0	1.8543E7
0	9366	3964	8	0	1.8544E7
0	9366	3964	8	0	1.8545E7
0	9366	3964	8	0	1.8546E7
0	9366	3964	8	0	1.8547E7
0	9366	3964	8	0	1.8548E7
0	9366	3964	8	0	1.8549E7
0	9366	3964	8	0	1.855E7
0	9366	3964	8	0	1.8551E7
0	9366	3964	8	0	1.8552E7
0	9366	3964	8	0	1.8553E7
0	9366	3964	8	0	1.8554E7
0	9366	3964	8	0	1.8555E7
0	9366	3964	8	0	1.8556E7
0	9366	3964	8	0	1.8557E7
0	9366	3964	8	0	1.8558E7
0	9366	3965	8	2	1.8559E7
0	9368	3968	8	4	1.856E7
0	9370	3973	8	6	1.8561E7
0	9373	3980	8	8	1.8562E7
0	9377	3988	8	9	1.8563E7
0	9381	3997	8	9	1.8564E7
0	9384	4006	8	9	1.8565E7
0	9389	4014	8	9	1.8566E7
0	9395	4021	8	9	1.8567E7
0	9401	4028	8	9	1.8568E7
0	9408	4035	8	8	1.8569E7
0	9412	4041	8	5	1.857E7
0	9415	4044	8	3	1.8571E7
0	9418	4048	8	5	1.8572E7
0	9421	4054	8	7	1.8573E7
0	9419	4062	7	9	1.8574E7
0	9417	4072	7	9	1.8575E7
0	9415	4081	7	9	1.8576E7
0	9412	4090	7	9	1.8577E7
0	9410	4099	7	9	1.8578E7
0	9408	4109	7	9	1.8579E7
0	9406	4118	7	9	1.858E7
0	9404	4126	7	7	1.8581E7
0	9403	4133	7	5	1.8582E7
0	9402	4136	7	3	1.8583E7
0	9400	4141	7	6	1.8584E7
0	9396	4147	6	8	1.8585E7
0	9387	4150	6	9	1.8586E7
0	9378	4153	5	9	1.8587E7
0	9370	4156	5	9	1.8588E7
0	9361	4159	5	9	1.8589E7
0	9352	4162	5	9	1.859E7
0	9343	4165	5	9	1.8591E7
0	9334	4168	5	9	1.8592E7
0	9325	4171	5	9	1.8593E7
0	9316	4174	5	9	1.8594E7
0	9307	4177	5	9	1.8595E7
0	9298	4180	5	9	1.8596E7
0	9289	4183	5	9	1.8597E7
0	9280	4186	5	9	1.8598E7
0	9271	4189	5	9	1.8599E7
0	9262	4192	5	9	1.86E7
0	9253	4195	5	9	1.8601E7
0	9244	4198	5	9	1.8602E7
0	9235	4201	5	9	1.8603E7
0	9226	4204	5	9	1.8604E7
0	9217	4207	5	9	1.8605E7
0	9208	4210	5	9	1.8606E7
0	9199	4213	5	9	1.8607E7
0	9190	4216	5	9	1.8608E7
0	9181	4219	5	9	1.8609E7
0	9172	4222	5	9	1.861E7
0	9163	4226	5	9	1.8611E7
0	9154	4229	5	9	1.8612E7
0	9145	4232	5	9	1.8613E7
0	9136	4235	5	9	1.8614E7
0	9127	4238	5	9	1.8615E7
0	9118	4241	5	9	1.8616E7
0	9109	4244	5	9	1.8617E7
0	9100	4247	5	9	1.8618E7
0	9091	4250	5	9	1.8619E7
0	9082	4253	5	9	1.862E7
0	9073	4256	5	9	1.8621E7
0	9064	4259	5	9	1.8622E7
0	9055	4262	5	9	1.8623E7
0	9047	4265	5	9	1.8624E7
0	9037	4268	5	9	1.8625E7
0	9029	4271	5	9	1.8626E7
0	9020	4274	5	9	1.8627E7
0	9011	4277	5	9	1.8628E7
0	9002	4279	5	9	1.8629E7
0	8993	4282	5	9	1.863E7
0	8983	4285	5	9	1.8631E7
0	8974	4288	5	9	1.8632E7
0	8965	4290	5	9	1.8633E7
0	8956	4293	5	9	1.8634E7
0	8947	4296	5	9	1.8635E7
0	8940	4299	5	6	1.8636E7
0	8934	4300	5	4	1.8637E7
0	8932	4301	5	1	1.8638E7
0	8931	4301	5	0	1.8639E7
0	8931	4301	5	0	1.864E7
0	8931	4301	5	0	1.8641E7
0	8931	4301	5	0	1.8642E7
0	8931	4301	5	0	1.8643E7
0	8931	4301	5	0	1.8644E7
0	8931	4301	5	0	1.8645E7
0	8931	4301	5	0	1.8646E7
0	8931	4301	5	0	1.8647E7
0	8931	4301	5	0	1.8648E7
0	8931	4301	5	0	1.8649E7
0	8931	4301	5	0	1.865E7
0	8931	4301	5	0	1.8651E7
0	8931	4301	5	0	1.8652E7
0	8931	4301	5	0	1.8653E7
0	8931	4301	5	0	1.8654E7
0	8931	4301	5	0	1.8655E7
0	8931	4301	5	0	1.8656E7
0	8931	4301	5	0	1.8657E7
0	8931	4301	5	0	1.8658E7
0	8930	4302	5	2	1.8659E7
0	8927	4303	5	4	1.866E7
0	8921	4305	5	6	1.8661E7
0	8914	4308	5	8	1.8662E7
0	8906	4311	5	9	1.8663E7
0	8897	4314	5	9	1.8664E7
0	8888	4318	5	9	1.8665E7
0	8880	4322	6	9	1.8666E7
0	8872	4327	6	9	1.8667E7
0	8864	4332	6	9	1.8668E7
0	8857	4338	6	9	1.8669E7
0	8850	4345	6	9	1.867E7
0	8843	4352	6	9	1.8671E7
0	8837	4359	6	9	1.8672E7
0	8831	4366	6	9	1.8673E7
0	8826	4374	6	9	1.8674E7
0	8819	4381	6	9	1.8675E7
0	8812	4387	6	9	1.8676E7
0	8805	4393	6	9	1.8677E7
0	8797	4399	6	9	1.8678E7
0	8790	4404	6	9	1.8679E7
0	8781	4408	6	9	1.868E7
0	8772	4412	6	9	1.8681E7
0	8763	4414	5	9	1.8682E7
0	8754	4416	5	9	1.8683E7
0	8745	4418	5	9	1.8684E7
0	8736	4419	5	9	1.8685E7
0	8726	4418	5	9	1.8686E7
0	8717	4418	5	9	1.8687E7
0	8708	4416	5	9	1.8688E7
0	8698	4415	5	9	1.8689E7
0	8689	4413	5	9	1.869E7
0	8680	4412	5	9	1.8691E7
0	8671	4410	5	8	1.8692E7
0	8664	4409	5	5	1.8693E7
0	8659	4408	5	3	1.8694E7
0	8657	4408	5	1	1.8695E7
0	8656	4407	5	0	1.8696E7
0	8655	4407	5	0	1.8697E7
0	8655	4407	5	0	1.8698E7
0	8655	4407	5	0	1.8699E7
0	8655	4407	5	0	1.87E7
0	8655	4407	5	0	1.8701E7
0	8655	4407	5	0	1.8702E7
0	8655	4407	5	0	1.8703E7
0	8655	4407	5	0	1.8704E7
0	8655	4407	5	0	1.8705E7
0	8655	4407	5	0	1.8706E7
0	8655	4407	5	0	1.8707E7
0	8655	4407	5	0	1.8708E7
0	8655	4407	5	0	1.8709E7
0	8655	4407	5	0	1.871E7
0	8655	4407	5	0	1.8711E7
0	8655	4407	5	0	1.8712E7
0	8655	4407	5	0	1.8713E7
0	8655	4407	5	0	1.8714E7
0	8655	4407	5	0	1.8715E7
0	8655	4407	5	0	1.8716E7
0	8655	4407	5	0	1.8717E7
0	8655	4407	5	0	1.8718E7
0	8655	4407	5	0	1.8719E7
0	8655	4407	5	0	1.872E7
0	8655	4407	5	0	1.8721E7
0	8653	4407	5	2	1.8722E7
0	8650	4407	5	4	1.8723E7
0	8645	4406	5	6	1.8724E7
0	8637	4405	5	7	1.8725E7
0	8628	4405	5	9	1.8726E7
0	8619	4405	5	9	1.8727E7
0	8609	4407	5	9	1.8728E7
0	8600	4409	5	9	1.8729E7
0	8591	4411	5	9	1.873E7
0	8582	4414	5	9	1.8731E7
0	8572	4416	5	9	1.8732E7
0	8563	4419	5	9	1.8733E7
0	8554	4421	5	9	1.8734E7
0	8545	4422	5	9	1.8735E7
0	8535	4423	5	9	1.8736E7
0	8526	4424	5	9	1.8737E7
0	8516	4425	5	9	1.8738E7
0	8508	4426	5	6	1.8739E7
0	8503	4426	5	4	1.874E7
0	8500	4427	5	1	1.8741E7
0	8500	4427	5	0	1.8742E7
0	8500	4427	5	0	1.8743E7
0	8500	4427	5	0	1.8744E7
0	8500	4427	5	0	1.8745E7
0	8500	4427	5	0	1.8746E7
0	8500	4427	5	0	1.8747E7
0	8500	4427	5	0	1.8748E7
0	8500	4427	5	0	1.8749E7
0	8500	4427	5	0	1.875E7
0	8500	4427	5	0	1.8751E7
0	8500	4427	5	0	1.8752E7
0	8500	4427	5	0	1.8753E7
0	8500	4427	5	0	1.8754E7
0	8500	4427	5	0	1.8755E7
0	8500	4427	5	0	1.8756E7
0	8500	4427	5	0	1.8757E7
0	8500	4427	5	0	1.8758E7
0	8500	4427	5	0	1.8759E7
0	8500	4427	5	0	1.876E7
0	8500	4427	5	0	1.8761E7
0	8498	4427	5	2	1.8762E7
0	8495	4427	5	4	1.8763E7
0	8489	4427	5	6	1.8764E7
0	8482	4428	5	8	1.8765E7
0	8473	4429	5	9	1.8766E7
0	8463	4430	5	9	1.8767E7
0	8454	4431	5	9	1.8768E7
0	8445	4433	5	9	1.8769E7
0	8435	4435	5	9	1.877E7
0	8426	4437	5	9	1.8771E7
0	8417	4440	5	9	1.8772E7
0	8408	4443	5	9	1.8773E7
0	8399	4446	5	9	1.8774E7
0	8391	4450	6	9	1.8775E7
0	8382	4454	6	9	1.8776E7
0	8374	4459	6	9	1.8777E7
0	8366	4464	6	9	1.8778E7
0	8358	4469	6	9	1.8779E7
0	8350	4475	6	9	1.878E7
0	8342	4480	6	9	1.8781E7
0	8334	4485	6	9	1.8782E7
0	8326	4490	6	9	1.8783E7
0	8318	4495	6	9	1.8784E7
0	8310	4499	6	9	1.8785E7
0	8301	4504	6	9	1.8786E7
0	8293	4508	6	9	1.8787E7
0	8285	4512	6	9	1.8788E7
0	8276	4516	6	9	1.8789E7
0	8268	4521	6	9	1.879E7
0	8259	4525	6	9	1.8791E7
0	8251	4529	6	9	1.8792E7
0	8242	4533	6	9	1.8793E7
0	8234	4537	6	9	1.8794E7
0	8225	4541	6	9	1.8795E7
0	8216	4545	6	9	1.8796E7
0	8208	4549	6	9	1.8797E7
0	8199	4553	6	9	1.8798E7
0	8190	4556	6	9	1.8799E7
0	8181	4560	5	9	1.88E7
0	8173	4563	5	9	1.8801E7
0	8164	4565	5	7	1.8802E7
0	8159	4567	5	4	1.8803E7
0	8156	4568	5	2	1.8804E7
0	8155	4568	5	0	1.8805E7
0	8155	4568	5	0	1.8806E7
0	8155	4568	5	0	1.8807E7
0	8155	4568	5	0	1.8808E7
0	8155	4568	5	0	1.8809E7
0	8155	4568	5	0	1.881E7
0	8155	4568	5	0	1.8811E7
0	8155	4568	5	0	1.8812E7
0	8155	4568	5	0	1.8813E7
0	8155	4568	5	0	1.8814E7
0	8155	4568	5	0	1.8815E7
0	8155	4568	5	0	1.8816E7
0	8155	4568	5	0	1.8817E7
0	8155	4568	5	0	1.8818E7
0	8155	4568	5	0	1.8819E7
0	8155	4568	5	0	1.882E7
0	8155	4568	5	0	1.8821E7
0	8155	4568	5	0	1.8822E7
0	8155	4568	5	0	1.8823E7
0	8155	4568	5	0	1.8824E7
0	8154	4568	5	2	1.8825E7
0	8151	4569	5	4	1.8826E7
0	8146	4571	5	5	1.8827E7
0	8139	4572	5	8	1.8828E7
0	8130	4574	5	9	1.8829E7
0	8121	4575	5	9	1.883E7
0	8112	4576	5	9	1.8831E7
0	8102	4578	5	9	1.8832E7
0	8093	4579	5	9	1.8833E7
0	8083	4580	5	9	1.8834E7
0	8074	4581	5	9	1.8835E7
0	8064	4582	5	9	1.8836E7
0	8055	4583	5	8	1.8837E7
0	8048	4584	5	6	1.8838E7
0	8043	4585	5	3	1.8839E7
0	8041	4585	5	0	1.884E7
0	8041	4585	5	0	1.8841E7
0	8041	4585	5	0	1.8842E7
0	8041	4585	5	0	1.8843E7
0	8041	4585	5	0	1.8844E7
0	8041	4585	5	0	1.8845E7
0	8041	4585	5	0	1.8846E7
0	8041	4585	5	0	1.8847E7
0	8041	4585	5	0	1.8848E7
0	8041	4585	5	0	1.8849E7
0	8041	4585	5	0	1.885E7
0	8041	4585	5	0	1.8851E7
0	8041	4585	5	0	1.8852E7
0	8041	4585	5	0	1.8853E7
0	8041	4585	5	0	1.8854E7
0	8041	4585	5	0	1.8855E7
0	8041	4585	5	0	1.8856E7
0	8041	4585	5	0	1.8857E7
0	8041	4585	5	0	1.8858E7
0	8041	4585	5	0	1.8859E7
0	8041	4585	5	0	1.886E7
0	8039	4585	5	2	1.8861E7
0	8035	4586	5	5	1.8862E7
0	8028	4586	5	6	1.8863E7
0	8021	4587	5	8	1.8864E7
0	8011	4588	5	9	1.8865E7
0	8002	4589	5	9	1.8866E7
0	7992	4590	5	9	1.8867E7
0	7983	4591	5	9	1.8868E7
0	7974	4592	5	9	1.8869E7
0	7964	4593	5	9	1.887E7
0	7955	4594	5	9	1.8871E7
0	7945	4595	5	9	1.8872E7
0	7936	4596	5	9	1.8873E7
0	7927	4597	5	9	1.8874E7
0	7918	4598	5	7	1.8875E7
0	7912	4599	5	4	1.8876E7
0	7909	4599	5	2	1.8877E7
0	7908	4599	5	0	1.8878E7
0	7908	4599	5	0	1.8879E7
0	7908	4599	5	0	1.888E7
0	7908	4599	5	0	1.8881E7
0	7908	4599	5	0	1.8882E7
0	7908	4599	5	0	1.8883E7
0	7908	4599	5	0	1.8884E7
0	7908	4599	5	0	1.8885E7
0	7908	4599	5	0	1.8886E7
0	7908	4599	5	0	1.8887E7
0	7908	4599	5	0	1.8888E7
0	7908	4599	5	0	1.8889E7
0	7908	4599	5	0	1.889E7
0	7908	4599	5	0	1.8891E7
0	7908	4599	5	0	1.8892E7
0	7908	4599	5	0	1.8893E7
0	7908	4599	5	0	1.8894E7
0	7908	4599	5	0	1.8895E7
0	7908	4599	5	0	1.8896E7
0	7908	4599	5	0	1.8897E7
0	7907	4599	5	1	1.8898E7
0	7904	4599	5	3	1.8899E7
0	7900	4600	5	5	1.89E7
0	7893	4600	5	7	1.8901E7
0	7885	4601	5	9	1.8902E7
0	7875	4601	5	9	1.8903E7
0	7866	4601	5	9	1.8904E7
0	7858	4597	5	9	1.8905E7
0	7856	4588	3	9	1.8906E7
0	7855	4579	3	9	1.8907E7
0	7861	4573	2	9	1.8908E7
0	7869	4567	2	9	1.8909E7
0	7878	4565	1	9	1.891E7
0	7887	4563	1	9	1.8911E7
0	7896	4560	1	9	1.8912E7
0	7905	4559	1	9	1.8913E7
0	7914	4557	1	9	1.8914E7
0	7923	4556	1	9	1.8915E7
0	7932	4554	1	9	1.8916E7
0	7941	4552	1	9	1.8917E7
0	7950	4550	1	9	1.8918E7
0	7960	4548	1	9	1.8919E7
0	7969	4547	1	9	1.892E7
0	7978	4545	1	9	1.8921E7
0	7987	4543	1	9	1.8922E7
0	7996	4541	1	9	1.8923E7
0	8005	4539	1	9	1.8924E7
0	8014	4538	1	9	1.8925E7
0	8023	4536	1	9	1.8926E7
0	8032	4534	1	9	1.8927E7
0	8041	4532	1	9	1.8928E7
0	8051	4530	1	9	1.8929E7
0	8060	4529	1	9	1.893E7
0	8069	4527	1	9	1.8931E7
0	8078	4525	1	9	1.8932E7
0	8087	4523	1	9	1.8933E7
0	8096	4521	1	9	1.8934E7
0	8105	4519	1	9	1.8935E7
0	8114	4518	1	9	1.8936E7
0	8123	4516	1	9	1.8937E7
0	8132	4513	1	9	1.8938E7
0	8141	4510	1	9	1.8939E7
0	8149	4505	2	9	1.894E7
0	8156	4500	2	7	1.8941E7
0	8161	4497	2	5	1.8942E7
0	8164	4495	2	2	1.8943E7
0	8165	4494	2	0	1.8944E7
0	8165	4494	2	0	1.8945E7
0	8165	4494	2	0	1.8946E7
0	8165	4494	2	0	1.8947E7
0	8165	4494	2	0	1.8948E7
0	8165	4494	2	0	1.8949E7
0	8165	4494	2	0	1.895E7
0	8165	4494	2	0	1.8951E7
0	8165	4494	2	0	1.8952E7
0	8165	4494	2	0	1.8953E7
0	8165	4494	2	0	1.8954E7
0	8165	4494	2	0	1.8955E7
0	8165	4494	2	0	1.8956E7
0	8165	4494	2	0	1.8957E7
0	8165	4494	2	0	1.8958E7
0	8165	4494	2	0	1.8959E7
0	8165	4494	2	0	1.896E7
0	8165	4494	2	0	1.8961E7
0	8165	4494	2	0	1.8962E7
0	8165	4494	2	0	1.8963E7
0	8166	4494	2	1	1.8964E7
0	8168	4492	2	3	1.8965E7
0	8172	4489	2	5	1.8966E7
0	8177	4485	2	7	1.8967E7
0	8182	4476	2	9	1.8968E7
0	8189	4470	2	9	1.8969E7
0	8196	4463	2	9	1.897E7
0	8202	4457	2	9	1.8971E7
0	8209	4450	2	9	1.8972E7
0	8216	4444	2	9	1.8973E7
0	8223	4437	2	9	1.8974E7
0	8229	4430	2	9	1.8975E7
0	8236	4423	2	9	1.8976E7
0	8242	4416	2	9	1.8977E7
0	8249	4410	2	9	1.8978E7
0	8255	4403	2	9	1.8979E7
0	8260	4395	2	9	1.898E7
0	8263	4386	3	9	1.8981E7
0	8265	4376	3	9	1.8982E7
0	8268	4367	3	9	1.8983E7
0	8270	4358	3	9	1.8984E7
0	8264	4352	4	9	1.8985E7
0	8257	4345	4	9	1.8986E7
0	8251	4338	4	9	1.8987E7
0	8245	4331	4	9	1.8988E7
0	8238	4324	4	9	1.8989E7
0	8234	4316	4	8	1.899E7
0	8233	4309	3	5	1.8991E7
0	8232	4305	3	3	1.8992E7
0	8232	4303	3	1	1.8993E7
0	8232	4302	3	0	1.8994E7
0	8232	4302	3	0	1.8995E7
0	8232	4302	3	0	1.8996E7
0	8232	4302	3	0	1.8997E7
0	8232	4302	3	0	1.8998E7
0	8232	4302	3	0	1.8999E7
0	8232	4302	3	0	1.9E7
0	8232	4302	3	0	1.9001E7
0	8232	4302	3	0	1.9002E7
0	8232	4302	3	0	1.9003E7
0	8232	4302	3	0	1.9004E7
0	8232	4302	3	0	1.9005E7
0	8232	4302	3	0	1.9006E7
0	8232	4300	3	2	1.9007E7
0	8232	4296	3	4	1.9008E7
0	8231	4290	3	6	1.9009E7
0	8225	4284	4	8	1.901E7
0	8216	4281	5	9	1.9011E7
0	8207	4278	5	9	1.9012E7
0	8197	4276	5	9	1.9013E7
0	8188	4273	5	9	1.9014E7
0	8179	4271	5	9	1.9015E7
0	8170	4268	5	9	1.9016E7
0	8161	4266	5	9	1.9017E7
0	8152	4264	5	9	1.9018E7
0	8142	4262	5	9	1.9019E7
0	8133	4261	5	9	1.902E7
0	8124	4260	5	9	1.9021E7
0	8114	4260	5	9	1.9022E7
0	8105	4261	5	9	1.9023E7
0	8095	4261	5	9	1.9024E7
0	8086	4262	5	9	1.9025E7
0	8077	4265	5	9	1.9026E7
0	8067	4266	5	9	1.9027E7
0	8061	4273	6	9	1.9028E7
0	8054	4280	6	9	1.9029E7
0	8048	4287	6	9	1.903E7
0	8041	4294	6	9	1.9031E7
0	8035	4301	6	9	1.9032E7
0	8028	4308	6	9	1.9033E7
0	8022	4315	6	9	1.9034E7
0	8015	4322	6	9	1.9035E7
0	8008	4328	6	9	1.9036E7
0	8001	4335	6	9	1.9037E7
0	7994	4341	6	9	1.9038E7
0	7987	4347	6	9	1.9039E7
0	7981	4353	6	6	1.904E7
0	7977	4356	6	4	1.9041E7
0	7975	4358	6	1	1.9042E7
0	7975	4358	6	0	1.9043E7
0	7975	4358	6	0	1.9044E7
0	7975	4358	6	0	1.9045E7
0	7975	4358	6	0	1.9046E7
0	7975	4358	6	0	1.9047E7
0	7975	4358	6	0	1.9048E7
0	7975	4358	6	0	1.9049E7
0	7975	4358	6	0	1.905E7
0	7975	4358	6	0	1.9051E7
0	7975	4358	6	0	1.9052E7
0	7975	4358	6	0	1.9053E7
0	7975	4358	6	0	1.9054E7
0	7975	4358	6	0	1.9055E7
0	7975	4358	6	0	1.9056E7
0	7975	4358	6	0	1.9057E7
0	7975	4358	6	0	1.9058E7
0	7975	4358	6	0	1.9059E7
0	7975	4358	6	0	1.906E7
0	7975	4358	6	0	1.9061E7
0	7975	4358	6	0	1.9062E7
0	7974	4359	6	2	1.9063E7
0	7971	4362	6	4	1.9064E7
0	7966	4366	6	6	1.9065E7
0	7961	4371	6	8	1.9066E7
0	7954	4377	6	9	1.9067E7
0	7946	4383	6	9	1.9068E7
0	7939	4389	6	9	1.9069E7
0	7931	4394	6	9	1.907E7
0	7923	4398	6	9	1.9071E7
0	7914	4403	6	9	1.9072E7
0	7906	4407	6	9	1.9073E7
0	7898	4411	6	9	1.9074E7
0	7889	4416	6	9	1.9075E7
0	7881	4420	6	9	1.9076E7
0	7873	4424	6	9	1.9077E7
0	7864	4429	6	9	1.9078E7
0	7856	4433	6	9	1.9079E7
0	7847	4437	6	9	1.908E7
0	7839	4440	5	9	1.9081E7
0	7830	4442	5	9	1.9082E7
0	7820	4445	5	9	1.9083E7
0	7811	4447	5	9	1.9084E7
0	7802	4449	5	9	1.9085E7
0	7793	4451	5	9	1.9086E7
0	7784	4454	5	9	1.9087E7
0	7775	4456	5	9	1.9088E7
0	7766	4458	5	9	1.9089E7
0	7756	4460	5	9	1.909E7
0	7747	4462	5	9	1.9091E7
0	7738	4465	5	9	1.9092E7
0	7729	4467	5	9	1.9093E7
0	7720	4470	5	9	1.9094E7
0	7711	4472	5	9	1.9095E7
0	7702	4475	5	9	1.9096E7
0	7693	4477	5	9	1.9097E7
0	7684	4480	5	9	1.9098E7
0	7675	4483	5	9	1.9099E7
0	7666	4485	5	9	1.91E7
0	7657	4487	5	9	1.9101E7
0	7648	4486	5	9	1.9102E7
0	7640	4481	4	9	1.9103E7
0	7632	4477	4	9	1.9104E7
0	7623	4472	4	9	1.9105E7
0	7615	4468	4	8	1.9106E7
0	7609	4464	4	6	1.9107E7
0	7604	4462	4	3	1.9108E7
0	7602	4461	4	0	1.9109E7
0	7602	4461	4	0	1.911E7
0	7602	4461	4	0	1.9111E7
0	7602	4461	4	0	1.9112E7
0	7602	4461	4	0	1.9113E7
0	7602	4461	4	0	1.9114E7
0	7602	4461	4	0	1.9115E7
0	7602	4461	4	0	1.9116E7
0	7602	4461	4	0	1.9117E7
0	7602	4461	4	0	1.9118E7
0	7602	4461	4	0	1.9119E7
0	7602	4461	4	0	1.912E7
0	7602	4461	4	0	1.9121E7
0	7602	4461	4	0	1.9122E7
0	7602	4461	4	0	1.9123E7
0	7602	4461	4	0	1.9124E7
0	7602	4461	4	0	1.9125E7
0	7602	4461	4	0	1.9126E7
0	7602	4461	4	0	1.9127E7
0	7602	4461	4	0	1.9128E7
0	7602	4460	4	0	1.9129E7
0	7600	4459	4	2	1.913E7
0	7597	4457	4	4	1.9131E7
0	7592	4454	4	6	1.9132E7
0	7586	4449	4	9	1.9133E7
0	7579	4442	4	9	1.9134E7
0	7572	4435	4	9	1.9135E7
0	7565	4429	4	9	1.9136E7
0	7559	4422	4	9	1.9137E7
0	7552	4415	4	9	1.9138E7
0	7546	4407	4	9	1.9139E7
0	7540	4400	4	9	1.914E7
0	7535	4392	4	9	1.9141E7
0	7530	4384	4	9	1.9142E7
0	7525	4376	4	9	1.9143E7
0	7519	4368	4	9	1.9144E7
0	7514	4361	4	9	1.9145E7
0	7505	4357	4	9	1.9146E7
0	7496	4357	5	9	1.9147E7
0	7486	4357	5	9	1.9148E7
0	7476	4360	5	9	1.9149E7
0	7470	4354	4	9	1.915E7
0	7465	4345	4	9	1.9151E7
0	7461	4337	4	9	1.9152E7
0	7456	4329	4	9	1.9153E7
0	7451	4321	4	9	1.9154E7
0	7446	4313	4	9	1.9155E7
0	7442	4304	4	9	1.9156E7
0	7436	4296	4	9	1.9157E7
0	7431	4289	4	9	1.9158E7
0	7424	4282	4	9	1.9159E7
0	7417	4276	4	9	1.916E7
0	7409	4271	4	9	1.9161E7
0	7401	4265	4	9	1.9162E7
0	7394	4259	4	9	1.9163E7
0	7387	4253	4	9	1.9164E7
0	7381	4246	4	9	1.9165E7
0	7375	4239	4	9	1.9166E7
0	7368	4232	4	9	1.9167E7
0	7362	4224	4	9	1.9168E7
0	7356	4218	4	9	1.9169E7
0	7348	4213	4	9	1.917E7
0	7340	4213	5	6	1.9171E7
0	7335	4213	5	3	1.9172E7
0	7331	4213	5	5	1.9173E7
0	7325	4215	5	7	1.9174E7
0	7317	4219	6	9	1.9175E7
0	7309	4223	6	9	1.9176E7
0	7299	4222	5	9	1.9177E7
0	7290	4225	5	9	1.9178E7
0	7281	4228	5	9	1.9179E7
0	7271	4230	5	9	1.918E7
0	7262	4233	5	9	1.9181E7
0	7253	4236	5	9	1.9182E7
0	7244	4238	5	9	1.9183E7
0	7235	4241	5	9	1.9184E7
0	7226	4244	5	9	1.9185E7
0	7217	4246	5	9	1.9186E7
0	7208	4249	5	9	1.9187E7
0	7199	4251	5	9	1.9188E7
0	7190	4254	5	9	1.9189E7
0	7180	4256	5	9	1.919E7
0	7172	4258	5	7	1.9191E7
0	7166	4260	5	4	1.9192E7
0	7163	4261	5	2	1.9193E7
0	7162	4261	5	0	1.9194E7
0	7162	4261	5	0	1.9195E7
0	7162	4261	5	0	1.9196E7
0	7162	4261	5	0	1.9197E7
0	7162	4261	5	0	1.9198E7
0	7162	4261	5	0	1.9199E7
0	7162	4261	5	0	1.92E7
0	7162	4261	5	0	1.9201E7
0	7162	4261	5	0	1.9202E7
0	7162	4261	5	0	1.9203E7
0	7162	4261	5	0	1.9204E7
0	7162	4261	5	0	1.9205E7
0	7162	4261	5	0	1.9206E7
0	7162	4261	5	0	1.9207E7
0	7162	4261	5	0	1.9208E7
0	7162	4261	5	0	1.9209E7
0	7162	4261	5	0	1.921E7
0	7162	4261	5	0	1.9211E7
0	7162	4261	5	0	1.9212E7
0	7162	4261	5	0	1.9213E7
0	7161	4262	5	1	1.9214E7
0	7158	4262	5	3	1.9215E7
0	7153	4264	5	6	1.9216E7
0	7146	4266	5	8	1.9217E7
0	7137	4268	5	9	1.9218E7
0	7128	4271	5	9	1.9219E7
0	7119	4274	5	9	1.922E7
0	7110	4276	5	9	1.9221E7
0	7101	4279	5	9	1.9222E7
0	7092	4282	5	9	1.9223E7
0	7083	4284	5	9	1.9224E7
0	7073	4287	5	9	1.9225E7
0	7064	4289	5	9	1.9226E7
0	7055	4292	5	9	1.9227E7
0	7045	4294	5	9	1.9228E7
0	7036	4297	5	9	1.9229E7
0	7027	4299	5	9	1.923E7
0	7020	4304	6	9	1.9231E7
0	7015	4313	6	9	1.9232E7
0	7014	4322	7	9	1.9233E7
0	7014	4331	7	9	1.9234E7
0	7015	4341	7	9	1.9235E7
0	7015	4351	7	9	1.9236E7
0	7015	4360	7	9	1.9237E7
0	7016	4370	7	8	1.9238E7
0	7016	4377	7	5	1.9239E7
0	7016	4382	7	3	1.924E7
0	7016	4384	7	1	1.9241E7
0	7016	4385	7	0	1.9242E7
0	7016	4386	7	0	1.9243E7
0	7016	4386	7	0	1.9244E7
0	7016	4386	7	0	1.9245E7
0	7016	4386	7	0	1.9246E7
0	7016	4386	7	0	1.9247E7
0	7016	4386	7	0	1.9248E7
0	7016	4386	7	0	1.9249E7
0	7016	4386	7	0	1.925E7
0	7016	4386	7	0	1.9251E7
0	7016	4386	7	0	1.9252E7
0	7016	4386	7	0	1.9253E7
0	7016	4386	7	0	1.9254E7
0	7016	4386	7	0	1.9255E7
0	7016	4386	7	0	1.9256E7
0	7016	4386	7	0	1.9257E7
0	7016	4386	7	0	1.9258E7
0	7016	4386	7	0	1.9259E7
0	7016	4386	7	0	1.926E7
0	7016	4386	7	0	1.9261E7
0	7016	4386	7	0	1.9262E7
0	7016	4386	7	0	1.9263E7
0	7016	4386	7	0	1.9264E7
0	7016	4386	7	0	1.9265E7
0	7016	4386	7	0	1.9266E7
0	7016	4386	7	0	1.9267E7
0	7016	4386	7	0	1.9268E7
0	7016	4386	7	0	1.9269E7
0	7016	4386	7	0	1.927E7
0	7016	4386	7	0	1.9271E7
0	7016	4386	7	0	1.9272E7
0	7016	4386	7	0	1.9273E7
0	7016	4386	7	0	1.9274E7
0	7016	4386	7	0	1.9275E7
0	7016	4386	7	0	1.9276E7
0	7016	4386	7	0	1.9277E7
0	7016	4386	7	0	1.9278E7
0	7016	4386	7	0	1.9279E7
0	7016	4386	7	0	1.928E7
0	7016	4386	7	0	1.9281E7
0	7016	4388	7	2	1.9282E7
0	7017	4391	7	4	1.9283E7
0	7017	4397	7	6	1.9284E7
0	7017	4404	7	8	1.9285E7
0	7017	4413	7	9	1.9286E7
0	7018	4423	7	9	1.9287E7
0	7018	4432	7	9	1.9288E7
0	7018	4441	7	9	1.9289E7
0	7019	4451	7	9	1.929E7
0	7019	4460	7	9	1.9291E7
0	7020	4470	7	9	1.9292E7
0	7020	4479	7	9	1.9293E7
0	7021	4488	7	9	1.9294E7
0	7022	4498	7	9	1.9295E7
0	7022	4507	7	9	1.9296E7
0	7023	4517	7	9	1.9297E7
0	7023	4525	7	7	1.9298E7
0	7023	4532	7	5	1.9299E7
0	7023	4536	7	2	1.93E7
0	7023	4536	7	0	1.9301E7
0	7023	4536	7	0	1.9302E7
0	7023	4536	7	0	1.9303E7
0	7023	4536	7	0	1.9304E7
0	7023	4536	7	0	1.9305E7
0	7023	4536	7	0	1.9306E7
0	7023	4536	7	0	1.9307E7
0	7023	4536	7	0	1.9308E7
0	7023	4536	7	0	1.9309E7
0	7023	4536	7	0	1.931E7
0	7023	4536	7	0	1.9311E7
0	7023	4536	7	0	1.9312E7
0	7023	4536	7	0	1.9313E7
0	7023	4536	7	0	1.9314E7
0	7023	4536	7	0	1.9315E7
0	7023	4536	7	0	1.9316E7
0	7023	4536	7	0	1.9317E7
0	7023	4536	7	0	1.9318E7
0	7023	4536	7	0	1.9319E7
0	7023	4536	7	0	1.932E7
0	7027	4539	7	1	1.9321E7
0	7027	4542	7	4	1.9322E7
0	7027	4547	7	6	1.9323E7
0	7026	4554	7	8	1.9324E7
0	7022	4562	6	9	1.9325E7
0	7013	4567	6	9	1.9326E7
0	7004	4570	5	9	1.9327E7
0	6995	4571	5	9	1.9328E7
0	6985	4573	5	8	1.9329E7
0	6978	4574	5	5	1.933E7
0	6973	4575	5	3	1.9331E7
0	6970	4578	5	5	1.9332E7
0	6966	4583	6	7	1.9333E7
0	6966	4592	7	9	1.9334E7
0	6966	4601	7	9	1.9335E7
0	6967	4611	7	9	1.9336E7
0	6967	4620	7	9	1.9337E7
0	6968	4630	7	9	1.9338E7
0	6968	4639	7	9	1.9339E7
0	6969	4648	7	9	1.934E7
0	6970	4658	7	9	1.9341E7
0	6971	4667	7	9	1.9342E7
0	6973	4674	7	6	1.9343E7
0	6973	4679	7	3	1.9344E7
0	6974	4682	7	2	1.9345E7
0	6974	4683	7	0	1.9346E7
0	6974	4684	7	0	1.9347E7
0	6974	4684	7	0	1.9348E7
0	6974	4684	7	0	1.9349E7
0	6974	4684	7	0	1.935E7
0	6974	4684	7	0	1.9351E7
0	6975	4686	7	2	1.9352E7
0	6975	4689	7	4	1.9353E7
0	6976	4695	7	6	1.9354E7
0	6979	4702	7	8	1.9355E7
0	6982	4710	7	9	1.9356E7
0	6986	4719	7	9	1.9357E7
0	6989	4728	7	9	1.9358E7
0	6993	4736	7	9	1.9359E7
0	6996	4745	7	9	1.936E7
0	7000	4754	7	9	1.9361E7
0	7004	4763	7	9	1.9362E7
0	7007	4771	7	9	1.9363E7
0	7011	4780	7	9	1.9364E7
0	7014	4789	7	9	1.9365E7
0	7018	4798	7	9	1.9366E7
0	7021	4807	7	9	1.9367E7
0	7022	4817	7	9	1.9368E7
0	7025	4825	7	9	1.9369E7
0	7029	4834	7	9	1.937E7
0	7033	4843	7	9	1.9371E7
0	7036	4852	7	9	1.9372E7
0	7040	4860	7	9	1.9373E7
0	7043	4869	7	9	1.9374E7
0	7047	4878	7	9	1.9375E7
0	7050	4887	7	9	1.9376E7
0	7054	4896	7	9	1.9377E7
0	7058	4904	7	9	1.9378E7
0	7061	4913	7	9	1.9379E7
0	7065	4922	7	9	1.938E7
0	7068	4931	7	9	1.9381E7
0	7069	4940	8	9	1.9382E7
0	7074	4949	8	9	1.9383E7
0	7078	4958	8	9	1.9384E7
0	7083	4966	8	9	1.9385E7
0	7087	4974	8	9	1.9386E7
0	7092	4982	8	9	1.9387E7
0	7096	4991	8	9	1.9388E7
0	7101	4999	8	9	1.9389E7
0	7105	5008	8	9	1.939E7
0	7109	5016	8	9	1.9391E7
0	7114	5024	8	9	1.9392E7
0	7118	5033	8	9	1.9393E7
0	7123	5041	8	9	1.9394E7
0	7127	5049	8	9	1.9395E7
0	7131	5058	8	9	1.9396E7
0	7135	5066	8	9	1.9397E7
0	7139	5073	8	6	1.9398E7
0	7141	5078	8	4	1.9399E7
0	7143	5081	8	1	1.94E7
0	7143	5081	8	0	1.9401E7
0	7143	5081	8	0	1.9402E7
0	7143	5081	8	0	1.9403E7
0	7143	5081	8	0	1.9404E7
0	7143	5081	8	0	1.9405E7
0	7143	5081	8	0	1.9406E7
0	7143	5081	8	0	1.9407E7
0	7143	5081	8	0	1.9408E7
0	7143	5081	8	0	1.9409E7
0	7143	5081	8	0	1.941E7
0	7143	5081	8	0	1.9411E7
0	7143	5081	8	0	1.9412E7
0	7143	5081	8	0	1.9413E7
0	7143	5081	8	0	1.9414E7
0	7143	5081	8	0	1.9415E7
0	7143	5081	8	0	1.9416E7
0	7143	5081	8	0	1.9417E7
0	7143	5081	8	0	1.9418E7
0	7143	5081	8	0	1.9419E7
0	7143	5081	8	0	1.942E7
0	7144	5082	8	2	1.9421E7
0	7145	5086	8	4	1.9422E7
0	7148	5091	8	6	1.9423E7
0	7151	5097	8	8	1.9424E7
0	7155	5106	8	9	1.9425E7
0	7160	5114	8	9	1.9426E7
0	7164	5123	8	9	1.9427E7
0	7168	5131	8	9	1.9428E7
0	7173	5140	8	9	1.9429E7
0	7177	5148	8	9	1.943E7
0	7181	5157	8	9	1.9431E7
0	7185	5165	8	9	1.9432E7
0	7190	5173	8	9	1.9433E7
0	7194	5182	8	9	1.9434E7
0	7198	5190	8	9	1.9435E7
0	7203	5199	8	9	1.9436E7
0	7207	5207	8	9	1.9437E7
0	7211	5216	8	9	1.9438E7
0	7215	5224	8	9	1.9439E7
0	7220	5233	8	9	1.944E7
0	7224	5241	8	9	1.9441E7
0	7228	5249	8	9	1.9442E7
0	7232	5258	8	9	1.9443E7
0	7237	5266	8	9	1.9444E7
0	7241	5275	8	9	1.9445E7
0	7245	5283	8	9	1.9446E7
0	7249	5292	8	9	1.9447E7
0	7253	5300	8	9	1.9448E7
0	7258	5309	8	9	1.9449E7
0	7262	5317	8	9	1.945E7
0	7266	5326	8	9	1.9451E7
0	7270	5334	8	9	1.9452E7
0	7274	5343	8	9	1.9453E7
0	7278	5351	8	9	1.9454E7
0	7282	5360	8	9	1.9455E7
0	7287	5368	8	9	1.9456E7
0	7290	5376	8	7	1.9457E7
0	7293	5381	8	4	1.9458E7
0	7294	5385	8	2	1.9459E7
0	7295	5385	8	0	1.946E7
0	7295	5385	8	0	1.9461E7
0	7295	5385	8	0	1.9462E7
0	7295	5385	8	0	1.9463E7
0	7295	5385	8	0	1.9464E7
0	7295	5385	8	0	1.9465E7
0	7295	5385	8	0	1.9466E7
0	7295	5385	8	0	1.9467E7
0	7295	5385	8	0	1.9468E7
0	7295	5385	8	0	1.9469E7
0	7295	5385	8	0	1.947E7
0	7295	5385	8	0	1.9471E7
0	7295	5385	8	0	1.9472E7
0	7295	5385	8	0	1.9473E7
0	7295	5385	8	0	1.9474E7
0	7295	5385	8	0	1.9475E7
0	7295	5385	8	0	1.9476E7
0	7295	5385	8	0	1.9477E7
0	7295	5385	8	0	1.9478E7
0	7295	5385	8	0	1.9479E7
0	7295	5386	8	2	1.948E7
0	7296	5389	8	4	1.9481E7
0	7298	5393	8	3	1.9482E7
0	7299	5395	8	1	1.9483E7
0	7300	5396	8	0	1.9484E7
0	7300	5396	8	0	1.9485E7
0	7300	5396	8	0	1.9486E7
0	7300	5396	8	0	1.9487E7
0	7300	5396	8	0	1.9488E7
0	7300	5396	8	0	1.9489E7
0	7300	5396	8	0	1.949E7
0	7300	5396	8	0	1.9491E7
0	7300	5396	8	0	1.9492E7
0	7300	5396	8	0	1.9493E7
0	7300	5396	8	0	1.9494E7
0	7300	5396	8	0	1.9495E7
0	7300	5396	8	0	1.9496E7
0	7300	5396	8	0	1.9497E7
0	7300	5396	8	0	1.9498E7
0	7300	5396	8	0	1.9499E7
0	7300	5396	8	0	1.95E7
0	7300	5396	8	0	1.9501E7
0	7300	5396	8	0	1.9502E7
0	7300	5396	8	0	1.9503E7
0	7300	5396	8	0	1.9504E7
0	7300	5396	8	0	1.9505E7
0	7300	5396	8	0	1.9506E7
0	7300	5396	8	0	1.9507E7
0	7300	5396	8	0	1.9508E7
0	7300	5396	8	0	1.9509E7
0	7300	5396	8	0	1.951E7
0	7300	5396	8	0	1.9511E7
0	7300	5396	8	0	1.9512E7
0	7300	5396	8	0	1.9513E7
0	7300	5396	8	0	1.9514E7
0	7300	5396	8	0	1.9515E7
0	7300	5396	8	0	1.9516E7
0	7300	5396	8	0	1.9517E7
0	7300	5396	8	0	1.9518E7
0	7300	5396	8	0	1.9519E7
0	7300	5396	8	0	1.952E7
0	7300	5396	8	0	1.9521E7
0	7301	5398	8	2	1.9522E7
0	7302	5401	8	4	1.9523E7
0	7305	5406	8	6	1.9524E7
0	7308	5413	8	8	1.9525E7
0	7312	5421	8	9	1.9526E7
0	7316	5429	8	9	1.9527E7
0	7320	5438	8	9	1.9528E7
0	7325	5446	8	9	1.9529E7
0	7329	5455	8	9	1.953E7
0	7333	5463	8	9	1.9531E7
0	7337	5472	8	9	1.9532E7
0	7341	5480	8	9	1.9533E7
0	7346	5489	8	9	1.9534E7
0	7350	5497	8	9	1.9535E7
0	7354	5506	8	9	1.9536E7
0	7358	5514	8	9	1.9537E7
0	7362	5523	8	9	1.9538E7
0	7366	5531	8	9	1.9539E7
0	7370	5540	8	9	1.954E7
0	7375	5548	8	9	1.9541E7
0	7379	5557	8	9	1.9542E7
0	7383	5565	8	9	1.9543E7
0	7387	5574	8	9	1.9544E7
0	7392	5582	8	9	1.9545E7
0	7397	5590	8	9	1.9546E7
0	7402	5598	8	9	1.9547E7
0	7404	5608	7	9	1.9548E7
0	7408	5616	7	9	1.9549E7
0	7412	5624	8	9	1.955E7
0	7416	5633	8	9	1.9551E7
0	7421	5641	8	9	1.9552E7
0	7425	5649	8	9	1.9553E7
0	7429	5657	8	9	1.9554E7
0	7433	5666	8	9	1.9555E7
0	7438	5674	8	9	1.9556E7
0	7441	5683	7	9	1.9557E7
0	7443	5691	7	7	1.9558E7
0	7444	5696	7	4	1.9559E7
0	7445	5699	7	2	1.956E7
0	7445	5700	7	0	1.9561E7
0	7445	5700	7	0	1.9562E7
0	7445	5700	7	0	1.9563E7
0	7445	5700	7	0	1.9564E7
0	7445	5700	7	0	1.9565E7
0	7445	5700	7	0	1.9566E7
0	7445	5700	7	0	1.9567E7
0	7445	5700	7	0	1.9568E7
0	7445	5700	7	0	1.9569E7
0	7445	5700	7	0	1.957E7
0	7445	5700	7	0	1.9571E7
0	7445	5700	7	0	1.9572E7
0	7445	5700	7	0	1.9573E7
0	7445	5700	7	0	1.9574E7
0	7445	5700	7	0	1.9575E7
0	7445	5700	7	0	1.9576E7
0	7445	5700	7	0	1.9577E7
0	7445	5700	7	0	1.9578E7
0	7445	5700	7	0	1.9579E7
0	7445	5700	7	0	1.958E7
0	7445	5701	7	2	1.9581E7
0	7445	5704	7	4	1.9582E7
0	7446	5710	7	6	1.9583E7
0	7446	5717	7	8	1.9584E7
0	7446	5726	7	8	1.9585E7
0	7445	5733	7	6	1.9586E7
0	7444	5737	7	3	1.9587E7
0	7443	5740	7	1	1.9588E7
0	7443	5741	7	0	1.9589E7
0	7443	5742	7	0	1.959E7
0	7443	5742	7	0	1.9591E7
0	7443	5742	7	0	1.9592E7
0	7443	5742	7	0	1.9593E7
0	7443	5742	7	0	1.9594E7
0	7443	5742	7	0	1.9595E7
0	7443	5742	7	0	1.9596E7
0	7443	5742	7	0	1.9597E7
0	7443	5742	7	0	1.9598E7
0	7443	5742	7	0	1.9599E7
0	7443	5742	7	0	1.96E7
0	7443	5742	7	0	1.9601E7
0	7442	5743	7	2	1.9602E7
0	7442	5747	7	4	1.9603E7
0	7440	5752	7	6	1.9604E7
0	7437	5759	7	8	1.9605E7
0	7434	5767	7	9	1.9606E7
0	7430	5776	7	9	1.9607E7
0	7427	5785	7	9	1.9608E7
0	7423	5793	7	9	1.9609E7
0	7419	5802	7	9	1.961E7
0	7416	5810	7	6	1.9611E7
0	7414	5815	7	4	1.9612E7
0	7412	5820	7	6	1.9613E7
0	7409	5827	7	8	1.9614E7
0	7406	5836	7	9	1.9615E7
0	7402	5844	7	9	1.9616E7
0	7399	5853	7	9	1.9617E7
0	7395	5862	7	9	1.9618E7
0	7391	5871	7	9	1.9619E7
0	7388	5880	7	9	1.962E7
0	7384	5888	7	9	1.9621E7
0	7381	5897	7	9	1.9622E7
0	7378	5906	7	9	1.9623E7
0	7374	5915	7	9	1.9624E7
0	7371	5924	7	9	1.9625E7
0	7368	5933	7	9	1.9626E7
0	7365	5942	7	9	1.9627E7
0	7361	5951	7	9	1.9628E7
0	7356	5958	6	9	1.9629E7
0	7347	5960	5	9	1.963E7
0	7337	5962	5	9	1.9631E7
0	7328	5964	5	9	1.9632E7
0	7319	5966	5	9	1.9633E7
0	7310	5967	5	9	1.9634E7
0	7301	5968	5	9	1.9635E7
0	7292	5967	5	9	1.9636E7
0	7284	5967	5	6	1.9637E7
0	7279	5966	5	3	1.9638E7
0	7276	5966	5	2	1.9639E7
0	7275	5966	5	0	1.964E7
0	7274	5966	5	0	1.9641E7
0	7274	5966	5	0	1.9642E7
0	7274	5966	5	0	1.9643E7
0	7274	5966	5	0	1.9644E7
0	7274	5966	5	0	1.9645E7
0	7274	5966	5	0	1.9646E7
0	7274	5966	5	0	1.9647E7
0	7274	5966	5	0	1.9648E7
0	7274	5966	5	0	1.9649E7
0	7274	5966	5	0	1.965E7
0	7274	5966	5	0	1.9651E7
0	7274	5966	5	0	1.9652E7
0	7274	5966	5	0	1.9653E7
0	7274	5966	5	0	1.9654E7
0	7274	5966	5	0	1.9655E7
0	7274	5966	5	0	1.9656E7
0	7274	5966	5	0	1.9657E7
0	7274	5966	5	0	1.9658E7
0	7274	5966	5	0	1.9659E7
0	7274	5966	5	0	1.966E7
0	7274	5966	5	0	1.9661E7
0	7274	5966	5	0	1.9662E7
0	7274	5966	5	0	1.9663E7
0	7274	5966	5	0	1.9664E7
0	7274	5966	5	0	1.9665E7
0	7274	5966	5	0	1.9666E7
0	7274	5966	5	0	1.9667E7
0	7274	5966	5	0	1.9668E7
0	7274	5966	5	0	1.9669E7
0	7274	5966	5	0	1.967E7
0	7274	5966	5	0	1.9671E7
0	7274	5966	5	0	1.9672E7
0	7274	5966	5	0	1.9673E7
0	7274	5966	5	0	1.9674E7
0	7274	5966	5	0	1.9675E7
0	7274	5966	5	0	1.9676E7
0	7274	5966	5	0	1.9677E7
0	7274	5966	5	0	1.9678E7
0	7274	5966	5	0	1.9679E7
0	7274	5966	5	0	1.968E7
0	7274	5966	5	0	1.9681E7
0	7272	5966	5	2	1.9682E7
0	7269	5965	5	4	1.9683E7
0	7263	5965	5	6	1.9684E7
0	7256	5964	5	8	1.9685E7
0	7247	5963	5	9	1.9686E7
0	7237	5961	5	9	1.9687E7
0	7228	5959	5	9	1.9688E7
0	7219	5958	5	9	1.9689E7
0	7210	5956	5	9	1.969E7
0	7200	5954	5	9	1.9691E7
0	7191	5952	5	9	1.9692E7
0	7182	5950	5	9	1.9693E7
0	7173	5948	5	9	1.9694E7
0	7163	5946	5	9	1.9695E7
0	7154	5944	5	9	1.9696E7
0	7145	5942	5	9	1.9697E7
0	7135	5940	5	9	1.9698E7
0	7126	5938	5	9	1.9699E7
0	7117	5936	5	9	1.97E7
0	7108	5935	5	9	1.9701E7
0	7098	5933	5	9	1.9702E7
0	7089	5931	5	9	1.9703E7
0	7080	5929	5	9	1.9704E7
0	7071	5927	5	9	1.9705E7
0	7061	5925	5	9	1.9706E7
0	7052	5923	5	9	1.9707E7
0	7043	5921	5	9	1.9708E7
0	7033	5919	5	9	1.9709E7
0	7024	5917	5	9	1.971E7
0	7015	5916	5	9	1.9711E7
0	7006	5914	5	9	1.9712E7
0	6996	5912	5	9	1.9713E7
0	6987	5910	5	9	1.9714E7
0	6978	5908	5	9	1.9715E7
0	6969	5906	5	9	1.9716E7
0	6959	5904	5	9	1.9717E7
0	6950	5902	5	9	1.9718E7
0	6941	5900	5	9	1.9719E7
0	6931	5898	5	9	1.972E7
0	6922	5896	5	9	1.9721E7
0	6913	5895	5	9	1.9722E7
0	6904	5893	5	9	1.9723E7
0	6894	5891	5	9	1.9724E7
0	6887	5889	5	6	1.9725E7
0	6882	5888	5	3	1.9726E7
0	6880	5888	5	0	1.9727E7
0	6880	5888	5	0	1.9728E7
0	6880	5888	5	0	1.9729E7
0	6880	5888	5	0	1.973E7
0	6880	5888	5	0	1.9731E7
0	6880	5888	5	0	1.9732E7
0	6880	5888	5	0	1.9733E7
0	6880	5888	5	0	1.9734E7
0	6880	5888	5	0	1.9735E7
0	6880	5888	5	0	1.9736E7
0	6880	5888	5	0	1.9737E7
0	6880	5888	5	0	1.9738E7
0	6880	5888	5	0	1.9739E7
0	6880	5888	5	0	1.974E7
0	6880	5888	5	0	1.9741E7
0	6880	5888	5	0	1.9742E7
0	6880	5888	5	0	1.9743E7
0	6880	5888	5	0	1.9744E7
0	6880	5888	5	0	1.9745E7
0	6880	5888	5	0	1.9746E7
0	6880	5888	5	0	1.9747E7
0	6878	5887	5	2	1.9748E7
0	6874	5887	5	4	1.9749E7
0	6868	5885	5	6	1.975E7
0	6860	5884	5	8	1.9751E7
0	6851	5882	5	9	1.9752E7
0	6842	5880	5	9	1.9753E7
0	6832	5878	5	9	1.9754E7
0	6823	5876	5	9	1.9755E7
0	6814	5875	5	9	1.9756E7
0	6804	5876	5	9	1.9757E7
0	6795	5874	5	9	1.9758E7
0	6785	5872	5	9	1.9759E7
0	6776	5871	5	9	1.976E7
0	6767	5869	5	9	1.9761E7
0	6757	5868	5	9	1.9762E7
0	6748	5866	5	9	1.9763E7
0	6739	5864	5	9	1.9764E7
0	6729	5862	5	9	1.9765E7
0	6720	5860	5	9	1.9766E7
0	6711	5859	5	9	1.9767E7
0	6701	5857	5	9	1.9768E7
0	6692	5856	5	9	1.9769E7
0	6683	5853	5	9	1.977E7
0	6674	5850	5	9	1.9771E7
0	6669	5842	4	9	1.9772E7
0	6666	5833	3	9	1.9773E7
0	6663	5824	3	9	1.9774E7
0	6660	5815	3	9	1.9775E7
0	6656	5806	3	9	1.9776E7
0	6653	5797	3	9	1.9777E7
0	6650	5788	3	9	1.9778E7
0	6647	5779	3	9	1.9779E7
0	6643	5770	3	9	1.978E7
0	6635	5766	4	9	1.9781E7
0	6627	5761	4	9	1.9782E7
0	6619	5756	4	9	1.9783E7
0	6610	5753	5	9	1.9784E7
0	6601	5751	5	9	1.9785E7
0	6592	5750	5	9	1.9786E7
0	6582	5749	5	9	1.9787E7
0	6573	5749	5	9	1.9788E7
0	6563	5750	5	9	1.9789E7
0	6554	5751	5	9	1.979E7
0	6545	5751	5	9	1.9791E7
0	6535	5752	5	9	1.9792E7
0	6526	5752	5	9	1.9793E7
0	6516	5752	5	9	1.9794E7
0	6507	5752	5	9	1.9795E7
0	6498	5752	5	9	1.9796E7
0	6488	5752	5	9	1.9797E7
0	6479	5752	5	9	1.9798E7
0	6470	5751	5	9	1.9799E7
0	6460	5751	5	9	1.98E7
0	6451	5750	5	9	1.9801E7
0	6441	5749	5	9	1.9802E7
0	6432	5748	5	9	1.9803E7
0	6423	5747	5	9	1.9804E7
0	6414	5746	5	8	1.9805E7
0	6407	5746	5	5	1.9806E7
0	6402	5746	5	3	1.9807E7
0	6397	5746	5	5	1.9808E7
0	6391	5748	5	7	1.9809E7
0	6383	5753	6	9	1.981E7
0	6377	5760	6	9	1.9811E7
0	6373	5768	6	9	1.9812E7
0	6369	5776	6	9	1.9813E7
0	6365	5785	6	9	1.9814E7
0	6357	5791	6	9	1.9815E7
0	6353	5800	6	9	1.9816E7
0	6350	5809	7	9	1.9817E7
0	6347	5818	7	9	1.9818E7
0	6345	5826	7	7	1.9819E7
0	6343	5831	7	4	1.982E7
0	6342	5834	7	2	1.9821E7
0	6342	5836	7	1	1.9822E7
0	6342	5836	7	0	1.9823E7
0	6342	5837	7	0	1.9824E7
0	6342	5837	7	0	1.9825E7
0	6342	5837	7	0	1.9826E7
0	6342	5837	7	0	1.9827E7
0	6342	5837	7	0	1.9828E7
0	6342	5837	7	0	1.9829E7
0	6342	5837	7	0	1.983E7
0	6342	5837	7	0	1.9831E7
0	6342	5837	7	0	1.9832E7
0	6342	5837	7	0	1.9833E7
0	6342	5837	7	0	1.9834E7
0	6342	5837	7	0	1.9835E7
0	6342	5837	7	0	1.9836E7
0	6342	5837	7	0	1.9837E7
0	6342	5837	7	0	1.9838E7
0	6342	5837	7	0	1.9839E7
0	6342	5837	7	0	1.984E7
0	6342	5837	7	0	1.9841E7
0	6341	5838	7	2	1.9842E7
0	6340	5842	7	4	1.9843E7
0	6339	5846	7	5	1.9844E7
0	6337	5853	7	7	1.9845E7
0	6334	5862	7	9	1.9846E7
0	6331	5871	7	9	1.9847E7
0	6328	5880	7	9	1.9848E7
0	6325	5889	7	9	1.9849E7
0	6323	5898	7	9	1.985E7
0	6320	5907	7	9	1.9851E7
0	6315	5915	7	9	1.9852E7
0	6312	5925	7	9	1.9853E7
0	6311	5934	7	9	1.9854E7
0	6309	5943	7	9	1.9855E7
0	6308	5953	7	9	1.9856E7
0	6307	5962	7	9	1.9857E7
0	6306	5972	7	9	1.9858E7
0	6304	5981	7	9	1.9859E7
0	6303	5990	7	9	1.986E7
0	6302	6000	7	9	1.9861E7
0	6301	6009	7	9	1.9862E7
0	6300	6019	7	9	1.9863E7
0	6299	6028	7	9	1.9864E7
0	6298	6037	7	9	1.9865E7
0	6297	6047	7	9	1.9866E7
0	6295	6056	7	9	1.9867E7
0	6294	6066	7	9	1.9868E7
0	6292	6074	7	7	1.9869E7
0	6291	6079	7	4	1.987E7
0	6291	6083	7	2	1.9871E7
0	6291	6083	7	0	1.9872E7
0	6291	6083	7	0	1.9873E7
0	6291	6083	7	0	1.9874E7
0	6291	6083	7	0	1.9875E7
0	6291	6083	7	0	1.9876E7
0	6291	6083	7	0	1.9877E7
0	6291	6083	7	0	1.9878E7
0	6291	6083	7	0	1.9879E7
0	6291	6083	7	0	1.988E7
0	6291	6083	7	0	1.9881E7
0	6291	6083	7	0	1.9882E7
0	6291	6083	7	0	1.9883E7
0	6291	6083	7	0	1.9884E7
0	6291	6083	7	0	1.9885E7
0	6291	6083	7	0	1.9886E7
0	6291	6083	7	0	1.9887E7
0	6291	6083	7	0	1.9888E7
0	6291	6083	7	0	1.9889E7
0	6291	6083	7	0	1.989E7
0	6291	6083	7	0	1.9891E7
0	6290	6084	7	2	1.9892E7
0	6290	6088	7	4	1.9893E7
0	6289	6093	7	6	1.9894E7
0	6288	6100	7	8	1.9895E7
0	6286	6109	7	9	1.9896E7
0	6285	6118	7	9	1.9897E7
0	6283	6128	7	9	1.9898E7
0	6282	6137	7	9	1.9899E7
0	6280	6146	7	9	1.99E7
0	6278	6156	7	9	1.9901E7
0	6277	6165	7	9	1.9902E7
0	6276	6174	7	9	1.9903E7
0	6274	6184	7	9	1.9904E7
0	6273	6193	7	9	1.9905E7
0	6272	6202	7	9	1.9906E7
0	6270	6212	7	9	1.9907E7
0	6269	6221	7	9	1.9908E7
0	6267	6230	7	9	1.9909E7
0	6266	6240	7	9	1.991E7
0	6265	6249	7	9	1.9911E7
0	6263	6259	7	9	1.9912E7
0	6262	6268	7	9	1.9913E7
0	6260	6277	7	9	1.9914E7
0	6259	6287	7	9	1.9915E7
0	6257	6296	7	9	1.9916E7
0	6256	6305	7	9	1.9917E7
0	6255	6315	7	9	1.9918E7
0	6253	6324	7	9	1.9919E7
0	6252	6333	7	9	1.992E7
0	6250	6343	7	9	1.9921E7
0	6249	6352	7	9	1.9922E7
0	6248	6362	7	9	1.9923E7
0	6246	6371	7	9	1.9924E7
0	6245	6380	7	9	1.9925E7
0	6243	6389	7	9	1.9926E7
0	6241	6399	7	9	1.9927E7
0	6240	6408	7	9	1.9928E7
0	6238	6417	7	9	1.9929E7
0	6237	6427	7	9	1.993E7
0	6235	6436	7	9	1.9931E7
0	6234	6445	7	9	1.9932E7
0	6232	6455	7	9	1.9933E7
0	6231	6462	7	6	1.9934E7
0	6230	6467	7	3	1.9935E7
0	6229	6469	7	0	1.9936E7
0	6229	6469	7	0	1.9937E7
0	6229	6469	7	0	1.9938E7
0	6229	6469	7	0	1.9939E7
0	6229	6469	7	0	1.994E7
0	6229	6469	7	0	1.9941E7
0	6229	6469	7	0	1.9942E7
0	6229	6469	7	0	1.9943E7
0	6229	6469	7	0	1.9944E7
0	6229	6469	7	0	1.9945E7
0	6229	6469	7	0	1.9946E7
0	6229	6469	7	0	1.9947E7
0	6229	6469	7	0	1.9948E7
0	6229	6469	7	0	1.9949E7
0	6229	6469	7	0	1.995E7
0	6229	6469	7	0	1.9951E7
0	6229	6469	7	0	1.9952E7
0	6229	6469	7	0	1.9953E7
0	6229	6469	7	0	1.9954E7
0	6229	6469	7	0	1.9955E7
0	6229	6469	7	0	1.9956E7
0	6229	6471	7	3	1.9957E7
0	6228	6475	7	4	1.9958E7
0	6227	6481	7	6	1.9959E7
0	6226	6489	7	8	1.996E7
0	6225	6498	7	9	1.9961E7
0	6223	6508	7	9	1.9962E7
