0	6413	2040	7	0	0.0
0	6413	2040	7	0	1.803E7
0	6413	2041	7	2	1.8031E7
0	6413	2045	7	4	1.8032E7
0	6413	2050	7	6	1.8033E7
0	6414	2058	7	8	1.8034E7
0	6415	2067	7	10	1.8035E7
0	6416	2078	7	10	1.8036E7
0	6417	2087	7	7	1.8037E7
0	6418	2093	7	5	1.8038E7
0	6418	2097	7	2	1.8039E7
0	6418	2098	7	0	1.804E7
0	6418	2098	7	0	1.8041E7
0	6418	2098	7	0	1.8042E7
0	6418	2098	7	0	1.8043E7
0	6418	2098	7	0	1.8044E7
0	6418	2098	7	0	1.8045E7
0	6418	2098	7	0	1.8046E7
0	6418	2098	7	0	1.8047E7
0	6418	2098	7	0	1.8048E7
0	6418	2098	7	0	1.8049E7
0	6418	2098	7	0	1.805E7
0	6418	2098	7	0	1.8051E7
0	6418	2098	7	0	1.8052E7
0	6418	2098	7	0	1.8053E7
0	6418	2098	7	0	1.8054E7
0	6418	2098	7	0	1.8055E7
0	6418	2098	7	0	1.8056E7
0	6418	2098	7	0	1.8057E7
0	6418	2098	7	0	1.8058E7
0	6418	2098	7	0	1.8059E7
0	6418	2099	7	1	1.806E7
0	6419	2102	7	3	1.8061E7
0	6419	2107	7	5	1.8062E7
0	6420	2114	7	7	1.8063E7
0	6421	2122	7	9	1.8064E7
0	6422	2133	7	11	1.8065E7
0	6423	2146	7	13	1.8066E7
0	6424	2160	7	15	1.8067E7
0	6426	2176	7	15	1.8068E7
0	6428	2192	7	15	1.8069E7
0	6431	2207	7	15	1.807E7
0	6434	2222	7	14	1.8071E7
0	6437	2234	7	10	1.8072E7
0	6438	2243	7	7	1.8073E7
0	6439	2249	7	4	1.8074E7
0	6440	2252	7	2	1.8075E7
0	6440	2253	7	0	1.8076E7
0	6440	2253	7	0	1.8077E7
0	6440	2253	7	0	1.8078E7
0	6440	2253	7	0	1.8079E7
0	6440	2253	7	0	1.808E7
0	6440	2253	7	0	1.8081E7
0	6440	2253	7	0	1.8082E7
0	6440	2253	7	0	1.8083E7
0	6440	2253	7	0	1.8084E7
0	6440	2253	7	0	1.8085E7
0	6440	2253	7	0	1.8086E7
0	6440	2253	7	0	1.8087E7
0	6440	2253	7	0	1.8088E7
0	6440	2253	7	0	1.8089E7
0	6440	2253	7	0	1.809E7
0	6440	2253	7	0	1.8091E7
0	6440	2253	7	0	1.8092E7
0	6440	2253	7	0	1.8093E7
0	6440	2253	7	0	1.8094E7
0	6440	2253	7	0	1.8095E7
0	6440	2254	7	1	1.8096E7
0	6440	2257	7	3	1.8097E7
0	6441	2262	7	5	1.8098E7
0	6442	2269	7	8	1.8099E7
0	6443	2278	7	9	1.81E7
0	6444	2289	7	11	1.8101E7
0	6445	2302	7	13	1.8102E7
0	6446	2317	7	15	1.8103E7
0	6447	2332	7	15	1.8104E7
0	6448	2348	7	15	1.8105E7
0	6449	2364	7	15	1.8106E7
0	6450	2380	7	15	1.8107E7
0	6451	2395	7	15	1.8108E7
0	6448	2410	7	15	1.8109E7
0	6446	2424	7	12	1.811E7
0	6445	2434	7	9	1.8111E7
0	6445	2442	7	6	1.8112E7
0	6445	2447	7	3	1.8113E7
0	6445	2451	7	5	1.8114E7
0	6442	2456	7	7	1.8115E7
0	6434	2459	6	9	1.8116E7
0	6424	2461	5	11	1.8117E7
0	6412	2465	5	13	1.8118E7
0	6399	2469	5	15	1.8119E7
0	6384	2474	5	15	1.812E7
0	6368	2479	5	15	1.8121E7
0	6353	2483	5	15	1.8122E7
0	6338	2488	5	15	1.8123E7
0	6323	2492	5	15	1.8124E7
0	6308	2496	5	15	1.8125E7
0	6293	2501	5	15	1.8126E7
0	6277	2505	5	15	1.8127E7
0	6262	2509	5	15	1.8128E7
0	6247	2514	5	15	1.8129E7
0	6232	2518	5	15	1.813E7
0	6217	2523	5	15	1.8131E7
0	6201	2527	5	15	1.8132E7
0	6188	2531	5	12	1.8133E7
0	6177	2534	5	9	1.8134E7
0	6170	2536	5	6	1.8135E7
0	6165	2538	5	3	1.8136E7
0	6163	2538	5	2	1.8137E7
0	6161	2539	5	0	1.8138E7
0	6161	2539	5	0	1.8139E7
0	6161	2539	5	0	1.814E7
0	6160	2539	5	0	1.8141E7
0	6160	2539	5	0	1.8142E7
0	6160	2539	5	0	1.8143E7
0	6160	2539	5	0	1.8144E7
0	6160	2539	5	0	1.8145E7
0	6160	2539	5	0	1.8146E7
0	6160	2539	5	0	1.8147E7
0	6160	2539	5	0	1.8148E7
0	6160	2539	5	0	1.8149E7
0	6160	2539	5	0	1.815E7
0	6160	2539	5	0	1.8151E7
0	6160	2539	5	0	1.8152E7
0	6160	2539	5	0	1.8153E7
0	6160	2539	5	0	1.8154E7
0	6160	2539	5	0	1.8155E7
0	6160	2539	5	0	1.8156E7
0	6160	2539	5	0	1.8157E7
0	6160	2539	5	0	1.8158E7
0	6160	2539	5	0	1.8159E7
0	6160	2539	5	0	1.816E7
0	6160	2539	5	0	1.8161E7
0	6160	2539	5	0	1.8162E7
0	6160	2539	5	0	1.8163E7
0	6160	2539	5	0	1.8164E7
0	6160	2539	5	0	1.8165E7
0	6160	2539	5	0	1.8166E7
0	6160	2539	5	0	1.8167E7
0	6160	2539	5	0	1.8168E7
0	6160	2539	5	0	1.8169E7
0	6160	2539	5	0	1.817E7
0	6160	2539	5	0	1.8171E7
0	6160	2539	5	0	1.8172E7
0	6160	2539	5	0	1.8173E7
0	6160	2539	5	0	1.8174E7
0	6160	2539	5	0	1.8175E7
0	6160	2539	5	0	1.8176E7
0	6160	2539	5	0	1.8177E7
0	6160	2539	5	0	1.8178E7
0	6160	2539	5	0	1.8179E7
0	6160	2539	5	0	1.818E7
0	6160	2539	5	0	1.8181E7
0	6159	2540	5	2	1.8182E7
0	6156	2541	5	4	1.8183E7
0	6150	2542	5	6	1.8184E7
0	6143	2544	5	8	1.8185E7
0	6134	2547	5	10	1.8186E7
0	6123	2550	5	12	1.8187E7
0	6111	2554	5	14	1.8188E7
0	6097	2558	5	13	1.8189E7
0	6086	2561	5	10	1.819E7
0	6078	2563	5	7	1.8191E7
0	6073	2565	5	4	1.8192E7
0	6069	2566	5	2	1.8193E7
0	6069	2566	5	0	1.8194E7
0	6069	2566	5	0	1.8195E7
0	6069	2566	5	0	1.8196E7
0	6069	2566	5	0	1.8197E7
0	6069	2566	5	0	1.8198E7
0	6069	2566	5	0	1.8199E7
0	6069	2566	5	0	1.82E7
0	6069	2566	5	0	1.8201E7
0	6069	2566	5	0	1.8202E7
0	6069	2566	5	0	1.8203E7
0	6069	2566	5	0	1.8204E7
0	6069	2566	5	0	1.8205E7
0	6069	2566	5	0	1.8206E7
0	6069	2566	5	0	1.8207E7
0	6069	2566	5	0	1.8208E7
0	6069	2566	5	0	1.8209E7
0	6069	2566	5	0	1.821E7
0	6069	2566	5	0	1.8211E7
0	6069	2566	5	0	1.8212E7
0	6069	2566	5	0	1.8213E7
0	6068	2566	5	2	1.8214E7
0	6065	2567	5	4	1.8215E7
0	6060	2569	5	5	1.8216E7
0	6053	2571	5	7	1.8217E7
0	6044	2573	5	9	1.8218E7
0	6034	2576	5	11	1.8219E7
0	6021	2578	5	13	1.822E7
0	6007	2579	5	15	1.8221E7
0	5991	2580	5	15	1.8222E7
0	5975	2580	5	15	1.8223E7
0	5960	2578	5	15	1.8224E7
0	5944	2576	5	15	1.8225E7
0	5929	2573	5	15	1.8226E7
0	5913	2571	5	15	1.8227E7
0	5897	2567	5	15	1.8228E7
0	5882	2564	5	15	1.8229E7
0	5866	2562	5	15	1.823E7
0	5851	2559	5	15	1.8231E7
0	5835	2556	5	15	1.8232E7
0	5820	2553	5	15	1.8233E7
0	5804	2550	5	15	1.8234E7
0	5788	2549	5	15	1.8235E7
0	5772	2548	5	15	1.8236E7
0	5756	2548	5	15	1.8237E7
0	5741	2549	5	15	1.8238E7
0	5725	2551	5	15	1.8239E7
0	5709	2552	5	15	1.824E7
0	5693	2553	5	15	1.8241E7
0	5678	2555	5	15	1.8242E7
0	5662	2556	5	15	1.8243E7
0	5646	2557	5	15	1.8244E7
0	5631	2558	5	13	1.8245E7
0	5620	2560	5	9	1.8246E7
0	5612	2561	5	6	1.8247E7
0	5607	2562	5	4	1.8248E7
0	5604	2562	5	1	1.8249E7
0	5603	2562	5	0	1.825E7
0	5603	2562	5	0	1.8251E7
0	5603	2562	5	0	1.8252E7
0	5603	2562	5	0	1.8253E7
0	5603	2562	5	0	1.8254E7
0	5603	2562	5	0	1.8255E7
0	5603	2562	5	0	1.8256E7
0	5603	2562	5	0	1.8257E7
0	5603	2562	5	0	1.8258E7
0	5603	2562	5	0	1.8259E7
0	5603	2562	5	0	1.826E7
0	5603	2562	5	0	1.8261E7
0	5603	2562	5	0	1.8262E7
0	5603	2562	5	0	1.8263E7
0	5603	2562	5	0	1.8264E7
0	5603	2562	5	0	1.8265E7
0	5603	2562	5	0	1.8266E7
0	5603	2562	5	0	1.8267E7
0	5603	2562	5	0	1.8268E7
0	5603	2562	5	0	1.8269E7
0	5602	2562	5	2	1.827E7
0	5598	2563	5	4	1.8271E7
0	5593	2564	5	6	1.8272E7
0	5585	2566	5	8	1.8273E7
0	5576	2568	5	9	1.8274E7
0	5569	2570	5	6	1.8275E7
0	5563	2571	5	4	1.8276E7
0	5560	2572	5	2	1.8277E7
0	5559	2572	5	1	1.8278E7
0	5558	2572	5	0	1.8279E7
0	5558	2572	5	0	1.828E7
0	5558	2572	5	0	1.8281E7
0	5558	2572	5	0	1.8282E7
0	5558	2572	5	0	1.8283E7
0	5558	2572	5	0	1.8284E7
0	5558	2572	5	0	1.8285E7
0	5558	2572	5	0	1.8286E7
0	5558	2572	5	0	1.8287E7
0	5558	2572	5	0	1.8288E7
0	5558	2572	5	0	1.8289E7
0	5558	2572	5	0	1.829E7
0	5558	2572	5	0	1.8291E7
0	5558	2572	5	0	1.8292E7
0	5558	2572	5	0	1.8293E7
0	5558	2572	5	0	1.8294E7
0	5558	2572	5	0	1.8295E7
0	5558	2572	5	0	1.8296E7
0	5558	2572	5	0	1.8297E7
0	5558	2572	5	0	1.8298E7
0	5558	2572	5	0	1.8299E7
0	5558	2572	5	0	1.83E7
0	5558	2572	5	0	1.8301E7
0	5558	2572	5	0	1.8302E7
0	5558	2572	5	0	1.8303E7
0	5558	2572	5	0	1.8304E7
0	5558	2572	5	0	1.8305E7
0	5558	2572	5	0	1.8306E7
0	5558	2572	5	0	1.8307E7
0	5558	2572	5	0	1.8308E7
0	5558	2572	5	0	1.8309E7
0	5558	2572	5	0	1.831E7
0	5558	2572	5	0	1.8311E7
0	5558	2572	5	0	1.8312E7
0	5558	2572	5	0	1.8313E7
0	5558	2572	5	0	1.8314E7
0	5558	2572	5	0	1.8315E7
0	5558	2572	5	0	1.8316E7
0	5558	2572	5	0	1.8317E7
0	5558	2572	5	0	1.8318E7
0	5558	2572	5	0	1.8319E7
0	5558	2572	5	0	1.832E7
0	5558	2572	5	0	1.8321E7
0	5556	2573	5	2	1.8322E7
0	5553	2573	5	3	1.8323E7
0	5548	2575	5	5	1.8324E7
0	5542	2578	6	7	1.8325E7
0	5534	2582	6	9	1.8326E7
0	5524	2587	6	11	1.8327E7
0	5513	2593	6	13	1.8328E7
0	5501	2601	6	14	1.8329E7
0	5489	2610	6	15	1.833E7
0	5477	2621	6	15	1.8331E7
0	5467	2633	6	15	1.8332E7
0	5457	2646	6	15	1.8333E7
0	5450	2661	6	15	1.8334E7
0	5445	2676	7	15	1.8335E7
0	5441	2692	7	15	1.8336E7
0	5438	2707	7	15	1.8337E7
0	5435	2723	7	15	1.8338E7
0	5432	2739	7	15	1.8339E7
0	5430	2755	7	15	1.834E7
0	5427	2770	7	15	1.8341E7
0	5425	2786	7	15	1.8342E7
0	5422	2802	7	15	1.8343E7
0	5421	2818	7	15	1.8344E7
0	5420	2834	7	15	1.8345E7
0	5421	2850	7	15	1.8346E7
0	5422	2866	7	15	1.8347E7
0	5424	2881	7	15	1.8348E7
0	5430	2897	7	15	1.8349E7
0	5436	2911	8	15	1.835E7
0	5443	2925	8	14	1.8351E7
0	5451	2935	8	11	1.8352E7
0	5457	2942	8	7	1.8353E7
0	5462	2947	8	5	1.8354E7
0	5465	2949	8	3	1.8355E7
0	5466	2950	8	0	1.8356E7
0	5466	2950	8	0	1.8357E7
0	5466	2950	8	0	1.8358E7
0	5466	2950	8	0	1.8359E7
0	5466	2950	8	0	1.836E7
0	5466	2950	8	0	1.8361E7
0	5466	2950	8	0	1.8362E7
0	5466	2950	8	0	1.8363E7
0	5466	2950	8	0	1.8364E7
0	5466	2950	8	0	1.8365E7
0	5466	2950	8	0	1.8366E7
0	5466	2950	8	0	1.8367E7
0	5466	2950	8	0	1.8368E7
0	5466	2950	8	0	1.8369E7
0	5466	2950	8	0	1.837E7
0	5466	2950	8	0	1.8371E7
0	5466	2950	8	0	1.8372E7
0	5466	2950	8	0	1.8373E7
0	5466	2950	8	0	1.8374E7
0	5466	2950	8	0	1.8375E7
0	5466	2951	8	1	1.8376E7
0	5468	2953	8	3	1.8377E7
0	5472	2956	8	5	1.8378E7
0	5477	2960	8	7	1.8379E7
0	5483	2966	8	9	1.838E7
0	5491	2973	8	11	1.8381E7
0	5498	2980	8	8	1.8382E7
0	5503	2985	8	5	1.8383E7
0	5506	2988	8	3	1.8384E7
0	5507	2990	8	1	1.8385E7
0	5508	2991	8	0	1.8386E7
0	5508	2991	8	0	1.8387E7
0	5508	2992	8	0	1.8388E7
0	5508	2992	8	0	1.8389E7
0	5508	2992	8	0	1.839E7
0	5508	2992	8	0	1.8391E7
0	5508	2992	8	0	1.8392E7
0	5508	2992	8	0	1.8393E7
0	5508	2992	8	0	1.8394E7
0	5508	2992	8	0	1.8395E7
0	5508	2992	8	0	1.8396E7
0	5508	2992	8	0	1.8397E7
0	5508	2992	8	0	1.8398E7
0	5508	2992	8	0	1.8399E7
0	5508	2992	8	0	1.84E7
0	5509	2992	8	0	1.8401E7
0	5509	2993	8	2	1.8402E7
0	5512	2995	8	4	1.8403E7
0	5514	3000	8	6	1.8404E7
0	5518	3007	8	8	1.8405E7
0	5522	3015	8	10	1.8406E7
0	5527	3025	8	12	1.8407E7
0	5531	3038	7	13	1.8408E7
0	5536	3052	7	15	1.8409E7
0	5540	3067	7	15	1.841E7
0	5542	3082	7	15	1.8411E7
0	5544	3098	7	15	1.8412E7
0	5544	3114	7	15	1.8413E7
0	5543	3129	7	15	1.8414E7
0	5542	3145	7	15	1.8415E7
0	5542	3161	7	15	1.8416E7
0	5541	3177	7	15	1.8417E7
0	5541	3192	7	15	1.8418E7
0	5540	3208	7	15	1.8419E7
0	5540	3224	7	15	1.842E7
0	5539	3239	7	15	1.8421E7
0	5539	3253	7	11	1.8422E7
0	5538	3263	7	8	1.8423E7
0	5538	3269	7	5	1.8424E7
0	5538	3274	7	3	1.8425E7
0	5538	3276	7	0	1.8426E7
0	5538	3276	7	0	1.8427E7
0	5538	3276	7	0	1.8428E7
0	5538	3276	7	0	1.8429E7
0	5538	3276	7	0	1.843E7
0	5538	3276	7	0	1.8431E7
0	5538	3276	7	0	1.8432E7
0	5538	3276	7	0	1.8433E7
0	5538	3276	7	0	1.8434E7
0	5538	3276	7	0	1.8435E7
0	5538	3276	7	0	1.8436E7
0	5538	3276	7	0	1.8437E7
0	5538	3276	7	0	1.8438E7
0	5538	3276	7	0	1.8439E7
0	5538	3276	7	0	1.844E7
0	5538	3276	7	0	1.8441E7
0	5538	3276	7	0	1.8442E7
0	5538	3276	7	0	1.8443E7
0	5538	3276	7	0	1.8444E7
0	5538	3276	7	0	1.8445E7
0	5538	3276	7	1	1.8446E7
0	5538	3278	7	3	1.8447E7
0	5538	3283	7	5	1.8448E7
0	5537	3289	7	7	1.8449E7
0	5537	3297	7	9	1.845E7
0	5537	3308	7	11	1.8451E7
0	5537	3320	7	12	1.8452E7
0	5536	3334	7	15	1.8453E7
0	5536	3349	7	13	1.8454E7
0	5536	3361	7	10	1.8455E7
0	5535	3370	7	7	1.8456E7
0	5535	3375	7	4	1.8457E7
0	5535	3379	7	2	1.8458E7
0	5535	3381	7	1	1.8459E7
0	5535	3381	7	0	1.846E7
0	5535	3382	7	0	1.8461E7
0	5535	3382	7	0	1.8462E7
0	5535	3382	7	0	1.8463E7
0	5535	3382	7	0	1.8464E7
0	5535	3382	7	0	1.8465E7
0	5535	3382	7	0	1.8466E7
0	5535	3382	7	0	1.8467E7
0	5535	3382	7	0	1.8468E7
0	5535	3382	7	0	1.8469E7
0	5535	3382	7	0	1.847E7
0	5535	3382	7	0	1.8471E7
0	5535	3382	7	0	1.8472E7
0	5535	3382	7	0	1.8473E7
0	5535	3382	7	0	1.8474E7
0	5535	3382	7	0	1.8475E7
0	5535	3382	7	0	1.8476E7
0	5535	3382	7	0	1.8477E7
0	5535	3382	7	0	1.8478E7
0	5535	3382	7	0	1.8479E7
0	5535	3382	7	0	1.848E7
0	5535	3382	7	0	1.8481E7
0	5535	3383	7	2	1.8482E7
0	5535	3387	7	4	1.8483E7
0	5535	3393	7	6	1.8484E7
0	5535	3400	7	8	1.8485E7
0	5536	3409	7	10	1.8486E7
0	5536	3421	7	11	1.8487E7
0	5538	3434	7	13	1.8488E7
0	5541	3448	7	15	1.8489E7
0	5546	3464	7	15	1.849E7
0	5553	3478	8	15	1.8491E7
0	5562	3491	8	15	1.8492E7
0	5572	3504	8	15	1.8493E7
0	5581	3517	8	15	1.8494E7
0	5591	3530	8	15	1.8495E7
0	5602	3542	8	15	1.8496E7
0	5614	3552	8	15	1.8497E7
0	5626	3562	8	15	1.8498E7
0	5640	3571	8	15	1.8499E7
0	5654	3578	8	15	1.85E7
0	5669	3584	1	15	1.8501E7
0	5684	3587	1	13	1.8502E7
0	5696	3590	1	10	1.8503E7
0	5704	3591	1	7	1.8504E7
0	5710	3592	1	4	1.8505E7
0	5714	3592	1	2	1.8506E7
0	5714	3592	1	0	1.8507E7
0	5714	3592	1	0	1.8508E7
0	5714	3592	1	0	1.8509E7
0	5714	3592	1	0	1.851E7
0	5714	3592	1	0	1.8511E7
0	5714	3592	1	0	1.8512E7
0	5714	3592	1	0	1.8513E7
0	5714	3592	1	0	1.8514E7
0	5714	3592	1	0	1.8515E7
0	5714	3592	1	0	1.8516E7
0	5714	3592	1	0	1.8517E7
0	5714	3592	1	0	1.8518E7
0	5714	3592	1	0	1.8519E7
0	5714	3592	1	0	1.852E7
0	5714	3592	1	0	1.8521E7
0	5714	3592	1	0	1.8522E7
0	5714	3592	1	0	1.8523E7
0	5714	3592	1	0	1.8524E7
0	5714	3592	1	0	1.8525E7
0	5714	3592	1	0	1.8526E7
0	5715	3592	1	2	1.8527E7
0	5719	3593	1	4	1.8528E7
0	5724	3593	1	6	1.8529E7
0	5731	3594	1	8	1.853E7
0	5740	3596	1	10	1.8531E7
0	5752	3597	1	12	1.8532E7
0	5765	3599	1	14	1.8533E7
0	5780	3601	1	15	1.8534E7
0	5796	3603	1	15	1.8535E7
0	5811	3607	1	15	1.8536E7
0	5823	3617	8	15	1.8537E7
0	5834	3628	8	15	1.8538E7
0	5844	3640	8	15	1.8539E7
0	5855	3652	8	15	1.854E7
0	5865	3664	8	15	1.8541E7
0	5875	3676	8	15	1.8542E7
0	5886	3688	8	15	1.8543E7
0	5896	3701	8	15	1.8544E7
0	5905	3712	8	13	1.8545E7
0	5913	3721	8	10	1.8546E7
0	5918	3727	8	7	1.8547E7
0	5922	3732	8	4	1.8548E7
0	5924	3734	8	2	1.8549E7
0	5925	3735	8	0	1.855E7
0	5925	3735	8	0	1.8551E7
0	5925	3735	8	0	1.8552E7
0	5925	3735	8	0	1.8553E7
0	5925	3735	8	0	1.8554E7
0	5925	3735	8	0	1.8555E7
0	5925	3735	8	0	1.8556E7
0	5925	3735	8	0	1.8557E7
0	5925	3735	8	0	1.8558E7
0	5925	3735	8	0	1.8559E7
0	5925	3735	8	0	1.856E7
0	5925	3735	8	0	1.8561E7
0	5925	3735	8	0	1.8562E7
0	5925	3735	8	0	1.8563E7
0	5925	3735	8	0	1.8564E7
0	5925	3735	8	0	1.8565E7
0	5925	3735	8	0	1.8566E7
0	5925	3735	8	0	1.8567E7
0	5925	3735	8	0	1.8568E7
0	5925	3735	8	0	1.8569E7
0	5925	3736	8	2	1.857E7
0	5928	3738	8	4	1.8571E7
0	5931	3742	8	5	1.8572E7
0	5935	3747	8	7	1.8573E7
0	5941	3754	8	9	1.8574E7
0	5950	3761	8	11	1.8575E7
0	5960	3769	8	13	1.8576E7
0	5973	3777	8	15	1.8577E7
0	5988	3782	1	15	1.8578E7
0	6003	3786	1	15	1.8579E7
0	6019	3789	1	15	1.858E7
0	6034	3793	1	15	1.8581E7
0	6050	3796	1	15	1.8582E7
0	6065	3798	1	15	1.8583E7
0	6080	3801	1	12	1.8584E7
0	6090	3803	1	9	1.8585E7
0	6098	3804	1	6	1.8586E7
0	6103	3805	1	4	1.8587E7
0	6106	3806	1	1	1.8588E7
0	6106	3806	1	0	1.8589E7
0	6106	3806	1	0	1.859E7
0	6106	3806	1	0	1.8591E7
0	6106	3806	1	0	1.8592E7
0	6106	3806	1	0	1.8593E7
0	6106	3806	1	0	1.8594E7
0	6106	3806	1	0	1.8595E7
0	6106	3806	1	0	1.8596E7
0	6106	3806	1	0	1.8597E7
0	6106	3806	1	0	1.8598E7
0	6106	3806	1	0	1.8599E7
0	6106	3806	1	0	1.86E7
0	6106	3806	1	0	1.8601E7
0	6106	3806	1	0	1.8602E7
0	6106	3806	1	0	1.8603E7
0	6106	3806	1	0	1.8604E7
0	6106	3806	1	0	1.8605E7
0	6106	3806	1	0	1.8606E7
0	6106	3806	1	0	1.8607E7
0	6106	3806	1	0	1.8608E7
0	6108	3806	1	2	1.8609E7
0	6112	3807	1	4	1.861E7
0	6117	3808	1	6	1.8611E7
0	6124	3809	1	8	1.8612E7
0	6134	3811	1	10	1.8613E7
0	6145	3814	1	12	1.8614E7
0	6158	3816	1	14	1.8615E7
0	6171	3821	1	15	1.8616E7
0	6185	3828	8	15	1.8617E7
0	6194	3841	8	15	1.8618E7
0	6199	3856	7	15	1.8619E7
0	6201	3871	7	15	1.862E7
0	6199	3887	7	15	1.8621E7
0	6197	3902	7	15	1.8622E7
0	6196	3918	7	15	1.8623E7
0	6197	3934	7	15	1.8624E7
0	6199	3949	7	15	1.8625E7
0	6203	3964	7	15	1.8626E7
0	6209	3979	8	15	1.8627E7
0	6215	3993	8	15	1.8628E7
0	6223	4007	8	15	1.8629E7
0	6232	4020	8	15	1.863E7
0	6243	4031	8	15	1.8631E7
0	6255	4039	8	13	1.8632E7
0	6266	4044	8	10	1.8633E7
0	6274	4047	1	7	1.8634E7
0	6279	4049	1	4	1.8635E7
0	6282	4049	1	2	1.8636E7
0	6283	4049	1	0	1.8637E7
0	6283	4049	1	0	1.8638E7
0	6283	4049	1	0	1.8639E7
0	6283	4049	1	0	1.864E7
0	6283	4049	1	0	1.8641E7
0	6283	4049	1	0	1.8642E7
0	6283	4049	1	0	1.8643E7
0	6283	4049	1	0	1.8644E7
0	6283	4049	1	0	1.8645E7
0	6283	4049	1	0	1.8646E7
0	6283	4049	1	0	1.8647E7
0	6283	4049	1	0	1.8648E7
0	6283	4049	1	0	1.8649E7
0	6283	4049	1	0	1.865E7
0	6283	4049	1	0	1.8651E7
0	6283	4049	1	0	1.8652E7
0	6283	4049	1	0	1.8653E7
0	6283	4049	1	0	1.8654E7
0	6283	4049	1	0	1.8655E7
0	6283	4049	1	0	1.8656E7
0	6284	4050	1	2	1.8657E7
0	6287	4050	1	3	1.8658E7
0	6292	4051	1	5	1.8659E7
0	6302	4050	1	7	1.866E7
0	6311	4053	1	9	1.8661E7
0	6320	4058	8	11	1.8662E7
0	6331	4064	8	13	1.8663E7
0	6342	4073	8	15	1.8664E7
0	6352	4085	8	15	1.8665E7
0	6359	4099	8	15	1.8666E7
0	6362	4115	7	15	1.8667E7
0	6366	4130	7	15	1.8668E7
0	6365	4146	7	15	1.8669E7
0	6363	4162	7	14	1.867E7
0	6360	4174	7	11	1.8671E7
0	6358	4183	7	7	1.8672E7
0	6356	4189	7	5	1.8673E7
0	6355	4193	7	2	1.8674E7
0	6354	4195	7	1	1.8675E7
0	6354	4196	7	0	1.8676E7
0	6354	4198	7	2	1.8677E7
0	6353	4202	7	4	1.8678E7
0	6354	4206	7	4	1.8679E7
0	6356	4210	7	6	1.868E7
0	6363	4214	8	8	1.8681E7
0	6372	4216	1	10	1.8682E7
0	6383	4222	1	12	1.8683E7
0	6396	4226	1	14	1.8684E7
0	6411	4230	1	15	1.8685E7
0	6426	4234	1	15	1.8686E7
0	6442	4237	1	15	1.8687E7
0	6457	4241	1	15	1.8688E7
0	6472	4245	1	15	1.8689E7
0	6486	4249	1	12	1.869E7
0	6496	4252	1	8	1.8691E7
0	6503	4253	1	6	1.8692E7
0	6507	4255	1	3	1.8693E7
0	6510	4255	1	1	1.8694E7
0	6511	4256	1	0	1.8695E7
0	6512	4256	1	0	1.8696E7
0	6512	4256	1	0	1.8697E7
0	6512	4256	1	0	1.8698E7
0	6512	4256	1	0	1.8699E7
0	6512	4256	1	0	1.87E7
0	6512	4256	1	0	1.8701E7
0	6512	4256	1	0	1.8702E7
0	6512	4256	1	0	1.8703E7
0	6512	4256	1	0	1.8704E7
0	6512	4256	1	0	1.8705E7
0	6512	4256	1	0	1.8706E7
0	6512	4256	1	0	1.8707E7
0	6512	4256	1	0	1.8708E7
0	6512	4256	1	0	1.8709E7
0	6512	4256	1	0	1.871E7
0	6512	4256	1	0	1.8711E7
0	6512	4256	1	0	1.8712E7
0	6512	4256	1	0	1.8713E7
0	6512	4256	1	0	1.8714E7
0	6512	4256	1	0	1.8715E7
0	6512	4256	1	0	1.8716E7
0	6512	4256	1	0	1.8717E7
0	6512	4256	1	0	1.8718E7
0	6512	4256	1	0	1.8719E7
0	6512	4256	1	0	1.872E7
0	6512	4256	1	0	1.8721E7
0	6512	4256	1	0	1.8722E7
0	6512	4256	1	0	1.8723E7
0	6512	4256	1	0	1.8724E7
0	6512	4256	1	0	1.8725E7
0	6512	4256	1	0	1.8726E7
0	6512	4256	1	0	1.8727E7
0	6512	4256	1	0	1.8728E7
0	6512	4256	1	0	1.8729E7
0	6512	4256	1	0	1.873E7
0	6512	4256	1	0	1.8731E7
0	6512	4256	1	0	1.8732E7
0	6512	4256	1	0	1.8733E7
0	6512	4256	1	0	1.8734E7
0	6511	4259	1	0	1.8735E7
0	6511	4259	1	0	1.8736E7
0	6511	4259	1	0	1.8737E7
0	6511	4259	1	0	1.8738E7
0	6511	4259	1	0	1.8739E7
0	6511	4259	1	0	1.874E7
0	6511	4259	1	0	1.8741E7
0	6511	4259	1	0	1.8742E7
0	6511	4259	1	0	1.8743E7
0	6511	4259	1	0	1.8744E7
0	6511	4259	1	0	1.8745E7
0	6511	4259	1	0	1.8746E7
0	6511	4259	1	0	1.8747E7
0	6511	4259	1	0	1.8748E7
0	6511	4259	1	0	1.8749E7
0	6511	4259	1	0	1.875E7
0	6511	4259	1	0	1.8751E7
0	6512	4259	1	2	1.8752E7
0	6516	4261	1	4	1.8753E7
0	6521	4263	1	6	1.8754E7
0	6528	4265	1	8	1.8755E7
0	6536	4269	1	10	1.8756E7
0	6546	4274	8	12	1.8757E7
0	6557	4281	8	14	1.8758E7
0	6568	4288	8	11	1.8759E7
0	6576	4293	8	8	1.876E7
0	6582	4296	8	5	1.8761E7
0	6585	4298	8	3	1.8762E7
0	6587	4299	8	1	1.8763E7
0	6588	4299	8	0	1.8764E7
0	6588	4300	8	0	1.8765E7
0	6588	4300	8	0	1.8766E7
0	6589	4300	8	0	1.8767E7
0	6589	4300	8	0	1.8768E7
0	6589	4300	8	0	1.8769E7
0	6589	4300	8	0	1.877E7
0	6589	4300	8	0	1.8771E7
0	6589	4300	8	0	1.8772E7
0	6589	4300	8	0	1.8773E7
0	6589	4300	8	0	1.8774E7
0	6589	4300	8	0	1.8775E7
0	6589	4300	8	0	1.8776E7
0	6589	4300	8	0	1.8777E7
0	6589	4300	8	0	1.8778E7
0	6589	4300	8	0	1.8779E7
0	6589	4300	8	0	1.878E7
0	6589	4300	8	0	1.8781E7
0	6589	4300	8	0	1.8782E7
0	6589	4300	8	0	1.8783E7
0	6589	4300	8	0	1.8784E7
0	6589	4300	8	0	1.8785E7
0	6589	4300	8	0	1.8786E7
0	6589	4300	8	0	1.8787E7
0	6589	4300	8	0	1.8788E7
0	6589	4300	8	0	1.8789E7
0	6589	4300	8	0	1.879E7
0	6589	4300	8	0	1.8791E7
0	6589	4300	8	0	1.8792E7
0	6589	4300	8	0	1.8793E7
0	6589	4300	8	0	1.8794E7
0	6589	4300	8	0	1.8795E7
0	6589	4300	8	0	1.8796E7
0	6589	4300	8	0	1.8797E7
0	6589	4300	8	0	1.8798E7
0	6589	4300	8	0	1.8799E7
0	6589	4300	8	0	1.88E7
0	6589	4300	8	0	1.8801E7
0	6590	4300	8	2	1.8802E7
0	6593	4302	8	3	1.8803E7
0	6596	4304	8	4	1.8804E7
0	6600	4306	8	5	1.8805E7
0	6606	4310	8	7	1.8806E7
0	6614	4314	8	9	1.8807E7
0	6624	4320	8	12	1.8808E7
0	6635	4326	8	13	1.8809E7
0	6648	4333	8	12	1.881E7
0	6658	4339	8	10	1.8811E7
0	6666	4343	8	8	1.8812E7
0	6672	4346	8	6	1.8813E7
0	6677	4348	8	3	1.8814E7
0	6679	4349	1	1	1.8815E7
0	6680	4350	1	0	1.8816E7
0	6681	4350	1	0	1.8817E7
0	6681	4350	1	0	1.8818E7
0	6681	4350	1	0	1.8819E7
0	6681	4350	1	0	1.882E7
0	6681	4350	1	0	1.8821E7
0	6681	4350	1	0	1.8822E7
0	6681	4350	1	0	1.8823E7
0	6681	4350	1	0	1.8824E7
0	6681	4350	1	0	1.8825E7
0	6681	4350	1	0	1.8826E7
0	6681	4350	1	0	1.8827E7
0	6681	4350	1	0	1.8828E7
0	6681	4350	1	0	1.8829E7
0	6681	4350	1	0	1.883E7
0	6681	4350	1	0	1.8831E7
0	6681	4350	1	0	1.8832E7
0	6681	4350	1	0	1.8833E7
0	6681	4350	1	0	1.8834E7
0	6683	4350	1	2	1.8835E7
0	6686	4351	1	3	1.8836E7
0	6691	4353	1	5	1.8837E7
0	6695	4354	1	3	1.8838E7
0	6696	4355	1	0	1.8839E7
0	6696	4355	1	0	1.884E7
0	6696	4355	1	0	1.8841E7
0	6696	4355	1	0	1.8842E7
0	6696	4355	1	0	1.8843E7
0	6696	4355	1	0	1.8844E7
0	6696	4355	1	0	1.8845E7
0	6696	4355	1	0	1.8846E7
0	6696	4355	1	0	1.8847E7
0	6696	4355	1	0	1.8848E7
0	6696	4355	1	0	1.8849E7
0	6696	4355	1	0	1.885E7
0	6696	4355	1	0	1.8851E7
0	6696	4355	1	0	1.8852E7
0	6696	4355	1	0	1.8853E7
0	6696	4355	1	0	1.8854E7
0	6696	4355	1	0	1.8855E7
0	6696	4355	1	0	1.8856E7
0	6696	4355	1	0	1.8857E7
0	6696	4355	1	0	1.8858E7
0	6697	4355	1	1	1.8859E7
0	6699	4356	1	3	1.886E7
0	6703	4357	1	5	1.8861E7
0	6709	4359	1	6	1.8862E7
0	6718	4358	1	8	1.8863E7
0	6727	4359	1	10	1.8864E7
0	6739	4361	1	12	1.8865E7
0	6753	4363	1	14	1.8866E7
0	6768	4366	1	16	1.8867E7
0	6783	4368	1	13	1.8868E7
0	6795	4369	1	10	1.8869E7
0	6803	4370	1	7	1.887E7
0	6809	4371	1	4	1.8871E7
0	6812	4372	1	2	1.8872E7
0	6814	4372	1	1	1.8873E7
0	6815	4372	1	0	1.8874E7
0	6815	4372	1	0	1.8875E7
0	6815	4372	1	0	1.8876E7
0	6815	4372	1	0	1.8877E7
0	6815	4372	1	0	1.8878E7
0	6815	4372	1	0	1.8879E7
0	6815	4372	1	0	1.888E7
0	6815	4372	1	0	1.8881E7
0	6816	4372	1	1	1.8882E7
0	6818	4373	1	3	1.8883E7
0	6822	4373	1	4	1.8884E7
0	6827	4374	1	6	1.8885E7
0	6835	4375	1	8	1.8886E7
0	6845	4376	1	10	1.8887E7
0	6856	4378	1	12	1.8888E7
0	6869	4380	1	14	1.8889E7
0	6883	4382	1	13	1.889E7
0	6896	4384	1	11	1.8891E7
0	6905	4385	1	8	1.8892E7
0	6913	4386	1	6	1.8893E7
0	6918	4387	1	5	1.8894E7
0	6923	4387	1	3	1.8895E7
0	6925	4388	1	2	1.8896E7
0	6927	4388	1	1	1.8897E7
0	6928	4388	1	0	1.8898E7
0	6928	4388	1	0	1.8899E7
0	6928	4388	1	0	1.89E7
0	6928	4388	1	0	1.8901E7
0	6928	4388	1	0	1.8902E7
0	6928	4388	1	0	1.8903E7
0	6928	4388	1	0	1.8904E7
0	6928	4388	1	0	1.8905E7
0	6928	4388	1	0	1.8906E7
0	6928	4388	1	0	1.8907E7
0	6928	4388	1	0	1.8908E7
0	6928	4388	1	0	1.8909E7
0	6928	4388	1	0	1.891E7
0	6928	4388	1	0	1.8911E7
0	6928	4388	1	0	1.8912E7
0	6928	4388	1	0	1.8913E7
0	6928	4388	1	0	1.8914E7
0	6928	4388	1	0	1.8915E7
0	6928	4388	1	0	1.8916E7
0	6928	4388	1	0	1.8917E7
0	6928	4388	1	0	1.8918E7
0	6928	4388	1	0	1.8919E7
0	6928	4388	1	0	1.892E7
0	6928	4388	1	0	1.8921E7
0	6928	4388	1	0	1.8922E7
0	6928	4388	1	0	1.8923E7
0	6928	4388	1	0	1.8924E7
0	6928	4388	1	0	1.8925E7
0	6928	4388	1	0	1.8926E7
0	6928	4388	1	0	1.8927E7
0	6928	4388	1	0	1.8928E7
0	6928	4388	1	0	1.8929E7
0	6928	4388	1	0	1.893E7
0	6928	4388	1	0	1.8931E7
0	6928	4388	1	0	1.8932E7
0	6928	4388	1	0	1.8933E7
0	6928	4388	1	0	1.8934E7
0	6928	4388	1	0	1.8935E7
0	6928	4388	1	0	1.8936E7
0	6928	4388	1	0	1.8937E7
0	6928	4388	1	0	1.8938E7
0	6928	4388	1	0	1.8939E7
0	6928	4388	1	0	1.894E7
0	6928	4388	1	0	1.8941E7
0	6928	4388	1	0	1.8942E7
0	6928	4388	1	0	1.8943E7
0	6928	4388	1	0	1.8944E7
0	6928	4388	1	0	1.8945E7
0	6928	4388	1	0	1.8946E7
0	6929	4388	1	1	1.8947E7
0	6931	4388	1	2	1.8948E7
0	6935	4389	1	4	1.8949E7
0	6941	4390	1	6	1.895E7
0	6948	4391	1	8	1.8951E7
0	6958	4391	1	10	1.8952E7
0	6969	4394	1	12	1.8953E7
0	6982	4396	1	13	1.8954E7
0	6996	4398	1	13	1.8955E7
0	7009	4400	1	13	1.8956E7
0	7017	4408	8	13	1.8957E7
0	7018	4421	7	13	1.8958E7
0	7018	4435	7	13	1.8959E7
0	7019	4449	7	14	1.896E7
0	7019	4463	7	14	1.8961E7
0	7020	4477	7	13	1.8962E7
0	7021	4490	7	11	1.8963E7
0	7022	4500	7	9	1.8964E7
0	7022	4508	7	7	1.8965E7
0	7023	4514	7	5	1.8966E7
0	7023	4517	7	2	1.8967E7
0	7023	4519	7	1	1.8968E7
0	7023	4520	7	0	1.8969E7
0	7023	4520	7	0	1.897E7
0	7023	4521	7	0	1.8971E7
0	7023	4521	7	0	1.8972E7
0	7023	4521	7	0	1.8973E7
0	7023	4521	7	0	1.8974E7
0	7023	4521	7	0	1.8975E7
0	7023	4521	7	0	1.8976E7
0	7023	4521	7	0	1.8977E7
0	7023	4521	7	0	1.8978E7
0	7023	4521	7	0	1.8979E7
0	7023	4521	7	0	1.898E7
0	7023	4521	7	0	1.8981E7
0	7023	4521	7	0	1.8982E7
0	7023	4521	7	0	1.8983E7
0	7023	4521	7	0	1.8984E7
0	7023	4521	7	0	1.8985E7
0	7023	4521	7	0	1.8986E7
0	7023	4521	7	1	1.8987E7
0	7023	4524	7	3	1.8988E7
0	7023	4529	7	5	1.8989E7
0	7023	4534	7	3	1.899E7
0	7023	4536	7	0	1.8991E7
0	7023	4537	7	0	1.8992E7
0	7023	4537	7	0	1.8993E7
0	7023	4537	7	0	1.8994E7
0	7023	4537	7	0	1.8995E7
0	7023	4537	7	0	1.8996E7
0	7023	4537	7	0	1.8997E7
0	7023	4537	7	0	1.8998E7
0	7023	4537	7	0	1.8999E7
0	7023	4537	7	0	1.9E7
0	7023	4537	7	0	1.9001E7
0	7023	4537	7	0	1.9002E7
0	7023	4537	7	0	1.9003E7
0	7023	4537	7	0	1.9004E7
0	7023	4537	7	0	1.9005E7
0	7023	4537	7	0	1.9006E7
0	7023	4537	7	0	1.9007E7
0	7023	4537	7	0	1.9008E7
0	7023	4537	7	0	1.9009E7
0	7023	4537	7	0	1.901E7
0	7023	4537	7	0	1.9011E7
0	7027	4540	7	2	1.9012E7
0	7027	4544	7	4	1.9013E7
0	7027	4550	7	6	1.9014E7
0	7026	4557	7	8	1.9015E7
0	7018	4564	6	10	1.9016E7
0	7010	4569	6	8	1.9017E7
0	7003	4570	5	5	1.9018E7
0	6999	4571	5	3	1.9019E7
0	6996	4571	5	1	1.902E7
0	6995	4571	5	0	1.9021E7
0	6995	4571	5	0	1.9022E7
0	6995	4571	5	0	1.9023E7
0	6995	4571	5	0	1.9024E7
0	6995	4571	5	0	1.9025E7
0	6995	4571	5	0	1.9026E7
0	6995	4571	5	0	1.9027E7
0	6995	4571	5	0	1.9028E7
0	6995	4571	5	0	1.9029E7
0	6995	4571	5	0	1.903E7
0	6995	4571	5	0	1.9031E7
0	6995	4571	5	0	1.9032E7
0	6995	4571	5	0	1.9033E7
0	6995	4571	5	0	1.9034E7
0	6995	4571	5	0	1.9035E7
0	6995	4571	5	0	1.9036E7
0	6994	4571	5	1	1.9037E7
0	6992	4572	5	3	1.9038E7
0	6989	4572	5	3	1.9039E7
0	6984	4573	5	5	1.904E7
0	6977	4574	5	5	1.9041E7
0	6973	4575	5	3	1.9042E7
0	6969	4578	6	6	1.9043E7
0	6966	4584	6	7	1.9044E7
0	6966	4593	7	9	1.9045E7
0	6967	4604	7	11	1.9046E7
0	6967	4617	7	13	1.9047E7
0	6968	4632	7	14	1.9048E7
0	6969	4646	7	14	1.9049E7
0	6970	4659	7	11	1.905E7
0	6972	4669	7	8	1.9051E7
0	6973	4675	7	5	1.9052E7
0	6974	4680	7	3	1.9053E7
0	6974	4682	7	1	1.9054E7
0	6974	4683	7	0	1.9055E7
0	6974	4684	7	0	1.9056E7
0	6974	4684	7	0	1.9057E7
0	6974	4684	7	0	1.9058E7
0	6974	4684	7	0	1.9059E7
0	6974	4684	7	0	1.906E7
0	6974	4684	7	0	1.9061E7
0	6974	4684	7	0	1.9062E7
0	6974	4684	7	0	1.9063E7
0	6974	4684	7	0	1.9064E7
0	6974	4684	7	0	1.9065E7
0	6974	4684	7	0	1.9066E7
0	6974	4684	7	0	1.9067E7
0	6974	4684	7	0	1.9068E7
0	6974	4684	7	0	1.9069E7
0	6974	4684	7	0	1.907E7
0	6974	4684	7	0	1.9071E7
0	6974	4684	7	0	1.9072E7
0	6974	4684	7	0	1.9073E7
0	6974	4684	7	0	1.9074E7
0	6974	4684	7	0	1.9075E7
0	6974	4684	7	0	1.9076E7
0	6974	4684	7	0	1.9077E7
0	6974	4684	7	0	1.9078E7
0	6974	4684	7	0	1.9079E7
0	6974	4684	7	0	1.908E7
0	6974	4684	7	0	1.9081E7
0	6975	4686	7	2	1.9082E7
0	6975	4689	7	4	1.9083E7
0	6976	4694	7	6	1.9084E7
0	6979	4701	7	8	1.9085E7
0	6982	4710	7	10	1.9086E7
0	6986	4721	7	12	1.9087E7
0	6991	4733	7	11	1.9088E7
0	6996	4744	7	11	1.9089E7
0	7000	4755	7	11	1.909E7
0	7004	4765	7	11	1.9091E7
0	7008	4775	7	9	1.9092E7
0	7009	4786	7	10	1.9093E7
0	7013	4796	7	11	1.9094E7
0	7018	4807	7	12	1.9095E7
0	7023	4818	7	12	1.9096E7
0	7027	4830	7	12	1.9097E7
0	7032	4842	7	13	1.9098E7
0	7037	4855	7	13	1.9099E7
0	7043	4867	7	13	1.91E7
0	7048	4880	7	12	1.9101E7
0	7052	4890	7	9	1.9102E7
0	7055	4899	7	9	1.9103E7
0	7059	4907	7	9	1.9104E7
0	7062	4916	7	8	1.9105E7
0	7065	4923	7	5	1.9106E7
0	7067	4927	7	3	1.9107E7
0	7068	4929	7	1	1.9108E7
0	7068	4930	7	0	1.9109E7
0	7068	4930	7	0	1.911E7
0	7068	4930	7	0	1.9111E7
0	7068	4931	7	0	1.9112E7
0	7068	4931	7	0	1.9113E7
0	7068	4931	7	0	1.9114E7
0	7068	4931	7	0	1.9115E7
0	7068	4931	7	0	1.9116E7
0	7068	4931	7	0	1.9117E7
0	7068	4931	7	0	1.9118E7
0	7068	4931	7	0	1.9119E7
0	7068	4931	7	0	1.912E7
0	7068	4931	7	0	1.9121E7
0	7069	4932	7	2	1.9122E7
0	7070	4935	8	4	1.9123E7
0	7073	4940	8	6	1.9124E7
0	7075	4945	8	5	1.9125E7
0	7078	4950	8	5	1.9126E7
0	7081	4957	8	7	1.9127E7
0	7082	4965	8	8	1.9128E7
0	7087	4973	8	10	1.9129E7
0	7092	4983	8	12	1.913E7
0	7098	4994	8	12	1.9131E7
0	7104	5006	8	13	1.9132E7
0	7110	5017	8	13	1.9133E7
0	7117	5029	8	13	1.9134E7
0	7122	5040	8	10	1.9135E7
0	7127	5049	8	8	1.9136E7
0	7130	5056	8	6	1.9137E7
0	7133	5061	8	4	1.9138E7
0	7134	5064	8	2	1.9139E7
0	7135	5065	8	1	1.914E7
0	7135	5066	8	0	1.9141E7
0	7136	5066	8	0	1.9142E7
0	7136	5067	8	0	1.9143E7
0	7136	5067	8	0	1.9144E7
0	7136	5067	8	0	1.9145E7
0	7136	5067	8	0	1.9146E7
0	7136	5067	8	0	1.9147E7
0	7136	5067	8	0	1.9148E7
0	7136	5067	8	0	1.9149E7
0	7136	5067	8	0	1.915E7
0	7136	5067	8	0	1.9151E7
0	7136	5067	8	0	1.9152E7
0	7136	5067	8	0	1.9153E7
0	7136	5067	8	0	1.9154E7
0	7136	5067	8	0	1.9155E7
0	7136	5067	8	0	1.9156E7
0	7136	5067	8	0	1.9157E7
0	7136	5067	8	0	1.9158E7
0	7136	5067	8	1	1.9159E7
0	7137	5069	8	2	1.916E7
0	7138	5072	8	4	1.9161E7
0	7141	5077	8	4	1.9162E7
0	7142	5080	8	2	1.9163E7
0	7143	5081	8	0	1.9164E7
0	7143	5081	8	0	1.9165E7
0	7143	5081	8	0	1.9166E7
0	7143	5081	8	0	1.9167E7
0	7143	5081	8	0	1.9168E7
0	7143	5081	8	0	1.9169E7
0	7143	5081	8	0	1.917E7
0	7143	5081	8	0	1.9171E7
0	7143	5081	8	0	1.9172E7
0	7143	5081	8	0	1.9173E7
0	7143	5081	8	0	1.9174E7
0	7143	5081	8	0	1.9175E7
0	7143	5081	8	0	1.9176E7
0	7143	5081	8	0	1.9177E7
0	7143	5081	8	0	1.9178E7
0	7143	5081	8	0	1.9179E7
0	7143	5081	8	0	1.918E7
0	7143	5081	8	0	1.9181E7
0	7143	5081	8	0	1.9182E7
0	7143	5081	8	0	1.9183E7
0	7143	5082	8	1	1.9184E7
0	7145	5084	8	4	1.9185E7
0	7147	5089	8	6	1.9186E7
0	7150	5095	8	8	1.9187E7
0	7154	5103	8	9	1.9188E7
0	7159	5113	8	11	1.9189E7
0	7165	5125	8	13	1.919E7
0	7172	5138	8	15	1.9191E7
0	7179	5152	8	15	1.9192E7
0	7186	5166	8	15	1.9193E7
0	7193	5180	8	15	1.9194E7
0	7200	5194	8	15	1.9195E7
0	7207	5208	8	15	1.9196E7
0	7215	5223	8	15	1.9197E7
0	7221	5235	8	12	1.9198E7
0	7226	5244	8	9	1.9199E7
0	7229	5251	8	6	1.92E7
0	7231	5256	8	3	1.9201E7
0	7233	5258	8	2	1.9202E7
0	7234	5261	8	3	1.9203E7
0	7236	5266	8	5	1.9204E7
0	7239	5271	8	7	1.9205E7
0	7243	5279	8	9	1.9206E7
0	7247	5288	8	11	1.9207E7
0	7253	5299	8	13	1.9208E7
0	7258	5311	8	13	1.9209E7
0	7264	5322	8	11	1.921E7
0	7268	5330	8	7	1.9211E7
0	7271	5336	8	5	1.9212E7
0	7273	5339	8	2	1.9213E7
0	7273	5341	8	1	1.9214E7
0	7274	5342	8	0	1.9215E7
0	7274	5343	8	0	1.9216E7
0	7274	5343	8	0	1.9217E7
0	7274	5343	8	0	1.9218E7
0	7275	5344	8	2	1.9219E7
0	7276	5347	8	4	1.922E7
0	7279	5352	8	6	1.9221E7
0	7282	5359	8	7	1.9222E7
0	7285	5365	8	5	1.9223E7
0	7286	5368	8	2	1.9224E7
0	7287	5370	8	1	1.9225E7
0	7288	5371	8	0	1.9226E7
0	7288	5371	8	0	1.9227E7
0	7288	5371	8	0	1.9228E7
0	7288	5371	8	0	1.9229E7
0	7288	5371	8	0	1.923E7
0	7288	5371	8	0	1.9231E7
0	7288	5371	8	0	1.9232E7
0	7288	5371	8	0	1.9233E7
0	7288	5371	8	0	1.9234E7
0	7288	5371	8	0	1.9235E7
0	7288	5371	8	0	1.9236E7
0	7288	5371	8	0	1.9237E7
0	7288	5371	8	0	1.9238E7
0	7288	5371	8	0	1.9239E7
0	7288	5371	8	0	1.924E7
0	7288	5371	8	0	1.9241E7
0	7288	5371	8	0	1.9242E7
0	7288	5371	8	0	1.9243E7
0	7288	5372	8	1	1.9244E7
0	7289	5374	8	3	1.9245E7
0	7291	5377	8	2	1.9246E7
0	7292	5380	8	2	1.9247E7
0	7293	5381	8	1	1.9248E7
0	7293	5382	8	0	1.9249E7
0	7293	5382	8	0	1.925E7
0	7293	5383	8	0	1.9251E7
0	7293	5383	8	0	1.9252E7
0	7293	5383	8	0	1.9253E7
0	7293	5383	8	0	1.9254E7
0	7293	5383	8	0	1.9255E7
0	7293	5383	8	0	1.9256E7
0	7293	5383	8	0	1.9257E7
0	7293	5383	8	0	1.9258E7
0	7293	5383	8	0	1.9259E7
0	7293	5383	8	0	1.926E7
0	7293	5383	8	0	1.9261E7
0	7293	5383	8	0	1.9262E7
0	7293	5383	8	0	1.9263E7
0	7293	5383	8	0	1.9264E7
0	7293	5383	8	0	1.9265E7
0	7293	5383	8	0	1.9266E7
0	7293	5383	8	0	1.9267E7
0	7293	5383	8	0	1.9268E7
0	7293	5383	8	0	1.9269E7
0	7293	5383	8	0	1.927E7
0	7293	5383	8	0	1.9271E7
0	7293	5383	8	0	1.9272E7
0	7293	5383	8	0	1.9273E7
0	7293	5383	8	0	1.9274E7
0	7293	5383	8	0	1.9275E7
0	7293	5383	8	0	1.9276E7
0	7293	5383	8	0	1.9277E7
0	7293	5383	8	0	1.9278E7
0	7293	5383	8	0	1.9279E7
0	7293	5383	8	0	1.928E7
0	7293	5383	8	0	1.9281E7
0	7294	5383	8	1	1.9282E7
0	7294	5385	8	1	1.9283E7
0	7295	5385	8	0	1.9284E7
0	7295	5385	8	0	1.9285E7
0	7295	5385	8	0	1.9286E7
0	7295	5385	8	0	1.9287E7
0	7295	5385	8	0	1.9288E7
0	7295	5385	8	0	1.9289E7
0	7295	5385	8	0	1.929E7
0	7295	5385	8	0	1.9291E7
0	7295	5385	8	0	1.9292E7
0	7295	5385	8	0	1.9293E7
0	7295	5385	8	0	1.9294E7
0	7295	5385	8	0	1.9295E7
0	7295	5385	8	0	1.9296E7
0	7295	5385	8	0	1.9297E7
0	7295	5385	8	0	1.9298E7
0	7295	5385	8	0	1.9299E7
0	7295	5385	8	0	1.93E7
0	7295	5385	8	0	1.9301E7
0	7295	5385	8	0	1.9302E7
0	7295	5385	8	0	1.9303E7
0	7295	5386	8	2	1.9304E7
0	7297	5390	8	4	1.9305E7
0	7299	5395	8	6	1.9306E7
