1.6626002835242487E7
1.6626002835250061E7
1.6626006E7
1.6626016E7
1.6626026E7
1.6626036E7
1.6626046E7
1.6626056E7
1.6626066E7
1.6626076E7
1.6626086E7
1.6626096E7
1.6626106E7
1.6626116E7
1.6626126E7
1.6626136E7
1.6626146E7
1.6626156E7
1.6626166E7
1.6626176E7
1.6626186E7
1.6626196E7
1.6626206E7
1.6626216E7
1.6626226E7
1.6626236E7
1.6626246E7
1.6626256E7
1.6626266E7
1.6626276E7
1.6626286E7
1.6626296E7
1.6626306E7
1.6626316E7
1.6626326E7
1.6626336E7
1.6626346E7
1.6626356E7
1.6626366E7
1.6626376E7
1.6626386E7
1.6626396E7
1.6626406E7
1.6626416E7
1.6626426E7
1.6626436E7
1.6626446E7
1.6626456E7
1.6626466E7
1.6626476E7
1.6626486E7
1.6626496E7
1.6626506E7
1.6626516E7
1.6626526E7
1.6626536E7
1.6626546E7
1.6626556E7
1.6626566E7
1.6626576E7
1.6626586E7
1.6626596E7
1.6626606E7
1.6626616E7
1.6626626E7
1.6626636E7
1.6626646E7
1.6626656E7
1.6626666E7
1.6626666157868901E7
1.6626666157876475E7
1.6626676E7
1.6626686E7
1.6626696E7
1.6626706E7
1.6626716E7
1.6626726E7
1.6626736E7
1.6626746E7
1.6626756E7
1.6626766E7
1.6626776E7
1.6626786E7
1.6626796E7
1.6626806E7
1.6626816E7
1.6626826E7
1.6626836E7
1.6626846E7
1.6626856E7
1.6626866E7
1.6626876E7
1.6626886E7
1.6626896E7
1.6626906E7
1.6626916E7
1.6626926E7
1.6626936E7
1.6626946E7
1.6626956E7
1.6626966E7
1.6626976E7
1.6626986E7
1.6626996E7
1.6627006E7
1.6880006E7
1.68800061257088E7
1.6880006125716373E7
1.6880016E7
1.68800161257088E7
1.6880016125716373E7
1.6880026E7
1.68800357270075E7
1.6880035727015074E7
1.6880036E7
1.68800361257088E7
1.6880036125716373E7
1.6880046E7
1.68800461257088E7
1.6880046125716373E7
1.6880056E7
1.68800561257088E7
1.6880056125716373E7
1.6880066E7
1.68800757270075E7
1.6880075727015074E7
1.6880076E7
1.6880086E7
1.68800957270075E7
1.6880095727015074E7
1.6880096E7
1.68801057270075E7
1.6880105727015074E7
1.6880106E7
1.68801157270075E7
1.6880115727015074E7
1.6880116E7
1.68801257270075E7
1.6880125727015074E7
1.6880126E7
1.68801261257088E7
1.6880126125716373E7
1.6880136E7
1.68801361257088E7
1.6880136125716373E7
1.6880146E7
1.68801461257088E7
1.6880146125716373E7
1.6880156E7
1.68801561257088E7
1.6880156125716373E7
1.6880166E7
1.68801757270075E7
1.6880175727015074E7
1.6880176E7
1.6880186E7
1.68801957270075E7
1.6880195727015074E7
1.6880196E7
1.68802057270075E7
1.6880205727015074E7
1.6880206E7
1.68802157270075E7
1.6880215727015074E7
1.6880216E7
1.68802257270075E7
1.6880225727015074E7
1.6880226E7
1.68802261257088E7
1.6880226125716373E7
1.6880236E7
1.68802457270075E7
1.6880245727015074E7
1.6880246E7
1.68802557270075E7
1.6880255727015074E7
1.6880256E7
1.68802561257088E7
1.6880256125716373E7
1.6880266E7
1.6880276E7
1.68802761257088E7
1.6880276125716373E7
1.6880286E7
1.68802957270075E7
1.6880295727015074E7
1.6880296E7
1.68802961257088E7
1.6880296125716373E7
1.6880306E7
1.68803061257088E7
1.6880306125716373E7
1.6880316E7
1.68803161257088E7
1.6880316125716373E7
1.6880326E7
1.68803357270075E7
1.6880335727015074E7
1.6880336E7
1.68803361257088E7
1.6880336125716373E7
1.6880346E7
1.68803557270075E7
1.6880355727015074E7
1.6880356E7
1.68803561257088E7
1.6880356125716373E7
1.6880366E7
1.688036990310206E7
1.6880369903109632E7
1.6880376E7
1.6880386E7
1.6880396E7
1.6880406E7
1.6880416E7
1.6880426E7
1.6880436E7
1.6880446E7
1.6880456E7
1.6880466E7
1.6880476E7
1.6880486E7
1.6880496E7
1.6880506E7
1.6880516E7
1.6880526E7
1.6880536E7
1.6880546E7
1.6880556E7
1.6880566E7
1.6880576E7
1.6880586E7
1.6880596E7
1.6880606E7
1.6880616E7
1.6880626E7
1.6880636E7
1.6880646E7
1.6880656E7
1.6880666E7
1.6880676E7
1.6880686E7
1.6880688803102057E7
1.688068880310963E7
1.6880696E7
1.6880706E7
1.6880716E7
1.6880726E7
1.6880736E7
1.6988003088573676E7
1.698800308858125E7
1.6988006E7
1.6988016E7
1.6988026E7
1.6988036E7
1.6988046E7
1.6988056E7
1.6988066E7
1.6988076E7
1.6988086E7
1.6988096E7
1.6988106E7
1.6988116E7
1.6988126E7
1.6988136E7
1.6988142284534495E7
1.698814228454207E7
1.6988146E7
1.6988156E7
1.6988166E7
1.6988176E7
1.6988186E7
1.6988196E7
1.6988206E7
1.6988216E7
1.6988226E7
1.6988236E7
1.6988246E7
1.6988256E7
1.6988266E7
1.6988276E7
1.6988286E7
1.6988296E7
1.6988306E7
1.6988316E7
1.6988326E7
1.6988336E7
1.6988346E7
1.6988356E7
1.6988366E7
1.6988376E7
1.6988386E7
1.6988396E7
1.6988406E7
1.6988416E7
1.6988426E7
1.6988436E7
1.6988446E7
1.6988456E7
1.6988466E7
1.6988476E7
1.6988486E7
1.6988496E7
1.6988506E7
1.6988516E7
1.6988526E7
1.6988536E7
1.6988546E7
1.6988556E7
1.6988566E7
1.6988576E7
1.6988586E7
1.6988596E7
1.6988606E7
1.6988616E7
1.6988626E7
1.6988636E7
1.6988646E7
1.6988656E7
1.6988666E7
1.6988676E7
1.6988686E7
1.6988696E7
1.6988706E7
1.6988716E7
1.6988726E7
1.6988736E7
1.6988746E7
1.6988756E7
1.6988766E7
1.6988776E7
1.6988786E7
1.6988796E7
1.6988806E7
1.6988816E7
1.6988826E7
1.6988836E7
1.6988846E7
1.6988856E7
1.6988866E7
1.6988876E7
1.6988886E7
1.6988896E7
1.6988906E7
1.6988916E7
1.6988926E7
1.6988936E7
1.6988946E7
1.6988956E7
1.6988966E7
1.6988976E7
1.6988986E7
1.6988996E7
1.6989006E7
1.6989016E7
1.6989026E7
1.6989036E7
1.7349003129920375E7
1.7349006E7
1.7349013129920375E7
1.7349016E7
1.7349023129920375E7
1.7349026E7
1.7349033129920375E7
1.7349036E7
1.7349043129920375E7
1.7349046E7
1.7349053129920375E7
1.7349056E7
1.7349063129920375E7
1.7349066E7
1.7349073129920375E7
1.7349076E7
1.7349083129920375E7
1.7349086E7
1.7349093129920375E7
1.7349096E7
1.7349103129920375E7
1.7349106E7
1.7349113129920375E7
1.7349116E7
1.7349123129920375E7
1.7349126E7
1.7349133129920375E7
1.7349136E7
1.7349143129920375E7
1.7349146E7
1.7349153129920375E7
1.7349156E7
1.7349163129920375E7
1.7349166E7
1.7349173129920375E7
1.7349176E7
1.7349183129920375E7
1.7349186E7
1.7349193129920375E7
1.7349196E7
1.7349206E7
1.7349213129920375E7
1.7349216E7
1.7349223129920375E7
1.7349226E7
1.7349233129920375E7
1.7349236E7
1.7349243129920375E7
1.7349246E7
1.7349253129920375E7
1.7349256E7
1.7349266E7
1.7349273129920375E7
1.7349276E7
1.7349283129920375E7
1.7349286E7
1.7349293129920375E7
1.7349296E7
1.7349306E7
1.7349313129920375E7
1.7349316E7
1.7349323129920375E7
1.7349326E7
1.7349326333476286E7
1.7349333129920375E7
1.7349336E7
1.7349343129920375E7
1.7349346E7
1.7349353129920375E7
1.7349356E7
1.7349363129920375E7
1.7349366E7
1.7349373129920375E7
1.7349376E7
1.7349383129920375E7
1.7349386E7
1.7349393129920375E7
1.7349396E7
1.7349403129920375E7
1.7349406E7
1.7349413129920375E7
1.7349416E7
1.7349426E7
1.7349433129920375E7
1.7349436E7
1.7349443129920375E7
1.7349446E7
1.7349456E7
1.7349463129920375E7
1.7349466E7
1.7349473129920375E7
1.7349476E7
1.7349483129920375E7
1.7349486E7
1.7349493129920375E7
1.7349496E7
1.7349503129920375E7
1.7349506E7
1.7349516E7
1.7349523129920375E7
1.7349526E7
1.7349533129920375E7
1.7349536E7
1.7349543129920375E7
1.7349546E7
1.7349553129920375E7
1.7349556E7
1.7349563129920375E7
1.7349566E7
1.7349573129920375E7
1.7349576E7
1.7349583129920375E7
1.7349586E7
1.7349596E7
1.7349603129920375E7
1.7349606E7
1.7349613129920375E7
1.7349616E7
1.7349626E7
1.7349636E7
1.7349646E7
1.7349656E7
1.7349666E7
1.7349676E7
1.7349686E7
1.7349696E7
1.7349706E7
1.7349716E7
1.7349726E7
1.7349736E7
1.7349746E7
1.7349756E7
1.7349766E7
1.7349776E7
1.7349786E7
1.7349796E7
1.7349806E7
1.7349816E7
1.7349826E7
1.7349836E7
1.7349846E7
1.7349856E7
1.7349866E7
1.7349876E7
1.7349886E7
1.7349896E7
1.7349906E7
1.7349916E7
1.7349926E7
1.7349936E7
1.7349946E7
1.7349956E7
1.7349966E7
1.7349976E7
1.7480003474280726E7
1.7480006E7
1.7480013474280726E7
1.7480016E7
1.7480023474280726E7
1.7480026E7
1.7480033474280726E7
1.7480036E7
1.7480043474280726E7
1.7480046E7
1.7480053474280726E7
1.7480056E7
1.7480063474280726E7
1.7480066E7
1.7480076E7
1.7480083474280726E7
1.7480086E7
1.7480093474280726E7
1.7480096E7
1.7480103474280726E7
1.7480106E7
1.7480113474280726E7
1.7480116E7
1.7480123474280726E7
1.7480126E7
1.7480133474280726E7
1.7480136E7
1.7480143474280726E7
1.7480146E7
1.7480153474280726E7
1.7480156E7
1.7480163474280726E7
1.7480166E7
1.7480173474280726E7
1.7480176E7
1.7480183474280726E7
1.7480186E7
1.7480193474280726E7
1.7480196E7
1.7480203474280726E7
1.7480206E7
1.7480216E7
1.7480226E7
1.7480233474280726E7
1.7480236E7
1.7480243474280726E7
1.7480246E7
1.7480253474280726E7
1.7480256E7
1.7480263474280726E7
1.7480266E7
1.7480273474280726E7
1.7480276E7
1.7480283474280726E7
1.7480286E7
1.7480293474280726E7
1.7480296E7
1.7480303474280726E7
1.7480306E7
1.7480313474280726E7
1.7480316E7
1.7480323474280726E7
1.7480326E7
1.7480333474280726E7
1.7480336E7
1.7480343474280726E7
1.7480346E7
1.7480353474280726E7
1.7480356E7
1.7480363474280726E7
1.7480366E7
1.7480373474280726E7
1.7480376E7
1.7480383474280726E7
1.7480386E7
1.7480393474280726E7
1.7480396E7
1.7480406E7
1.7480413474280726E7
1.7480416E7
1.7480423474280726E7
1.7480426E7
1.7480433474280726E7
1.7480436E7
1.7480443474280726E7
1.7480446E7
1.7480453474280726E7
1.7480456E7
1.7480463474280726E7
1.7480466E7
1.7480473474280726E7
1.7480476E7
1.7480483474280726E7
1.7480486E7
1.7480493474280726E7
1.7480496E7
1.7480506E7
1.7480513474280726E7
1.7480516E7
1.7480523474280726E7
1.7480526E7
1.7480533474280726E7
1.7480536E7
1.7480543474280726E7
1.7480546E7
1.7480553474280726E7
1.7480556E7
1.7480563474280726E7
1.7480566E7
1.7480573474280726E7
1.7480576E7
1.7480583474280726E7
1.7480586E7
1.7480593474280726E7
1.7480596E7
1.7480603474280726E7
1.7480606E7
1.7480613474280726E7
1.7480616E7
1.7480626E7
1.7480636E7
1.7480646E7
1.7480656E7
1.7480666E7
1.7480676E7
1.7480686E7
1.7480696E7
1.7480706E7
1.7480716E7
1.7480726E7
1.7480736E7
1.7480746E7
1.7480756E7
1.7480766E7
1.7480776E7
1.7480786E7
1.7480796E7
1.7480806E7
1.7480816E7
1.7480826E7
1.775900354404391E7
1.7759006E7
1.775901354404391E7
1.7759016E7
1.775902354404391E7
1.7759026E7
1.775903354404391E7
1.7759036E7
1.775904354404391E7
1.7759046E7
1.775905354404391E7
1.7759056E7
1.775906354404391E7
1.7759066E7
1.775907354404391E7
1.7759076E7
1.7759078540538054E7
1.775908354404391E7
1.7759086E7
1.775909354404391E7
1.7759096E7
1.7759106E7
1.775911354404391E7
1.7759116E7
1.775912354404391E7
1.7759126E7
1.775913354404391E7
1.7759136E7
1.775914354404391E7
1.7759146E7
1.775915354404391E7
1.7759156E7
1.7759166E7
1.775917354404391E7
1.7759176E7
1.775918354404391E7
1.7759186E7
1.775919354404391E7
1.7759196E7
1.775920354404391E7
1.7759206E7
1.775921354404391E7
1.7759216E7
1.775922354404391E7
1.7759226E7
1.775923354404391E7
1.7759236E7
1.7759246E7
1.775925354404391E7
1.7759256E7
1.775926354404391E7
1.7759266E7
1.775927354404391E7
1.7759276E7
1.775928354404391E7
1.7759286E7
1.775929354404391E7
1.7759296E7
1.775930354404391E7
1.7759306E7
1.775931354404391E7
1.7759316E7
1.775932354404391E7
1.7759326E7
1.775933354404391E7
1.7759336E7
1.775934354404391E7
1.7759346E7
1.775935354404391E7
1.7759356E7
1.775936354404391E7
1.7759366E7
1.775937354404391E7
1.7759376E7
1.775938354404391E7
1.7759386E7
1.775939354404391E7
1.7759396E7
1.775940354404391E7
1.7759406E7
1.775941354404391E7
1.7759416E7
1.775942354404391E7
1.7759426E7
1.775943354404391E7
1.7759436E7
1.775944354404391E7
1.7759446E7
1.775945354404391E7
1.7759456E7
1.775946354404391E7
1.7759466E7
1.775947354404391E7
1.7759476E7
1.775948354404391E7
1.7759486E7
1.775949354404391E7
1.7759496E7
1.775950354404391E7
1.7759506E7
1.775951354404391E7
1.7759516E7
1.775952354404391E7
1.7759526E7
1.775953354404391E7
1.7759536E7
1.775954354404391E7
1.7759546E7
1.775955354404391E7
1.7759556E7
1.775956354404391E7
1.7759566E7
1.775957354404391E7
1.7759576E7
1.775958354404391E7
1.7759586E7
1.775959354404391E7
1.7759596E7
1.7759606E7
1.775961354404391E7
1.7759616E7
1.7759626E7
1.7759636E7
1.7759646E7
1.7759656E7
1.7759666E7
1.7759676E7
1.7759686E7
1.7759696E7
1.7759706E7
1.7759716E7
1.7759726E7
1.7759736E7
1.7759746E7
1.7759756E7
1.7759766E7
1.7759776E7
1.7759786E7
1.7759796E7
1.7759806E7
1.7759816E7
1.7759826E7
1.7759836E7
1.7759846E7
1.7759856E7
1.7759866E7
1.7759876E7
1.7759886E7
1.7759896E7
1.7759906E7
1.7759916E7
1.7759926E7
1.7759936E7
1.7759946E7
1.7759956E7
1.7759966E7
1.7759976E7
1.7759986E7
1.7759996E7
1.7760006E7
1.7760016E7
1.7760026E7
1.7760036E7
1.7760046E7
1.7760056E7
1.7760066E7
1.7760076E7
1.812500390115822E7
1.8125006E7
1.8125016E7
1.8125026E7
1.8125036E7
1.8125046E7
1.8125056E7
1.8125066E7
1.8125076E7
1.8125086E7
1.8125096E7
1.8125106E7
1.8125116E7
1.8125126E7
1.8125136E7
1.8125146E7
1.8125156E7
1.8125166E7
1.8125176E7
1.8125186E7
1.8125196E7
1.8125206E7
1.8125216E7
1.8125226E7
1.8125236E7
1.8125246E7
1.8125256E7
1.8125266E7
1.8125276E7
1.8125286E7
1.8125296E7
1.8125306E7
1.8125316E7
1.8125326E7
1.8125336E7
1.8125346E7
1.8125356E7
1.8125366E7
1.8125376E7
1.8125386E7
1.8125396E7
1.8125406E7
1.8125416E7
1.8125426E7
1.8125436E7
1.8125446E7
1.8125456E7
1.8125466E7
1.8125476E7
1.8125486E7
1.8125496E7
1.8125506E7
1.8125516E7
1.8125526E7
1.8125536E7
1.8125546E7
1.8125556E7
1.8125566E7
1.8125576E7
1.8125586E7
1.8125596E7
1.8125606E7
1.8125616E7
1.8125626E7
1.8125636E7
1.8125646E7
1.8125656E7
1.8125666E7
1.8125676E7
1.8125686E7
1.8125696E7
1.8125706E7
1.8125716E7
1.8125726E7
1.8125736E7
1.8125746E7
1.8125756E7
1.8125766E7
1.8125776E7
1.8125786E7
1.8125796E7
