1.6327001805451684E7
1.6327001805459332E7
1.6327006E7
1.6327016E7
1.6327026E7
1.6327036E7
1.6327046E7
1.6327056E7
1.6327066E7
1.6327076E7
1.6327086E7
1.6327096E7
1.6327106E7
1.6327116E7
1.6327126E7
1.6327136E7
1.6327146E7
1.6327156E7
1.6327166E7
1.6327176E7
1.6327186E7
1.6327196E7
1.6327206E7
1.6327216E7
1.6327226E7
1.6327236E7
1.6327246E7
1.6327256E7
1.6327266E7
1.6327276E7
1.6327286E7
1.6327296E7
1.6327306E7
1.6327316E7
1.6327326E7
1.6327336E7
1.6327346E7
1.6327356E7
1.6327366E7
1.6327376E7
1.6327386E7
1.6327396E7
1.6327406E7
1.6327416E7
1.6327426E7
1.6327436E7
1.6327446E7
1.6327456E7
1.6327466E7
1.6327476E7
1.6327486E7
1.6327496E7
1.6327506E7
1.6327516E7
1.6327526E7
1.6327536E7
1.6327546E7
1.6327556E7
1.6327566E7
1.6327576E7
1.6327586E7
1.6327596E7
1.6327606E7
1.6327616E7
1.6327626E7
1.6327636E7
1.6327646E7
1.6327656E7
1.6327666E7
1.6327676E7
1.6327686E7
1.6327696E7
1.6327706E7
1.6327716E7
1.6327726E7
1.6327736E7
1.6327746E7
1.6327756E7
1.6327766E7
1.6327776E7
1.6327786E7
1.6327796E7
1.6327806E7
1.6327816E7
1.6327826E7
1.6327836E7
1.6327846E7
1.6327856E7
1.6327866E7
1.6327876E7
1.6327886E7
1.6327896E7
1.6327906E7
1.6327916E7
1.6327926E7
1.6327936E7
1.6327946E7
1.6327956E7
1.6327966E7
1.6327976E7
1.6327986E7
1.6327996E7
1.6328006E7
1.6328016E7
1.6328026E7
1.6328036E7
1.6328046E7
1.6328056E7
1.6328066E7
1.6328076E7
1.6328086E7
1.6328096E7
1.6328106E7
1.6328116E7
1.6328126E7
1.6328136E7
1.6402001478026263E7
1.6402001478033911E7
1.6402006E7
1.6402016E7
1.6402026E7
1.6402036E7
1.6402046E7
1.6402056E7
1.6402066E7
1.6402076E7
1.6402086E7
1.6402096E7
1.6402106E7
1.6402116E7
1.6402126E7
1.6402136E7
1.6402146E7
1.6402156E7
1.6402166E7
1.6402176E7
1.6402186E7
1.6402196E7
1.6402206E7
1.6402216E7
1.6402226E7
1.6402236E7
1.6402246E7
1.6402256E7
1.6402266E7
1.6402276E7
1.6402277479260826E7
1.6402277479268475E7
1.6402286E7
1.6402296E7
1.6402306E7
1.6402316E7
1.6402326E7
1.6402336E7
1.6402346E7
1.6402356E7
1.6402366E7
1.6402366479260826E7
1.6402366479268475E7
1.6402376E7
1.6402386E7
1.6402396E7
1.6402406E7
1.6402416E7
1.6402426E7
1.6402436E7
1.6402446E7
1.6402456E7
1.6402466E7
1.6402476E7
1.6402486E7
1.6402496E7
1.6402506E7
1.6402516E7
1.6402526E7
1.6402536E7
1.6402546E7
1.6402556E7
1.6402566E7
1.6402576E7
1.6402586E7
1.6402596E7
1.6402606E7
1.6402616E7
1.6402626E7
1.6402636E7
1.6402646E7
1.6402656E7
1.6402666E7
1.6402676E7
1.6402686E7
1.6402696E7
1.6402706E7
1.6402716E7
1.6402726E7
1.6402736E7
1.6402746E7
1.6402756E7
1.6402766E7
1.6402776E7
1.6402786E7
1.6402796E7
1.6402806E7
1.6402816E7
1.6402826E7
1.6402836E7
1.6402846E7
1.6543001885806613E7
1.654300188581426E7
1.6543006E7
1.6543016E7
1.6543026E7
1.6543036E7
1.6543046E7
1.6543056E7
1.6543066E7
1.6543076E7
1.6543086E7
1.6543096E7
1.6543106E7
1.6543116E7
1.6543126E7
1.6543136E7
1.6543146E7
1.6543156E7
1.6543166E7
1.6543176E7
1.6543186E7
1.6543196E7
1.6543206E7
1.6543216E7
1.6543226E7
1.6543236E7
1.6543246E7
1.6543256E7
1.6543266E7
1.6543276E7
1.6543286E7
1.6543296E7
1.6543306E7
1.6543316E7
1.6543326E7
1.6543336E7
1.6543346E7
1.6543356E7
1.6543366E7
1.6543376E7
1.6543386E7
1.6543396E7
1.6543406E7
1.6543416E7
1.6543426E7
1.6543436E7
1.6543446E7
1.6543456E7
1.6543466E7
1.6543476E7
1.6543486E7
1.6543496E7
1.6543506E7
1.6543516E7
1.6543526E7
1.6543536E7
1.6543546E7
1.6543556E7
1.6543566E7
1.6543576E7
1.6543586E7
1.6543596E7
1.6543606E7
1.6543616E7
1.6543626E7
1.6543636E7
1.6543646E7
1.6543656E7
1.6543666E7
1.6543676E7
1.6543686E7
1.6543696E7
1.6543706E7
1.6543716E7
1.6543726E7
1.6543736E7
1.6543739683151001E7
1.654373968315865E7
1.6543746E7
1.6543756E7
1.6543766E7
1.6543776E7
1.6543786E7
1.6543796E7
1.6543806E7
1.6543816E7
1.6543826E7
1.6543828683151001E7
1.654382868315865E7
1.6543836E7
1.6543846E7
1.6543856E7
1.6543866E7
1.6543876E7
1.6543886E7
1.6543896E7
1.6543906E7
1.6543916E7
1.6543926E7
1.6543936E7
1.6543946E7
1.6543956E7
1.6543966E7
1.6543976E7
1.6543986E7
1.6543996E7
1.6544006E7
1.6544016E7
1.6544026E7
1.6544036E7
1.6544046E7
1.6544056E7
1.6544066E7
1.6544076E7
1.6544086E7
1.6544096E7
1.6544106E7
1.6544116E7
1.6544126E7
1.6784002468887147E7
1.6784002468894795E7
1.6784006E7
1.6784016E7
1.6784026E7
1.6784036E7
1.6784046E7
1.6784056E7
1.6784066E7
1.6784076E7
1.6784086E7
1.6784096E7
1.6784106E7
1.6784116E7
1.6784126E7
1.6784136E7
1.6784146E7
1.6784156E7
1.6784166E7
1.6784176E7
1.6784186E7
1.6784196E7
1.6784206E7
1.6784216E7
1.6784226E7
1.6784236E7
1.6784246E7
1.6784256E7
1.6784266E7
1.6784276E7
1.6784286E7
1.6784296E7
1.6784306E7
1.6784316E7
1.6784326E7
1.6784336E7
1.6784346E7
1.6784356E7
1.6784366E7
1.6784376E7
1.6784386E7
1.6784396E7
1.6784406E7
1.6784416E7
1.6784426E7
1.6784436E7
1.6784446E7
1.6784456E7
1.6784466E7
1.6784476E7
1.6784486E7
1.6784496E7
1.6784506E7
1.6784516E7
1.6784526E7
1.6784536E7
1.6784546E7
1.6784556E7
1.6784566E7
1.6784576E7
1.6784586E7
1.6784596E7
1.6784606E7
1.6784616E7
1.6784626E7
1.6784636E7
1.6784646E7
1.6784656E7
1.6784666E7
1.6784676E7
1.6784686E7
1.6784696E7
1.6784706E7
1.6920006E7
1.6920015064612683E7
1.692001506462033E7
1.6920016E7
1.6920025064612683E7
1.692002506462033E7
1.6920026E7
1.6920035064612683E7
1.692003506462033E7
1.6920036E7
1.6920045064612683E7
1.692004506462033E7
1.6920046E7
1.6920055064612683E7
1.692005506462033E7
1.6920056E7
1.6920066E7
1.6920075064612683E7
1.692007506462033E7
1.6920076E7
1.6920085064612683E7
1.692008506462033E7
1.6920086E7
1.6920096E7
1.6920105064612683E7
1.692010506462033E7
1.6920106E7
1.6920115064612683E7
1.692011506462033E7
1.6920116E7
1.6920125064612683E7
1.692012506462033E7
1.6920126E7
1.6920135064612683E7
1.692013506462033E7
1.6920136E7
1.6920145064612683E7
1.692014506462033E7
1.6920146E7
1.6920155064612683E7
1.692015506462033E7
1.6920156E7
1.6920165064612683E7
1.692016506462033E7
1.6920166E7
1.6920175064612683E7
1.692017506462033E7
1.6920176E7
1.6920185064612683E7
1.692018506462033E7
1.6920186E7
1.6920195064612683E7
1.692019506462033E7
1.6920196E7
1.6920205064612683E7
1.692020506462033E7
1.6920206E7
1.6920215064612683E7
1.692021506462033E7
1.6920216E7
1.6920225064612683E7
1.692022506462033E7
1.6920226E7
1.6920235064612683E7
1.692023506462033E7
1.6920236E7
1.6920246E7
1.6920255064612683E7
1.692025506462033E7
1.6920256E7
1.6920265064612683E7
1.692026506462033E7
1.6920266E7
1.6920275064612683E7
1.692027506462033E7
1.6920276E7
1.6920286E7
1.6920295064612683E7
1.692029506462033E7
1.6920296E7
1.6920305064612683E7
1.692030506462033E7
1.6920306E7
1.6920315064612683E7
1.692031506462033E7
1.6920316E7
1.6920325064612683E7
1.692032506462033E7
1.6920326E7
1.6920335064612683E7
1.692033506462033E7
1.6920336E7
1.6920345064612683E7
1.692034506462033E7
1.6920346E7
1.6920355064612683E7
1.692035506462033E7
1.6920356E7
1.6920365064612683E7
1.692036506462033E7
1.6920366E7
1.6920375064612683E7
1.692037506462033E7
1.6920376E7
1.6920385064612683E7
1.692038506462033E7
1.6920386E7
1.6920395064612683E7
1.692039506462033E7
1.6920396E7
1.6920405064612683E7
1.692040506462033E7
1.6920406E7
1.6920415064612683E7
1.692041506462033E7
1.6920416E7
1.6920425064612683E7
1.692042506462033E7
1.6920426E7
1.6920435064612683E7
1.692043506462033E7
1.6920436E7
1.6920445064612683E7
1.692044506462033E7
1.6920446E7
1.6920455064612683E7
1.692045506462033E7
1.6920456E7
1.6920465064612683E7
1.692046506462033E7
1.6920466E7
1.6920475064612683E7
1.692047506462033E7
1.6920476E7
1.6920485064612683E7
1.692048506462033E7
1.6920486E7
1.6920495064612683E7
1.692049506462033E7
1.6920496E7
1.6920505064612683E7
1.692050506462033E7
1.6920506E7
1.6920515064612683E7
1.692051506462033E7
1.6920516E7
1.6920525064612683E7
1.692052506462033E7
1.6920526E7
1.6920535064612683E7
1.692053506462033E7
1.6920536E7
1.6920545064612683E7
1.692054506462033E7
1.6920546E7
1.6920555064612683E7
1.692055506462033E7
1.6920556E7
1.6920565064612683E7
1.692056506462033E7
1.6920566E7
1.6920575064612683E7
1.692057506462033E7
1.6920576E7
1.6920585064612683E7
1.692058506462033E7
1.6920586E7
1.6920595064612683E7
1.692059506462033E7
1.6920596E7
1.6920605064612683E7
1.692060506462033E7
1.6920606E7
1.6920615064612683E7
1.692061506462033E7
1.6920616E7
1.6920625064612683E7
1.692062506462033E7
1.6920626E7
1.6920635064612683E7
1.692063506462033E7
1.6920636E7
1.6920645064612683E7
1.692064506462033E7
1.6920646E7
1.6920655064612683E7
1.692065506462033E7
1.6920656E7
1.6920665064612683E7
1.692066506462033E7
1.6920666E7
1.6920675064612683E7
1.692067506462033E7
1.6920676E7
1.6920686E7
1.6920695064612683E7
1.692069506462033E7
1.6920696E7
1.6920705064612683E7
1.692070506462033E7
1.6920706E7
1.6920715064612683E7
1.692071506462033E7
1.6920716E7
1.6920725064612683E7
1.692072506462033E7
1.6920726E7
1.6920736E7
1.6920746E7
1.6920756E7
1.6920766E7
1.6920776E7
1.6920786E7
1.6920796E7
1.6920806E7
1.6920816E7
1.6920826E7
1.6920836E7
1.6920846E7
1.6920856E7
1.6920866E7
1.6920876E7
1.6920886E7
1.6920896E7
1.6920906E7
1.6920916E7
1.6995006E7
1.6995006836097058E7
1.6995006836104706E7
1.6995016E7
1.6995026E7
1.6995036E7
1.6995036836097058E7
1.6995036836104706E7
1.6995046E7
1.6995046836097058E7
1.6995046836104706E7
1.6995056E7
1.6995056836097058E7
1.6995056836104706E7
1.6995066E7
1.6995066836097058E7
1.6995066836104706E7
1.6995076E7
1.6995076836097058E7
1.6995076836104706E7
1.6995086E7
1.6995086836097058E7
1.6995086836104706E7
1.6995096E7
1.6995106E7
1.6995106836097058E7
1.6995106836104706E7
1.6995116E7
1.6995116836097058E7
1.6995116836104706E7
1.6995126E7
1.6995126836097058E7
1.6995126836104706E7
1.6995136E7
1.6995136836097058E7
1.6995136836104706E7
1.6995146E7
1.6995156E7
1.6995156836097058E7
1.6995156836104706E7
1.6995166E7
1.6995166836097058E7
1.6995166836104706E7
1.6995176E7
1.6995176836097058E7
1.6995176836104706E7
1.6995186E7
1.6995186836097058E7
1.6995186836104706E7
1.6995196E7
1.6995196836097058E7
1.6995196836104706E7
1.6995206E7
1.6995206836097058E7
1.6995206836104706E7
1.6995216E7
1.6995216836097058E7
1.6995216836104706E7
1.6995226E7
1.6995226836097058E7
1.6995226836104706E7
1.6995236E7
1.6995236836097058E7
1.6995236836104706E7
1.6995246E7
1.6995246836097058E7
1.6995246836104706E7
1.6995256E7
1.6995256836097058E7
1.6995256836104706E7
1.6995266E7
1.6995266836097058E7
1.6995266836104706E7
1.6995276E7
1.6995276836097058E7
1.6995276836104706E7
1.6995286E7
1.6995286836097058E7
1.6995286836104706E7
1.6995296E7
1.6995306E7
1.6995306836097058E7
1.6995306836104706E7
1.6995316E7
1.6995316836097058E7
1.6995316836104706E7
1.6995326E7
1.6995336E7
1.6995336836097058E7
1.6995336836104706E7
1.6995346E7
1.6995346836097058E7
1.6995346836104706E7
1.6995356E7
1.6995356836097058E7
1.6995356836104706E7
1.6995366E7
1.6995366836097058E7
1.6995366836104706E7
1.6995376E7
1.6995376836097058E7
1.6995376836104706E7
1.6995382158296224E7
1.699538215830387E7
1.6995386E7
1.6995386836097058E7
1.6995386836104706E7
1.6995396E7
1.6995396836097058E7
1.6995396836104706E7
1.6995406E7
1.6995416E7
1.6995416836097058E7
1.6995416836104706E7
1.6995426E7
1.6995426836097058E7
1.6995426836104706E7
1.6995436E7
1.6995436836097058E7
1.6995436836104706E7
1.6995446E7
1.6995446836097058E7
1.6995446836104706E7
1.6995456E7
1.6995456836097058E7
1.6995456836104706E7
1.6995466E7
1.6995466836097058E7
1.6995466836104706E7
1.6995471158296224E7
1.699547115830387E7
1.6995476E7
1.6995476836097058E7
1.6995476836104706E7
1.6995486E7
1.6995486836097058E7
1.6995486836104706E7
1.6995496E7
1.6995506E7
1.6995506836097058E7
1.6995506836104706E7
1.6995516E7
1.6995516836097058E7
1.6995516836104706E7
1.6995526E7
1.6995526836097058E7
1.6995526836104706E7
1.6995536E7
1.6995546E7
1.6995546836097058E7
1.6995546836104706E7
1.6995556E7
1.6995556836097058E7
1.6995556836104706E7
1.6995566E7
1.6995576E7
1.6995576836097058E7
1.6995576836104706E7
1.6995586E7
1.6995586836097058E7
1.6995586836104706E7
1.6995596E7
1.6995596836097058E7
1.6995596836104706E7
1.6995606E7
1.6995606836097058E7
1.6995606836104706E7
1.6995616E7
1.6995616836097058E7
1.6995616836104706E7
1.6995626E7
1.6995626836097058E7
1.6995626836104706E7
1.6995636E7
1.6995636836097058E7
1.6995636836104706E7
1.6995646E7
1.6995646836097058E7
1.6995646836104706E7
1.6995656E7
1.6995656836097058E7
1.6995656836104706E7
1.6995666E7
1.6995666836097058E7
1.6995666836104706E7
1.6995676E7
1.6995676836097058E7
1.6995676836104706E7
1.6995686E7
1.6995686836097058E7
1.6995686836104706E7
1.6995696E7
1.6995696836097058E7
1.6995696836104706E7
1.6995706E7
1.6995716E7
1.6995716836097058E7
1.6995716836104706E7
1.6995726E7
1.6995726836097058E7
1.6995726836104706E7
1.6995736E7
1.6995736836097058E7
1.6995736836104706E7
1.6995746E7
1.6995756E7
1.6995756836097058E7
1.6995756836104706E7
1.6995766E7
1.6995766836097058E7
1.6995766836104706E7
1.6995776E7
1.6995776836097058E7
1.6995776836104706E7
1.6995786E7
1.6995786836097058E7
1.6995786836104706E7
1.6995796E7
1.6995796836097058E7
1.6995796836104706E7
1.6995806E7
1.6995816E7
1.6995826E7
1.6995826836097058E7
1.6995826836104706E7
1.6995836E7
1.6995836836097058E7
1.6995836836104706E7
1.6995846E7
1.6995846836097058E7
1.6995846836104706E7
1.6995856E7
1.6995856836097058E7
1.6995856836104706E7
1.6995866E7
1.6995876E7
1.6995886E7
1.7304006E7
1.7304007000938132E7
1.7304016E7
1.7304017000938132E7
1.7304026E7
1.7304027000938132E7
1.7304036E7
1.7304037000938132E7
1.7304046E7
1.7304047000938132E7
1.7304056E7
1.7304057000938132E7
1.7304066E7
1.7304067000938132E7
1.7304076E7
1.7304077000938132E7
1.7304086E7
1.7304087000938132E7
1.7304096E7
1.7304097000938132E7
1.7304106E7
1.7304107000938132E7
1.7304116E7
1.7304117000938132E7
1.7304126E7
1.7304127000938132E7
1.7304136E7
1.7304146E7
1.7304156E7
1.7304166E7
1.7304176E7
1.7304186E7
1.7304196E7
1.7304206E7
1.7304216E7
1.7304226E7
1.7304236E7
1.7304246E7
1.7304256E7
1.7304266E7
1.7304276E7
1.7304286E7
1.7304296E7
1.7304306E7
1.7304316E7
1.7304326E7
1.7304336E7
1.7304346E7
1.7304356E7
1.7304366E7
1.7304376E7
1.7304386E7
1.7304396E7
1.7304406E7
1.7304416E7
1.7304426E7
1.7304436E7
1.7304446E7
1.7304456E7
1.7304466E7
1.7304476E7
1.7304486E7
1.7304496E7
1.7304506E7
1.7304516E7
1.7304526E7
1.7304536E7
1.7304546E7
1.7304556E7
1.7304566E7
1.7304576E7
1.7304586E7
1.7304596E7
1.7304606E7
1.7304616E7
1.7304626E7
1.7304636E7
1.7304646E7
1.7304656E7
1.7304666E7
1.7304676E7
1.7304686E7
1.7304696E7
1.7304706E7
1.7304716E7
1.7304726E7
1.7304736E7
1.7304746E7
1.7304756E7
1.7304766E7
1.7304776E7
1.7304786E7
1.7304796E7
1.7304806E7
1.7304816E7
1.7304826E7
1.7304836E7
1.7304846E7
1.777300546658297E7
1.7773006E7
1.7773016E7
1.777302546658297E7
1.7773026E7
1.7773036E7
1.777304546658297E7
1.7773046E7
1.777305546658297E7
1.7773056E7
1.777306546658297E7
1.7773066E7
1.777307546658297E7
1.7773076E7
1.777308546658297E7
1.7773086E7
1.777309546658297E7
1.7773096E7
1.777310546658297E7
1.7773106E7
1.777311546658297E7
1.7773116E7
1.777312546658297E7
1.7773126E7
1.7773136E7
1.7773146E7
1.7773156E7
1.7773166E7
1.7773176E7
1.7773186E7
1.7773196E7
1.7773206E7
1.7773216E7
1.7773226E7
1.7773236E7
1.7773246E7
1.7773256E7
1.7773266E7
1.7773276E7
1.7773286E7
1.7773292344557144E7
1.7773296E7
1.7773306E7
1.7773316E7
1.7773326E7
1.7773336E7
1.7773346E7
1.7773356E7
1.7773366E7
1.7773376E7
1.7773386E7
1.7773396E7
1.7773406E7
1.7773416E7
1.7773426E7
1.7773436E7
1.7773446E7
1.7773456E7
1.7773466E7
1.7773476E7
1.7773486E7
1.7773496E7
1.7773506E7
1.7773516E7
1.7773526E7
1.7773536E7
1.7773546E7
1.7773556E7
1.7773566E7
1.7773576E7
1.7773586E7
1.7773596E7
1.7773606E7
1.7773616E7
1.7773626E7
1.7773636E7
1.7773646E7
1.7773656E7
1.7773666E7
1.7773676E7
1.7773686E7
1.7773696E7
1.7773706E7
1.7773716E7
1.7773726E7
1.7773736E7
1.7773746E7
1.7773756E7
1.7773766E7
1.7773776E7
1.7773786E7
1.7773796E7
1.7773806E7
1.7773816E7
1.7773826E7
1.7773836E7
1.7773846E7
1.7773856E7
1.7773866E7
1.7773876E7
1.8234006E7
1.8234006370970987E7
1.8234016E7
1.8234016370970987E7
1.8234026E7
1.8234026370970987E7
1.8234036E7
1.8234036370970987E7
1.8234046E7
1.8234046370970987E7
1.8234056E7
1.8234056370970987E7
1.8234066E7
1.8234066370970987E7
1.8234076E7
1.8234076370970987E7
1.8234086E7
1.8234086370970987E7
1.8234096E7
1.8234096370970987E7
1.8234106E7
1.8234106370970987E7
1.8234116E7
1.8234116370970987E7
1.8234126E7
1.8234126370970987E7
1.8234136E7
1.8234146E7
1.8234156E7
1.8234166E7
1.8234176E7
1.8234186E7
1.8234196E7
1.8234206E7
1.8234216E7
1.8234226E7
1.8234236E7
1.8234246E7
1.8234256E7
1.8234266E7
1.8234276E7
1.8234286E7
1.8234296E7
1.8234306E7
1.8234316E7
1.8234326E7
1.8234336E7
1.8234346E7
1.8234356E7
1.8234366E7
1.8234376E7
1.8234386E7
1.8234396E7
1.8234406E7
1.8234416E7
1.8234426E7
1.8234436E7
1.8234446E7
1.8234456E7
1.8234466E7
1.8234476E7
1.8234486E7
1.8234496E7
1.8234506E7
1.8234516E7
1.8234526E7
1.8234536E7
1.8234546E7
1.8234556E7
1.8234566E7
1.8234576E7
1.8234586E7
1.8234596E7
1.8234606E7
1.8234616E7
1.8234626E7
1.8234636E7
1.8234646E7
1.8234656E7
1.8234666E7
1.8234676E7
1.8234686E7
1.8234696E7
1.8234706E7
1.8234716E7
1.8234726E7
1.8234736E7
1.8234746E7
1.8234756E7
1.8234766E7
1.8234776E7
1.8234786E7
1.8234796E7
1.8234806E7
1.8234816E7
1.8234826E7
1.8234836E7
1.8234846E7
1.8234856E7
1.8234866E7
1.8234876E7
1.8234886E7
1.8234896E7
1.8234906E7
1.8234916E7
1.8234926E7
1.8234936E7
1.8234946E7
1.8234956E7
1.8234966E7
1.8234976E7
1.8387005439696573E7
1.8387006E7
1.8387015439696573E7
1.8387016E7
1.8387025439696573E7
1.8387026E7
1.8387036E7
1.8387045439696573E7
1.8387046E7
1.8387055439696573E7
1.8387056E7
1.8387066E7
1.8387075439696573E7
1.8387076E7
1.8387085439696573E7
1.8387086E7
1.8387095439696573E7
1.8387096E7
1.8387105439696573E7
1.8387106E7
1.8387115439696573E7
1.8387116E7
1.8387125439696573E7
1.8387126E7
1.8387136E7
1.8387146E7
1.8387156E7
1.8387166E7
1.8387176E7
1.8387186E7
1.8387196E7
1.8387206E7
1.8387216E7
1.8387226E7
1.8387236E7
1.8387246E7
1.8387256E7
1.8387266E7
1.8387276E7
1.8387286E7
1.8387296E7
1.8387306E7
1.8387316E7
1.8387326E7
1.8387336E7
1.8387346E7
1.8387356E7
1.8387366E7
1.8387376E7
1.8387386E7
1.8387396E7
1.8387406E7
1.8387416E7
1.8387426E7
1.8387436E7
1.8387446E7
1.8387456E7
1.8387466E7
1.8387476E7
1.8387486E7
1.8387496E7
1.8387506E7
1.8387516E7
1.8387526E7
1.8387536E7
1.8387546E7
1.8387556E7
1.8387566E7
1.8387576E7
1.8387586E7
1.8387596E7
1.8387606E7
1.8387616E7
1.8387626E7
1.8387636E7
1.8387646E7
1.8387656E7
1.8387666E7
1.8387676E7
1.8387686E7
1.8387696E7
1.8387706E7
1.8387716E7
1.8387726E7
1.8387736E7
1.8387746E7
1.8387756E7
1.8387766E7
1.8387776E7
1.8387786E7
1.8387796E7
1.8387806E7
1.842900345786216E7
1.8429006E7
1.842901345786216E7
1.8429016E7
1.842902345786216E7
1.8429026E7
1.842903345786216E7
1.8429036E7
1.842904345786216E7
1.8429046E7
1.842905345786216E7
1.8429056E7
1.842906345786216E7
1.8429066E7
1.842907345786216E7
1.8429076E7
1.842908345786216E7
1.8429086E7
1.842909345786216E7
1.8429096E7
1.842910345786216E7
1.8429106E7
1.842911345786216E7
1.8429116E7
1.842912345786216E7
1.8429126E7
1.842913345786216E7
1.8429136E7
1.8429146E7
1.8429156E7
1.8429166E7
1.842917345786216E7
1.8429176E7
1.842918345786216E7
1.8429186E7
1.842919345786216E7
1.8429196E7
1.842920345786216E7
1.8429206E7
1.842921345786216E7
1.8429216E7
1.842922345786216E7
1.8429226E7
1.8429236E7
1.842924345786216E7
1.8429246E7
1.842925345786216E7
1.8429256E7
1.842926345786216E7
1.8429266E7
1.842927345786216E7
1.8429276E7
1.842928345786216E7
1.8429286E7
1.842929345786216E7
1.8429296E7
1.842930345786216E7
1.8429306E7
1.842931345786216E7
1.8429316E7
1.8429326E7
1.8429336E7
1.842934345786216E7
1.8429346E7
1.842935345786216E7
1.8429356E7
1.842936345786216E7
1.8429366E7
1.842937345786216E7
1.8429376E7
1.842938345786216E7
1.8429386E7
1.842939345786216E7
1.8429396E7
1.842940345786216E7
1.8429406E7
1.8429416E7
1.842942345786216E7
1.8429426E7
1.842943345786216E7
1.8429436E7
1.842944345786216E7
1.8429446E7
1.8429456E7
1.842946345786216E7
1.8429466E7
1.842947345786216E7
1.8429476E7
1.842948345786216E7
1.8429486E7
1.842949345786216E7
1.8429496E7
1.842950345786216E7
1.8429506E7
1.842951345786216E7
1.8429516E7
1.842952345786216E7
1.8429526E7
1.842953345786216E7
1.8429536E7
1.842954345786216E7
1.8429546E7
1.842955345786216E7
1.8429556E7
1.842956345786216E7
1.8429566E7
1.842957345786216E7
1.8429576E7
1.842958345786216E7
1.8429586E7
1.842959345786216E7
1.8429596E7
1.842960345786216E7
1.8429606E7
1.842961345786216E7
1.8429616E7
1.8429626E7
1.8429636E7
1.8429646E7
1.8429656E7
1.8429666E7
1.8429676E7
1.8429686E7
1.8429696E7
1.8429706E7
1.8429716E7
1.8429726E7
1.8429736E7
1.8429746E7
1.8429756E7
1.8429766E7
1.8429776E7
1.8429786E7
1.8429796E7
1.8429806E7
1.8429816E7
1.8429826E7
1.8429836E7
1.8429846E7
1.8429856E7
1.8429866E7
1.8429876E7
1.8429886E7
1.8429896E7
1.8429906E7
1.8429916E7
1.8429926E7
1.8429936E7
1.8429946E7
1.8429956E7
1.8429966E7
1.8429976E7
1.8429986E7
1.8429996E7
1.8430006E7
1.8430016E7
1.8430026E7
1.8430036E7
1.8430046E7
1.8430056E7
1.8430066E7
1.8430076E7
1.8430086E7
1.8430096E7
1.8430106E7
1.8430116E7
1.8430126E7
1.8430136E7
