0	10336	2181	4	0	0.0
0	10336	2181	4	0	1.9802E7
0	10335	2180	4	2	1.9803E7
0	10333	2177	4	4	1.9804E7
0	10330	2173	4	5	1.9805E7
0	10325	2168	4	7	1.9806E7
0	10319	2162	4	9	1.9807E7
0	10312	2153	4	11	1.9808E7
0	10303	2144	4	13	1.9809E7
0	10294	2133	4	15	1.981E7
0	10283	2122	4	13	1.9811E7
0	10275	2113	4	10	1.9812E7
0	10269	2106	4	7	1.9813E7
0	10266	2101	4	4	1.9814E7
0	10263	2099	4	2	1.9815E7
0	10263	2098	4	0	1.9816E7
0	10263	2098	4	0	1.9817E7
0	10263	2098	4	0	1.9818E7
0	10263	2098	4	0	1.9819E7
0	10263	2098	4	0	1.982E7
0	10263	2098	4	0	1.9821E7
0	10263	2098	4	0	1.9822E7
0	10263	2098	4	0	1.9823E7
0	10263	2098	4	0	1.9824E7
0	10263	2098	4	0	1.9825E7
0	10263	2098	4	0	1.9826E7
0	10263	2098	4	0	1.9827E7
0	10263	2098	4	0	1.9828E7
0	10263	2098	4	0	1.9829E7
0	10263	2098	4	0	1.983E7
0	10263	2098	4	0	1.9831E7
0	10263	2098	4	0	1.9832E7
0	10263	2098	4	0	1.9833E7
0	10263	2098	4	0	1.9834E7
0	10263	2098	4	0	1.9835E7
0	10262	2097	4	1	1.9836E7
0	10260	2095	4	3	1.9837E7
0	10257	2091	4	5	1.9838E7
0	10253	2086	4	7	1.9839E7
0	10247	2079	4	9	1.984E7
0	10240	2071	4	11	1.9841E7
0	10231	2062	4	13	1.9842E7
0	10221	2051	4	15	1.9843E7
0	10211	2039	4	15	1.9844E7
0	10200	2027	4	15	1.9845E7
0	10190	2015	4	15	1.9846E7
0	10179	2003	4	15	1.9847E7
0	10169	1992	4	15	1.9848E7
0	10159	1980	4	14	1.9849E7
0	10150	1971	4	10	1.985E7
0	10144	1964	4	7	1.9851E7
0	10140	1959	4	5	1.9852E7
0	10138	1956	4	4	1.9853E7
0	10135	1952	4	6	1.9854E7
0	10139	1946	3	8	1.9855E7
0	10146	1940	2	10	1.9856E7
0	10154	1932	2	10	1.9857E7
0	10161	1927	2	7	1.9858E7
0	10165	1923	2	4	1.9859E7
0	10168	1920	2	2	1.986E7
0	10168	1920	2	0	1.9861E7
0	10168	1920	2	0	1.9862E7
0	10168	1920	2	0	1.9863E7
0	10168	1920	2	0	1.9864E7
0	10168	1920	2	0	1.9865E7
0	10168	1920	2	0	1.9866E7
0	10168	1920	2	0	1.9867E7
0	10168	1920	2	0	1.9868E7
0	10168	1920	2	0	1.9869E7
0	10168	1920	2	0	1.987E7
0	10168	1920	2	0	1.9871E7
0	10168	1920	2	0	1.9872E7
0	10168	1920	2	0	1.9873E7
0	10168	1920	2	0	1.9874E7
0	10168	1920	2	0	1.9875E7
0	10168	1920	2	0	1.9876E7
0	10168	1920	2	0	1.9877E7
0	10168	1920	2	0	1.9878E7
0	10168	1920	2	0	1.9879E7
0	10168	1920	2	0	1.988E7
0	10169	1919	2	2	1.9881E7
0	10171	1917	2	3	1.9882E7
0	10175	1914	2	5	1.9883E7
0	10180	1909	2	7	1.9884E7
0	10187	1903	2	9	1.9885E7
0	10195	1895	2	11	1.9886E7
0	10204	1887	2	13	1.9887E7
0	10215	1877	2	15	1.9888E7
0	10227	1866	2	15	1.9889E7
0	10239	1855	2	15	1.989E7
0	10250	1845	2	15	1.9891E7
0	10262	1834	2	15	1.9892E7
0	10273	1823	2	15	1.9893E7
0	10285	1813	2	15	1.9894E7
0	10296	1802	2	15	1.9895E7
0	10308	1791	2	15	1.9896E7
0	10320	1781	2	15	1.9897E7
0	10332	1771	2	15	1.9898E7
0	10343	1760	2	15	1.9899E7
0	10355	1750	2	15	1.99E7
0	10367	1740	2	15	1.9901E7
0	10379	1730	2	15	1.9902E7
0	10393	1724	1	15	1.9903E7
0	10409	1724	1	15	1.9904E7
0	10424	1725	1	15	1.9905E7
0	10439	1729	1	15	1.9906E7
0	10454	1734	1	15	1.9907E7
0	10469	1740	1	15	1.9908E7
0	10483	1746	1	15	1.9909E7
0	10497	1752	1	15	1.991E7
0	10512	1759	8	15	1.9911E7
0	10526	1765	8	15	1.9912E7
0	10540	1772	8	15	1.9913E7
0	10554	1778	8	15	1.9914E7
0	10569	1785	8	15	1.9915E7
0	10583	1791	8	15	1.9916E7
0	10596	1800	8	15	1.9917E7
0	10608	1810	8	15	1.9918E7
0	10620	1821	8	15	1.9919E7
0	10631	1832	8	15	1.992E7
0	10641	1843	8	15	1.9921E7
0	10651	1856	8	15	1.9922E7
0	10661	1868	8	15	1.9923E7
0	10672	1880	8	15	1.9924E7
0	10681	1891	8	13	1.9925E7
0	10688	1900	8	9	1.9926E7
0	10694	1906	8	6	1.9927E7
0	10698	1910	8	4	1.9928E7
0	10701	1913	8	5	1.9929E7
0	10703	1916	8	7	1.993E7
0	10698	1922	6	9	1.9931E7
0	10692	1932	6	11	1.9932E7
0	10690	1942	7	7	1.9933E7
0	10691	1949	7	5	1.9934E7
0	10692	1954	7	3	1.9935E7
0	10695	1959	7	6	1.9936E7
0	10699	1965	8	8	1.9937E7
0	10706	1972	8	10	1.9938E7
0	10716	1979	8	12	1.9939E7
0	10729	1983	1	14	1.994E7
0	10746	1981	1	15	1.9941E7
0	10757	1989	8	15	1.9942E7
0	10767	2001	8	15	1.9943E7
0	10776	2014	8	15	1.9944E7
0	10786	2026	8	15	1.9945E7
0	10795	2039	8	15	1.9946E7
0	10799	2054	7	15	1.9947E7
0	10801	2069	7	15	1.9948E7
0	10801	2085	7	15	1.9949E7
0	10800	2100	7	15	1.995E7
0	10790	2109	6	15	1.9951E7
0	10775	2114	5	15	1.9952E7
0	10762	2123	6	15	1.9953E7
0	10750	2133	6	15	1.9954E7
0	10738	2143	6	15	1.9955E7
0	10726	2153	6	15	1.9956E7
0	10715	2164	6	15	1.9957E7
0	10703	2174	6	15	1.9958E7
0	10691	2185	6	15	1.9959E7
0	10679	2195	6	15	1.996E7
0	10667	2206	6	15	1.9961E7
0	10656	2216	6	15	1.9962E7
0	10644	2227	6	15	1.9963E7
0	10632	2237	6	15	1.9964E7
0	10620	2248	6	15	1.9965E7
0	10610	2257	6	12	1.9966E7
0	10601	2265	6	9	1.9967E7
0	10595	2270	6	6	1.9968E7
0	10591	2273	6	4	1.9969E7
0	10589	2275	6	1	1.997E7
0	10589	2275	6	0	1.9971E7
0	10589	2275	6	0	1.9972E7
0	10589	2275	6	0	1.9973E7
0	10589	2275	6	0	1.9974E7
0	10589	2275	6	0	1.9975E7
0	10589	2275	6	0	1.9976E7
0	10589	2275	6	0	1.9977E7
0	10589	2275	6	0	1.9978E7
0	10589	2275	6	0	1.9979E7
0	10589	2275	6	0	1.998E7
0	10589	2275	6	0	1.9981E7
0	10589	2275	6	0	1.9982E7
0	10589	2275	6	0	1.9983E7
0	10589	2275	6	0	1.9984E7
0	10589	2275	6	0	1.9985E7
0	10589	2275	6	0	1.9986E7
0	10589	2275	6	0	1.9987E7
0	10589	2275	6	0	1.9988E7
0	10589	2275	6	0	1.9989E7
0	10589	2275	6	0	1.999E7
0	10588	2276	6	2	1.9991E7
0	10585	2279	6	4	1.9992E7
0	10580	2282	6	6	1.9993E7
0	10575	2287	6	8	1.9994E7
0	10568	2294	6	10	1.9995E7
0	10559	2301	6	12	1.9996E7
0	10549	2310	6	14	1.9997E7
0	10538	2320	6	15	1.9998E7
0	10526	2331	6	15	1.9999E7
0	10514	2341	6	15	2.0E7
0	10502	2351	6	15	2.0001E7
0	10490	2362	6	15	2.0002E7
0	10478	2372	6	15	2.0003E7
0	10467	2383	6	15	2.0004E7
0	10455	2393	6	15	2.0005E7
0	10443	2403	6	15	2.0006E7
0	10431	2414	6	15	2.0007E7
0	10419	2424	6	15	2.0008E7
0	10408	2435	6	15	2.0009E7
0	10396	2445	6	15	2.001E7
0	10384	2455	6	15	2.0011E7
0	10372	2466	6	15	2.0012E7
0	10362	2475	6	12	2.0013E7
0	10354	2481	6	8	2.0014E7
0	10349	2486	6	5	2.0015E7
0	10345	2489	6	3	2.0016E7
0	10344	2491	6	0	2.0017E7
0	10344	2491	6	0	2.0018E7
0	10344	2491	6	0	2.0019E7
0	10344	2491	6	0	2.002E7
0	10344	2491	6	0	2.0021E7
0	10344	2491	6	0	2.0022E7
0	10344	2491	6	0	2.0023E7
0	10344	2491	6	0	2.0024E7
0	10344	2491	6	0	2.0025E7
0	10344	2491	6	0	2.0026E7
0	10344	2491	6	0	2.0027E7
0	10344	2491	6	0	2.0028E7
0	10344	2491	6	0	2.0029E7
0	10344	2491	6	0	2.003E7
0	10344	2491	6	0	2.0031E7
0	10344	2491	6	0	2.0032E7
0	10344	2491	6	0	2.0033E7
0	10344	2491	6	0	2.0034E7
0	10344	2491	6	0	2.0035E7
0	10344	2491	6	0	2.0036E7
0	10343	2491	6	0	2.0037E7
0	10342	2492	6	2	2.0038E7
0	10339	2495	6	4	2.0039E7
0	10335	2499	6	6	2.004E7
0	10329	2504	6	8	2.0041E7
0	10322	2510	6	10	2.0042E7
0	10314	2518	6	12	2.0043E7
0	10304	2526	6	14	2.0044E7
0	10292	2536	6	15	2.0045E7
0	10280	2547	6	15	2.0046E7
0	10269	2557	6	15	2.0047E7
0	10257	2568	6	14	2.0048E7
0	10248	2576	6	11	2.0049E7
0	10241	2582	6	7	2.005E7
0	10236	2586	6	5	2.0051E7
0	10233	2589	6	3	2.0052E7
0	10229	2592	6	6	2.0053E7
0	10221	2593	5	8	2.0054E7
0	10213	2588	4	10	2.0055E7
0	10204	2581	4	12	2.0056E7
0	10194	2573	4	13	2.0057E7
0	10182	2564	4	15	2.0058E7
0	10170	2555	4	15	2.0059E7
0	10158	2545	4	13	2.006E7
0	10149	2539	4	9	2.0061E7
0	10143	2534	4	6	2.0062E7
0	10139	2530	4	4	2.0063E7
0	10135	2528	4	4	2.0064E7
0	10129	2528	5	7	2.0065E7
0	10121	2532	5	9	2.0066E7
0	10114	2540	6	11	2.0067E7
0	10106	2549	6	13	2.0068E7
0	10097	2560	6	14	2.0069E7
0	10089	2573	6	15	2.007E7
0	10081	2586	6	14	2.0071E7
0	10073	2597	6	11	2.0072E7
0	10067	2605	6	8	2.0073E7
0	10063	2610	6	5	2.0074E7
0	10060	2613	6	3	2.0075E7
0	10060	2615	6	0	2.0076E7
0	10060	2615	6	0	2.0077E7
0	10060	2615	6	0	2.0078E7
0	10060	2615	6	0	2.0079E7
0	10060	2615	6	0	2.008E7
0	10060	2615	6	0	2.0081E7
0	10060	2615	6	0	2.0082E7
0	10060	2615	6	0	2.0083E7
0	10060	2615	6	0	2.0084E7
0	10060	2615	6	0	2.0085E7
0	10060	2615	6	0	2.0086E7
0	10060	2615	6	0	2.0087E7
0	10060	2615	6	0	2.0088E7
0	10060	2615	6	0	2.0089E7
0	10060	2615	6	0	2.009E7
0	10060	2615	6	0	2.0091E7
0	10060	2615	6	0	2.0092E7
0	10060	2615	6	0	2.0093E7
0	10060	2615	6	0	2.0094E7
0	10060	2615	6	0	2.0095E7
0	10059	2615	6	1	2.0096E7
0	10058	2617	6	3	2.0097E7
0	10055	2621	6	5	2.0098E7
0	10051	2626	6	7	2.0099E7
0	10045	2631	6	9	2.01E7
0	10037	2637	6	8	2.0101E7
0	10032	2640	6	5	2.0102E7
0	10030	2639	5	3	2.0103E7
0	10025	2636	5	6	2.0104E7
0	10017	2635	5	8	2.0105E7
0	10009	2638	5	9	2.0106E7
0	10001	2647	6	11	2.0107E7
0	9994	2657	6	13	2.0108E7
0	9980	2664	6	15	2.0109E7
0	9967	2672	6	15	2.011E7
0	9954	2681	6	15	2.0111E7
0	9941	2690	6	15	2.0112E7
0	9928	2698	6	15	2.0113E7
0	9915	2707	6	15	2.0114E7
0	9902	2716	6	15	2.0115E7
0	9889	2726	6	15	2.0116E7
0	9879	2738	6	15	2.0117E7
0	9870	2751	6	15	2.0118E7
0	9862	2764	6	15	2.0119E7
0	9854	2777	6	15	2.012E7
0	9846	2791	6	15	2.0121E7
0	9837	2804	6	15	2.0122E7
0	9829	2817	6	15	2.0123E7
0	9819	2830	6	15	2.0124E7
0	9809	2842	6	15	2.0125E7
0	9799	2854	6	15	2.0126E7
0	9789	2866	6	15	2.0127E7
0	9780	2878	6	13	2.0128E7
0	9772	2887	6	10	2.0129E7
0	9767	2894	6	7	2.013E7
0	9763	2898	6	4	2.0131E7
0	9761	2901	6	2	2.0132E7
0	9761	2901	6	0	2.0133E7
0	9761	2901	6	0	2.0134E7
0	9761	2901	6	0	2.0135E7
0	9761	2901	6	0	2.0136E7
0	9761	2901	6	0	2.0137E7
0	9761	2901	6	0	2.0138E7
0	9761	2901	6	0	2.0139E7
0	9761	2901	6	0	2.014E7
0	9761	2901	6	0	2.0141E7
0	9761	2901	6	0	2.0142E7
0	9761	2901	6	0	2.0143E7
0	9761	2901	6	0	2.0144E7
0	9761	2901	6	0	2.0145E7
0	9761	2901	6	0	2.0146E7
0	9761	2901	6	0	2.0147E7
0	9761	2901	6	0	2.0148E7
0	9761	2901	6	0	2.0149E7
0	9761	2901	6	0	2.015E7
0	9761	2901	6	0	2.0151E7
0	9761	2901	6	0	2.0152E7
0	9760	2902	6	2	2.0153E7
0	9758	2905	6	4	2.0154E7
0	9755	2908	6	6	2.0155E7
0	9750	2914	6	7	2.0156E7
0	9744	2921	6	9	2.0157E7
0	9738	2929	6	11	2.0158E7
0	9730	2939	6	13	2.0159E7
0	9720	2951	6	15	2.016E7
0	9711	2963	6	15	2.0161E7
0	9701	2975	6	15	2.0162E7
0	9691	2988	6	15	2.0163E7
0	9681	3000	6	15	2.0164E7
0	9673	3013	6	15	2.0165E7
0	9666	3027	6	15	2.0166E7
0	9659	3041	6	15	2.0167E7
0	9651	3055	6	15	2.0168E7
0	9644	3069	6	15	2.0169E7
0	9636	3083	6	15	2.017E7
0	9629	3097	6	15	2.0171E7
0	9622	3111	6	15	2.0172E7
0	9614	3125	6	15	2.0173E7
0	9606	3138	6	15	2.0174E7
0	9595	3150	6	15	2.0175E7
0	9585	3162	6	15	2.0176E7
0	9574	3173	6	15	2.0177E7
0	9562	3183	6	15	2.0178E7
0	9551	3191	6	12	2.0179E7
0	9543	3198	6	8	2.018E7
0	9537	3202	6	6	2.0181E7
0	9534	3205	6	3	2.0182E7
0	9530	3208	6	5	2.0183E7
0	9525	3212	6	7	2.0184E7
0	9519	3219	6	9	2.0185E7
0	9512	3227	6	11	2.0186E7
0	9503	3236	6	13	2.0187E7
0	9493	3245	6	11	2.0188E7
0	9486	3251	6	8	2.0189E7
0	9481	3256	6	5	2.019E7
0	9478	3259	6	3	2.0191E7
0	9476	3260	6	0	2.0192E7
0	9476	3260	6	0	2.0193E7
0	9476	3260	6	0	2.0194E7
0	9476	3260	6	0	2.0195E7
0	9476	3260	6	0	2.0196E7
0	9476	3260	6	0	2.0197E7
0	9476	3260	6	0	2.0198E7
0	9476	3260	6	0	2.0199E7
0	9476	3260	6	0	2.02E7
0	9476	3260	6	0	2.0201E7
0	9476	3260	6	0	2.0202E7
0	9476	3260	6	0	2.0203E7
0	9476	3260	6	0	2.0204E7
0	9476	3260	6	0	2.0205E7
0	9476	3260	6	0	2.0206E7
0	9476	3260	6	0	2.0207E7
0	9476	3260	6	0	2.0208E7
0	9476	3260	6	0	2.0209E7
0	9476	3260	6	0	2.021E7
0	9476	3260	6	0	2.0211E7
0	9476	3260	6	1	2.0212E7
0	9474	3262	6	3	2.0213E7
0	9471	3264	6	5	2.0214E7
0	9466	3269	6	7	2.0215E7
0	9460	3274	6	9	2.0216E7
0	9452	3281	6	11	2.0217E7
0	9443	3289	6	13	2.0218E7
0	9432	3298	6	15	2.0219E7
0	9419	3308	6	15	2.022E7
0	9407	3317	6	14	2.0221E7
0	9396	3324	6	11	2.0222E7
0	9388	3329	6	8	2.0223E7
0	9382	3333	6	5	2.0224E7
0	9379	3335	6	3	2.0225E7
0	9377	3336	6	0	2.0226E7
0	9377	3336	6	0	2.0227E7
0	9377	3336	6	0	2.0228E7
0	9377	3336	6	0	2.0229E7
0	9377	3336	6	0	2.023E7
0	9377	3336	6	0	2.0231E7
0	9377	3336	6	0	2.0232E7
0	9377	3336	6	0	2.0233E7
0	9377	3336	6	0	2.0234E7
0	9377	3336	6	0	2.0235E7
0	9377	3336	6	0	2.0236E7
0	9377	3336	6	0	2.0237E7
0	9377	3336	6	0	2.0238E7
0	9377	3336	6	0	2.0239E7
0	9377	3336	6	0	2.024E7
0	9377	3336	6	0	2.0241E7
0	9377	3336	6	0	2.0242E7
0	9377	3336	6	0	2.0243E7
0	9377	3336	6	0	2.0244E7
0	9377	3336	6	0	2.0245E7
0	9377	3336	6	1	2.0246E7
0	9375	3338	6	3	2.0247E7
0	9371	3340	6	5	2.0248E7
0	9366	3343	6	7	2.0249E7
0	9359	3347	6	9	2.025E7
0	9350	3352	6	11	2.0251E7
0	9339	3358	6	12	2.0252E7
0	9327	3365	6	14	2.0253E7
0	9314	3373	6	15	2.0254E7
0	9300	3381	6	15	2.0255E7
0	9286	3389	6	15	2.0256E7
0	9273	3397	6	15	2.0257E7
0	9259	3404	6	15	2.0258E7
0	9245	3412	6	15	2.0259E7
0	9232	3420	6	15	2.026E7
0	9218	3428	6	15	2.0261E7
0	9204	3436	6	15	2.0262E7
0	9191	3444	6	15	2.0263E7
0	9177	3452	6	15	2.0264E7
0	9164	3460	6	15	2.0265E7
0	9150	3468	6	15	2.0266E7
0	9137	3476	6	15	2.0267E7
0	9123	3484	6	15	2.0268E7
0	9110	3493	6	15	2.0269E7
0	9097	3501	6	15	2.027E7
0	9083	3509	6	15	2.0271E7
0	9070	3517	6	15	2.0272E7
0	9056	3525	6	15	2.0273E7
0	9042	3532	6	15	2.0274E7
0	9029	3539	6	12	2.0275E7
0	9020	3544	6	9	2.0276E7
0	9013	3548	6	6	2.0277E7
0	9009	3550	6	4	2.0278E7
0	9006	3551	6	1	2.0279E7
0	9006	3551	6	0	2.028E7
0	9006	3551	6	0	2.0281E7
0	9006	3551	6	0	2.0282E7
0	9006	3551	6	0	2.0283E7
0	9006	3551	6	0	2.0284E7
0	9006	3551	6	0	2.0285E7
0	9006	3551	6	0	2.0286E7
0	9006	3551	6	0	2.0287E7
0	9006	3551	6	0	2.0288E7
0	9006	3551	6	0	2.0289E7
0	9006	3551	6	0	2.029E7
0	9006	3551	6	0	2.0291E7
0	9006	3551	6	0	2.0292E7
0	9006	3551	6	0	2.0293E7
0	9006	3551	6	0	2.0294E7
0	9006	3551	6	0	2.0295E7
0	9006	3551	6	0	2.0296E7
0	9006	3551	6	0	2.0297E7
0	9006	3551	6	0	2.0298E7
0	9006	3551	6	0	2.0299E7
0	9004	3552	6	2	2.03E7
0	9001	3553	6	4	2.0301E7
0	8996	3556	6	6	2.0302E7
0	8989	3559	6	8	2.0303E7
0	8980	3563	6	10	2.0304E7
0	8970	3567	6	12	2.0305E7
0	8958	3570	5	13	2.0306E7
0	8948	3558	4	15	2.0307E7
0	8941	3544	4	15	2.0308E7
0	8933	3530	4	15	2.0309E7
0	8926	3516	4	15	2.031E7
0	8918	3503	4	15	2.0311E7
0	8910	3489	4	15	2.0312E7
0	8902	3475	4	15	2.0313E7
0	8895	3461	4	15	2.0314E7
0	8888	3447	4	15	2.0315E7
0	8881	3433	4	15	2.0316E7
0	8874	3419	4	15	2.0317E7
0	8866	3406	4	15	2.0318E7
0	8857	3393	4	15	2.0319E7
0	8848	3380	4	15	2.032E7
0	8839	3367	4	15	2.0321E7
0	8831	3354	4	15	2.0322E7
0	8822	3340	4	15	2.0323E7
0	8817	3325	4	15	2.0324E7
0	8809	3311	4	15	2.0325E7
0	8801	3298	4	15	2.0326E7
0	8793	3284	4	15	2.0327E7
0	8785	3271	4	15	2.0328E7
0	8777	3257	4	15	2.0329E7
0	8769	3244	4	15	2.033E7
0	8761	3230	4	15	2.0331E7
0	8753	3217	4	15	2.0332E7
0	8745	3204	4	13	2.0333E7
0	8740	3194	4	9	2.0334E7
0	8735	3188	4	6	2.0335E7
0	8733	3183	4	4	2.0336E7
0	8731	3180	4	4	2.0337E7
0	8729	3176	4	7	2.0338E7
0	8734	3171	2	9	2.0339E7
0	8738	3155	3	10	2.034E7
0	8746	3147	2	12	2.0341E7
0	8758	3140	2	14	2.0342E7
0	8771	3132	2	15	2.0343E7
0	8785	3124	2	15	2.0344E7
0	8798	3116	2	15	2.0345E7
0	8812	3108	2	15	2.0346E7
0	8826	3100	2	15	2.0347E7
0	8839	3093	2	15	2.0348E7
0	8853	3085	2	15	2.0349E7
0	8867	3077	2	15	2.035E7
0	8880	3069	2	15	2.0351E7
0	8894	3061	2	15	2.0352E7
0	8907	3053	2	15	2.0353E7
0	8921	3045	2	15	2.0354E7
0	8935	3037	2	15	2.0355E7
0	8947	3028	2	15	2.0356E7
0	8957	3017	2	15	2.0357E7
0	8952	3002	3	15	2.0358E7
0	8944	2988	4	15	2.0359E7
0	8936	2975	4	15	2.036E7
0	8928	2961	4	15	2.0361E7
0	8920	2948	4	15	2.0362E7
0	8911	2934	4	15	2.0363E7
0	8903	2921	4	15	2.0364E7
0	8895	2907	4	15	2.0365E7
0	8887	2894	4	15	2.0366E7
0	8879	2880	4	15	2.0367E7
0	8871	2867	4	15	2.0368E7
0	8863	2853	4	15	2.0369E7
0	8855	2840	4	15	2.037E7
0	8847	2826	4	15	2.0371E7
0	8839	2813	4	15	2.0372E7
0	8824	2819	6	15	2.0373E7
0	8811	2827	6	15	2.0374E7
0	8797	2835	6	15	2.0375E7
0	8784	2843	6	15	2.0376E7
0	8770	2851	6	15	2.0377E7
0	8757	2859	6	15	2.0378E7
0	8743	2868	6	15	2.0379E7
0	8730	2876	6	15	2.038E7
0	8717	2884	6	15	2.0381E7
0	8703	2892	6	15	2.0382E7
0	8690	2900	6	15	2.0383E7
0	8676	2908	6	15	2.0384E7
0	8661	2913	6	15	2.0385E7
0	8647	2921	6	15	2.0386E7
0	8634	2929	6	15	2.0387E7
0	8620	2937	6	15	2.0388E7
0	8606	2945	6	15	2.0389E7
0	8593	2953	6	15	2.039E7
0	8579	2961	6	15	2.0391E7
0	8566	2969	6	15	2.0392E7
0	8552	2977	6	15	2.0393E7
0	8539	2986	6	15	2.0394E7
0	8525	2994	6	15	2.0395E7
0	8512	3002	6	15	2.0396E7
0	8501	3009	6	11	2.0397E7
0	8493	3015	6	8	2.0398E7
0	8487	3019	6	5	2.0399E7
0	8484	3021	6	3	2.04E7
0	8482	3022	6	0	2.0401E7
0	8482	3022	6	0	2.0402E7
0	8482	3022	6	0	2.0403E7
0	8482	3022	6	0	2.0404E7
0	8482	3022	6	0	2.0405E7
0	8482	3022	6	0	2.0406E7
0	8482	3022	6	0	2.0407E7
0	8482	3022	6	0	2.0408E7
0	8482	3022	6	0	2.0409E7
0	8482	3022	6	0	2.041E7
0	8482	3022	6	0	2.0411E7
0	8482	3022	6	0	2.0412E7
0	8482	3022	6	0	2.0413E7
0	8482	3022	6	0	2.0414E7
0	8482	3022	6	0	2.0415E7
0	8482	3022	6	0	2.0416E7
0	8482	3022	6	0	2.0417E7
0	8482	3022	6	0	2.0418E7
0	8482	3022	6	0	2.0419E7
0	8482	3022	6	0	2.042E7
0	8482	3022	6	1	2.0421E7
0	8480	3023	6	3	2.0422E7
0	8476	3026	6	5	2.0423E7
0	8471	3029	6	7	2.0424E7
0	8464	3033	6	9	2.0425E7
0	8455	3039	6	10	2.0426E7
0	8448	3043	6	7	2.0427E7
0	8442	3046	6	4	2.0428E7
0	8439	3048	6	2	2.0429E7
0	8438	3049	6	1	2.043E7
0	8439	3052	6	1	2.0431E7
0	8436	3054	6	3	2.0432E7
0	8432	3056	6	5	2.0433E7
0	8426	3060	6	7	2.0434E7
0	8419	3064	6	9	2.0435E7
0	8410	3070	6	11	2.0436E7
0	8399	3077	6	13	2.0437E7
0	8387	3084	6	15	2.0438E7
0	8373	3092	6	15	2.0439E7
0	8360	3101	6	15	2.044E7
0	8347	3109	6	15	2.0441E7
0	8333	3117	6	15	2.0442E7
0	8320	3126	6	15	2.0443E7
0	8307	3134	6	15	2.0444E7
0	8293	3142	6	15	2.0445E7
0	8280	3150	6	15	2.0446E7
0	8267	3159	6	15	2.0447E7
0	8253	3168	6	15	2.0448E7
0	8240	3176	6	15	2.0449E7
0	8227	3185	6	15	2.045E7
0	8214	3194	6	15	2.0451E7
0	8201	3203	6	15	2.0452E7
0	8189	3213	6	15	2.0453E7
0	8177	3222	6	15	2.0454E7
0	8164	3232	6	15	2.0455E7
0	8152	3242	6	15	2.0456E7
0	8140	3252	6	15	2.0457E7
0	8127	3262	6	15	2.0458E7
0	8115	3271	6	15	2.0459E7
0	8102	3280	6	15	2.046E7
0	8090	3290	6	15	2.0461E7
0	8078	3301	6	15	2.0462E7
0	8067	3311	6	15	2.0463E7
0	8052	3319	6	15	2.0464E7
0	8040	3330	6	15	2.0465E7
0	8029	3341	6	15	2.0466E7
0	8019	3353	6	15	2.0467E7
0	8009	3365	6	15	2.0468E7
0	8000	3378	6	15	2.0469E7
0	7991	3391	6	15	2.047E7
0	7984	3405	6	15	2.0471E7
0	7977	3419	6	15	2.0472E7
0	7971	3434	7	15	2.0473E7
0	7966	3447	7	12	2.0474E7
0	7963	3456	7	8	2.0475E7
0	7960	3463	7	5	2.0476E7
0	7959	3467	7	3	2.0477E7
0	7958	3469	7	0	2.0478E7
0	7958	3469	7	0	2.0479E7
0	7958	3469	7	0	2.048E7
0	7958	3469	7	0	2.0481E7
0	7958	3469	7	0	2.0482E7
0	7958	3469	7	0	2.0483E7
0	7958	3469	7	0	2.0484E7
0	7958	3469	7	0	2.0485E7
0	7958	3469	7	0	2.0486E7
0	7958	3469	7	0	2.0487E7
0	7958	3469	7	0	2.0488E7
0	7958	3469	7	0	2.0489E7
0	7958	3469	7	0	2.049E7
0	7958	3469	7	0	2.0491E7
0	7958	3469	7	0	2.0492E7
0	7958	3469	7	0	2.0493E7
0	7958	3469	7	0	2.0494E7
0	7958	3469	7	0	2.0495E7
0	7958	3469	7	0	2.0496E7
0	7958	3469	7	0	2.0497E7
0	7958	3470	7	0	2.0498E7
0	7957	3472	7	3	2.0499E7
0	7956	3476	7	5	2.05E7
0	7954	3481	7	6	2.0501E7
0	7951	3489	7	8	2.0502E7
0	7948	3498	7	10	2.0503E7
0	7944	3510	7	12	2.0504E7
0	7939	3523	7	14	2.0505E7
0	7934	3537	7	15	2.0506E7
0	7928	3552	7	15	2.0507E7
0	7923	3567	7	15	2.0508E7
0	7917	3582	7	15	2.0509E7
0	7912	3597	7	15	2.051E7
0	7907	3612	7	15	2.0511E7
0	7903	3627	7	15	2.0512E7
0	7899	3642	7	15	2.0513E7
0	7898	3656	7	11	2.0514E7
0	7897	3666	7	8	2.0515E7
0	7898	3673	7	5	2.0516E7
0	7899	3678	7	3	2.0517E7
0	7899	3680	7	1	2.0518E7
0	7899	3681	7	0	2.0519E7
0	7899	3682	7	0	2.052E7
0	7899	3682	7	0	2.0521E7
0	7899	3682	7	0	2.0522E7
0	7899	3682	7	0	2.0523E7
0	7899	3682	7	0	2.0524E7
0	7899	3682	7	0	2.0525E7
0	7899	3682	7	0	2.0526E7
0	7899	3684	7	2	2.0527E7
0	7899	3687	7	4	2.0528E7
0	7896	3692	7	6	2.0529E7
0	7889	3693	6	8	2.053E7
0	7879	3696	5	10	2.0531E7
0	7868	3698	5	12	2.0532E7
0	7855	3701	5	14	2.0533E7
0	7840	3705	5	15	2.0534E7
0	7824	3708	5	15	2.0535E7
0	7809	3711	5	15	2.0536E7
0	7794	3715	5	15	2.0537E7
0	7778	3718	5	15	2.0538E7
0	7763	3721	5	15	2.0539E7
0	7747	3724	5	15	2.054E7
0	7732	3727	5	15	2.0541E7
0	7716	3730	5	15	2.0542E7
0	7701	3733	5	15	2.0543E7
0	7686	3740	5	15	2.0544E7
0	7671	3743	5	15	2.0545E7
0	7655	3745	5	15	2.0546E7
0	7640	3748	5	15	2.0547E7
0	7624	3751	5	15	2.0548E7
0	7609	3754	5	15	2.0549E7
0	7594	3757	5	15	2.055E7
0	7578	3760	5	15	2.0551E7
0	7563	3763	5	15	2.0552E7
0	7547	3766	5	15	2.0553E7
0	7532	3769	5	15	2.0554E7
0	7516	3772	5	15	2.0555E7
0	7501	3775	5	15	2.0556E7
0	7485	3777	5	15	2.0557E7
0	7470	3780	5	15	2.0558E7
0	7454	3783	5	15	2.0559E7
0	7439	3786	5	15	2.056E7
0	7423	3789	5	15	2.0561E7
0	7408	3792	5	15	2.0562E7
0	7392	3795	5	15	2.0563E7
0	7378	3801	5	15	2.0564E7
0	7362	3804	5	15	2.0565E7
0	7347	3807	5	15	2.0566E7
0	7331	3809	5	15	2.0567E7
0	7316	3812	5	15	2.0568E7
0	7300	3815	5	15	2.0569E7
0	7285	3818	5	15	2.057E7
0	7269	3821	5	15	2.0571E7
0	7254	3824	5	15	2.0572E7
0	7238	3826	5	15	2.0573E7
0	7223	3829	5	15	2.0574E7
0	7207	3832	5	15	2.0575E7
0	7192	3835	5	15	2.0576E7
0	7176	3837	5	15	2.0577E7
0	7161	3840	5	15	2.0578E7
0	7145	3843	5	15	2.0579E7
0	7130	3846	5	15	2.058E7
0	7114	3849	5	15	2.0581E7
0	7099	3851	5	15	2.0582E7
0	7083	3854	5	15	2.0583E7
0	7069	3857	5	12	2.0584E7
0	7058	3860	5	9	2.0585E7
0	7051	3862	5	6	2.0586E7
0	7046	3863	5	4	2.0587E7
0	7043	3864	5	2	2.0588E7
0	7041	3864	5	1	2.0589E7
0	7040	3864	5	0	2.059E7
0	7040	3864	5	0	2.0591E7
0	7040	3864	5	0	2.0592E7
0	7040	3864	5	0	2.0593E7
0	7040	3864	5	0	2.0594E7
0	7040	3864	5	0	2.0595E7
0	7040	3864	5	0	2.0596E7
0	7040	3864	5	0	2.0597E7
0	7040	3864	5	0	2.0598E7
0	7040	3864	5	0	2.0599E7
0	7040	3864	5	0	2.06E7
0	7040	3864	5	0	2.0601E7
0	7040	3864	5	0	2.0602E7
0	7040	3864	5	0	2.0603E7
0	7040	3864	5	0	2.0604E7
0	7040	3864	5	0	2.0605E7
0	7040	3864	5	0	2.0606E7
0	7040	3864	5	0	2.0607E7
0	7040	3864	5	0	2.0608E7
0	7040	3864	5	0	2.0609E7
0	7040	3864	5	0	2.061E7
0	7040	3864	5	0	2.0611E7
0	7040	3864	5	0	2.0612E7
0	7039	3865	5	1	2.0613E7
0	7037	3865	5	3	2.0614E7
0	7033	3866	5	4	2.0615E7
0	7028	3868	5	4	2.0616E7
0	7024	3869	5	4	2.0617E7
0	7018	3870	5	5	2.0618E7
0	7012	3871	5	6	2.0619E7
0	7007	3873	5	3	2.062E7
0	7004	3875	5	5	2.0621E7
0	7000	3880	6	7	2.0622E7
0	7001	3888	7	9	2.0623E7
0	6999	3901	7	11	2.0624E7
0	7002	3913	7	13	2.0625E7
0	7005	3927	7	13	2.0626E7
0	7008	3938	7	10	2.0627E7
0	7010	3947	7	8	2.0628E7
0	7012	3954	7	6	2.0629E7
0	7014	3959	7	3	2.063E7
0	7014	3962	7	2	2.0631E7
0	7015	3963	7	1	2.0632E7
0	7015	3964	7	0	2.0633E7
0	7015	3964	7	0	2.0634E7
0	7015	3964	7	0	2.0635E7
0	7015	3964	7	0	2.0636E7
0	7015	3964	7	0	2.0637E7
0	7015	3964	7	0	2.0638E7
0	7015	3964	7	0	2.0639E7
0	7015	3964	7	0	2.064E7
0	7015	3964	7	0	2.0641E7
0	7015	3964	7	0	2.0642E7
0	7015	3964	7	0	2.0643E7
0	7015	3964	7	0	2.0644E7
0	7015	3964	7	0	2.0645E7
0	7015	3964	7	0	2.0646E7
0	7015	3964	7	0	2.0647E7
0	7015	3965	7	0	2.0648E7
0	7016	3966	7	1	2.0649E7
0	7017	3969	7	3	2.065E7
0	7018	3973	7	4	2.0651E7
0	7019	3976	7	2	2.0652E7
0	7019	3978	7	1	2.0653E7
0	7019	3978	7	0	2.0654E7
0	7020	3979	7	0	2.0655E7
0	7020	3979	7	0	2.0656E7
0	7020	3979	7	0	2.0657E7
0	7020	3979	7	0	2.0658E7
0	7020	3979	7	0	2.0659E7
0	7020	3979	7	0	2.066E7
0	7020	3979	7	0	2.0661E7
0	7020	3979	7	0	2.0662E7
0	7020	3979	7	0	2.0663E7
0	7020	3979	7	0	2.0664E7
0	7020	3979	7	0	2.0665E7
0	7020	3979	7	0	2.0666E7
0	7020	3979	7	0	2.0667E7
0	7020	3979	7	0	2.0668E7
0	7020	3979	7	0	2.0669E7
0	7020	3979	7	0	2.067E7
0	7020	3979	7	0	2.0671E7
0	7020	3979	7	0	2.0672E7
0	7020	3980	7	1	2.0673E7
0	7020	3982	7	2	2.0674E7
0	7022	3985	7	4	2.0675E7
0	7023	3990	7	4	2.0676E7
0	7024	3993	7	2	2.0677E7
0	7024	3994	7	0	2.0678E7
0	7024	3994	7	0	2.0679E7
0	7024	3994	7	0	2.068E7
0	7024	3994	7	0	2.0681E7
0	7024	3994	7	0	2.0682E7
0	7024	3994	7	0	2.0683E7
0	7024	3994	7	0	2.0684E7
0	7024	3994	7	0	2.0685E7
0	7024	3994	7	0	2.0686E7
0	7024	3994	7	0	2.0687E7
0	7024	3994	7	0	2.0688E7
0	7024	3994	7	0	2.0689E7
0	7024	3994	7	0	2.069E7
0	7024	3994	7	0	2.0691E7
0	7024	3994	7	0	2.0692E7
0	7024	3994	7	0	2.0693E7
0	7024	3994	7	0	2.0694E7
0	7024	3994	7	0	2.0695E7
0	7024	3994	7	0	2.0696E7
0	7024	3994	7	0	2.0697E7
0	7025	3995	7	2	2.0698E7
0	7025	3998	7	4	2.0699E7
0	7027	4003	7	6	2.07E7
0	7032	4009	7	8	2.0701E7
0	7035	4018	7	10	2.0702E7
0	7038	4029	7	12	2.0703E7
0	7042	4042	7	14	2.0704E7
0	7047	4057	7	15	2.0705E7
0	7051	4072	7	15	2.0706E7
0	7055	4087	7	13	2.0707E7
0	7058	4098	7	10	2.0708E7
0	7061	4106	7	7	2.0709E7
0	7063	4112	7	4	2.071E7
0	7063	4115	7	2	2.0711E7
0	7064	4117	7	1	2.0712E7
0	7064	4118	7	0	2.0713E7
0	7064	4118	7	0	2.0714E7
0	7064	4118	7	0	2.0715E7
0	7064	4118	7	0	2.0716E7
0	7064	4118	7	0	2.0717E7
0	7064	4118	7	0	2.0718E7
0	7064	4118	7	0	2.0719E7
0	7064	4118	7	0	2.072E7
0	7064	4118	7	0	2.0721E7
0	7064	4119	7	1	2.0722E7
0	7065	4121	7	2	2.0723E7
0	7066	4124	7	4	2.0724E7
0	7068	4130	7	6	2.0725E7
0	7070	4137	7	8	2.0726E7
0	7073	4146	7	10	2.0727E7
0	7076	4158	7	12	2.0728E7
0	7079	4168	7	10	2.0729E7
0	7081	4177	7	7	2.073E7
0	7083	4183	7	6	2.0731E7
0	7085	4188	7	4	2.0732E7
0	7086	4192	7	2	2.0733E7
0	7086	4194	7	1	2.0734E7
0	7087	4195	7	0	2.0735E7
0	7087	4196	7	0	2.0736E7
0	7087	4196	7	0	2.0737E7
0	7087	4196	7	0	2.0738E7
0	7087	4196	7	0	2.0739E7
0	7087	4196	7	0	2.074E7
0	7087	4196	7	0	2.0741E7
0	7087	4196	7	0	2.0742E7
0	7087	4196	7	0	2.0743E7
0	7087	4196	7	0	2.0744E7
0	7087	4196	7	0	2.0745E7
0	7087	4196	7	0	2.0746E7
0	7087	4197	7	1	2.0747E7
0	7088	4199	7	2	2.0748E7
0	7089	4203	7	4	2.0749E7
0	7090	4208	7	6	2.075E7
0	7093	4216	7	8	2.0751E7
0	7097	4224	8	10	2.0752E7
0	7102	4235	8	12	2.0753E7
0	7105	4245	7	8	2.0754E7
0	7107	4251	7	4	2.0755E7
0	7105	4255	7	1	2.0756E7
0	7105	4257	7	2	2.0757E7
0	7106	4259	7	3	2.0758E7
0	7107	4264	7	5	2.0759E7
0	7109	4268	7	3	2.076E7
0	7110	4272	7	5	2.0761E7
0	7108	4277	7	7	2.0762E7
0	7099	4279	5	9	2.0763E7
0	7091	4282	5	7	2.0764E7
0	7084	4284	5	5	2.0765E7
0	7080	4285	5	3	2.0766E7
0	7078	4285	5	1	2.0767E7
0	7077	4285	5	0	2.0768E7
0	7077	4286	5	0	2.0769E7
0	7077	4286	5	0	2.077E7
0	7077	4286	5	0	2.0771E7
0	7077	4286	5	0	2.0772E7
0	7077	4286	5	0	2.0773E7
0	7077	4286	5	0	2.0774E7
0	7077	4286	5	0	2.0775E7
0	7077	4286	5	0	2.0776E7
0	7077	4286	5	0	2.0777E7
0	7077	4286	5	0	2.0778E7
0	7077	4286	5	0	2.0779E7
0	7077	4286	5	0	2.078E7
0	7077	4286	5	0	2.0781E7
0	7077	4286	5	0	2.0782E7
0	7077	4286	5	0	2.0783E7
0	7077	4286	5	0	2.0784E7
0	7077	4286	5	0	2.0785E7
0	7075	4286	5	1	2.0786E7
0	7073	4287	5	3	2.0787E7
0	7069	4288	5	5	2.0788E7
0	7064	4289	5	3	2.0789E7
0	7061	4290	5	1	2.079E7
0	7061	4290	5	0	2.0791E7
0	7061	4290	5	0	2.0792E7
0	7061	4290	5	0	2.0793E7
0	7061	4290	5	0	2.0794E7
0	7061	4290	5	0	2.0795E7
0	7061	4290	5	0	2.0796E7
0	7061	4290	5	0	2.0797E7
0	7061	4290	5	0	2.0798E7
0	7061	4290	5	0	2.0799E7
0	7061	4290	5	0	2.08E7
0	7061	4290	5	0	2.0801E7
0	7061	4290	5	0	2.0802E7
0	7061	4290	5	0	2.0803E7
0	7061	4290	5	0	2.0804E7
0	7061	4290	5	0	2.0805E7
0	7061	4290	5	0	2.0806E7
0	7061	4290	5	0	2.0807E7
0	7061	4290	5	0	2.0808E7
0	7061	4290	5	0	2.0809E7
0	7061	4290	5	0	2.081E7
0	7059	4290	5	2	2.0811E7
0	7056	4291	5	4	2.0812E7
0	7050	4293	5	6	2.0813E7
0	7043	4295	5	8	2.0814E7
0	7034	4297	5	10	2.0815E7
0	7022	4300	5	12	2.0816E7
0	7015	4312	6	14	2.0817E7
0	7014	4327	7	15	2.0818E7
0	7015	4343	7	15	2.0819E7
0	7015	4359	7	15	2.082E7
0	7016	4375	7	15	2.0821E7
0	7016	4390	7	15	2.0822E7
0	7017	4406	7	15	2.0823E7
0	7018	4422	7	15	2.0824E7
0	7018	4437	7	15	2.0825E7
0	7019	4453	7	15	2.0826E7
0	7019	4469	7	14	2.0827E7
0	7020	4481	7	11	2.0828E7
0	7021	4491	7	8	2.0829E7
0	7022	4498	7	5	2.083E7
0	7022	4502	7	3	2.0831E7
0	7022	4504	7	1	2.0832E7
0	7022	4505	7	0	2.0833E7
0	7022	4505	7	0	2.0834E7
0	7022	4506	7	0	2.0835E7
0	7022	4506	7	0	2.0836E7
0	7022	4506	7	0	2.0837E7
0	7022	4506	7	0	2.0838E7
0	7022	4506	7	1	2.0839E7
0	7022	4509	7	3	2.084E7
0	7023	4513	7	4	2.0841E7
0	7023	4517	7	3	2.0842E7
0	7023	4519	7	1	2.0843E7
0	7023	4520	7	0	2.0844E7
0	7023	4520	7	0	2.0845E7
0	7023	4521	7	0	2.0846E7
0	7023	4521	7	0	2.0847E7
0	7023	4521	7	0	2.0848E7
0	7023	4521	7	0	2.0849E7
0	7023	4521	7	0	2.085E7
0	7023	4521	7	0	2.0851E7
0	7023	4521	7	0	2.0852E7
0	7023	4521	7	0	2.0853E7
0	7023	4521	7	0	2.0854E7
0	7023	4521	7	0	2.0855E7
0	7023	4521	7	0	2.0856E7
0	7023	4521	7	0	2.0857E7
0	7023	4521	7	0	2.0858E7
0	7023	4521	7	0	2.0859E7
0	7023	4521	7	0	2.086E7
0	7023	4521	7	0	2.0861E7
0	7023	4521	7	0	2.0862E7
0	7023	4521	7	1	2.0863E7
0	7023	4524	7	3	2.0864E7
0	7023	4529	7	5	2.0865E7
0	7023	4534	7	3	2.0866E7
0	7023	4537	7	0	2.0867E7
0	7023	4537	7	0	2.0868E7
0	7023	4537	7	0	2.0869E7
0	7023	4537	7	0	2.087E7
0	7023	4537	7	0	2.0871E7
0	7023	4537	7	0	2.0872E7
0	7023	4537	7	0	2.0873E7
0	7023	4537	7	0	2.0874E7
0	7023	4537	7	0	2.0875E7
0	7023	4537	7	0	2.0876E7
0	7023	4537	7	0	2.0877E7
0	7023	4537	7	0	2.0878E7
0	7023	4537	7	0	2.0879E7
0	7023	4537	7	0	2.088E7
0	7023	4537	7	0	2.0881E7
0	7023	4537	7	0	2.0882E7
0	7023	4537	7	0	2.0883E7
0	7023	4537	7	0	2.0884E7
0	7023	4537	7	0	2.0885E7
0	7023	4537	7	0	2.0886E7
0	7023	4537	7	0	2.0887E7
0	7027	4540	7	3	2.0888E7
0	7027	4544	7	4	2.0889E7
0	7027	4550	7	6	2.089E7
0	7025	4558	7	8	2.0891E7
0	7017	4565	6	10	2.0892E7
0	7006	4569	6	12	2.0893E7
0	6996	4571	5	8	2.0894E7
0	6989	4572	5	5	2.0895E7
0	6984	4573	5	3	2.0896E7
0	6982	4573	5	1	2.0897E7
0	6980	4573	5	0	2.0898E7
0	6980	4573	5	0	2.0899E7
0	6980	4573	5	0	2.09E7
0	6980	4573	5	0	2.0901E7
0	6980	4573	5	0	2.0902E7
0	6980	4573	5	0	2.0903E7
0	6980	4573	5	0	2.0904E7
0	6980	4573	5	0	2.0905E7
0	6980	4573	5	0	2.0906E7
0	6980	4573	5	0	2.0907E7
0	6980	4573	5	0	2.0908E7
0	6980	4573	5	0	2.0909E7
0	6980	4573	5	0	2.091E7
0	6980	4573	5	0	2.0911E7
0	6980	4573	5	0	2.0912E7
0	6980	4573	5	0	2.0913E7
0	6980	4573	5	0	2.0914E7
0	6980	4573	5	0	2.0915E7
0	6980	4573	5	0	2.0916E7
0	6980	4573	5	0	2.0917E7
0	6980	4573	5	0	2.0918E7
0	6980	4573	5	0	2.0919E7
0	6980	4573	5	0	2.092E7
0	6980	4573	5	0	2.0921E7
0	6980	4573	5	0	2.0922E7
0	6980	4573	5	0	2.0923E7
0	6980	4573	5	0	2.0924E7
0	6980	4573	5	0	2.0925E7
0	6980	4573	5	0	2.0926E7
0	6978	4574	5	2	2.0927E7
0	6975	4574	5	4	2.0928E7
0	6969	4574	5	5	2.0929E7
0	6963	4573	5	7	2.093E7
0	6953	4571	5	9	2.0931E7
0	6942	4572	5	11	2.0932E7
0	6930	4574	5	13	2.0933E7
0	6916	4576	5	12	2.0934E7
0	6905	4578	5	9	2.0935E7
0	6898	4579	5	6	2.0936E7
0	6893	4580	5	3	2.0937E7
0	6890	4580	5	1	2.0938E7
0	6890	4580	5	0	2.0939E7
0	6890	4580	5	0	2.094E7
0	6890	4580	5	0	2.0941E7
0	6890	4580	5	0	2.0942E7
0	6890	4580	5	0	2.0943E7
0	6890	4580	5	0	2.0944E7
0	6890	4580	5	0	2.0945E7
0	6890	4580	5	0	2.0946E7
0	6890	4580	5	0	2.0947E7
0	6890	4580	5	0	2.0948E7
0	6890	4580	5	0	2.0949E7
0	6890	4580	5	0	2.095E7
0	6890	4580	5	0	2.0951E7
0	6890	4580	5	0	2.0952E7
0	6890	4580	5	0	2.0953E7
0	6890	4580	5	0	2.0954E7
0	6890	4580	5	0	2.0955E7
0	6890	4580	5	0	2.0956E7
0	6890	4580	5	0	2.0957E7
0	6890	4580	5	0	2.0958E7
0	6888	4581	5	2	2.0959E7
0	6885	4581	5	4	2.096E7
0	6879	4582	5	6	2.0961E7
0	6872	4583	5	7	2.0962E7
0	6865	4584	5	6	2.0963E7
0	6858	4585	5	6	2.0964E7
0	6851	4586	5	7	2.0965E7
0	6842	4588	5	9	2.0966E7
0	6832	4589	5	10	2.0967E7
0	6820	4591	5	12	2.0968E7
0	6807	4594	5	14	2.0969E7
0	6793	4596	5	14	2.097E7
0	6779	4599	5	14	2.0971E7
0	6764	4602	5	14	2.0972E7
0	6750	4604	5	14	2.0973E7
0	6735	4607	5	14	2.0974E7
0	6721	4609	5	14	2.0975E7
0	6706	4612	5	14	2.0976E7
0	6692	4615	5	14	2.0977E7
0	6677	4617	5	14	2.0978E7
0	6663	4620	5	13	2.0979E7
0	6651	4622	5	10	2.098E7
0	6641	4624	5	8	2.0981E7
0	6634	4625	5	6	2.0982E7
0	6628	4626	5	4	2.0983E7
0	6625	4627	5	2	2.0984E7
0	6624	4627	5	1	2.0985E7
0	6623	4627	5	0	2.0986E7
0	6623	4627	5	0	2.0987E7
0	6623	4627	5	0	2.0988E7
0	6623	4627	5	0	2.0989E7
0	6623	4627	5	0	2.099E7
0	6623	4627	5	0	2.0991E7
0	6623	4627	5	0	2.0992E7
0	6623	4627	5	0	2.0993E7
0	6623	4627	5	0	2.0994E7
0	6623	4627	5	0	2.0995E7
0	6623	4627	5	0	2.0996E7
0	6623	4627	5	0	2.0997E7
0	6623	4627	5	0	2.0998E7
0	6623	4627	5	0	2.0999E7
0	6623	4627	5	0	2.1E7
0	6623	4627	5	0	2.1001E7
0	6623	4627	5	0	2.1002E7
0	6623	4627	5	0	2.1003E7
0	6621	4628	5	2	2.1004E7
0	6618	4628	5	4	2.1005E7
0	6613	4629	5	5	2.1006E7
0	6609	4630	5	3	2.1007E7
0	6607	4630	5	0	2.1008E7
0	6607	4630	5	0	2.1009E7
0	6607	4630	5	0	2.101E7
0	6607	4630	5	0	2.1011E7
0	6607	4630	5	0	2.1012E7
0	6607	4630	5	0	2.1013E7
0	6607	4630	5	0	2.1014E7
0	6607	4630	5	0	2.1015E7
0	6607	4630	5	0	2.1016E7
0	6607	4630	5	0	2.1017E7
0	6607	4630	5	0	2.1018E7
0	6607	4630	5	0	2.1019E7
0	6607	4630	5	0	2.102E7
0	6607	4630	5	0	2.1021E7
0	6607	4630	5	0	2.1022E7
0	6607	4630	5	0	2.1023E7
0	6607	4630	5	0	2.1024E7
0	6607	4630	5	0	2.1025E7
0	6607	4630	5	0	2.1026E7
0	6607	4630	5	0	2.1027E7
0	6607	4630	5	1	2.1028E7
0	6604	4631	5	3	2.1029E7
0	6600	4631	5	5	2.103E7
0	6594	4633	5	7	2.1031E7
0	6586	4634	5	9	2.1032E7
0	6578	4636	5	7	2.1033E7
0	6572	4637	5	4	2.1034E7
0	6569	4637	5	2	2.1035E7
0	6567	4637	5	1	2.1036E7
0	6566	4638	5	0	2.1037E7
0	6566	4638	5	0	2.1038E7
0	6566	4638	5	0	2.1039E7
0	6566	4638	5	0	2.104E7
0	6566	4638	5	0	2.1041E7
0	6564	4638	5	2	2.1042E7
0	6561	4639	5	4	2.1043E7
0	6555	4640	5	6	2.1044E7
0	6548	4642	5	8	2.1045E7
0	6539	4644	5	10	2.1046E7
0	6528	4647	5	12	2.1047E7
0	6515	4650	5	13	2.1048E7
0	6504	4653	5	9	2.1049E7
0	6497	4655	5	6	2.105E7
0	6491	4656	5	4	2.1051E7
0	6488	4657	5	2	2.1052E7
0	6487	4657	5	1	2.1053E7
0	6486	4658	5	0	2.1054E7
0	6486	4658	5	0	2.1055E7
0	6486	4658	5	0	2.1056E7
0	6486	4658	5	0	2.1057E7
0	6486	4658	5	0	2.1058E7
0	6486	4658	5	0	2.1059E7
0	6486	4658	5	0	2.106E7
0	6486	4658	5	0	2.1061E7
0	6484	4658	5	2	2.1062E7
0	6481	4656	5	4	2.1063E7
0	6473	4654	5	6	2.1064E7
0	6470	4647	4	8	2.1065E7
0	6467	4638	3	10	2.1066E7
0	6463	4627	3	12	2.1067E7
0	6459	4616	3	10	2.1068E7
0	6456	4608	3	7	2.1069E7
0	6454	4603	3	4	2.107E7
0	6452	4599	4	4	2.1071E7
0	6447	4596	4	6	2.1072E7
0	6439	4596	5	8	2.1073E7
0	6429	4597	5	11	2.1074E7
0	6417	4598	5	13	2.1075E7
0	6402	4600	5	15	2.1076E7
0	6387	4602	5	15	2.1077E7
0	6371	4604	5	15	2.1078E7
0	6355	4602	5	15	2.1079E7
0	6340	4601	5	15	2.108E7
0	6324	4599	5	15	2.1081E7
0	6308	4598	5	15	2.1082E7
0	6293	4596	5	15	2.1083E7
0	6277	4595	5	15	2.1084E7
0	6261	4593	5	15	2.1085E7
0	6246	4592	5	15	2.1086E7
0	6230	4587	5	15	2.1087E7
0	6215	4585	5	15	2.1088E7
0	6199	4584	5	15	2.1089E7
0	6183	4582	5	15	2.109E7
0	6168	4581	5	15	2.1091E7
0	6152	4579	5	15	2.1092E7
0	6136	4578	5	15	2.1093E7
0	6121	4576	5	15	2.1094E7
0	6105	4575	5	15	2.1095E7
0	6089	4573	5	15	2.1096E7
0	6074	4572	5	15	2.1097E7
0	6058	4570	5	15	2.1098E7
0	6044	4569	5	12	2.1099E7
0	6034	4568	5	8	2.11E7
0	6027	4568	5	5	2.1101E7
0	6022	4567	5	3	2.1102E7
0	6020	4567	5	0	2.1103E7
0	6020	4567	5	0	2.1104E7
0	6020	4567	5	0	2.1105E7
0	6020	4567	5	0	2.1106E7
0	6020	4567	5	0	2.1107E7
0	6020	4567	5	0	2.1108E7
0	6020	4567	5	0	2.1109E7
0	6020	4567	5	0	2.111E7
0	6020	4567	5	0	2.1111E7
0	6020	4567	5	0	2.1112E7
0	6020	4567	5	0	2.1113E7
0	6020	4567	5	0	2.1114E7
0	6020	4567	5	0	2.1115E7
0	6020	4567	5	0	2.1116E7
0	6020	4567	5	0	2.1117E7
0	6020	4567	5	0	2.1118E7
0	6020	4567	5	0	2.1119E7
0	6020	4567	5	0	2.112E7
0	6020	4567	5	0	2.1121E7
0	6020	4567	5	0	2.1122E7
0	6020	4567	5	0	2.1123E7
0	6018	4567	5	3	2.1124E7
0	6014	4566	5	5	2.1125E7
0	6008	4566	5	6	2.1126E7
0	6000	4565	5	9	2.1127E7
0	5989	4564	5	11	2.1128E7
0	5977	4563	5	12	2.1129E7
0	5963	4561	5	14	2.113E7
0	5948	4560	5	15	2.1131E7
0	5932	4558	5	15	2.1132E7
0	5916	4556	5	15	2.1133E7
0	5901	4555	5	15	2.1134E7
0	5885	4553	5	15	2.1135E7
0	5869	4552	5	15	2.1136E7
0	5854	4550	5	15	2.1137E7
0	5838	4548	5	15	2.1138E7
0	5822	4547	5	15	2.1139E7
0	5807	4545	5	15	2.114E7
0	5791	4544	5	15	2.1141E7
0	5775	4542	5	15	2.1142E7
0	5760	4541	5	15	2.1143E7
0	5744	4540	5	15	2.1144E7
0	5728	4539	5	15	2.1145E7
0	5712	4539	5	15	2.1146E7
0	5697	4539	5	15	2.1147E7
0	5681	4539	5	15	2.1148E7
0	5665	4541	5	15	2.1149E7
0	5649	4543	5	15	2.115E7
0	5634	4547	5	15	2.1151E7
0	5620	4550	5	12	2.1152E7
0	5610	4553	5	9	2.1153E7
0	5602	4555	5	6	2.1154E7
0	5597	4557	5	4	2.1155E7
0	5595	4558	5	1	2.1156E7
0	5594	4558	5	0	2.1157E7
0	5594	4558	5	0	2.1158E7
0	5594	4558	5	0	2.1159E7
0	5594	4558	5	0	2.116E7
0	5594	4558	5	0	2.1161E7
0	5594	4558	5	0	2.1162E7
0	5594	4558	5	0	2.1163E7
0	5594	4558	5	0	2.1164E7
0	5594	4558	5	0	2.1165E7
0	5594	4558	5	0	2.1166E7
0	5594	4558	5	0	2.1167E7
0	5594	4558	5	0	2.1168E7
0	5594	4558	5	0	2.1169E7
0	5594	4558	5	0	2.117E7
0	5594	4558	5	0	2.1171E7
0	5594	4558	5	0	2.1172E7
0	5594	4558	5	0	2.1173E7
0	5594	4558	5	0	2.1174E7
0	5594	4558	5	0	2.1175E7
0	5594	4558	5	0	2.1176E7
0	5594	4562	5	2	2.1177E7
0	5590	4563	5	4	2.1178E7
0	5585	4565	5	6	2.1179E7
0	5578	4568	5	8	2.118E7
0	5569	4571	6	10	2.1181E7
0	5559	4576	6	12	2.1182E7
0	5548	4583	6	13	2.1183E7
0	5537	4589	6	10	2.1184E7
0	5530	4594	6	7	2.1185E7
0	5525	4597	6	4	2.1186E7
0	5522	4599	6	4	2.1187E7
0	5519	4604	6	6	2.1188E7
0	5522	4611	7	8	2.1189E7
0	5525	4620	7	10	2.119E7
0	5532	4629	8	12	2.1191E7
0	5541	4639	8	14	2.1192E7
0	5550	4651	8	15	2.1193E7
0	5560	4663	8	15	2.1194E7
0	5570	4676	8	15	2.1195E7
0	5580	4688	8	15	2.1196E7
0	5588	4698	8	11	2.1197E7
0	5594	4706	8	8	2.1198E7
0	5599	4711	8	5	2.1199E7
0	5601	4715	8	3	2.12E7
0	5602	4716	8	0	2.1201E7
0	5602	4716	8	0	2.1202E7
0	5602	4716	8	0	2.1203E7
0	5602	4716	8	0	2.1204E7
0	5602	4716	8	0	2.1205E7
0	5602	4716	8	0	2.1206E7
0	5602	4716	8	0	2.1207E7
0	5602	4716	8	0	2.1208E7
0	5602	4716	8	0	2.1209E7
0	5602	4716	8	0	2.121E7
0	5602	4716	8	0	2.1211E7
0	5602	4716	8	0	2.1212E7
0	5602	4716	8	0	2.1213E7
0	5602	4716	8	0	2.1214E7
0	5602	4716	8	0	2.1215E7
0	5602	4716	8	0	2.1216E7
0	5602	4716	8	0	2.1217E7
0	5602	4716	8	0	2.1218E7
0	5602	4716	8	0	2.1219E7
0	5602	4716	8	0	2.122E7
0	5603	4716	8	1	2.1221E7
0	5604	4718	8	3	2.1222E7
0	5607	4721	8	5	2.1223E7
0	5611	4726	8	7	2.1224E7
0	5619	4730	8	9	2.1225E7
0	5626	4738	8	11	2.1226E7
0	5634	4747	8	13	2.1227E7
0	5644	4758	8	15	2.1228E7
0	5654	4770	8	15	2.1229E7
0	5664	4782	8	15	2.123E7
0	5674	4795	8	15	2.1231E7
0	5683	4807	8	15	2.1232E7
0	5693	4820	8	15	2.1233E7
0	5701	4833	8	15	2.1234E7
0	5709	4847	8	15	2.1235E7
0	5716	4860	8	14	2.1236E7
0	5722	4871	8	10	2.1237E7
0	5726	4879	8	7	2.1238E7
0	5729	4885	8	4	2.1239E7
0	5730	4888	8	2	2.124E7
0	5731	4890	8	1	2.1241E7
0	5731	4890	8	0	2.1242E7
0	5732	4891	8	0	2.1243E7
0	5732	4891	8	0	2.1244E7
0	5732	4891	8	0	2.1245E7
0	5732	4891	8	0	2.1246E7
0	5732	4891	8	0	2.1247E7
0	5732	4891	8	0	2.1248E7
0	5732	4891	8	0	2.1249E7
0	5732	4891	8	0	2.125E7
0	5732	4891	8	0	2.1251E7
0	5732	4891	8	0	2.1252E7
0	5732	4891	8	0	2.1253E7
0	5732	4891	8	0	2.1254E7
0	5732	4891	8	0	2.1255E7
0	5732	4891	8	0	2.1256E7
0	5732	4891	8	0	2.1257E7
0	5732	4891	8	0	2.1258E7
0	5732	4891	8	0	2.1259E7
0	5732	4891	8	0	2.126E7
0	5732	4891	8	0	2.1261E7
0	5732	4891	8	0	2.1262E7
0	5732	4891	8	0	2.1263E7
0	5732	4891	8	0	2.1264E7
0	5732	4891	8	0	2.1265E7
0	5732	4891	8	0	2.1266E7
0	5732	4891	8	0	2.1267E7
0	5732	4891	8	0	2.1268E7
0	5732	4891	8	0	2.1269E7
0	5732	4891	8	0	2.127E7
0	5732	4891	8	0	2.1271E7
0	5732	4891	8	0	2.1272E7
0	5732	4891	8	0	2.1273E7
0	5732	4891	8	0	2.1274E7
0	5732	4891	8	0	2.1275E7
0	5732	4891	8	0	2.1276E7
0	5732	4891	8	0	2.1277E7
0	5732	4891	8	0	2.1278E7
0	5732	4891	8	0	2.1279E7
0	5732	4891	8	0	2.128E7
0	5732	4891	8	0	2.1281E7
0	5732	4891	8	0	2.1282E7
0	5732	4891	8	0	2.1283E7
0	5732	4891	8	0	2.1284E7
0	5732	4891	8	0	2.1285E7
0	5732	4891	8	0	2.1286E7
0	5732	4892	8	2	2.1287E7
0	5734	4896	8	4	2.1288E7
0	5736	4901	8	6	2.1289E7
0	5739	4907	8	8	2.129E7
0	5743	4916	8	10	2.1291E7
0	5748	4926	8	12	2.1292E7
0	5754	4937	8	14	2.1293E7
0	5758	4952	8	15	2.1294E7
0	5765	4966	8	15	2.1295E7
0	5772	4980	8	15	2.1296E7
0	5780	4994	8	15	2.1297E7
0	5787	5008	8	15	2.1298E7
0	5794	5022	8	15	2.1299E7
0	5801	5037	8	15	2.13E7
0	5808	5051	8	15	2.1301E7
0	5815	5065	8	15	2.1302E7
0	5822	5079	8	15	2.1303E7
0	5829	5093	8	15	2.1304E7
0	5834	5106	8	12	2.1305E7
0	5839	5115	8	9	2.1306E7
0	5842	5122	8	6	2.1307E7
0	5844	5126	8	3	2.1308E7
0	5845	5129	8	0	2.1309E7
0	5845	5129	8	0	2.131E7
0	5845	5129	8	0	2.1311E7
0	5845	5129	8	0	2.1312E7
0	5845	5129	8	0	2.1313E7
0	5845	5129	8	0	2.1314E7
0	5845	5129	8	0	2.1315E7
0	5845	5129	8	0	2.1316E7
0	5845	5129	8	0	2.1317E7
0	5845	5129	8	0	2.1318E7
0	5845	5129	8	0	2.1319E7
0	5845	5129	8	0	2.132E7
0	5845	5129	8	0	2.1321E7
0	5845	5129	8	0	2.1322E7
0	5845	5129	8	0	2.1323E7
0	5845	5129	8	0	2.1324E7
0	5845	5129	8	0	2.1325E7
0	5845	5129	8	0	2.1326E7
0	5845	5129	8	0	2.1327E7
0	5845	5129	8	0	2.1328E7
0	5845	5129	8	0	2.1329E7
0	5846	5130	8	2	2.133E7
0	5848	5134	8	4	2.1331E7
0	5851	5139	8	6	2.1332E7
0	5854	5146	8	8	2.1333E7
0	5858	5155	8	10	2.1334E7
0	5861	5164	7	12	2.1335E7
0	5849	5170	6	13	2.1336E7
0	5835	5177	6	15	2.1337E7
0	5821	5184	6	15	2.1338E7
0	5807	5191	6	15	2.1339E7
0	5793	5198	6	15	2.134E7
0	5779	5205	6	15	2.1341E7
0	5765	5212	6	15	2.1342E7
0	5751	5219	6	15	2.1343E7
0	5737	5226	6	15	2.1344E7
0	5723	5233	6	15	2.1345E7
0	5709	5240	6	15	2.1346E7
0	5694	5247	6	15	2.1347E7
0	5680	5254	6	15	2.1348E7
0	5666	5261	6	15	2.1349E7
0	5654	5267	6	11	2.135E7
0	5645	5272	6	8	2.1351E7
0	5639	5275	6	5	2.1352E7
0	5635	5277	6	3	2.1353E7
0	5631	5279	6	5	2.1354E7
0	5625	5282	6	7	2.1355E7
0	5617	5286	6	9	2.1356E7
0	5607	5290	6	11	2.1357E7
0	5596	5295	6	13	2.1358E7
0	5583	5302	6	15	2.1359E7
0	5569	5308	6	15	2.136E7
0	5554	5315	6	15	2.1361E7
0	5540	5321	6	15	2.1362E7
0	5527	5327	6	12	2.1363E7
0	5517	5332	6	9	2.1364E7
0	5510	5335	6	6	2.1365E7
0	5506	5337	6	3	2.1366E7
0	5502	5339	6	5	2.1367E7
0	5497	5342	6	7	2.1368E7
0	5497	5350	7	9	2.1369E7
0	5500	5360	7	11	2.137E7
0	5503	5372	7	12	2.1371E7
0	5504	5386	7	14	2.1372E7
0	5502	5401	7	15	2.1373E7
0	5494	5415	6	15	2.1374E7
0	5482	5425	6	15	2.1375E7
0	5471	5433	6	12	2.1376E7
0	5462	5438	6	8	2.1377E7
0	5456	5442	6	5	2.1378E7
0	5453	5445	6	3	2.1379E7
0	5451	5446	6	0	2.138E7
0	5451	5446	6	0	2.1381E7
0	5451	5446	6	0	2.1382E7
0	5451	5446	6	0	2.1383E7
0	5451	5446	6	0	2.1384E7
0	5451	5446	6	0	2.1385E7
0	5451	5446	6	0	2.1386E7
0	5451	5446	6	0	2.1387E7
0	5451	5446	6	0	2.1388E7
0	5451	5446	6	0	2.1389E7
0	5451	5446	6	0	2.139E7
0	5451	5446	6	0	2.1391E7
0	5451	5446	6	0	2.1392E7
0	5451	5446	6	0	2.1393E7
0	5451	5446	6	0	2.1394E7
0	5451	5446	6	0	2.1395E7
0	5451	5446	6	0	2.1396E7
0	5451	5446	6	0	2.1397E7
0	5451	5446	6	0	2.1398E7
0	5451	5446	6	0	2.1399E7
0	5451	5446	6	1	2.14E7
0	5449	5447	6	3	2.1401E7
0	5445	5450	6	4	2.1402E7
0	5440	5453	6	6	2.1403E7
0	5433	5456	6	8	2.1404E7
0	5425	5461	6	10	2.1405E7
0	5415	5467	6	12	2.1406E7
0	5404	5474	6	14	2.1407E7
0	5391	5482	6	15	2.1408E7
0	5377	5491	6	15	2.1409E7
0	5364	5499	6	15	2.141E7
0	5351	5508	6	15	2.1411E7
0	5338	5517	6	15	2.1412E7
0	5325	5525	6	15	2.1413E7
0	5312	5535	6	15	2.1414E7
0	5305	5549	6	15	2.1415E7
