9281000.96707684
9281000.96707797
9281006.0
9281016.0
9281026.0
9281036.0
9281046.0
9281056.0
9281066.0
9281076.0
9281086.0
9281096.0
9281106.0
9281116.0
9281126.0
9281136.0
9281146.0
9281156.0
9281166.0
9281176.0
9281186.0
9281196.0
9281206.0
9281216.0
9281226.0
9281236.0
9281246.0
9281256.0
9281266.0
9281276.0
9281286.0
9281296.0
9281306.0
9281316.0
9281326.0
9281336.0
9281346.0
9281356.0
9281366.0
9281376.0
9281386.0
9281396.0
9281406.0
9281416.0
9281426.0
9281436.0
9281446.0
9281456.0
9281466.0
9281476.0
9281486.0
9281496.0
9281506.0
9281516.0
9281526.0
9281536.0
9281546.0
9281556.0
9281566.0
9281576.0
9281586.0
9281596.0
9281606.0
9281616.0
9281626.0
9281636.0
9281646.0
9281656.0
9281666.0
9281676.0
9281686.0
9281696.0
9281706.0
9281716.0
9281726.0
9281736.0
9281746.0
9281756.0
9281766.0
9281776.0
9281786.0
9281796.0
9281806.0
9281816.0
9281826.0
9281836.0
9281846.0
9281856.0
9281866.0
9281876.0
9281886.0
9281896.0
9281906.0
9281916.0
9281926.0
9409003.730329761
9409003.730330892
9409006.0
9409016.0
9409026.0
9409036.0
9409046.0
9409056.0
9409066.0
9409076.0
9409086.0
9409096.0
9409106.0
9409116.0
9409126.0
9409136.0
9409146.0
9409156.0
9409166.0
9409176.0
9409186.0
9409196.0
9409206.0
9409216.0
9409226.0
9409236.0
9409246.0
9409256.0
9409266.0
9409276.0
9409286.0
9409296.0
9409306.0
9409316.0
9409326.0
9409336.0
9409346.0
9409356.0
9409366.0
9409376.0
9409386.0
9409396.0
9409406.0
9409416.0
9409426.0
9409436.0
9409446.0
9409456.0
9409466.0
9409476.0
9409486.0
9409496.0
9409506.0
9409516.0
9409526.0
9409536.0
9409546.0
9409556.0
9409566.0
9409576.0
9409586.0
9409596.0
9409606.0
9409616.0
9409626.0
9409636.0
9409646.0
9409656.0
9409665.630329762
9409665.630330892
9409666.0
9409676.0
9409686.0
9409696.0
9409706.0
9409716.0
9409726.0
9409736.0
9409746.0
9409756.0
9409766.0
9409776.0
9409786.0
9409796.0
9409806.0
9409816.0
9409826.0
9409836.0
9409846.0
9409856.0
9409866.0
9409876.0
9409886.0
9409896.0
9409906.0
9409916.0
9409926.0
9409936.0
9409946.0
9409956.0
9409966.0
9409976.0
9409986.0
9409996.0
9410006.0
9410016.0
9410026.0
9410036.0
9410046.0
9410056.0
9410066.0
9410076.0
9410086.0
9410096.0
9410106.0
9410116.0
9525006.0
9525008.777100058
9525008.777101189
9525016.0
9525018.777100058
9525018.777101189
9525026.0
9525036.0
9525038.777100058
9525038.777101189
9525046.0
9525056.0
9525066.0
9525076.0
9525086.0
9525096.0
9525106.0
9525116.0
9525126.0
9525136.0
9525146.0
9525156.0
9525166.0
9525176.0
9525186.0
9525196.0
9525206.0
9525216.0
9525226.0
9525236.0
9525246.0
9525256.0
9525266.0
9525276.0
9525286.0
9525296.0
9525306.0
9525316.0
9525326.0
9525336.0
9525346.0
9525356.0
9525366.0
9525376.0
9525386.0
9525396.0
9525406.0
9525416.0
9525426.0
9525436.0
9525446.0
9525456.0
9525466.0
9525476.0
9525486.0
9525496.0
9525506.0
9525516.0
9525526.0
9525536.0
9525546.0
9525556.0
9525566.0
9525576.0
9525586.0
9525596.0
9525606.0
9525616.0
9525626.0
9525636.0
9525646.0
9525656.0
9525666.0
9525676.0
9525686.0
9525696.0
9525706.0
9525716.0
9525726.0
9525736.0
9525746.0
9525756.0
9525766.0
9525776.0
9525786.0
9525796.0
9525806.0
9525816.0
9525826.0
9525836.0
9525846.0
9525856.0
9525866.0
9525876.0
9525886.0
9525896.0
9525906.0
9525916.0
9525926.0
9525936.0
9525946.0
9525956.0
9525966.0
9525976.0
9525986.0
9525996.0
9526006.0
9526016.0
9526026.0
9526036.0
9526046.0
9526056.0
9526066.0
9526076.0
9526086.0
9526096.0
9526106.0
9526116.0
9526126.0
9526136.0
9526146.0
9526156.0
9526166.0
9746006.0
9746009.86110255
9746016.0
9746026.0
9746036.0
9746046.0
9746056.0
9746066.0
9746076.0
9746086.0
9746096.0
9746106.0
9746116.0
9746126.0
9746136.0
9746146.0
9746156.0
9746166.0
9746176.0
9746186.0
9746196.0
9746206.0
9746216.0
9746226.0
9746236.0
9746246.0
9746256.0
9746266.0
9746276.0
9746286.0
9746296.0
9746306.0
9746316.0
9746326.0
9746336.0
9746346.0
9746356.0
9746366.0
9746376.0
9746386.0
9746396.0
9746406.0
9746416.0
9746426.0
9746436.0
9746446.0
9746456.0
9746466.0
9746476.0
9746486.0
9746496.0
9746506.0
9746516.0
9746526.0
9746536.0
9746546.0
9746556.0
9746566.0
9746576.0
9746586.0
9746596.0
9746606.0
9746616.0
9746626.0
9746636.0
9746646.0
9746656.0
9746666.0
9746676.0
9746686.0
9746696.0
9746706.0
9746716.0
9746726.0
9746736.0
9746746.0
9746756.0
9746766.0
9746776.0
9746786.0
9746796.0
9746806.0
9746816.0
9746826.0
9746836.0
9746846.0
9746856.0
9746866.0
9746876.0
9746886.0
9746896.0
9746906.0
9746916.0
9746926.0
9746936.0
9746946.0
9746956.0
9746966.0
9746976.0
9746986.0
9746996.0
9747006.0
9747016.0
9747026.0
9747036.0
9747046.0
9747056.0
9747066.0
9747076.0
9747086.0
9747088.808397403
9747096.0
9747106.0
9747116.0
9845006.0
9845008.43733832
9845016.0
9845026.0
9845036.0
9845046.0
9845056.0
9845066.0
9845076.0
9845086.0
9845096.0
9845106.0
9845116.0
9845126.0
9845136.0
9845146.0
9845156.0
9845166.0
9845176.0
9845186.0
9845196.0
9845206.0
9845216.0
9845226.0
9845236.0
9845246.0
9845256.0
9845266.0
9845276.0
9845286.0
9845296.0
9845306.0
9845316.0
9845326.0
9845336.0
9845346.0
9845356.0
9845366.0
9845376.0
9845386.0
9845396.0
9845406.0
9845416.0
9845426.0
9845436.0
9845446.0
9845456.0
9845466.0
9845476.0
9845486.0
9845496.0
9845506.0
9845516.0
9845526.0
9845536.0
9845546.0
9845556.0
9845566.0
9845576.0
9845586.0
9845596.0
9845606.0
9845616.0
9845626.0
9845636.0
9845646.0
9845656.0
9845666.0
9845676.0
9845686.0
9845696.0
9845706.0
9845716.0
9845726.0
9845736.0
9845746.0
9845756.0
9845766.0
9845776.0
9845786.0
9845796.0
9845806.0
9845816.0
9845826.0
9845836.0
9845846.0
9912006.0
9912009.51498553
9912016.0
9912026.0
9912036.0
9912046.0
9912056.0
9912066.0
9912076.0
9912086.0
9912096.0
9912106.0
9912116.0
9912126.0
9912136.0
9912146.0
9912156.0
9912166.0
9912176.0
9912186.0
9912196.0
9912206.0
9912216.0
9912226.0
9912236.0
9912246.0
9912256.0
9912266.0
9912276.0
9912286.0
9912296.0
9912306.0
9912316.0
9912326.0
9912336.0
9912346.0
9912356.0
9912366.0
9912376.0
9912386.0
9912396.0
9912406.0
9912416.0
9912426.0
9912436.0
9912446.0
9912456.0
9912466.0
9912476.0
9912486.0
9912496.0
9912506.0
9912516.0
9912526.0
9912536.0
9912546.0
9912556.0
9912566.0
9912576.0
9912586.0
9912596.0
9912606.0
9912616.0
9912626.0
9912636.0
9912646.0
9912656.0
9912666.0
9912676.0
9912686.0
9912696.0
9912706.0
9912716.0
9912726.0
9912736.0
9912746.0
9912756.0
9912766.0
9912776.0
9912786.0
9912796.0
9912806.0
9912816.0
9912826.0
9912836.0
9912846.0
9912856.0
9912866.0
9912876.0
9912886.0
9912896.0
9912906.0
9912916.0
9912926.0
9912936.0
9912940.635338893
9912946.0
9912956.0
9912966.0
9912976.0
9912986.0
9912996.0
9913006.0
9913016.0
9938006.0
9938008.612519233
9938016.0
9938026.0
9938036.0
9938046.0
9938056.0
9938066.0
9938076.0
9938086.0
9938096.0
9938106.0
9938116.0
9938126.0
9938136.0
9938146.0
9938156.0
9938166.0
9938176.0
9938186.0
9938196.0
9938206.0
9938216.0
9938226.0
9938236.0
9938246.0
9938256.0
9938266.0
9938276.0
9938286.0
9938296.0
9938306.0
9938316.0
9938326.0
9938336.0
9938346.0
9938356.0
9938366.0
9938376.0
9938386.0
9938396.0
9938406.0
9938416.0
9938426.0
9938436.0
9938446.0
9938456.0
9938466.0
9938476.0
9938486.0
9938496.0
9938506.0
9938516.0
9938526.0
9938536.0
9938546.0
9938556.0
9938566.0
9938576.0
9938586.0
9938596.0
9938606.0
9938616.0
9938626.0
9938636.0
9938646.0
9938656.0
9938666.0
9938676.0
9938686.0
9938696.0
9938706.0
9938716.0
9938726.0
9938736.0
9938746.0
9938756.0
9938766.0
1.0225003190721009E7
1.0225006E7
1.0225016E7
1.0225026E7
1.0225036E7
1.0225046E7
1.0225056E7
1.0225066E7
1.0225076E7
1.0225086E7
1.0225096E7
1.0225106E7
1.0225116E7
1.0225126E7
1.0225136E7
1.0225146E7
1.0225156E7
1.0225166E7
1.0225176E7
1.0225186E7
1.0225196E7
1.0225206E7
1.0225216E7
1.0225226E7
1.0225236E7
1.0225246E7
1.0225256E7
1.0225266E7
1.0225276E7
1.0225286E7
1.0225296E7
1.0225306E7
1.0225316E7
1.0225326E7
1.0225336E7
1.0225346E7
1.0225356E7
1.0225366E7
1.0225376E7
1.0225386E7
1.0225396E7
1.0225406E7
1.0225416E7
1.0225426E7
1.0225436E7
1.0225446E7
1.0225456E7
1.0225466E7
1.0225476E7
1.0225486E7
1.0225496E7
1.0225506E7
1.0225516E7
1.0225526E7
1.0225536E7
1.0225546E7
1.0225556E7
1.0225566E7
1.0225576E7
1.0225586E7
1.0225596E7
1.0225606E7
1.0225616E7
1.0225626E7
1.0225636E7
1.0225646E7
1.0225656E7
1.0225666E7
1.0225676E7
1.0225686E7
1.0225696E7
1.0225706E7
1.0225716E7
1.0225726E7
1.0225736E7
1.0225746E7
1.0225756E7
1.0225766E7
1.0225776E7
1.0225786E7
1.0225796E7
1.0710003159824098E7
1.0710006E7
1.0710016E7
1.0710026E7
1.0710036E7
1.0710046E7
1.0710056E7
1.0710066E7
1.0710076E7
1.0710086E7
1.0710096E7
1.0710106E7
1.0710116E7
1.0710126E7
1.0710136E7
1.0710146E7
1.0710156E7
1.0710166E7
1.0710176E7
1.0710186E7
1.0710196E7
1.0710206E7
1.0710216E7
1.0710226E7
1.0710236E7
1.0710246E7
1.0710256E7
1.0710266E7
1.0710276E7
1.0710286E7
1.0710296E7
1.0710306E7
1.0710316E7
1.0710326E7
1.0710336E7
1.0710346E7
1.0710356E7
1.0710366E7
1.0710376E7
1.0710386E7
1.0710396E7
1.0710406E7
1.0710416E7
1.0710426E7
1.0710436E7
1.0710446E7
1.0710456E7
1.0710466E7
1.0710476E7
1.0710486E7
1.0710496E7
1.0710506E7
1.0710516E7
1.0710519879854247E7
1.0710526E7
1.0710536E7
1.0710546E7
1.0710556E7
1.0710566E7
1.0710576E7
1.0710586E7
1.0710596E7
1.0710606E7
1.0710616E7
1.0710626E7
1.0710636E7
1.0710646E7
1.0710656E7
1.0710666E7
1.0710676E7
1.0710686E7
1.0710696E7
1.0710706E7
1.0710716E7
1.0710726E7
1.0710736E7
1.0710746E7
1.0710756E7
1.0710766E7
1.0710776E7
1.0710786E7
1.0710796E7
1.0710806E7
1.0710816E7
1.0710826E7
1.0710836E7
1.0710846E7
1.0710856E7
1.0710866E7
1.0710876E7
1.0710886E7
1.0710896E7
1.0710906E7
1.0710916E7
1.0710926E7
