1.5128006E7
1.5128016E7
1.5128026E7
1.5128036E7
1.5128046E7
1.5128056E7
1.5128066E7
1.5128076E7
1.5128086E7
1.5128096E7
1.5128106E7
1.5128116E7
1.5128126E7
1.5128136E7
1.5128146E7
1.5128156E7
1.5128166E7
1.5128176E7
1.5128186E7
1.5128196E7
1.5128206E7
1.5128216E7
1.5128226E7
1.5128236E7
1.5128246E7
1.5128256E7
1.5128266E7
1.5128276E7
1.5128286E7
1.5128296E7
1.5128306E7
1.5128316E7
1.5128326E7
1.5128336E7
1.5128346E7
1.5128356E7
1.5128366E7
1.5128376E7
1.5128386E7
1.5128396E7
1.5128406E7
1.5128416E7
1.5128426E7
1.5128436E7
1.5128446E7
1.5128456E7
1.5128466E7
1.5128476E7
1.5128484485866103E7
1.5128484485867234E7
1.5128486E7
1.5128496E7
1.5128506E7
1.5128516E7
1.5128526E7
1.5128536E7
1.5128546E7
1.5128556E7
1.5128566E7
1.5128576E7
1.5128586E7
1.5128596E7
1.5128606E7
1.5128616E7
1.5128626E7
1.5128636E7
1.5128646E7
1.5128656E7
1.5128666E7
1.5128676E7
1.5128686E7
1.5128696E7
1.5128706E7
1.5422002862591242E7
1.5422006E7
1.5422016E7
1.5422022862591242E7
1.5422026E7
1.5422032862591242E7
1.5422036E7
1.5422046E7
1.5422056E7
1.5422066E7
1.5422076E7
1.5422086E7
1.5422096E7
1.5422106E7
1.5422116E7
1.5422126E7
1.5422136E7
1.5422146E7
1.5422156E7
1.5422166E7
1.5422176E7
1.5422186E7
1.5422196E7
1.5422206E7
1.5422216E7
1.5422226E7
1.5422236E7
1.5422246E7
1.5422256E7
1.5422266E7
1.5422276E7
1.5422286E7
1.5422296E7
1.5422306E7
1.5422316E7
1.5422326E7
1.5422336E7
1.5422346E7
1.5422356E7
1.5422366E7
1.5422376E7
1.5422386E7
1.5422396E7
1.5422406E7
1.5422416E7
1.5422426E7
1.5422436E7
1.5422446E7
1.5422456E7
1.5422466E7
1.5422476E7
1.5422486E7
1.5422496E7
1.5422506E7
1.5422516E7
1.5422526E7
1.5422536E7
1.5422546E7
1.5422556E7
1.5422566E7
1.5422576E7
1.5422586E7
1.5422596E7
1.5422606E7
1.5422616E7
1.5422626E7
1.5422636E7
1.5422646E7
1.5422656E7
1.5422666E7
1.5422676E7
1.5422686E7
1.5422696E7
1.5422706E7
1.5422716E7
1.5422726E7
1.5422736E7
1.5422746E7
1.5422756E7
1.5422766E7
1.5422776E7
1.5422786E7
1.5422796E7
1.5422806E7
1.5422816E7
1.5422826E7
1.5422836E7
1.5422846E7
1.5422856E7
1.5422866E7
1.5422876E7
1.5422886E7
1.5422896E7
1.5422906E7
1.5422916E7
1.5422926E7
1.5422936E7
1.5422946E7
1.5422956E7
1.5422966E7
1.5422976E7
1.5422986E7
1.5422996E7
1.5423006E7
1.5423016E7
1.5423026E7
1.5423036E7
1.5423046E7
1.5423056E7
1.5423066E7
1.5423076E7
1.5423086E7
1.5423096E7
1.5855004477253413E7
1.5855006E7
1.5855014477253413E7
1.5855016E7
1.5855024477253413E7
1.5855026E7
1.5855034477253413E7
1.5855036E7
1.5855046E7
1.5855056E7
1.5855066E7
1.5855076E7
1.5855086E7
1.5855096E7
1.5855106E7
1.5855116E7
1.5855126E7
1.5855132859550947E7
1.5855136E7
1.5855146E7
1.5855156E7
1.5855166E7
1.5855176E7
1.5855186E7
1.5855196E7
1.5855206E7
1.5855216E7
1.5855226E7
1.5855236E7
1.5855246E7
1.5855256E7
1.5855266E7
1.5855276E7
1.5855286E7
1.5855296E7
1.5855306E7
1.5855316E7
1.5855326E7
1.5855336E7
1.5855346E7
1.5855356E7
1.5855366E7
1.5855376E7
1.5855386E7
1.5855396E7
1.5855406E7
1.5855416E7
1.5855426E7
1.5855436E7
1.5855446E7
1.5855456E7
1.5855466E7
1.5855476E7
1.5855486E7
1.5855496E7
1.5855506E7
1.5855516E7
1.5855526E7
1.5855536E7
1.5855546E7
1.5855556E7
1.5855566E7
1.5855576E7
1.5855586E7
1.5855596E7
1.5855606E7
1.5855616E7
1.5855626E7
1.5855636E7
1.5855646E7
1.5855656E7
1.5855666E7
1.5855676E7
1.5855686E7
1.5855696E7
1.5855706E7
1.5855716E7
1.5855726E7
1.5855736E7
1.5855746E7
1.5855756E7
1.5855766E7
1.5855776E7
1.5855786E7
1.5855796E7
1.5855806E7
1.5855816E7
1.5855826E7
1.5855836E7
1.5855846E7
1.5855856E7
1.5855866E7
1.5855876E7
1.5855886E7
1.5855896E7
1.5855906E7
1.5855916E7
1.5855926E7
1.5855936E7
1.5855946E7
1.5855956E7
1.5855966E7
1.5855976E7
1.5855986E7
1.5855996E7
1.5856006E7
1.5856016E7
1.5856026E7
1.5856036E7
1.5856046E7
1.5856056E7
1.5856066E7
1.5856076E7
1.5856086E7
1.5856096E7
1.5856106E7
1.5856116E7
1.5856126E7
1.5856136E7
1.5856146E7
1.5856156E7
1.5856166E7
1.5856176E7
1.6217006E7
1.621700871146819E7
1.6217016E7
1.621701871146819E7
1.6217026E7
1.621702871146819E7
1.6217036E7
1.621703871146819E7
1.6217046E7
1.6217056E7
1.6217066E7
1.6217076E7
1.6217086E7
1.6217096E7
1.6217106E7
1.6217116E7
1.6217126E7
1.6217136E7
1.6217146E7
1.6217156E7
1.6217166E7
1.6217176E7
1.6217186E7
1.6217196E7
1.6217206E7
1.6217216E7
1.6217226E7
1.6217236E7
1.6217246E7
1.6217256E7
1.6217266E7
1.6217276E7
1.6217286E7
1.6217296E7
1.6217306E7
1.6217316E7
1.6217326E7
1.6217336E7
1.6217346E7
1.6217356E7
1.6217366E7
1.6217376E7
1.6217386E7
1.6217396E7
1.6217406E7
1.6217416E7
1.6217426E7
1.6217436E7
1.6217446E7
1.6217456E7
1.6217466E7
1.6217476E7
1.6217486E7
1.6217496E7
1.6217506E7
1.6217516E7
1.6217526E7
1.6217536E7
1.6217546E7
1.6217556E7
1.6217566E7
1.6217576E7
1.6217586E7
1.6217596E7
1.6217606E7
1.6217616E7
1.6217626E7
1.6217636E7
1.6217646E7
1.6217656E7
1.6217666E7
1.6217676E7
1.6217686E7
1.6217696E7
1.6217706E7
1.6217716E7
1.6217726E7
1.6217736E7
1.6217746E7
1.6217756E7
1.6217766E7
1.6217776E7
1.6217786E7
1.6217796E7
1.6217806E7
1.6217816E7
1.6217826E7
1.6217836E7
1.6217846E7
1.6217856E7
1.6217866E7
1.6217876E7
1.6217886E7
1.6467006E7
1.6467007340176076E7
1.6467016E7
1.6467017340176076E7
1.6467026E7
1.6467027340176076E7
1.6467036E7
1.6467037340176076E7
1.6467046E7
1.6467056E7
1.6467066E7
1.6467076E7
1.6467086E7
1.6467096E7
1.6467106E7
1.6467116E7
1.6467126E7
1.6467136E7
1.6467146E7
1.6467156E7
1.6467166E7
1.6467176E7
1.6467186E7
1.6467196E7
1.6467206E7
1.6467216E7
1.6467226E7
1.6467236E7
1.6467246E7
1.6467256E7
1.6467266E7
1.6467276E7
1.6467286E7
1.6467296E7
1.6467306E7
1.6467316E7
1.6467326E7
1.6467336E7
1.6467346E7
1.6467356E7
1.6467366E7
1.6467376E7
1.6467386E7
1.6467396E7
1.6467406E7
1.6467416E7
1.6467426E7
1.6467436E7
1.6467446E7
1.6467456E7
1.6467466E7
1.6467476E7
1.6467486E7
1.6467496E7
1.6467498209365357E7
1.6467506E7
1.6467516E7
1.6467526E7
1.6467536E7
1.6467546E7
1.6467556E7
1.6467566E7
1.6467576E7
1.6467586E7
1.6467596E7
1.6467606E7
1.6467616E7
1.6467626E7
1.6467636E7
1.6467646E7
1.6467656E7
1.6467666E7
1.6467676E7
1.6467686E7
1.6467696E7
1.6467706E7
1.6467716E7
1.6467726E7
1.6467736E7
1.6467746E7
1.6467756E7
1.6467766E7
1.6467776E7
1.6467786E7
1.6467796E7
1.6467806E7
1.6467816E7
1.6467826E7
1.6467836E7
1.6467846E7
1.6467856E7
1.6467866E7
1.6467876E7
1.6467886E7
1.6467896E7
1.6467906E7
1.6467916E7
1.6467926E7
1.6467936E7
1.6467946E7
1.6467956E7
1.6467966E7
1.6675000234631026E7
1.6675006E7
1.6675010234631026E7
1.6675016E7
1.6675020234631026E7
1.6675026E7
1.6675030234631026E7
1.6675036E7
1.6675040234631026E7
1.6675046E7
1.6675056E7
1.6675066E7
1.6675076E7
1.6675086E7
1.6675096E7
1.6675106E7
1.6675116E7
1.6675126E7
1.6675136E7
1.6675146E7
1.6675156E7
1.6675166E7
1.6675176E7
1.6675186E7
1.6675196E7
1.6675206E7
1.6675216E7
1.6675226E7
1.6675236E7
1.6675246E7
1.6675256E7
1.6675266E7
1.6675276E7
1.6675286E7
1.6675296E7
1.6675306E7
1.6675316E7
1.6675326E7
1.6675336E7
1.6675346E7
1.6675356E7
1.6675366E7
1.6675376E7
1.6675386E7
1.6675396E7
1.6675406E7
1.6675416E7
1.6675426E7
1.6675436E7
1.6675446E7
1.6675456E7
1.6675466E7
1.6675476E7
1.6675486E7
1.6675496E7
1.6675506E7
1.6675516E7
1.6675526E7
1.6675536E7
1.6675546E7
1.6675556E7
1.6675566E7
1.6675576E7
1.6675586E7
1.6675596E7
1.6675606E7
1.6675616E7
1.6675626E7
1.6675636E7
1.6675646E7
1.6675656E7
1.6675666E7
1.6675676E7
1.6675686E7
1.6675696E7
1.6675706E7
1.6675716E7
1.6675726E7
1.6675736E7
1.6675746E7
1.6675756E7
1.6675766E7
1.6675776E7
1.6675786E7
1.6675796E7
1.6675806E7
1.6675816E7
1.6675826E7
1.6675836E7
1.6675845452011568E7
1.6675846E7
1.6675856E7
1.6675866E7
1.6675876E7
1.6675886E7
1.6675896E7
1.6675906E7
1.6675916E7
1.6675926E7
1.6852006E7
1.685200926330611E7
1.6852016E7
1.6852026E7
1.685202926330611E7
1.6852036E7
1.685203926330611E7
1.6852046E7
1.6852056E7
1.6852066E7
1.6852076E7
1.6852086E7
1.6852096E7
1.6852106E7
1.6852116E7
1.6852126E7
1.6852136E7
1.6852146E7
1.6852156E7
1.6852166E7
1.6852176E7
1.6852186E7
1.6852196E7
1.6852206E7
1.6852216E7
1.6852226E7
1.6852236E7
1.6852246E7
1.6852256E7
1.6852266E7
1.6852276E7
1.6852286E7
1.6852296E7
1.6852306E7
1.6852316E7
1.6852326E7
1.6852336E7
1.6852346E7
1.6852356E7
1.6852366E7
1.6852376E7
1.6852386E7
1.6852396E7
1.6852406E7
1.6852416E7
1.6852426E7
1.6852436E7
1.6852446E7
1.6852456E7
1.6852466E7
1.6852476E7
1.6852486E7
1.6852496E7
1.6852506E7
1.6852516E7
1.6852526E7
1.6852536E7
1.6852546E7
1.6852556E7
1.6852566E7
1.6852576E7
1.6852586E7
1.6852596E7
1.6852606E7
1.6852616E7
1.6852626E7
1.6852636E7
1.6852646E7
1.6852656E7
1.6852666E7
1.6852676E7
1.6852686E7
1.6852696E7
1.6852706E7
1.6852716E7
1.6852726E7
1.6852736E7
1.6852746E7
1.6852756E7
1.6852766E7
1.6852776E7
1.6852786E7
1.6852796E7
1.6852806E7
1.6852816E7
1.6852826E7
1.6852836E7
1.6852846E7
1.6852856E7
1.6852866E7
1.6852876E7
1.6852886E7
1.6852896E7
1.6852906E7
1.6852916E7
1.6852926E7
1.6852936E7
1.6852946E7
1.6852956E7
1.6852966E7
1.6852976E7
1.6852986E7
1.6852996E7
1.6853006E7
1.6853016E7
1.6853026E7
1.6853036E7
