2.003600351814058E7
2.00360035181482E7
2.0036006E7
2.0036016E7
2.0036026E7
2.0036036E7
2.0036046E7
2.0036056E7
2.0036066E7
2.0036076E7
2.0036086E7
2.0036096E7
2.0036106E7
2.0036116E7
2.0036126E7
2.0036136E7
2.0036146E7
2.0036156E7
2.0036166E7
2.0036176E7
2.0036186E7
2.0036196E7
2.0036206E7
2.0036216E7
2.0036226E7
2.0036236E7
2.0036246E7
2.0036256E7
2.0036266E7
2.0036276E7
2.0036286E7
2.0036296E7
2.0036306E7
2.0036316E7
2.0036326E7
2.0036336E7
2.0036346E7
2.0036356E7
2.0036366E7
2.0036376E7
2.0036386E7
2.003638849931797E7
2.003638849932559E7
2.0036396E7
2.0036406E7
2.0036416E7
2.0036426E7
2.0036436E7
2.0036446E7
2.0036456E7
2.0036466E7
2.0036476E7
2.0036486E7
2.0036496E7
2.0036506E7
2.0036516E7
2.0036526E7
2.0036536E7
2.0036546E7
2.0036556E7
2.0036566E7
2.0036576E7
2.0036586E7
2.0036596E7
2.0036606E7
2.0036616E7
2.0036626E7
2.0036636E7
2.0036646E7
2.0036656E7
2.0036666E7
2.0036676E7
2.0036686E7
2.0036696E7
2.0036706E7
2.0036716E7
2.0036726E7
2.0036736E7
2.0036746E7
2.0036756E7
2.0036766E7
2.0036776E7
2.0036786E7
2.0036796E7
2.0036806E7
2.0036816E7
2.0036826E7
2.0036836E7
2.0036846E7
2.0036856E7
2.0036866E7
2.0036876E7
2.0036886E7
2.0036896E7
2.0036906E7
2.0036916E7
2.0036926E7
2.0036936E7
2.0036946E7
2.0036956E7
2.0036966E7
2.0036976E7
2.0036986E7
2.0036996E7
2.0037006E7
2.0037016E7
2.0037026E7
2.0037036E7
2.0037046E7
2.0037056E7
2.0037066E7
2.0037076E7
2.0037086E7
2.0037096E7
2.0037106E7
2.0037116E7
2.0037126E7
2.0037136E7
2.0037146E7
2.0037156E7
2.0037166E7
2.0037176E7
2.0037186E7
2.0037196E7
