1.6495002197628707E7
1.6495002197629835E7
1.6495006E7
1.6495016E7
1.6495026E7
1.6495036E7
1.6495046E7
1.6495056E7
1.6495066E7
1.6495076E7
1.6495086E7
1.6495096E7
1.6495106E7
1.6495116E7
1.6495126E7
1.6495136E7
1.6495146E7
1.6495156E7
1.6495166E7
1.6495176E7
1.6495186E7
1.6495196E7
1.6495206E7
1.6495216E7
1.6495226E7
1.6495236E7
1.6495246E7
1.6495256E7
1.6495266E7
1.6495276E7
1.6495286E7
1.6495296E7
1.6495306E7
1.6495316E7
1.6495326E7
1.6495336E7
1.6495346E7
1.6495356E7
1.6495366E7
1.6495376E7
1.6495386E7
1.6495396E7
1.6495406E7
1.6495416E7
1.6495426E7
1.6495436E7
1.6495446E7
1.6495456E7
1.6495466E7
1.6495476E7
1.6495486E7
1.6495496E7
1.6495506E7
1.6495516E7
1.6495526E7
1.6495536E7
1.6495536839058788E7
1.6495536839059917E7
1.6495546E7
1.6495556E7
1.6495566E7
1.6495576E7
1.6495586E7
1.6495596E7
1.6495606E7
1.6495616E7
1.6495626E7
1.6495636E7
1.6495646E7
1.6495656E7
1.6495666E7
1.6495676E7
1.6495686E7
1.6495696E7
1.6495706E7
1.6495716E7
1.6495726E7
1.6495736E7
1.6495746E7
1.6495756E7
1.6495766E7
1.6495776E7
1.6495786E7
1.6495796E7
1.6495806E7
1.6495816E7
1.6495826E7
1.6495836E7
1.6495846E7
1.6495856E7
1.6495866E7
1.6495876E7
1.6495886E7
1.6495896E7
1.6495906E7
1.6495916E7
1.6495926E7
1.6495936E7
1.6495946E7
1.6495956E7
1.6495966E7
1.6495976E7
1.6495986E7
1.6495996E7
1.6496006E7
1.6496016E7
1.6496026E7
1.6496036E7
1.6496046E7
1.6496056E7
1.6496066E7
1.6496076E7
1.6496086E7
1.6496096E7
1.6496106E7
1.6496116E7
1.6496126E7
1.6496136E7
1.6496146E7
1.6496156E7
1.6496166E7
1.6496176E7
1.6496186E7
1.6689001605729967E7
1.6689001605731096E7
1.6689006E7
1.6689016E7
1.6689026E7
1.6689036E7
1.6689046E7
1.6689056E7
1.6689066E7
1.6689076E7
1.6689086E7
1.6689096E7
1.6689106E7
1.6689116E7
1.6689126E7
1.6689136E7
1.6689146E7
1.6689156E7
1.6689166E7
1.6689176E7
1.6689186E7
1.6689196E7
1.6689206E7
1.6689216E7
1.6689226E7
1.6689236E7
1.6689246E7
1.6689256E7
1.6689266E7
1.6689276E7
1.6689286E7
1.6689296E7
1.6689306E7
1.6689316E7
1.6689326E7
1.6689336E7
1.6689346E7
1.6689356E7
1.6689366E7
1.6689376E7
1.6689386E7
1.6689396E7
1.6689406E7
1.6689416E7
1.6689426E7
1.6689436E7
1.6689446E7
1.6689456E7
1.6689466E7
1.6689476E7
1.6689486E7
1.6689496E7
1.6689506E7
1.6689516E7
1.6689526E7
1.6689536E7
1.6689546E7
1.6689556E7
1.6689566E7
1.6689576E7
1.6689586E7
1.6689596E7
1.6689606E7
1.6689616E7
1.6689626E7
1.6689636E7
1.6689646E7
1.6689656E7
1.6689666E7
1.6689676E7
1.6689686E7
1.6689696E7
1.6689706E7
1.6689716E7
1.6689726E7
1.6689736E7
1.6689746E7
1.6689756E7
1.6689766E7
1.6689776E7
1.6689786E7
1.6689796E7
1.6689806E7
1.6689816E7
1.6689826E7
1.6689836E7
1.6689846E7
1.6689856E7
1.6689866E7
1.6689876E7
1.6689886E7
1.6689896E7
1.6689906E7
1.6689916E7
1.6689926E7
1.6689936E7
1.6689946E7
1.6689956E7
1.6689966E7
1.6689976E7
1.6689986E7
1.6689996E7
1.6690006E7
1.6690016E7
1.6690026E7
1.6690036E7
1.6690046E7
1.6690056E7
1.6690066E7
1.6690076E7
1.6690079543109419E7
1.6690079543110548E7
1.6690086E7
1.6690096E7
1.6690106E7
1.6690116E7
1.6690126E7
1.6827006E7
1.682700982423446E7
1.682700982423559E7
1.6827016E7
1.6827026E7
1.682702982423446E7
1.682702982423559E7
1.6827036E7
1.682703982423446E7
1.682703982423559E7
1.6827046E7
1.6827056E7
1.6827066E7
1.6827076E7
1.6827086E7
1.6827096E7
1.6827106E7
1.6827116E7
1.6827126E7
1.6827136E7
1.6827146E7
1.6827156E7
1.6827166E7
1.6827176E7
1.6827186E7
1.6827196E7
1.6827206E7
1.6827216E7
1.6827226E7
1.6827236E7
1.6827246E7
1.6827256E7
1.6827259652361665E7
1.6827259652362794E7
1.6827266E7
1.6827276E7
1.6827286E7
1.6827296E7
1.6827306E7
1.6827316E7
1.6827326E7
1.6827336E7
1.6827346E7
1.6827356E7
1.6827366E7
1.6827376E7
1.6827386E7
1.6827396E7
1.6827406E7
1.6827416E7
1.6827426E7
1.6827436E7
1.6827446E7
1.6827456E7
1.6827466E7
1.6827476E7
1.6827486E7
1.6827496E7
1.6827506E7
1.6827516E7
1.6827526E7
1.6827536E7
1.6827546E7
1.6827556E7
1.6827566E7
1.6827576E7
1.6827586E7
1.6827596E7
1.6827606E7
1.6827616E7
1.6827626E7
1.6827636E7
1.6827646E7
1.6827656E7
1.6827666E7
1.6827676E7
1.6827686E7
1.6827696E7
1.6827706E7
1.6827716E7
1.6827726E7
1.6827736E7
1.6827746E7
1.6827756E7
1.6827766E7
1.6827776E7
1.6827786E7
1.6827796E7
1.6827806E7
1.6827816E7
1.6827826E7
1.6827836E7
1.6827846E7
1.6827856E7
1.6827866E7
1.6981006E7
1.6981009811988324E7
1.6981016E7
1.6981026E7
1.6981036E7
1.6981046E7
1.6981056E7
1.6981066E7
1.6981076E7
1.6981086E7
1.6981096E7
1.6981106E7
1.6981116E7
1.6981126E7
1.6981136E7
1.6981146E7
1.6981156E7
1.6981166E7
1.6981176E7
1.6981186E7
1.6981196E7
1.6981206E7
1.6981216E7
1.6981226E7
1.6981236E7
1.6981246E7
1.6981256E7
1.6981262870269373E7
1.6981266E7
1.6981276E7
1.6981286E7
1.6981296E7
1.6981306E7
1.6981316E7
1.6981326E7
1.6981336E7
1.6981346E7
1.6981356E7
1.6981366E7
1.6981376E7
1.6981386E7
1.6981396E7
1.6981406E7
1.6981416E7
1.6981426E7
1.6981436E7
1.6981446E7
1.6981456E7
1.6981466E7
1.6981476E7
1.6981486E7
1.6981496E7
1.6981506E7
1.6981516E7
1.6981526E7
1.6981536E7
1.6981546E7
1.6981556E7
1.6981566E7
1.6981576E7
1.6981586E7
1.6981596E7
1.6981606E7
1.6981616E7
1.6981626E7
1.6981636E7
1.6981646E7
1.6981656E7
1.6981666E7
1.6981676E7
1.6981686E7
1.6981696E7
1.6981706E7
1.6981716E7
1.6981726E7
1.6981736E7
1.6981746E7
1.6981756E7
1.6981766E7
1.6981776E7
1.6981786E7
1.6981796E7
1.6981806E7
1.6981816E7
1.6981826E7
1.6981836E7
1.6981846E7
1.6981856E7
1.6981866E7
1.6981876E7
1.6981886E7
1.6981896E7
1.6981906E7
1.6981916E7
1.6981926E7
1.6981936E7
1.6981946E7
1.6981956E7
1.6981966E7
1.6981976E7
1.6981986E7
1.6981996E7
1.6982006E7
1.6982016E7
1.6982026E7
1.6982036E7
1.6982046E7
1.7127006E7
1.7127009773580045E7
1.7127016E7
1.7127026E7
1.7127036E7
1.7127046E7
1.7127056E7
1.7127066E7
1.7127076E7
1.7127086E7
1.7127096E7
1.7127106E7
1.7127116E7
1.7127126E7
1.7127136E7
1.7127146E7
1.7127156E7
1.7127166E7
1.7127176E7
1.7127186E7
1.7127196E7
1.7127206E7
1.7127216E7
1.7127226E7
1.7127236E7
1.7127246E7
1.7127256E7
1.7127266E7
1.7127276E7
1.7127286E7
1.7127296E7
1.7127306E7
1.7127316E7
1.7127326E7
1.7127336E7
1.7127346E7
1.7127356E7
1.7127366E7
1.7127376E7
1.7127386E7
1.7127396E7
1.7127406E7
1.7127416E7
1.7127426E7
1.7127436E7
1.7127446E7
1.7127456E7
1.7127466E7
1.7127476E7
1.7127486E7
1.7127496E7
1.7127506E7
1.7127516E7
1.7127526E7
1.7127536E7
1.7127546E7
1.7127556E7
1.7127566E7
1.7127576E7
1.7127586E7
1.7127596E7
1.7127602851065233E7
1.7127606E7
1.7127616E7
1.7127626E7
1.7127636E7
1.7127646E7
1.7127656E7
1.7127666E7
1.7127676E7
1.7127686E7
1.7127696E7
1.7127706E7
1.7127716E7
1.7127726E7
1.7127736E7
1.7127746E7
1.7127756E7
1.7127766E7
1.7127776E7
1.7127786E7
1.7127796E7
1.7127806E7
1.7127816E7
1.7127826E7
1.7127836E7
1.7127846E7
1.7127856E7
1.7127866E7
1.7127876E7
1.7202006E7
1.7202009082246274E7
1.7202016E7
1.7202026E7
1.7202036E7
1.7202046E7
1.7202056E7
1.7202066E7
1.7202076E7
1.7202086E7
1.7202096E7
1.7202106E7
1.7202116E7
1.7202126E7
1.7202136E7
1.7202146E7
1.7202156E7
1.7202166E7
1.7202176E7
1.7202186E7
1.7202196E7
1.7202206E7
1.7202216E7
1.7202226E7
1.7202236E7
1.7202246E7
1.7202256E7
1.7202266E7
1.7202276E7
1.7202286E7
1.7202296E7
1.7202306E7
1.7202316E7
1.7202326E7
1.7202336E7
1.7202346E7
1.7202356E7
1.7202366E7
1.7202376E7
1.7202386E7
1.7202396E7
1.7202406E7
1.7202416E7
1.7202426E7
1.7202436E7
1.7202446E7
1.7202456E7
1.7202466E7
1.7202476E7
1.7202486E7
1.7202496E7
1.7202506E7
1.7202516E7
1.7202526E7
1.7202536E7
1.7202546E7
1.7202556E7
1.7202566E7
1.7202576E7
1.7202586E7
1.7202596E7
1.7202606E7
1.7202616E7
1.7202626E7
1.7202636E7
1.7202646E7
1.7202656E7
1.7202666E7
1.7202676E7
1.7202686E7
1.7202696E7
1.7202706E7
1.7202716E7
1.7202726E7
1.7202736E7
1.7202746E7
1.7202756E7
1.7202766E7
1.7202776E7
1.7220006E7
1.7220011571778744E7
1.7220016E7
1.7220026E7
1.7220036E7
1.7220046E7
1.7220056E7
1.7220066E7
1.7220076E7
1.7220086E7
1.7220096E7
1.7220106E7
1.7220116E7
1.7220126E7
1.7220136E7
1.7220146E7
1.7220156E7
1.7220166E7
1.7220176E7
1.7220186E7
1.7220196E7
1.7220206E7
1.7220216E7
1.7220226E7
1.7220236E7
1.7220246E7
1.7220256E7
1.7220266E7
1.7220276E7
1.7220285750164583E7
1.7220286E7
1.7220296E7
1.7220306E7
1.7220316E7
1.7220326E7
1.7220336E7
1.7220346E7
1.7220356E7
1.7220366E7
1.7220376E7
1.7220386E7
1.7220396E7
1.7220406E7
1.7220416E7
1.7220426E7
1.7220436E7
1.7220446E7
1.7220456E7
1.7220466E7
1.7220476E7
1.7220486E7
1.7220496E7
1.7220506E7
1.7220516E7
1.7220526E7
1.7220536E7
1.7220546E7
1.7220556E7
1.7220566E7
1.7220576E7
1.7220586E7
1.7220596E7
1.7220606E7
1.7220616E7
1.7220626E7
1.7220636E7
1.7220646E7
1.7220656E7
1.7220666E7
1.7220676E7
1.7220686E7
1.7220696E7
1.7220706E7
1.7220716E7
1.7220726E7
1.7220736E7
1.7220746E7
1.7220756E7
1.7220766E7
1.7220776E7
1.7220786E7
1.7220796E7
1.7220806E7
1.7220816E7
1.7220826E7
1.7220836E7
1.7220846E7
1.7220856E7
1.7220866E7
1.7220876E7
1.753100180298863E7
1.7531006E7
1.7531016E7
1.7531026E7
1.7531036E7
1.7531046E7
1.7531056E7
1.7531066E7
1.7531076E7
1.7531086E7
1.7531096E7
1.7531106E7
1.7531116E7
1.7531126E7
1.7531136E7
1.7531146E7
1.7531156E7
1.7531166E7
1.7531176E7
1.7531186E7
1.7531196E7
1.7531206E7
1.7531216E7
1.7531226E7
1.7531236E7
1.7531246E7
1.7531256E7
1.7531266E7
1.7531276E7
1.7531286E7
1.7531296E7
1.7531306E7
1.7531316E7
1.7531326E7
1.7531336E7
1.7531346E7
1.7531356E7
1.7531366E7
1.7531376E7
1.7531386E7
1.7531396E7
1.7531406E7
1.7531416E7
1.7531426E7
1.7531436E7
1.7531446E7
1.7531456E7
1.7531466E7
1.7531476E7
1.7531486E7
1.7531496E7
1.7531506E7
1.7531516E7
1.7531526E7
1.7531536E7
1.7531546E7
1.7531556E7
1.7531566E7
1.7531576E7
1.7531586E7
1.7531596E7
1.7531606E7
1.7531616E7
1.7531626E7
1.7531636E7
1.7531646E7
1.7531656E7
1.7531666E7
1.7531676E7
1.7531686E7
1.7531696E7
1.7531706E7
1.7531716E7
1.7531726E7
1.7531736E7
1.7531746E7
1.7531756E7
1.7531766E7
1.8009002765500516E7
1.8009006E7
1.8009016E7
1.8009026E7
1.8009036E7
1.8009046E7
1.8009056E7
1.8009066E7
1.8009076E7
1.8009086E7
1.8009096E7
1.8009106E7
1.8009116E7
1.8009126E7
1.8009136E7
1.8009146E7
1.8009156E7
1.8009166E7
1.8009176E7
1.8009186E7
1.8009196E7
1.8009206E7
1.8009216E7
1.8009226E7
1.8009236E7
1.8009246E7
1.8009256E7
1.8009266E7
1.8009276E7
1.8009286E7
1.8009296E7
1.8009306E7
1.8009316E7
1.8009326E7
1.8009336E7
1.8009346E7
1.8009356E7
1.8009366E7
1.8009376E7
1.8009386E7
1.8009396E7
1.8009406E7
1.8009416E7
1.8009426E7
1.8009436E7
1.8009446E7
1.8009456E7
1.8009466E7
1.8009476E7
1.8009486E7
1.8009496E7
1.8009506E7
1.8009516E7
1.8009526E7
1.8009536E7
1.8009546E7
1.8009556E7
1.8009566E7
1.8009576E7
1.8009586E7
1.8009596E7
1.8009606E7
1.8009616E7
1.8009626E7
1.8009636E7
1.8009646E7
1.8009656E7
1.8009666E7
1.8009676E7
1.8009686E7
1.8009696E7
1.8009706E7
1.8009716E7
1.8014001228273302E7
1.8014006E7
1.8014016E7
1.8014026E7
1.8014036E7
1.8014046E7
1.8014056E7
1.8014066E7
1.8014076E7
1.8014086E7
1.8014096E7
1.8014106E7
1.8014116E7
1.8014126E7
1.8014136E7
1.8014146E7
1.8014156E7
1.8014166E7
1.8014176E7
1.8014186E7
1.8014196E7
1.8014206E7
1.8014216E7
1.8014226E7
1.8014236E7
1.8014246E7
1.8014256E7
1.8014266E7
1.8014276E7
1.8014286E7
1.8014296E7
1.8014306E7
1.8014316E7
1.8014326E7
1.8014336E7
1.8014346E7
1.8014356E7
1.8014366E7
1.8014376E7
1.8014386E7
1.8014396E7
1.8014406E7
1.8014416E7
1.8014426E7
1.8014436E7
1.8014446E7
1.8014456E7
1.8014466E7
1.8014476E7
1.8014486E7
1.8014496E7
1.8014506E7
1.8014516E7
1.8014526E7
1.8014536E7
1.8014546E7
1.8014556E7
1.8014566E7
1.8014576E7
1.8014586E7
1.8014596E7
1.8014606E7
1.8014616E7
1.8014626E7
1.8014636E7
1.8014646E7
1.8014656E7
1.8014666E7
1.8014676E7
1.8014686E7
1.8014696E7
1.8014706E7
1.8014716E7
1.8014726E7
1.8014736E7
1.8014746E7
1.8014756E7
1.8014766E7
1.8014776E7
1.8014786E7
1.8014796E7
1.8014806E7
1.8014816E7
1.8014826E7
1.8014836E7
1.8014846E7
1.8014856E7
1.8014866E7
1.8014876E7
1.8014886E7
1.8014896E7
1.8014906E7
1.8014916E7
1.8014926E7
1.8014936E7
1.8014946E7
1.8014956E7
1.8014966E7
1.8014976E7
1.8014986E7
1.8014996E7
1.8015006E7
1.8015016E7
1.8015026E7
1.8015036E7
1.8015046E7
1.8015056E7
1.8015066E7
1.8015076E7
1.8015086E7
1.8015096E7
1.8015106E7
1.8015116E7
1.8015126E7
