1.671900196947183E7
1.6719001969479684E7
1.6719006E7
1.6719016E7
1.6719026E7
1.6719036E7
1.6719046E7
1.6719056E7
1.6719066E7
1.6719076E7
1.6719086E7
1.6719096E7
1.6719106E7
1.6719116E7
1.6719126E7
1.6719136E7
1.6719146E7
1.6719156E7
1.6719166E7
1.6719176E7
1.6719186E7
1.6719196E7
1.6719206E7
1.6719216E7
1.6719226E7
1.6719236E7
1.6719246E7
1.6719256E7
1.6719266E7
1.6719276E7
1.6719286E7
1.6719296E7
1.6719306E7
1.6719316E7
1.6719326E7
1.6719336E7
1.6719340724983713E7
1.6719340724991566E7
1.6719346E7
1.6719347724983713E7
1.6719347724991566E7
1.6719356E7
1.6719366E7
1.6719376E7
1.6719386E7
1.6719396E7
1.6719406E7
1.6719416E7
1.6719426E7
1.6719436E7
1.6719446E7
1.6719456E7
1.6719466E7
1.6719476E7
1.6719486E7
1.6719496E7
1.6719506E7
1.6719516E7
1.6719526E7
1.6719536E7
1.6719546E7
1.6719556E7
1.6719566E7
1.6719576E7
1.6719586E7
1.6719596E7
1.6719606E7
1.6719616E7
1.6719626E7
1.6719636E7
1.6719646E7
1.6719656E7
1.6719666E7
1.6719676E7
1.6719686E7
1.6719696E7
1.6719706E7
1.6719716E7
1.6719726E7
1.6719736E7
1.6719746E7
1.6719756E7
1.6719766E7
1.6719776E7
1.6719786E7
1.6719796E7
1.6719806E7
1.6719816E7
1.6719826E7
1.6719836E7
1.6719846E7
1.6719856E7
1.6719866E7
1.6719876E7
1.6719886E7
1.6719896E7
1.6719906E7
1.6719916E7
1.6719926E7
1.6719936E7
1.6719946E7
1.6719956E7
1.6811002925431035E7
1.681100292543889E7
1.6811006E7
1.6811016E7
1.6811026E7
1.6811036E7
1.6811046E7
1.6811056E7
1.6811066E7
1.6811076E7
1.6811086E7
1.6811096E7
1.6811106E7
1.6811116E7
1.6811126E7
1.6811136E7
1.6811146E7
1.6811156E7
1.6811166E7
1.6811176E7
1.6811186E7
1.6811196E7
1.6811206E7
1.6811216E7
1.6811226E7
1.6811236E7
1.6811246E7
1.6811256E7
1.6811266E7
1.6811276E7
1.6811286E7
1.6811296E7
1.6811306E7
1.6811316E7
1.6811326E7
1.6811336E7
1.6811346E7
1.6811356E7
1.6811366E7
1.6811376E7
1.6811386E7
1.6811396E7
1.6811406E7
1.6811416E7
1.6811426E7
1.6811436E7
1.6811446E7
1.6811456E7
1.6811466E7
1.6811476E7
1.6811486E7
1.6811496E7
1.6811506E7
1.6811516E7
1.6811526E7
1.6811536E7
1.6811546E7
1.6811556E7
1.6811566E7
1.6811576E7
1.6811586E7
1.6811596E7
1.6811606E7
1.6811616E7
1.6811626E7
1.6811636E7
1.6811646E7
1.6811656E7
1.6811666E7
1.6811676E7
1.6811686E7
1.6811696E7
1.6811706E7
1.6811716E7
1.6811726E7
1.6811736E7
1.6811746E7
1.6811756E7
1.6811766E7
1.6811776E7
1.6811786E7
1.6811796E7
1.6811806E7
1.6811816E7
1.6811826E7
1.6811836E7
1.6811846E7
1.6811856E7
1.6811866E7
1.6811876E7
1.6811886E7
1.6811896E7
1.6811906E7
1.6811916E7
1.6811926E7
1.6811936E7
1.6811946E7
1.6811956E7
1.6811966E7
1.6811976E7
1.6811986E7
1.6811996E7
1.6812006E7
1.6812016E7
1.6812023202963315E7
1.6812023202971168E7
1.6812026E7
1.6812030202963315E7
1.6812030202971168E7
1.6812036E7
1.6812046E7
1.6812056E7
1.6812066E7
1.6812076E7
1.6812086E7
1.6812096E7
1.6812106E7
1.6812116E7
1.6812126E7
1.6812136E7
1.6812146E7
1.6812156E7
1.706500203009989E7
1.7065002030107744E7
1.7065006E7
1.7065016E7
1.7065026E7
1.7065036E7
1.7065046E7
1.7065056E7
1.7065066E7
1.7065076E7
1.7065086E7
1.7065096E7
1.7065106E7
1.7065116E7
1.7065126E7
1.7065136E7
1.7065146E7
1.7065156E7
1.7065166E7
1.7065176E7
1.7065186E7
1.7065196E7
1.7065206E7
1.7065216E7
1.7065226E7
1.7065236E7
1.7065246E7
1.7065256E7
1.7065266E7
1.7065276E7
1.7065286E7
1.7065296E7
1.7065306E7
1.7065316E7
1.7065326E7
1.7065336E7
1.7065346E7
1.7065356E7
1.7065366E7
1.7065376E7
1.7065386E7
1.7065396E7
1.7065406E7
1.7065416E7
1.7065426E7
1.7065436E7
1.7065446E7
1.7065456E7
1.7065466E7
1.7065476E7
1.7065486E7
1.7065496E7
1.7065506E7
1.7065516E7
1.7065526E7
1.7065536E7
1.7065546E7
1.7065556E7
1.7065566E7
1.7065576E7
1.7065586E7
1.7065596E7
1.7065606E7
1.7065616E7
1.7065626E7
1.7065636E7
1.7065646E7
1.7065656E7
1.7065666E7
1.7065676E7
1.7065678755297743E7
1.7065678755305596E7
1.7065685755297743E7
1.7065685755305596E7
1.7065686E7
1.7065696E7
1.7065706E7
1.724200568076279E7
1.7242005680770643E7
1.7242006E7
1.724201568076279E7
1.7242015680770643E7
1.7242016E7
1.724202568076279E7
1.7242025680770643E7
1.7242026E7
1.724203568076279E7
1.7242035680770643E7
1.7242036E7
1.724204568076279E7
1.7242045680770643E7
1.7242046E7
1.724205568076279E7
1.7242055680770643E7
1.7242056E7
1.724206568076279E7
1.7242065680770643E7
1.7242066E7
1.724207568076279E7
1.7242075680770643E7
1.7242076E7
1.724208568076279E7
1.7242085680770643E7
1.7242086E7
1.724209568076279E7
1.7242095680770643E7
1.7242096E7
1.724210568076279E7
1.7242105680770643E7
1.7242106E7
1.7242116E7
1.724212568076279E7
1.7242125680770643E7
1.7242126E7
1.724213568076279E7
1.7242135680770643E7
1.7242136E7
1.724214568076279E7
1.7242145680770643E7
1.7242146E7
1.724215568076279E7
1.7242155680770643E7
1.7242156E7
1.724216568076279E7
1.7242165680770643E7
1.7242166E7
1.724217568076279E7
1.7242175680770643E7
1.7242176E7
1.724218568076279E7
1.7242185680770643E7
1.7242186E7
1.724219568076279E7
1.7242195680770643E7
1.7242196E7
1.724220568076279E7
1.7242205680770643E7
1.7242206E7
1.724221568076279E7
1.7242215680770643E7
1.7242216E7
1.724222568076279E7
1.7242225680770643E7
1.7242226E7
1.724223568076279E7
1.7242235680770643E7
1.7242236E7
1.724224568076279E7
1.7242245680770643E7
1.7242246E7
1.7242256E7
1.724226568076279E7
1.7242265680770643E7
1.7242266E7
1.724227568076279E7
1.7242275680770643E7
1.7242276E7
1.724228568076279E7
1.7242285680770643E7
1.7242286E7
1.724229568076279E7
1.7242295680770643E7
1.7242296E7
1.724230568076279E7
1.7242305680770643E7
1.7242306E7
1.724231568076279E7
1.7242315680770643E7
1.7242316E7
1.724232568076279E7
1.7242325680770643E7
1.7242326E7
1.724233568076279E7
1.7242335680770643E7
1.7242336E7
1.724234568076279E7
1.7242345680770643E7
1.7242346E7
1.724235568076279E7
1.7242355680770643E7
1.7242356E7
1.724236568076279E7
1.7242365680770643E7
1.7242366E7
1.724237568076279E7
1.7242375680770643E7
1.7242376E7
1.724238568076279E7
1.7242385680770643E7
1.7242386E7
1.724239568076279E7
1.7242395680770643E7
1.7242396E7
1.724240568076279E7
1.7242405680770643E7
1.7242406E7
1.724241568076279E7
1.7242415680770643E7
1.7242416E7
1.724242568076279E7
1.7242425680770643E7
1.7242426E7
1.724243568076279E7
1.7242435680770643E7
1.7242436E7
1.724244568076279E7
1.7242445680770643E7
1.7242446E7
1.724245568076279E7
1.7242455680770643E7
1.7242456E7
1.7242466E7
1.724247568076279E7
1.7242475680770643E7
1.7242476E7
1.724248568076279E7
1.7242485680770643E7
1.7242486E7
1.724249568076279E7
1.7242495680770643E7
1.7242496E7
1.724250568076279E7
1.7242505680770643E7
1.7242506E7
1.724251568076279E7
1.7242515680770643E7
1.7242516E7
1.724252568076279E7
1.7242525680770643E7
1.7242526E7
1.724253568076279E7
1.7242535680770643E7
1.7242536E7
1.7242546E7
1.724255568076279E7
1.7242555680770643E7
1.7242556E7
1.724256568076279E7
1.7242565680770643E7
1.7242566E7
1.724257568076279E7
1.7242575680770643E7
1.7242576E7
1.724258568076279E7
1.7242585680770643E7
1.7242586E7
1.724259568076279E7
1.7242595680770643E7
1.7242596E7
1.724260568076279E7
1.7242605680770643E7
1.7242606E7
1.724261568076279E7
1.7242615680770643E7
1.7242616E7
1.724262568076279E7
1.7242625680770643E7
1.7242626E7
1.724263568076279E7
1.7242635680770643E7
1.7242636E7
1.724264568076279E7
1.7242645680770643E7
1.7242646E7
1.724265568076279E7
1.7242655680770643E7
1.7242656E7
1.724266568076279E7
1.7242665680770643E7
1.7242666E7
1.724267568076279E7
1.7242675680770643E7
1.7242676E7
1.724268568076279E7
1.7242685680770643E7
1.7242686E7
1.724269568076279E7
1.7242695680770643E7
1.7242696E7
1.724270568076279E7
1.7242705680770643E7
1.7242706E7
1.724271568076279E7
1.7242715680770643E7
1.7242716E7
1.7242726E7
1.724273568076279E7
1.7242735680770643E7
1.7242736E7
1.7242746E7
1.7242756E7
1.7242766E7
1.7242776E7
1.7242786E7
1.7242796E7
1.7242806E7
1.7242816E7
1.7242826E7
1.7242836E7
1.7242846E7
1.7242856E7
1.7242866E7
1.7242876E7
1.7242886E7
1.7242896E7
1.7242906E7
1.7242916E7
1.7242926E7
1.7242936E7
1.7242946E7
1.7242956E7
1.7242966E7
1.7242976E7
1.7242986E7
1.7242996E7
1.7243006E7
1.7280006E7
1.7280008215735935E7
1.7280008215743788E7
1.7280016E7
1.7280018215735935E7
1.7280018215743788E7
1.7280026E7
1.7280028215735935E7
1.7280028215743788E7
1.7280036E7
1.7280038215735935E7
1.7280038215743788E7
1.7280046E7
1.7280048215735935E7
1.7280048215743788E7
1.7280056E7
1.7280058215735935E7
1.7280058215743788E7
1.7280066E7
1.7280068215735935E7
1.7280068215743788E7
1.7280076E7
1.7280078215735935E7
1.7280078215743788E7
1.7280086E7
1.7280088215735935E7
1.7280088215743788E7
1.7280096E7
1.7280098215735935E7
1.7280098215743788E7
1.7280106E7
1.7280108215735935E7
1.7280108215743788E7
1.7280116E7
1.7280118215735935E7
1.7280118215743788E7
1.7280126E7
1.7280136E7
1.7280138215735935E7
1.7280138215743788E7
1.7280146E7
1.7280148215735935E7
1.7280148215743788E7
1.7280156E7
1.7280158215735935E7
1.7280158215743788E7
1.7280166E7
1.7280168215735935E7
1.7280168215743788E7
1.7280176E7
1.7280178215735935E7
1.7280178215743788E7
1.7280186E7
1.7280188215735935E7
1.7280188215743788E7
1.7280196E7
1.7280198215735935E7
1.7280198215743788E7
1.7280206E7
1.7280208215735935E7
1.7280208215743788E7
1.7280216E7
1.7280218215735935E7
1.7280218215743788E7
1.7280226E7
1.7280228215735935E7
1.7280228215743788E7
1.7280236E7
1.7280238215735935E7
1.7280238215743788E7
1.7280246E7
1.7280248215735935E7
1.7280248215743788E7
1.7280256E7
1.7280258215735935E7
1.7280258215743788E7
1.7280266E7
1.7280268215735935E7
1.7280268215743788E7
1.7280276E7
1.7280278215735935E7
1.7280278215743788E7
1.7280286E7
1.7280288215735935E7
1.7280288215743788E7
1.7280296E7
1.7280298215735935E7
1.7280298215743788E7
1.7280306E7
1.7280308215735935E7
1.7280308215743788E7
1.7280316E7
1.7280318215735935E7
1.7280318215743788E7
1.7280326E7
1.7280328215735935E7
1.7280328215743788E7
1.7280336E7
1.7280338215735935E7
1.7280338215743788E7
1.7280346E7
1.7280348215735935E7
1.7280348215743788E7
1.7280356E7
1.7280358215735935E7
1.7280358215743788E7
1.7280366E7
1.7280368215735935E7
1.7280368215743788E7
1.7280376E7
1.7280378215735935E7
1.7280378215743788E7
1.7280386E7
1.7280388215735935E7
1.7280388215743788E7
1.7280396E7
1.7280406E7
1.7280408215735935E7
1.7280408215743788E7
1.7280416E7
1.7280418215735935E7
1.7280418215743788E7
1.7280426E7
1.7280428215735935E7
1.7280428215743788E7
1.7280436E7
1.7280438215735935E7
1.7280438215743788E7
1.7280446E7
1.7280448215735935E7
1.7280448215743788E7
1.7280456E7
1.7280458215735935E7
1.7280458215743788E7
1.7280466E7
1.7280468215735935E7
1.7280468215743788E7
1.7280476E7
1.7280486E7
1.7280488215735935E7
1.7280488215743788E7
1.7280496E7
1.7280498215735935E7
1.7280498215743788E7
1.7280506E7
1.7280508215735935E7
1.7280508215743788E7
1.7280516E7
1.7280518215735935E7
1.7280518215743788E7
1.7280526E7
1.7280528215735935E7
1.7280528215743788E7
1.7280536E7
1.7280538215735935E7
1.7280538215743788E7
1.7280546E7
1.7280548215735935E7
1.7280548215743788E7
1.7280556E7
1.7280558215735935E7
1.7280558215743788E7
1.7280566E7
1.7280568215735935E7
1.7280568215743788E7
1.7280576E7
1.7280578215735935E7
1.7280578215743788E7
1.7280586E7
1.7280588215735935E7
1.7280588215743788E7
1.7280596E7
1.7280598215735935E7
1.7280598215743788E7
1.7280606E7
1.7280608215735935E7
1.7280608215743788E7
1.7280616E7
1.7280618215735935E7
1.7280618215743788E7
1.7280626E7
1.7280628215735935E7
1.7280628215743788E7
1.7280636E7
1.7280638215735935E7
1.7280638215743788E7
1.7280646E7
1.7280648215735935E7
1.7280648215743788E7
1.7280656E7
1.7280658215735935E7
1.7280658215743788E7
1.7280666E7
1.7280668215735935E7
1.7280668215743788E7
1.7280676E7
1.7280678215735935E7
1.7280678215743788E7
1.7280686E7
1.7280688215735935E7
1.7280688215743788E7
1.7280696E7
1.7280698215735935E7
1.7280698215743788E7
1.7280706E7
1.7280708215735935E7
1.7280708215743788E7
1.7280716E7
1.7280718215735935E7
1.7280718215743788E7
1.7280726E7
1.7280728215735935E7
1.7280728215743788E7
1.7280736E7
1.7280738215735935E7
1.7280738215743788E7
1.7280738848115765E7
1.7280738848123617E7
1.7280745848115765E7
1.7280745848123617E7
1.7280746E7
1.7280748215735935E7
1.7280748215743788E7
1.7280756E7
1.7280758215735935E7
1.7280758215743788E7
1.7280766E7
1.7280768215735935E7
1.7280768215743788E7
1.7280776E7
1.7280778215735935E7
1.7280778215743788E7
1.7280786E7
1.7280796E7
1.7280806E7
1.7280808215735935E7
1.7280808215743788E7
1.7280816E7
1.7280818215735935E7
1.7280818215743788E7
1.7280826E7
1.7280828215735935E7
1.7280828215743788E7
1.7280836E7
1.7280838215735935E7
1.7280838215743788E7
1.7280846E7
1.7280848215735935E7
1.7280848215743788E7
1.7280856E7
1.7280858215735935E7
1.7280858215743788E7
1.7280866E7
1.7280876E7
1.7280886E7
1.7280896E7
1.7280906E7
1.7438006E7
1.7438006879554294E7
1.7438006879562147E7
1.7438016E7
1.7438026E7
1.7438036E7
1.7438036879554294E7
1.7438036879562147E7
1.7438046E7
1.7438046879554294E7
1.7438046879562147E7
1.7438056E7
1.7438056879554294E7
1.7438056879562147E7
1.7438066E7
1.7438066879554294E7
1.7438066879562147E7
1.7438076E7
1.7438076879554294E7
1.7438076879562147E7
1.7438086E7
1.7438086879554294E7
1.7438086879562147E7
1.7438096E7
1.7438096879554294E7
1.7438096879562147E7
1.7438106E7
1.7438106879554294E7
1.7438106879562147E7
1.7438116E7
1.7438116879554294E7
1.7438116879562147E7
1.7438126E7
1.7438126879554294E7
1.7438126879562147E7
1.7438136E7
1.7438136879554294E7
1.7438136879562147E7
1.7438146E7
1.7438146879554294E7
1.7438146879562147E7
1.7438156E7
1.7438156879554294E7
1.7438156879562147E7
1.7438166E7
1.7438166879554294E7
1.7438166879562147E7
1.7438176E7
1.7438176879554294E7
1.7438176879562147E7
1.7438186E7
1.7438186879554294E7
1.7438186879562147E7
1.7438196E7
1.7438196879554294E7
1.7438196879562147E7
1.7438206E7
1.7438206879554294E7
1.7438206879562147E7
1.7438216E7
1.7438216879554294E7
1.7438216879562147E7
1.7438226E7
1.7438226879554294E7
1.7438226879562147E7
1.7438236E7
1.7438236879554294E7
1.7438236879562147E7
1.7438246E7
1.7438246879554294E7
1.7438246879562147E7
1.7438256E7
1.7438256879554294E7
1.7438256879562147E7
1.7438266E7
1.7438266879554294E7
1.7438266879562147E7
1.7438276E7
1.7438276879554294E7
1.7438276879562147E7
1.7438286E7
1.7438286879554294E7
1.7438286879562147E7
1.7438296E7
1.7438296879554294E7
1.7438296879562147E7
1.7438306E7
1.7438316E7
1.7438316879554294E7
1.7438316879562147E7
1.7438326E7
1.7438326879554294E7
1.7438326879562147E7
1.7438336E7
1.7438346E7
1.7438346879554294E7
1.7438346879562147E7
1.7438356E7
1.7438366E7
1.7438366879554294E7
1.7438366879562147E7
1.7438376E7
1.7438376879554294E7
1.7438376879562147E7
1.7438386E7
1.7438386879554294E7
1.7438386879562147E7
1.7438396E7
1.7438396879554294E7
1.7438396879562147E7
1.7438406E7
1.7438406879554294E7
1.7438406879562147E7
1.7438416E7
1.7438416879554294E7
1.7438416879562147E7
1.7438426E7
1.7438426879554294E7
1.7438426879562147E7
1.7438436E7
1.7438436879554294E7
1.7438436879562147E7
1.7438446E7
1.7438446879554294E7
1.7438446879562147E7
1.7438456E7
1.7438456879554294E7
1.7438456879562147E7
1.7438466E7
1.7438466879554294E7
1.7438466879562147E7
1.7438476E7
1.7438476879554294E7
1.7438476879562147E7
1.7438486E7
1.7438486879554294E7
1.7438486879562147E7
1.7438496E7
1.7438496879554294E7
1.7438496879562147E7
1.7438506E7
1.7438506879554294E7
1.7438506879562147E7
1.7438516E7
1.7438516879554294E7
1.7438516879562147E7
1.7438526E7
1.7438526879554294E7
1.7438526879562147E7
1.7438536E7
1.7438536879554294E7
1.7438536879562147E7
1.7438546E7
1.7438546879554294E7
1.7438546879562147E7
1.7438556E7
1.7438556879554294E7
1.7438556879562147E7
1.7438566E7
1.7438566879554294E7
1.7438566879562147E7
1.7438576E7
1.7438576879554294E7
1.7438576879562147E7
1.7438586E7
1.7438586879554294E7
1.7438586879562147E7
1.7438596E7
1.7438596879554294E7
1.7438596879562147E7
1.7438606E7
1.7438606879554294E7
1.7438606879562147E7
1.7438616E7
1.7438616879554294E7
1.7438616879562147E7
1.7438626E7
1.7438636E7
1.7438636879554294E7
1.7438636879562147E7
1.7438646E7
1.7438646879554294E7
1.7438646879562147E7
1.7438656E7
1.7438656879554294E7
1.7438656879562147E7
1.7438666E7
1.7438666879554294E7
1.7438666879562147E7
1.7438676E7
1.7438676879554294E7
1.7438676879562147E7
1.7438686E7
1.7438686879554294E7
1.7438686879562147E7
1.7438696E7
1.7438696879554294E7
1.7438696879562147E7
1.7438706E7
1.7438716E7
1.7438716879554294E7
1.7438716879562147E7
1.7438726E7
1.7438726879554294E7
1.7438726879562147E7
1.7438736E7
1.7438736879554294E7
1.7438736879562147E7
1.7438746E7
1.7438746879554294E7
1.7438746879562147E7
1.7438756E7
1.7438756879554294E7
1.7438756879562147E7
1.7438766E7
1.7438766879554294E7
1.7438766879562147E7
1.7438776E7
1.7438776879554294E7
1.7438776879562147E7
1.7438786E7
1.7438786879554294E7
1.7438786879562147E7
1.7438796E7
1.7438796879554294E7
1.7438796879562147E7
1.7438806E7
1.7438806879554294E7
1.7438806879562147E7
1.7438816E7
1.7438816879554294E7
1.7438816879562147E7
1.7438826E7
1.7493006E7
1.7493016E7
1.749301604654648E7
1.7493016046554334E7
1.7493026E7
1.7493035689364105E7
1.749303568937196E7
1.7493036E7
1.7493036088065404E7
1.7493036088073257E7
1.7493046E7
1.7493055689364105E7
1.749305568937196E7
1.7493056E7
1.7493056088065404E7
1.7493056088073257E7
1.7493066E7
1.749306604654648E7
1.7493066046554334E7
1.7493076E7
1.7493086E7
1.7493086122677565E7
1.7493086122685418E7
1.7493096E7
1.7493105647845183E7
1.7493105647853035E7
1.7493106E7
1.7493116E7
1.7493125647845183E7
1.7493125647853035E7
1.7493126E7
1.7493135647845183E7
1.7493135647853035E7
1.7493136E7
1.7493145647845183E7
1.7493145647853035E7
1.7493146E7
1.7493155573632203E7
1.7493155573640056E7
1.7493155972333502E7
1.7493155972341355E7
1.7493156E7
1.7493165972333502E7
1.7493165972341355E7
1.7493166E7
1.7493176E7
1.7493185647845183E7
1.7493185647853035E7
1.7493186E7
1.749318604654648E7
1.7493186046554334E7
1.7493196E7
1.7493196013852425E7
1.7493196013860278E7
1.7493206E7
1.7493215647845183E7
1.7493215647853035E7
1.7493216E7
1.749321604654648E7
1.7493216046554334E7
1.7493226E7
1.7493235615151126E7
1.749323561515898E7
1.7493236E7
1.7493236013852425E7
1.7493236013860278E7
1.7493246E7
1.749324604654648E7
1.7493246046554334E7
1.7493256E7
1.7493256196890544E7
1.7493256196898397E7
1.7493266E7
1.7493266013852425E7
1.7493266013860278E7
1.7493276E7
1.7493286E7
1.749328604654648E7
1.7493286046554334E7
1.7493296E7
1.749329604654648E7
1.7493296046554334E7
1.7493306E7
1.7493315647845183E7
1.7493315647853035E7
1.7493316E7
1.7493325647845183E7
1.7493325647853035E7
1.7493326E7
1.7493335573632203E7
1.7493335573640056E7
1.7493335972333502E7
1.7493335972341355E7
1.7493336E7
1.7493346E7
1.7493355615151126E7
1.749335561515898E7
1.7493356E7
1.7493356013852425E7
1.7493356013860278E7
1.7493366E7
1.749336986352104E7
1.7493369863528892E7
1.7493376E7
1.749337604654648E7
1.7493376046554334E7
1.7493386E7
1.749338604654648E7
1.7493386046554334E7
1.7493396E7
1.7493396088065404E7
1.7493396088073257E7
1.7493406E7
1.7493416E7
1.7493416196890544E7
1.7493416196898397E7
1.7493426E7
1.749342604654648E7
1.7493426046554334E7
1.7493436E7
1.749343604654648E7
1.7493436046554334E7
1.7493446E7
1.7493446196890544E7
1.7493446196898397E7
1.7493456E7
1.749345604654648E7
1.7493456046554334E7
1.7493466E7
1.7493476E7
1.7493476088065404E7
1.7493476088073257E7
1.7493485972333502E7
1.7493485972341355E7
1.7493486E7
1.7493496E7
1.749349604654648E7
1.7493496046554334E7
1.7493506E7
1.7493515972333502E7
1.7493515972341355E7
1.7493516E7
1.7493526E7
1.749352604654648E7
1.7493526046554334E7
1.7493536E7
1.749353604654648E7
1.7493536046554334E7
1.7493546E7
1.7493546122677565E7
1.7493546122685418E7
1.7493556E7
1.749355604654648E7
1.7493556046554334E7
1.7493566E7
1.749356604654648E7
1.7493566046554334E7
1.7493576E7
1.7493576122677565E7
1.7493576122685418E7
1.7493586E7
1.749358604654648E7
1.7493586046554334E7
1.7493596E7
1.7493596122677565E7
1.7493596122685418E7
1.7493606E7
1.749360604654648E7
1.7493606046554334E7
1.7493616E7
1.749361604654648E7
1.7493616046554334E7
1.7493626E7
1.749362604654648E7
1.7493626046554334E7
1.7493636E7
1.749363604654648E7
1.7493636046554334E7
1.7493646E7
1.7493646122677565E7
1.7493646122685418E7
1.7493656E7
1.749365604654648E7
1.7493656046554334E7
1.7493666E7
1.749366604654648E7
1.7493666046554334E7
1.7493675972333502E7
1.7493675972341355E7
1.7493676E7
1.7493686E7
1.7493686088065404E7
1.7493686088073257E7
1.7493696E7
1.749369604654648E7
1.7493696046554334E7
1.7594005622718483E7
1.7594006E7
1.7594015622718483E7
1.7594016E7
1.7594025622718483E7
1.7594026E7
1.7594035622718483E7
1.7594036E7
1.7594045622718483E7
1.7594046E7
1.7594055622718483E7
1.7594056E7
1.7594065622718483E7
1.7594066E7
1.7594075622718483E7
1.7594076E7
1.7594085622718483E7
1.7594086E7
1.7594095622718483E7
1.7594096E7
1.7594106E7
1.7594115622718483E7
1.7594116E7
1.7594125622718483E7
1.7594126E7
1.7594135622718483E7
1.7594136E7
1.7594145622718483E7
1.7594146E7
1.7594155622718483E7
1.7594156E7
1.7594165622718483E7
1.7594166E7
1.7594175622718483E7
1.7594176E7
1.7594185622718483E7
1.7594186E7
1.7594195622718483E7
1.7594196E7
1.7594205622718483E7
1.7594206E7
1.7594215622718483E7
1.7594216E7
1.7594226E7
1.7594235622718483E7
1.7594236E7
1.7594245622718483E7
1.7594246E7
1.7594255622718483E7
1.7594256E7
1.7594265622718483E7
1.7594266E7
1.7594275622718483E7
1.7594276E7
1.7594285622718483E7
1.7594286E7
1.7594295622718483E7
1.7594296E7
1.7594305622718483E7
1.7594306E7
1.7594315622718483E7
1.7594316E7
1.7594325622718483E7
1.7594326E7
1.7594335622718483E7
1.7594336E7
1.7594345622718483E7
1.7594346E7
1.7594355622718483E7
1.7594356E7
1.7594365622718483E7
1.7594366E7
1.7594375622718483E7
1.7594376E7
1.7594385622718483E7
1.7594386E7
1.7594395622718483E7
1.7594396E7
1.7594405622718483E7
1.7594406E7
1.7594415622718483E7
1.7594416E7
1.7594425622718483E7
1.7594426E7
1.7594435622718483E7
1.7594436E7
1.7594445622718483E7
1.7594446E7
1.7594455622718483E7
1.7594456E7
1.7594465622718483E7
1.7594466E7
1.7594475622718483E7
1.7594476E7
1.7594485622718483E7
1.7594486E7
1.7594495622718483E7
1.7594496E7
1.7594506E7
1.7594515622718483E7
1.7594516E7
1.7594525622718483E7
1.7594526E7
1.7594535622718483E7
1.7594536E7
1.7594545622718483E7
1.7594546E7
1.7594555622718483E7
1.7594556E7
1.7594565622718483E7
1.7594566E7
1.7594576E7
1.7594586E7
1.7594595622718483E7
1.7594596E7
1.7594606E7
1.7594615622718483E7
1.7594616E7
1.7594625622718483E7
1.7594626E7
1.7594635622718483E7
1.7594636E7
1.7594645622718483E7
1.7594646E7
1.7594655622718483E7
1.7594656E7
1.7594665622718483E7
1.7594666E7
1.7594675622718483E7
1.7594676E7
1.7594685622718483E7
1.7594686E7
1.7594696E7
1.7594705622718483E7
1.7594706E7
1.7594715622718483E7
1.7594716E7
1.7594726E7
1.7594735622718483E7
1.7594736E7
1.7594746E7
1.7594756E7
1.7594766E7
1.7594776E7
1.7594786E7
1.7594796E7
1.7594806E7
1.7594816E7
1.7594826E7
1.7594836E7
1.7594846E7
1.7594856E7
1.7594866E7
1.7594876E7
1.7594886E7
1.7594896E7
1.7594906E7
1.7594916E7
1.7594926E7
1.7594936E7
1.7594946E7
1.7594956E7
1.7594966E7
1.7594976E7
