318	7361	4845	7356	4833	7356	4833	13.0	13.0	0.0	12
318	7361	4845	7356	4833	7356	4833	13.0	13.0	0.0	12
318	7361	4845	7356	4833	7356	4833	13.0	13.0	0.0	12
318	7361	4845	7356	4833	7356	4833	13.0	13.0	0.0	12
318	7361	4845	7356	4833	7356	4833	13.0	13.0	0.0	12
318	7361	4845	7356	4833	7356	4833	13.0	13.0	0.0	12
318	7361	4845	7356	4833	7356	4833	13.0	13.0	0.0	12
318	7361	4845	7356	4833	7356	4833	13.0	13.0	0.0	12
318	7361	4845	7356	4833	7356	4833	13.0	13.0	0.0	12
319	7356	4833	7352	4821	7352	4821	12.649110640673518	12.649110640673518	0.0	12
319	7356	4833	7352	4821	7352	4821	12.649110640673518	12.649110640673518	0.0	12
319	7356	4833	7352	4821	7352	4821	12.649110640673518	12.649110640673518	0.0	12
319	7356	4833	7352	4821	7352	4821	12.649110640673518	12.649110640673518	0.0	12
319	7356	4833	7352	4821	7352	4821	12.649110640673518	12.649110640673518	0.0	12
319	7356	4833	7352	4821	7352	4821	12.649110640673518	12.649110640673518	0.0	12
319	7356	4833	7352	4821	7352	4821	12.649110640673518	12.649110640673518	0.0	12
319	7356	4833	7352	4821	7352	4821	12.649110640673518	12.649110640673518	0.0	12
319	7356	4833	7352	4821	7352	4821	12.649110640673518	12.649110640673518	0.0	12
320	7352	4821	7347	4809	7347	4809	13.0	13.0	0.0	12
320	7352	4821	7347	4809	7347	4809	13.0	13.0	0.0	12
320	7352	4821	7347	4809	7347	4809	13.0	13.0	0.0	12
320	7352	4821	7347	4809	7347	4809	13.0	13.0	0.0	12
320	7352	4821	7347	4809	7347	4809	13.0	13.0	0.0	12
320	7352	4821	7347	4809	7347	4809	13.0	13.0	0.0	12
320	7352	4821	7347	4809	7347	4809	13.0	13.0	0.0	12
320	7352	4821	7347	4809	7347	4809	13.0	13.0	0.0	12
320	7352	4821	7347	4809	7347	4809	13.0	13.0	0.0	12
321	7347	4809	7343	4797	7343	4797	12.649110640673518	12.649110640673518	0.0	12
321	7347	4809	7343	4797	7343	4797	12.649110640673518	12.649110640673518	0.0	12
321	7347	4809	7343	4797	7343	4797	12.649110640673518	12.649110640673518	0.0	12
321	7347	4809	7343	4797	7343	4797	12.649110640673518	12.649110640673518	0.0	12
321	7347	4809	7343	4797	7343	4797	12.649110640673518	12.649110640673518	0.0	12
321	7347	4809	7343	4797	7343	4797	12.649110640673518	12.649110640673518	0.0	12
321	7347	4809	7343	4797	7343	4797	12.649110640673518	12.649110640673518	0.0	12
321	7347	4809	7343	4797	7343	4797	12.649110640673518	12.649110640673518	0.0	12
321	7347	4809	7343	4797	7343	4797	12.649110640673518	12.649110640673518	0.0	12
322	7343	4797	7338	4785	7338	4785	13.0	13.0	0.0	12
322	7343	4797	7338	4785	7338	4785	13.0	13.0	0.0	12
322	7343	4797	7338	4785	7338	4785	13.0	13.0	0.0	12
322	7343	4797	7338	4785	7338	4785	13.0	13.0	0.0	12
322	7343	4797	7338	4785	7338	4785	13.0	13.0	0.0	12
322	7343	4797	7338	4785	7338	4785	13.0	13.0	0.0	12
322	7343	4797	7338	4785	7338	4785	13.0	13.0	0.0	12
322	7343	4797	7338	4785	7338	4785	13.0	13.0	0.0	12
322	7343	4797	7338	4785	7338	4785	13.0	13.0	0.0	12
323	7338	4785	7333	4773	7333	4773	13.0	13.0	0.0	12
323	7338	4785	7333	4773	7333	4773	13.0	13.0	0.0	12
323	7338	4785	7333	4773	7333	4773	13.0	13.0	0.0	12
323	7338	4785	7333	4773	7333	4773	13.0	13.0	0.0	12
323	7338	4785	7333	4773	7333	4773	13.0	13.0	0.0	12
323	7338	4785	7333	4773	7333	4773	13.0	13.0	0.0	12
323	7338	4785	7333	4773	7333	4773	13.0	13.0	0.0	12
323	7338	4785	7333	4773	7333	4773	13.0	13.0	0.0	12
323	7338	4785	7333	4773	7333	4773	13.0	13.0	0.0	12
324	7333	4773	7327	4762	7327	4762	12.529964086141668	12.529964086141668	0.0	12
324	7333	4773	7327	4762	7327	4762	12.529964086141668	12.529964086141668	0.0	12
324	7333	4773	7327	4762	7327	4762	12.529964086141668	12.529964086141668	0.0	12
324	7333	4773	7327	4762	7327	4762	12.529964086141668	12.529964086141668	0.0	12
324	7333	4773	7327	4762	7327	4762	12.529964086141668	12.529964086141668	0.0	12
324	7333	4773	7327	4762	7327	4762	12.529964086141668	12.529964086141668	0.0	12
324	7333	4773	7327	4762	7327	4762	12.529964086141668	12.529964086141668	0.0	12
324	7333	4773	7327	4762	7327	4762	12.529964086141668	12.529964086141668	0.0	12
324	7333	4773	7327	4762	7327	4762	12.529964086141668	12.529964086141668	0.0	12
325	7327	4762	7320	4751	7320	4751	13.038404810405298	13.038404810405298	0.0	12
325	7327	4762	7320	4751	7320	4751	13.038404810405298	13.038404810405298	0.0	12
325	7327	4762	7320	4751	7320	4751	13.038404810405298	13.038404810405298	0.0	12
325	7327	4762	7320	4751	7320	4751	13.038404810405298	13.038404810405298	0.0	12
325	7327	4762	7320	4751	7320	4751	13.038404810405298	13.038404810405298	0.0	12
325	7327	4762	7320	4751	7320	4751	13.038404810405298	13.038404810405298	0.0	12
325	7327	4762	7320	4751	7320	4751	13.038404810405298	13.038404810405298	0.0	12
325	7327	4762	7320	4751	7320	4751	13.038404810405298	13.038404810405298	0.0	12
325	7327	4762	7320	4751	7320	4751	13.038404810405298	13.038404810405298	0.0	12
326	7320	4751	7314	4744	7314	4744	9.219544457292887	9.219544457292887	0.0	11
326	7320	4751	7314	4744	7314	4744	9.219544457292887	9.219544457292887	0.0	11
326	7320	4751	7314	4744	7314	4744	9.219544457292887	9.219544457292887	0.0	11
326	7320	4751	7314	4744	7314	4744	9.219544457292887	9.219544457292887	0.0	11
326	7320	4751	7314	4744	7314	4744	9.219544457292887	9.219544457292887	0.0	11
326	7320	4751	7314	4744	7314	4744	9.219544457292887	9.219544457292887	0.0	11
326	7320	4751	7314	4744	7314	4744	9.219544457292887	9.219544457292887	0.0	11
326	7320	4751	7314	4744	7314	4744	9.219544457292887	9.219544457292887	0.0	11
326	7320	4751	7314	4744	7314	4744	9.219544457292887	9.219544457292887	0.0	11
327	7314	4744	7309	4739	7309	4739	7.0710678118654755	7.0710678118654755	0.0	8
327	7314	4744	7309	4739	7309	4739	7.0710678118654755	7.0710678118654755	0.0	8
327	7314	4744	7309	4739	7309	4739	7.0710678118654755	7.0710678118654755	0.0	8
327	7314	4744	7309	4739	7309	4739	7.0710678118654755	7.0710678118654755	0.0	8
327	7314	4744	7309	4739	7309	4739	7.0710678118654755	7.0710678118654755	0.0	8
327	7314	4744	7309	4739	7309	4739	7.0710678118654755	7.0710678118654755	0.0	8
327	7314	4744	7309	4739	7309	4739	7.0710678118654755	7.0710678118654755	0.0	8
327	7314	4744	7309	4739	7309	4739	7.0710678118654755	7.0710678118654755	0.0	8
327	7314	4744	7309	4739	7309	4739	7.0710678118654755	7.0710678118654755	0.0	8
328	7309	4739	7306	4736	7306	4736	4.242640687119285	4.242640687119285	0.0	5
328	7309	4739	7306	4736	7306	4736	4.242640687119285	4.242640687119285	0.0	5
328	7309	4739	7306	4736	7306	4736	4.242640687119285	4.242640687119285	0.0	5
328	7309	4739	7306	4736	7306	4736	4.242640687119285	4.242640687119285	0.0	5
328	7309	4739	7306	4736	7306	4736	4.242640687119285	4.242640687119285	0.0	5
328	7309	4739	7306	4736	7306	4736	4.242640687119285	4.242640687119285	0.0	5
328	7309	4739	7306	4736	7306	4736	4.242640687119285	4.242640687119285	0.0	5
328	7309	4739	7306	4736	7306	4736	4.242640687119285	4.242640687119285	0.0	5
328	7309	4739	7306	4736	7306	4736	4.242640687119285	4.242640687119285	0.0	5
329	7306	4736	7305	4735	7305	4735	1.4142135623730951	1.4142135623730951	0.0	3
329	7306	4736	7305	4735	7305	4735	1.4142135623730951	1.4142135623730951	0.0	3
329	7306	4736	7305	4735	7305	4735	1.4142135623730951	1.4142135623730951	0.0	3
329	7306	4736	7305	4735	7305	4735	1.4142135623730951	1.4142135623730951	0.0	3
329	7306	4736	7305	4735	7305	4735	1.4142135623730951	1.4142135623730951	0.0	3
329	7306	4736	7305	4735	7305	4735	1.4142135623730951	1.4142135623730951	0.0	3
329	7306	4736	7305	4735	7305	4735	1.4142135623730951	1.4142135623730951	0.0	3
329	7306	4736	7305	4735	7305	4735	1.4142135623730951	1.4142135623730951	0.0	3
329	7306	4736	7305	4735	7305	4735	1.4142135623730951	1.4142135623730951	0.0	3
350	7305	4735	7303	4733	7303	4733	2.8284271247461903	2.8284271247461903	0.0	1
350	7305	4735	7303	4733	7303	4733	2.8284271247461903	2.8284271247461903	0.0	1
350	7305	4735	7303	4733	7303	4733	2.8284271247461903	2.8284271247461903	0.0	1
350	7305	4735	7303	4733	7303	4733	2.8284271247461903	2.8284271247461903	0.0	1
350	7305	4735	7303	4733	7303	4733	2.8284271247461903	2.8284271247461903	0.0	1
350	7305	4735	7303	4733	7303	4733	2.8284271247461903	2.8284271247461903	0.0	1
350	7305	4735	7303	4733	7303	4733	2.8284271247461903	2.8284271247461903	0.0	1
350	7305	4735	7303	4733	7303	4733	2.8284271247461903	2.8284271247461903	0.0	1
350	7305	4735	7303	4733	7303	4733	2.8284271247461903	2.8284271247461903	0.0	1
351	7303	4733	7299	4731	7299	4731	4.47213595499958	4.47213595499958	0.0	3
351	7303	4733	7299	4731	7299	4731	4.47213595499958	4.47213595499958	0.0	3
351	7303	4733	7299	4731	7299	4731	4.47213595499958	4.47213595499958	0.0	3
351	7303	4733	7299	4731	7299	4731	4.47213595499958	4.47213595499958	0.0	3
351	7303	4733	7299	4731	7299	4731	4.47213595499958	4.47213595499958	0.0	3
351	7303	4733	7299	4731	7299	4731	4.47213595499958	4.47213595499958	0.0	3
351	7303	4733	7299	4731	7299	4731	4.47213595499958	4.47213595499958	0.0	3
351	7303	4733	7299	4731	7299	4731	4.47213595499958	4.47213595499958	0.0	3
351	7303	4733	7299	4731	7299	4731	4.47213595499958	4.47213595499958	0.0	3
352	7299	4731	7294	4727	7294	4727	6.4031242374328485	6.4031242374328485	0.0	5
352	7299	4731	7294	4727	7294	4727	6.4031242374328485	6.4031242374328485	0.0	5
352	7299	4731	7294	4727	7294	4727	6.4031242374328485	6.4031242374328485	0.0	5
352	7299	4731	7294	4727	7294	4727	6.4031242374328485	6.4031242374328485	0.0	5
352	7299	4731	7294	4727	7294	4727	6.4031242374328485	6.4031242374328485	0.0	5
352	7299	4731	7294	4727	7294	4727	6.4031242374328485	6.4031242374328485	0.0	5
352	7299	4731	7294	4727	7294	4727	6.4031242374328485	6.4031242374328485	0.0	5
352	7299	4731	7294	4727	7294	4727	6.4031242374328485	6.4031242374328485	0.0	5
352	7299	4731	7294	4727	7294	4727	6.4031242374328485	6.4031242374328485	0.0	5
353	7294	4727	7288	4723	7288	4723	7.211102550927978	7.211102550927978	0.0	7
353	7294	4727	7288	4723	7288	4723	7.211102550927978	7.211102550927978	0.0	7
353	7294	4727	7288	4723	7288	4723	7.211102550927978	7.211102550927978	0.0	7
353	7294	4727	7288	4723	7288	4723	7.211102550927978	7.211102550927978	0.0	7
353	7294	4727	7288	4723	7288	4723	7.211102550927978	7.211102550927978	0.0	7
353	7294	4727	7288	4723	7288	4723	7.211102550927978	7.211102550927978	0.0	7
353	7294	4727	7288	4723	7288	4723	7.211102550927978	7.211102550927978	0.0	7
353	7294	4727	7288	4723	7288	4723	7.211102550927978	7.211102550927978	0.0	7
353	7294	4727	7288	4723	7288	4723	7.211102550927978	7.211102550927978	0.0	7
354	7288	4723	7279	4717	7279	4717	10.816653826391969	10.816653826391969	0.0	8
354	7288	4723	7279	4717	7279	4717	10.816653826391969	10.816653826391969	0.0	8
354	7288	4723	7279	4717	7279	4717	10.816653826391969	10.816653826391969	0.0	8
354	7288	4723	7279	4717	7279	4717	10.816653826391969	10.816653826391969	0.0	8
354	7288	4723	7279	4717	7279	4717	10.816653826391969	10.816653826391969	0.0	8
354	7288	4723	7279	4717	7279	4717	10.816653826391969	10.816653826391969	0.0	8
354	7288	4723	7279	4717	7279	4717	10.816653826391969	10.816653826391969	0.0	8
354	7288	4723	7279	4717	7279	4717	10.816653826391969	10.816653826391969	0.0	8
354	7288	4723	7279	4717	7279	4717	10.816653826391969	10.816653826391969	0.0	8
355	7279	4717	7270	4711	7270	4711	10.816653826391969	10.816653826391969	0.0	10
355	7279	4717	7270	4711	7270	4711	10.816653826391969	10.816653826391969	0.0	10
355	7279	4717	7270	4711	7270	4711	10.816653826391969	10.816653826391969	0.0	10
355	7279	4717	7270	4711	7270	4711	10.816653826391969	10.816653826391969	0.0	10
355	7279	4717	7270	4711	7270	4711	10.816653826391969	10.816653826391969	0.0	10
355	7279	4717	7270	4711	7270	4711	10.816653826391969	10.816653826391969	0.0	10
355	7279	4717	7270	4711	7270	4711	10.816653826391969	10.816653826391969	0.0	10
355	7279	4717	7270	4711	7270	4711	10.816653826391969	10.816653826391969	0.0	10
355	7279	4717	7270	4711	7270	4711	10.816653826391969	10.816653826391969	0.0	10
356	7270	4711	7259	4703	7259	4703	13.601470508735444	13.601470508735444	0.0	12
356	7270	4711	7259	4703	7259	4703	13.601470508735444	13.601470508735444	0.0	12
356	7270	4711	7259	4703	7259	4703	13.601470508735444	13.601470508735444	0.0	12
356	7270	4711	7259	4703	7259	4703	13.601470508735444	13.601470508735444	0.0	12
356	7270	4711	7259	4703	7259	4703	13.601470508735444	13.601470508735444	0.0	12
356	7270	4711	7259	4703	7259	4703	13.601470508735444	13.601470508735444	0.0	12
356	7270	4711	7259	4703	7259	4703	13.601470508735444	13.601470508735444	0.0	12
356	7270	4711	7259	4703	7259	4703	13.601470508735444	13.601470508735444	0.0	12
356	7270	4711	7259	4703	7259	4703	13.601470508735444	13.601470508735444	0.0	12
387	6976	4594	6976	4592	6976	4592	2.0	2.0	0.0	3
387	6976	4594	6976	4592	6976	4592	2.0	2.0	0.0	3
387	6976	4594	6976	4592	6976	4592	2.0	2.0	0.0	3
387	6976	4594	6976	4592	6976	4592	2.0	2.0	0.0	3
387	6976	4594	6976	4592	6976	4592	2.0	2.0	0.0	3
387	6976	4594	6976	4592	6976	4592	2.0	2.0	0.0	3
387	6976	4594	6976	4592	6976	4592	2.0	2.0	0.0	3
387	6976	4594	6976	4592	6976	4592	2.0	2.0	0.0	3
387	6976	4594	6976	4592	6976	4592	2.0	2.0	0.0	3
388	6976	4592	6976	4591	6976	4591	1.0	1.0	0.0	1
388	6976	4592	6976	4591	6976	4591	1.0	1.0	0.0	1
388	6976	4592	6976	4591	6976	4591	1.0	1.0	0.0	1
388	6976	4592	6976	4591	6976	4591	1.0	1.0	0.0	1
388	6976	4592	6976	4591	6976	4591	1.0	1.0	0.0	1
388	6976	4592	6976	4591	6976	4591	1.0	1.0	0.0	1
388	6976	4592	6976	4591	6976	4591	1.0	1.0	0.0	1
388	6976	4592	6976	4591	6976	4591	1.0	1.0	0.0	1
388	6976	4592	6976	4591	6976	4591	1.0	1.0	0.0	1
414	6976	4588	6976	4585	6976	4585	3.0	3.0	0.0	2
414	6976	4588	6976	4585	6976	4585	3.0	3.0	0.0	2
414	6976	4588	6976	4585	6976	4585	3.0	3.0	0.0	2
414	6976	4588	6976	4585	6976	4585	3.0	3.0	0.0	2
414	6976	4588	6976	4585	6976	4585	3.0	3.0	0.0	2
414	6976	4588	6976	4585	6976	4585	3.0	3.0	0.0	2
414	6976	4588	6976	4585	6976	4585	3.0	3.0	0.0	2
414	6976	4588	6976	4585	6976	4585	3.0	3.0	0.0	2
414	6976	4588	6976	4585	6976	4585	3.0	3.0	0.0	2
415	6976	4585	6979	4580	6979	4580	5.830951894845301	5.830951894845301	0.0	4
415	6976	4585	6979	4580	6979	4580	5.830951894845301	5.830951894845301	0.0	4
415	6976	4585	6979	4580	6979	4580	5.830951894845301	5.830951894845301	0.0	4
415	6976	4585	6979	4580	6979	4580	5.830951894845301	5.830951894845301	0.0	4
415	6976	4585	6979	4580	6979	4580	5.830951894845301	5.830951894845301	0.0	4
415	6976	4585	6979	4580	6979	4580	5.830951894845301	5.830951894845301	0.0	4
415	6976	4585	6979	4580	6979	4580	5.830951894845301	5.830951894845301	0.0	4
415	6976	4585	6979	4580	6979	4580	5.830951894845301	5.830951894845301	0.0	4
415	6976	4585	6979	4580	6979	4580	5.830951894845301	5.830951894845301	0.0	4
416	6979	4580	6986	4579	6986	4579	7.0710678118654755	7.0710678118654755	0.0	6
416	6979	4580	6986	4579	6986	4579	7.0710678118654755	7.0710678118654755	0.0	6
416	6979	4580	6986	4579	6986	4579	7.0710678118654755	7.0710678118654755	0.0	6
416	6979	4580	6986	4579	6986	4579	7.0710678118654755	7.0710678118654755	0.0	6
416	6979	4580	6986	4579	6986	4579	7.0710678118654755	7.0710678118654755	0.0	6
416	6979	4580	6986	4579	6986	4579	7.0710678118654755	7.0710678118654755	0.0	6
416	6979	4580	6986	4579	6986	4579	7.0710678118654755	7.0710678118654755	0.0	6
416	6979	4580	6986	4579	6986	4579	7.0710678118654755	7.0710678118654755	0.0	6
416	6979	4580	6986	4579	6986	4579	7.0710678118654755	7.0710678118654755	0.0	6
417	6986	4579	6995	4578	6995	4578	9.055385138137417	9.055385138137417	0.0	8
417	6986	4579	6995	4578	6995	4578	9.055385138137417	9.055385138137417	0.0	8
417	6986	4579	6995	4578	6995	4578	9.055385138137417	9.055385138137417	0.0	8
417	6986	4579	6995	4578	6995	4578	9.055385138137417	9.055385138137417	0.0	8
417	6986	4579	6995	4578	6995	4578	9.055385138137417	9.055385138137417	0.0	8
417	6986	4579	6995	4578	6995	4578	9.055385138137417	9.055385138137417	0.0	8
417	6986	4579	6995	4578	6995	4578	9.055385138137417	9.055385138137417	0.0	8
417	6986	4579	6995	4578	6995	4578	9.055385138137417	9.055385138137417	0.0	8
417	6986	4579	6995	4578	6995	4578	9.055385138137417	9.055385138137417	0.0	8
418	6995	4578	7007	4576	7007	4576	12.165525060596439	12.165525060596439	0.0	10
418	6995	4578	7007	4576	7007	4576	12.165525060596439	12.165525060596439	0.0	10
418	6995	4578	7007	4576	7007	4576	12.165525060596439	12.165525060596439	0.0	10
418	6995	4578	7007	4576	7007	4576	12.165525060596439	12.165525060596439	0.0	10
418	6995	4578	7007	4576	7007	4576	12.165525060596439	12.165525060596439	0.0	10
418	6995	4578	7007	4576	7007	4576	12.165525060596439	12.165525060596439	0.0	10
418	6995	4578	7007	4576	7007	4576	12.165525060596439	12.165525060596439	0.0	10
418	6995	4578	7007	4576	7007	4576	12.165525060596439	12.165525060596439	0.0	10
418	6995	4578	7007	4576	7007	4576	12.165525060596439	12.165525060596439	0.0	10
419	7007	4576	7019	4572	7019	4572	12.649110640673518	12.649110640673518	0.0	11
419	7007	4576	7019	4572	7019	4572	12.649110640673518	12.649110640673518	0.0	11
419	7007	4576	7019	4572	7019	4572	12.649110640673518	12.649110640673518	0.0	11
419	7007	4576	7019	4572	7019	4572	12.649110640673518	12.649110640673518	0.0	11
419	7007	4576	7019	4572	7019	4572	12.649110640673518	12.649110640673518	0.0	11
419	7007	4576	7019	4572	7019	4572	12.649110640673518	12.649110640673518	0.0	11
419	7007	4576	7019	4572	7019	4572	12.649110640673518	12.649110640673518	0.0	11
419	7007	4576	7019	4572	7019	4572	12.649110640673518	12.649110640673518	0.0	11
419	7007	4576	7019	4572	7019	4572	12.649110640673518	12.649110640673518	0.0	11
420	7019	4572	7029	4564	7029	4564	12.806248474865697	12.806248474865697	0.0	12
420	7019	4572	7029	4564	7029	4564	12.806248474865697	12.806248474865697	0.0	12
420	7019	4572	7029	4564	7029	4564	12.806248474865697	12.806248474865697	0.0	12
420	7019	4572	7029	4564	7029	4564	12.806248474865697	12.806248474865697	0.0	12
420	7019	4572	7029	4564	7029	4564	12.806248474865697	12.806248474865697	0.0	12
420	7019	4572	7029	4564	7029	4564	12.806248474865697	12.806248474865697	0.0	12
420	7019	4572	7029	4564	7029	4564	12.806248474865697	12.806248474865697	0.0	12
420	7019	4572	7029	4564	7029	4564	12.806248474865697	12.806248474865697	0.0	12
420	7019	4572	7029	4564	7029	4564	12.806248474865697	12.806248474865697	0.0	12
421	7029	4564	7034	4552	7034	4552	13.0	13.0	0.0	12
421	7029	4564	7034	4552	7034	4552	13.0	13.0	0.0	12
421	7029	4564	7034	4552	7034	4552	13.0	13.0	0.0	12
421	7029	4564	7034	4552	7034	4552	13.0	13.0	0.0	12
421	7029	4564	7034	4552	7034	4552	13.0	13.0	0.0	12
421	7029	4564	7034	4552	7034	4552	13.0	13.0	0.0	12
421	7029	4564	7034	4552	7034	4552	13.0	13.0	0.0	12
421	7029	4564	7034	4552	7034	4552	13.0	13.0	0.0	12
421	7029	4564	7034	4552	7034	4552	13.0	13.0	0.0	12
422	7034	4552	7033	4540	7033	4540	12.041594578792296	12.041594578792296	0.0	12
422	7034	4552	7033	4540	7033	4540	12.041594578792296	12.041594578792296	0.0	12
422	7034	4552	7033	4540	7033	4540	12.041594578792296	12.041594578792296	0.0	12
422	7034	4552	7033	4540	7033	4540	12.041594578792296	12.041594578792296	0.0	12
422	7034	4552	7033	4540	7033	4540	12.041594578792296	12.041594578792296	0.0	12
422	7034	4552	7033	4540	7033	4540	12.041594578792296	12.041594578792296	0.0	12
422	7034	4552	7033	4540	7033	4540	12.041594578792296	12.041594578792296	0.0	12
422	7034	4552	7033	4540	7033	4540	12.041594578792296	12.041594578792296	0.0	12
422	7034	4552	7033	4540	7033	4540	12.041594578792296	12.041594578792296	0.0	12
423	7033	4540	7033	4533	7033	4533	7.0	7.0	0.0	9
423	7033	4540	7033	4533	7033	4533	7.0	7.0	0.0	9
423	7033	4540	7033	4533	7033	4533	7.0	7.0	0.0	9
423	7033	4540	7033	4533	7033	4533	7.0	7.0	0.0	9
423	7033	4540	7033	4533	7033	4533	7.0	7.0	0.0	9
423	7033	4540	7033	4533	7033	4533	7.0	7.0	0.0	9
423	7033	4540	7033	4533	7033	4533	7.0	7.0	0.0	9
423	7033	4540	7033	4533	7033	4533	7.0	7.0	0.0	9
423	7033	4540	7033	4533	7033	4533	7.0	7.0	0.0	9
424	7033	4533	7033	4527	7033	4527	6.0	6.0	0.0	6
424	7033	4533	7033	4527	7033	4527	6.0	6.0	0.0	6
424	7033	4533	7033	4527	7033	4527	6.0	6.0	0.0	6
424	7033	4533	7033	4527	7033	4527	6.0	6.0	0.0	6
424	7033	4533	7033	4527	7033	4527	6.0	6.0	0.0	6
424	7033	4533	7033	4527	7033	4527	6.0	6.0	0.0	6
424	7033	4533	7033	4527	7033	4527	6.0	6.0	0.0	6
424	7033	4533	7033	4527	7033	4527	6.0	6.0	0.0	6
424	7033	4533	7033	4527	7033	4527	6.0	6.0	0.0	6
425	7033	4527	7033	4525	7033	4525	2.0	2.0	0.0	4
425	7033	4527	7033	4525	7033	4525	2.0	2.0	0.0	4
425	7033	4527	7033	4525	7033	4525	2.0	2.0	0.0	4
425	7033	4527	7033	4525	7033	4525	2.0	2.0	0.0	4
425	7033	4527	7033	4525	7033	4525	2.0	2.0	0.0	4
425	7033	4527	7033	4525	7033	4525	2.0	2.0	0.0	4
425	7033	4527	7033	4525	7033	4525	2.0	2.0	0.0	4
425	7033	4527	7033	4525	7033	4525	2.0	2.0	0.0	4
425	7033	4527	7033	4525	7033	4525	2.0	2.0	0.0	4
426	7033	4525	7033	4524	7033	4524	1.0	1.0	0.0	1
426	7033	4525	7033	4524	7033	4524	1.0	1.0	0.0	1
426	7033	4525	7033	4524	7033	4524	1.0	1.0	0.0	1
426	7033	4525	7033	4524	7033	4524	1.0	1.0	0.0	1
426	7033	4525	7033	4524	7033	4524	1.0	1.0	0.0	1
426	7033	4525	7033	4524	7033	4524	1.0	1.0	0.0	1
426	7033	4525	7033	4524	7033	4524	1.0	1.0	0.0	1
426	7033	4525	7033	4524	7033	4524	1.0	1.0	0.0	1
426	7033	4525	7033	4524	7033	4524	1.0	1.0	0.0	1
447	7033	4523	7029	4518	7029	4518	6.4031242374328485	6.4031242374328485	0.0	2
447	7033	4523	7029	4518	7029	4518	6.4031242374328485	6.4031242374328485	0.0	2
447	7033	4523	7029	4518	7029	4518	6.4031242374328485	6.4031242374328485	0.0	2
447	7033	4523	7029	4518	7029	4518	6.4031242374328485	6.4031242374328485	0.0	2
447	7033	4523	7029	4518	7029	4518	6.4031242374328485	6.4031242374328485	0.0	2
447	7033	4523	7029	4518	7029	4518	6.4031242374328485	6.4031242374328485	0.0	2
447	7033	4523	7029	4518	7029	4518	6.4031242374328485	6.4031242374328485	0.0	2
447	7033	4523	7029	4518	7029	4518	6.4031242374328485	6.4031242374328485	0.0	2
447	7033	4523	7029	4518	7029	4518	6.4031242374328485	6.4031242374328485	0.0	2
448	7029	4518	7029	4512	7029	4512	6.0	6.0	0.0	4
448	7029	4518	7029	4512	7029	4512	6.0	6.0	0.0	4
448	7029	4518	7029	4512	7029	4512	6.0	6.0	0.0	4
448	7029	4518	7029	4512	7029	4512	6.0	6.0	0.0	4
448	7029	4518	7029	4512	7029	4512	6.0	6.0	0.0	4
448	7029	4518	7029	4512	7029	4512	6.0	6.0	0.0	4
448	7029	4518	7029	4512	7029	4512	6.0	6.0	0.0	4
448	7029	4518	7029	4512	7029	4512	6.0	6.0	0.0	4
448	7029	4518	7029	4512	7029	4512	6.0	6.0	0.0	4
449	7029	4512	7029	4504	7029	4504	8.0	8.0	0.0	6
449	7029	4512	7029	4504	7029	4504	8.0	8.0	0.0	6
449	7029	4512	7029	4504	7029	4504	8.0	8.0	0.0	6
449	7029	4512	7029	4504	7029	4504	8.0	8.0	0.0	6
449	7029	4512	7029	4504	7029	4504	8.0	8.0	0.0	6
449	7029	4512	7029	4504	7029	4504	8.0	8.0	0.0	6
449	7029	4512	7029	4504	7029	4504	8.0	8.0	0.0	6
449	7029	4512	7029	4504	7029	4504	8.0	8.0	0.0	6
449	7029	4512	7029	4504	7029	4504	8.0	8.0	0.0	6
450	7029	4504	7028	4494	7028	4494	10.04987562112089	10.04987562112089	0.0	8
450	7029	4504	7028	4494	7028	4494	10.04987562112089	10.04987562112089	0.0	8
450	7029	4504	7028	4494	7028	4494	10.04987562112089	10.04987562112089	0.0	8
450	7029	4504	7028	4494	7028	4494	10.04987562112089	10.04987562112089	0.0	8
450	7029	4504	7028	4494	7028	4494	10.04987562112089	10.04987562112089	0.0	8
450	7029	4504	7028	4494	7028	4494	10.04987562112089	10.04987562112089	0.0	8
450	7029	4504	7028	4494	7028	4494	10.04987562112089	10.04987562112089	0.0	8
450	7029	4504	7028	4494	7028	4494	10.04987562112089	10.04987562112089	0.0	8
450	7029	4504	7028	4494	7028	4494	10.04987562112089	10.04987562112089	0.0	8
451	7028	4494	7027	4483	7027	4483	11.045361017187261	11.045361017187261	0.0	10
451	7028	4494	7027	4483	7027	4483	11.045361017187261	11.045361017187261	0.0	10
451	7028	4494	7027	4483	7027	4483	11.045361017187261	11.045361017187261	0.0	10
451	7028	4494	7027	4483	7027	4483	11.045361017187261	11.045361017187261	0.0	10
451	7028	4494	7027	4483	7027	4483	11.045361017187261	11.045361017187261	0.0	10
451	7028	4494	7027	4483	7027	4483	11.045361017187261	11.045361017187261	0.0	10
451	7028	4494	7027	4483	7027	4483	11.045361017187261	11.045361017187261	0.0	10
451	7028	4494	7027	4483	7027	4483	11.045361017187261	11.045361017187261	0.0	10
451	7028	4494	7027	4483	7027	4483	11.045361017187261	11.045361017187261	0.0	10
452	7027	4483	7026	4470	7026	4470	13.038404810405298	13.038404810405298	0.0	12
452	7027	4483	7026	4470	7026	4470	13.038404810405298	13.038404810405298	0.0	12
452	7027	4483	7026	4470	7026	4470	13.038404810405298	13.038404810405298	0.0	12
452	7027	4483	7026	4470	7026	4470	13.038404810405298	13.038404810405298	0.0	12
452	7027	4483	7026	4470	7026	4470	13.038404810405298	13.038404810405298	0.0	12
452	7027	4483	7026	4470	7026	4470	13.038404810405298	13.038404810405298	0.0	12
452	7027	4483	7026	4470	7026	4470	13.038404810405298	13.038404810405298	0.0	12
452	7027	4483	7026	4470	7026	4470	13.038404810405298	13.038404810405298	0.0	12
452	7027	4483	7026	4470	7026	4470	13.038404810405298	13.038404810405298	0.0	12
453	7026	4470	7026	4457	7026	4457	13.0	13.0	0.0	12
453	7026	4470	7026	4457	7026	4457	13.0	13.0	0.0	12
453	7026	4470	7026	4457	7026	4457	13.0	13.0	0.0	12
453	7026	4470	7026	4457	7026	4457	13.0	13.0	0.0	12
453	7026	4470	7026	4457	7026	4457	13.0	13.0	0.0	12
453	7026	4470	7026	4457	7026	4457	13.0	13.0	0.0	12
453	7026	4470	7026	4457	7026	4457	13.0	13.0	0.0	12
453	7026	4470	7026	4457	7026	4457	13.0	13.0	0.0	12
453	7026	4470	7026	4457	7026	4457	13.0	13.0	0.0	12
454	7026	4457	7025	4444	7025	4444	13.038404810405298	13.038404810405298	0.0	12
454	7026	4457	7025	4444	7025	4444	13.038404810405298	13.038404810405298	0.0	12
454	7026	4457	7025	4444	7025	4444	13.038404810405298	13.038404810405298	0.0	12
454	7026	4457	7025	4444	7025	4444	13.038404810405298	13.038404810405298	0.0	12
454	7026	4457	7025	4444	7025	4444	13.038404810405298	13.038404810405298	0.0	12
454	7026	4457	7025	4444	7025	4444	13.038404810405298	13.038404810405298	0.0	12
454	7026	4457	7025	4444	7025	4444	13.038404810405298	13.038404810405298	0.0	12
454	7026	4457	7025	4444	7025	4444	13.038404810405298	13.038404810405298	0.0	12
454	7026	4457	7025	4444	7025	4444	13.038404810405298	13.038404810405298	0.0	12
523	6993	4746	6998	4758	6998	4758	13.0	13.0	0.0	12
523	6993	4746	6998	4758	6998	4758	13.0	13.0	0.0	12
523	6993	4746	6998	4758	6998	4758	13.0	13.0	0.0	12
523	6993	4746	6998	4758	6998	4758	13.0	13.0	0.0	12
523	6993	4746	6998	4758	6998	4758	13.0	13.0	0.0	12
523	6993	4746	6998	4758	6998	4758	13.0	13.0	0.0	12
523	6993	4746	6998	4758	6998	4758	13.0	13.0	0.0	12
523	6993	4746	6998	4758	6998	4758	13.0	13.0	0.0	12
523	6993	4746	6998	4758	6998	4758	13.0	13.0	0.0	12
524	6998	4758	7003	4770	7003	4770	13.0	13.0	0.0	12
524	6998	4758	7003	4770	7003	4770	13.0	13.0	0.0	12
524	6998	4758	7003	4770	7003	4770	13.0	13.0	0.0	12
524	6998	4758	7003	4770	7003	4770	13.0	13.0	0.0	12
524	6998	4758	7003	4770	7003	4770	13.0	13.0	0.0	12
524	6998	4758	7003	4770	7003	4770	13.0	13.0	0.0	12
524	6998	4758	7003	4770	7003	4770	13.0	13.0	0.0	12
524	6998	4758	7003	4770	7003	4770	13.0	13.0	0.0	12
524	6998	4758	7003	4770	7003	4770	13.0	13.0	0.0	12
525	7003	4770	7008	4782	7008	4782	13.0	13.0	0.0	12
525	7003	4770	7008	4782	7008	4782	13.0	13.0	0.0	12
525	7003	4770	7008	4782	7008	4782	13.0	13.0	0.0	12
525	7003	4770	7008	4782	7008	4782	13.0	13.0	0.0	12
525	7003	4770	7008	4782	7008	4782	13.0	13.0	0.0	12
525	7003	4770	7008	4782	7008	4782	13.0	13.0	0.0	12
525	7003	4770	7008	4782	7008	4782	13.0	13.0	0.0	12
525	7003	4770	7008	4782	7008	4782	13.0	13.0	0.0	12
525	7003	4770	7008	4782	7008	4782	13.0	13.0	0.0	12
526	7008	4782	7013	4794	7013	4794	13.0	13.0	0.0	12
526	7008	4782	7013	4794	7013	4794	13.0	13.0	0.0	12
526	7008	4782	7013	4794	7013	4794	13.0	13.0	0.0	12
526	7008	4782	7013	4794	7013	4794	13.0	13.0	0.0	12
526	7008	4782	7013	4794	7013	4794	13.0	13.0	0.0	12
526	7008	4782	7013	4794	7013	4794	13.0	13.0	0.0	12
526	7008	4782	7013	4794	7013	4794	13.0	13.0	0.0	12
526	7008	4782	7013	4794	7013	4794	13.0	13.0	0.0	12
526	7008	4782	7013	4794	7013	4794	13.0	13.0	0.0	12
527	7013	4794	7018	4806	7018	4806	13.0	13.0	0.0	12
527	7013	4794	7018	4806	7018	4806	13.0	13.0	0.0	12
527	7013	4794	7018	4806	7018	4806	13.0	13.0	0.0	12
527	7013	4794	7018	4806	7018	4806	13.0	13.0	0.0	12
527	7013	4794	7018	4806	7018	4806	13.0	13.0	0.0	12
527	7013	4794	7018	4806	7018	4806	13.0	13.0	0.0	12
527	7013	4794	7018	4806	7018	4806	13.0	13.0	0.0	12
527	7013	4794	7018	4806	7018	4806	13.0	13.0	0.0	12
527	7013	4794	7018	4806	7018	4806	13.0	13.0	0.0	12
528	7018	4806	7023	4818	7023	4818	13.0	13.0	0.0	12
528	7018	4806	7023	4818	7023	4818	13.0	13.0	0.0	12
528	7018	4806	7023	4818	7023	4818	13.0	13.0	0.0	12
528	7018	4806	7023	4818	7023	4818	13.0	13.0	0.0	12
528	7018	4806	7023	4818	7023	4818	13.0	13.0	0.0	12
528	7018	4806	7023	4818	7023	4818	13.0	13.0	0.0	12
528	7018	4806	7023	4818	7023	4818	13.0	13.0	0.0	12
528	7018	4806	7023	4818	7023	4818	13.0	13.0	0.0	12
528	7018	4806	7023	4818	7023	4818	13.0	13.0	0.0	12
529	7023	4818	7027	4830	7027	4830	12.649110640673518	12.649110640673518	0.0	12
529	7023	4818	7027	4830	7027	4830	12.649110640673518	12.649110640673518	0.0	12
529	7023	4818	7027	4830	7027	4830	12.649110640673518	12.649110640673518	0.0	12
529	7023	4818	7027	4830	7027	4830	12.649110640673518	12.649110640673518	0.0	12
529	7023	4818	7027	4830	7027	4830	12.649110640673518	12.649110640673518	0.0	12
529	7023	4818	7027	4830	7027	4830	12.649110640673518	12.649110640673518	0.0	12
529	7023	4818	7027	4830	7027	4830	12.649110640673518	12.649110640673518	0.0	12
529	7023	4818	7027	4830	7027	4830	12.649110640673518	12.649110640673518	0.0	12
529	7023	4818	7027	4830	7027	4830	12.649110640673518	12.649110640673518	0.0	12
530	7027	4830	7032	4842	7032	4842	13.0	13.0	0.0	12
530	7027	4830	7032	4842	7032	4842	13.0	13.0	0.0	12
530	7027	4830	7032	4842	7032	4842	13.0	13.0	0.0	12
530	7027	4830	7032	4842	7032	4842	13.0	13.0	0.0	12
530	7027	4830	7032	4842	7032	4842	13.0	13.0	0.0	12
530	7027	4830	7032	4842	7032	4842	13.0	13.0	0.0	12
530	7027	4830	7032	4842	7032	4842	13.0	13.0	0.0	12
530	7027	4830	7032	4842	7032	4842	13.0	13.0	0.0	12
530	7027	4830	7032	4842	7032	4842	13.0	13.0	0.0	12
531	7032	4842	7037	4854	7037	4854	13.0	13.0	0.0	12
531	7032	4842	7037	4854	7037	4854	13.0	13.0	0.0	12
531	7032	4842	7037	4854	7037	4854	13.0	13.0	0.0	12
531	7032	4842	7037	4854	7037	4854	13.0	13.0	0.0	12
531	7032	4842	7037	4854	7037	4854	13.0	13.0	0.0	12
531	7032	4842	7037	4854	7037	4854	13.0	13.0	0.0	12
531	7032	4842	7037	4854	7037	4854	13.0	13.0	0.0	12
531	7032	4842	7037	4854	7037	4854	13.0	13.0	0.0	12
531	7032	4842	7037	4854	7037	4854	13.0	13.0	0.0	12
532	7037	4854	7042	4866	7042	4866	13.0	13.0	0.0	12
532	7037	4854	7042	4866	7042	4866	13.0	13.0	0.0	12
532	7037	4854	7042	4866	7042	4866	13.0	13.0	0.0	12
532	7037	4854	7042	4866	7042	4866	13.0	13.0	0.0	12
532	7037	4854	7042	4866	7042	4866	13.0	13.0	0.0	12
532	7037	4854	7042	4866	7042	4866	13.0	13.0	0.0	12
532	7037	4854	7042	4866	7042	4866	13.0	13.0	0.0	12
532	7037	4854	7042	4866	7042	4866	13.0	13.0	0.0	12
532	7037	4854	7042	4866	7042	4866	13.0	13.0	0.0	12
533	7042	4866	7047	4878	7047	4878	13.0	13.0	0.0	12
533	7042	4866	7047	4878	7047	4878	13.0	13.0	0.0	12
533	7042	4866	7047	4878	7047	4878	13.0	13.0	0.0	12
533	7042	4866	7047	4878	7047	4878	13.0	13.0	0.0	12
533	7042	4866	7047	4878	7047	4878	13.0	13.0	0.0	12
533	7042	4866	7047	4878	7047	4878	13.0	13.0	0.0	12
533	7042	4866	7047	4878	7047	4878	13.0	13.0	0.0	12
533	7042	4866	7047	4878	7047	4878	13.0	13.0	0.0	12
533	7042	4866	7047	4878	7047	4878	13.0	13.0	0.0	12
534	7047	4878	7049	4891	7049	4891	13.152946437965905	13.152946437965905	0.0	12
534	7047	4878	7049	4891	7049	4891	13.152946437965905	13.152946437965905	0.0	12
534	7047	4878	7049	4891	7049	4891	13.152946437965905	13.152946437965905	0.0	12
534	7047	4878	7049	4891	7049	4891	13.152946437965905	13.152946437965905	0.0	12
534	7047	4878	7049	4891	7049	4891	13.152946437965905	13.152946437965905	0.0	12
534	7047	4878	7049	4891	7049	4891	13.152946437965905	13.152946437965905	0.0	12
534	7047	4878	7049	4891	7049	4891	13.152946437965905	13.152946437965905	0.0	12
534	7047	4878	7049	4891	7049	4891	13.152946437965905	13.152946437965905	0.0	12
534	7047	4878	7049	4891	7049	4891	13.152946437965905	13.152946437965905	0.0	12
689	7472	5433	7486	5434	7486	5434	14.035668847618199	14.035668847618199	0.0	12
689	7472	5433	7486	5434	7486	5434	14.035668847618199	14.035668847618199	0.0	12
689	7472	5433	7486	5434	7486	5434	14.035668847618199	14.035668847618199	0.0	12
689	7472	5433	7486	5434	7486	5434	14.035668847618199	14.035668847618199	0.0	12
689	7472	5433	7486	5434	7486	5434	14.035668847618199	14.035668847618199	0.0	12
689	7472	5433	7486	5434	7486	5434	14.035668847618199	14.035668847618199	0.0	12
689	7472	5433	7486	5434	7486	5434	14.035668847618199	14.035668847618199	0.0	12
689	7472	5433	7486	5434	7486	5434	14.035668847618199	14.035668847618199	0.0	12
689	7472	5433	7486	5434	7486	5434	14.035668847618199	14.035668847618199	0.0	12
690	7486	5434	7501	5434	7501	5434	15.0	15.0	0.0	14
690	7486	5434	7501	5434	7501	5434	15.0	15.0	0.0	14
690	7486	5434	7501	5434	7501	5434	15.0	15.0	0.0	14
690	7486	5434	7501	5434	7501	5434	15.0	15.0	0.0	14
690	7486	5434	7501	5434	7501	5434	15.0	15.0	0.0	14
690	7486	5434	7501	5434	7501	5434	15.0	15.0	0.0	14
690	7486	5434	7501	5434	7501	5434	15.0	15.0	0.0	14
690	7486	5434	7501	5434	7501	5434	15.0	15.0	0.0	14
690	7486	5434	7501	5434	7501	5434	15.0	15.0	0.0	14
691	7501	5434	7515	5429	7515	5429	14.866068747318506	14.866068747318506	0.0	15
691	7501	5434	7515	5429	7515	5429	14.866068747318506	14.866068747318506	0.0	15
691	7501	5434	7515	5429	7515	5429	14.866068747318506	14.866068747318506	0.0	15
691	7501	5434	7515	5429	7515	5429	14.866068747318506	14.866068747318506	0.0	15
691	7501	5434	7515	5429	7515	5429	14.866068747318506	14.866068747318506	0.0	15
691	7501	5434	7515	5429	7515	5429	14.866068747318506	14.866068747318506	0.0	15
691	7501	5434	7515	5429	7515	5429	14.866068747318506	14.866068747318506	0.0	15
691	7501	5434	7515	5429	7515	5429	14.866068747318506	14.866068747318506	0.0	15
691	7501	5434	7515	5429	7515	5429	14.866068747318506	14.866068747318506	0.0	15
692	7515	5429	7525	5423	7525	5423	11.661903789690601	11.661903789690601	0.0	13
692	7515	5429	7525	5423	7525	5423	11.661903789690601	11.661903789690601	0.0	13
692	7515	5429	7525	5423	7525	5423	11.661903789690601	11.661903789690601	0.0	13
692	7515	5429	7525	5423	7525	5423	11.661903789690601	11.661903789690601	0.0	13
692	7515	5429	7525	5423	7525	5423	11.661903789690601	11.661903789690601	0.0	13
692	7515	5429	7525	5423	7525	5423	11.661903789690601	11.661903789690601	0.0	13
692	7515	5429	7525	5423	7525	5423	11.661903789690601	11.661903789690601	0.0	13
692	7515	5429	7525	5423	7525	5423	11.661903789690601	11.661903789690601	0.0	13
692	7515	5429	7525	5423	7525	5423	11.661903789690601	11.661903789690601	0.0	13
693	7525	5423	7532	5418	7532	5418	8.602325267042627	8.602325267042627	0.0	10
693	7525	5423	7532	5418	7532	5418	8.602325267042627	8.602325267042627	0.0	10
693	7525	5423	7532	5418	7532	5418	8.602325267042627	8.602325267042627	0.0	10
693	7525	5423	7532	5418	7532	5418	8.602325267042627	8.602325267042627	0.0	10
693	7525	5423	7532	5418	7532	5418	8.602325267042627	8.602325267042627	0.0	10
693	7525	5423	7532	5418	7532	5418	8.602325267042627	8.602325267042627	0.0	10
693	7525	5423	7532	5418	7532	5418	8.602325267042627	8.602325267042627	0.0	10
693	7525	5423	7532	5418	7532	5418	8.602325267042627	8.602325267042627	0.0	10
693	7525	5423	7532	5418	7532	5418	8.602325267042627	8.602325267042627	0.0	10
694	7532	5418	7537	5415	7537	5415	5.830951894845301	5.830951894845301	0.0	7
694	7532	5418	7537	5415	7537	5415	5.830951894845301	5.830951894845301	0.0	7
694	7532	5418	7537	5415	7537	5415	5.830951894845301	5.830951894845301	0.0	7
694	7532	5418	7537	5415	7537	5415	5.830951894845301	5.830951894845301	0.0	7
694	7532	5418	7537	5415	7537	5415	5.830951894845301	5.830951894845301	0.0	7
694	7532	5418	7537	5415	7537	5415	5.830951894845301	5.830951894845301	0.0	7
694	7532	5418	7537	5415	7537	5415	5.830951894845301	5.830951894845301	0.0	7
694	7532	5418	7537	5415	7537	5415	5.830951894845301	5.830951894845301	0.0	7
694	7532	5418	7537	5415	7537	5415	5.830951894845301	5.830951894845301	0.0	7
695	7537	5415	7540	5413	7540	5413	3.605551275463989	3.605551275463989	0.0	4
695	7537	5415	7540	5413	7540	5413	3.605551275463989	3.605551275463989	0.0	4
695	7537	5415	7540	5413	7540	5413	3.605551275463989	3.605551275463989	0.0	4
695	7537	5415	7540	5413	7540	5413	3.605551275463989	3.605551275463989	0.0	4
695	7537	5415	7540	5413	7540	5413	3.605551275463989	3.605551275463989	0.0	4
695	7537	5415	7540	5413	7540	5413	3.605551275463989	3.605551275463989	0.0	4
695	7537	5415	7540	5413	7540	5413	3.605551275463989	3.605551275463989	0.0	4
695	7537	5415	7540	5413	7540	5413	3.605551275463989	3.605551275463989	0.0	4
695	7537	5415	7540	5413	7540	5413	3.605551275463989	3.605551275463989	0.0	4
696	7540	5413	7541	5413	7541	5413	1.0	1.0	0.0	2
696	7540	5413	7541	5413	7541	5413	1.0	1.0	0.0	2
696	7540	5413	7541	5413	7541	5413	1.0	1.0	0.0	2
696	7540	5413	7541	5413	7541	5413	1.0	1.0	0.0	2
696	7540	5413	7541	5413	7541	5413	1.0	1.0	0.0	2
696	7540	5413	7541	5413	7541	5413	1.0	1.0	0.0	2
696	7540	5413	7541	5413	7541	5413	1.0	1.0	0.0	2
696	7540	5413	7541	5413	7541	5413	1.0	1.0	0.0	2
696	7540	5413	7541	5413	7541	5413	1.0	1.0	0.0	2
717	7542	5412	7544	5410	7544	5410	2.8284271247461903	2.8284271247461903	0.0	2
717	7542	5412	7544	5410	7544	5410	2.8284271247461903	2.8284271247461903	0.0	2
717	7542	5412	7544	5410	7544	5410	2.8284271247461903	2.8284271247461903	0.0	2
717	7542	5412	7544	5410	7544	5410	2.8284271247461903	2.8284271247461903	0.0	2
717	7542	5412	7544	5410	7544	5410	2.8284271247461903	2.8284271247461903	0.0	2
717	7542	5412	7544	5410	7544	5410	2.8284271247461903	2.8284271247461903	0.0	2
717	7542	5412	7544	5410	7544	5410	2.8284271247461903	2.8284271247461903	0.0	2
717	7542	5412	7544	5410	7544	5410	2.8284271247461903	2.8284271247461903	0.0	2
717	7542	5412	7544	5410	7544	5410	2.8284271247461903	2.8284271247461903	0.0	2
718	7544	5410	7547	5405	7547	5405	5.830951894845301	5.830951894845301	0.0	4
718	7544	5410	7547	5405	7547	5405	5.830951894845301	5.830951894845301	0.0	4
718	7544	5410	7547	5405	7547	5405	5.830951894845301	5.830951894845301	0.0	4
718	7544	5410	7547	5405	7547	5405	5.830951894845301	5.830951894845301	0.0	4
718	7544	5410	7547	5405	7547	5405	5.830951894845301	5.830951894845301	0.0	4
718	7544	5410	7547	5405	7547	5405	5.830951894845301	5.830951894845301	0.0	4
718	7544	5410	7547	5405	7547	5405	5.830951894845301	5.830951894845301	0.0	4
718	7544	5410	7547	5405	7547	5405	5.830951894845301	5.830951894845301	0.0	4
718	7544	5410	7547	5405	7547	5405	5.830951894845301	5.830951894845301	0.0	4
719	7547	5405	7553	5401	7553	5401	7.211102550927978	7.211102550927978	0.0	6
719	7547	5405	7553	5401	7553	5401	7.211102550927978	7.211102550927978	0.0	6
719	7547	5405	7553	5401	7553	5401	7.211102550927978	7.211102550927978	0.0	6
719	7547	5405	7553	5401	7553	5401	7.211102550927978	7.211102550927978	0.0	6
719	7547	5405	7553	5401	7553	5401	7.211102550927978	7.211102550927978	0.0	6
719	7547	5405	7553	5401	7553	5401	7.211102550927978	7.211102550927978	0.0	6
719	7547	5405	7553	5401	7553	5401	7.211102550927978	7.211102550927978	0.0	6
719	7547	5405	7553	5401	7553	5401	7.211102550927978	7.211102550927978	0.0	6
719	7547	5405	7553	5401	7553	5401	7.211102550927978	7.211102550927978	0.0	6
720	7553	5401	7560	5396	7560	5396	8.602325267042627	8.602325267042627	0.0	8
720	7553	5401	7560	5396	7560	5396	8.602325267042627	8.602325267042627	0.0	8
720	7553	5401	7560	5396	7560	5396	8.602325267042627	8.602325267042627	0.0	8
720	7553	5401	7560	5396	7560	5396	8.602325267042627	8.602325267042627	0.0	8
720	7553	5401	7560	5396	7560	5396	8.602325267042627	8.602325267042627	0.0	8
720	7553	5401	7560	5396	7560	5396	8.602325267042627	8.602325267042627	0.0	8
720	7553	5401	7560	5396	7560	5396	8.602325267042627	8.602325267042627	0.0	8
720	7553	5401	7560	5396	7560	5396	8.602325267042627	8.602325267042627	0.0	8
720	7553	5401	7560	5396	7560	5396	8.602325267042627	8.602325267042627	0.0	8
721	7560	5396	7570	5389	7570	5389	12.206555615733702	12.206555615733702	0.0	9
721	7560	5396	7570	5389	7570	5389	12.206555615733702	12.206555615733702	0.0	9
721	7560	5396	7570	5389	7570	5389	12.206555615733702	12.206555615733702	0.0	9
721	7560	5396	7570	5389	7570	5389	12.206555615733702	12.206555615733702	0.0	9
721	7560	5396	7570	5389	7570	5389	12.206555615733702	12.206555615733702	0.0	9
721	7560	5396	7570	5389	7570	5389	12.206555615733702	12.206555615733702	0.0	9
721	7560	5396	7570	5389	7570	5389	12.206555615733702	12.206555615733702	0.0	9
721	7560	5396	7570	5389	7570	5389	12.206555615733702	12.206555615733702	0.0	9
721	7560	5396	7570	5389	7570	5389	12.206555615733702	12.206555615733702	0.0	9
722	7570	5389	7580	5382	7580	5382	12.206555615733702	12.206555615733702	0.0	11
722	7570	5389	7580	5382	7580	5382	12.206555615733702	12.206555615733702	0.0	11
722	7570	5389	7580	5382	7580	5382	12.206555615733702	12.206555615733702	0.0	11
722	7570	5389	7580	5382	7580	5382	12.206555615733702	12.206555615733702	0.0	11
722	7570	5389	7580	5382	7580	5382	12.206555615733702	12.206555615733702	0.0	11
722	7570	5389	7580	5382	7580	5382	12.206555615733702	12.206555615733702	0.0	11
722	7570	5389	7580	5382	7580	5382	12.206555615733702	12.206555615733702	0.0	11
722	7570	5389	7580	5382	7580	5382	12.206555615733702	12.206555615733702	0.0	11
722	7570	5389	7580	5382	7580	5382	12.206555615733702	12.206555615733702	0.0	11
723	7580	5382	7591	5375	7591	5375	13.038404810405298	13.038404810405298	0.0	12
723	7580	5382	7591	5375	7591	5375	13.038404810405298	13.038404810405298	0.0	12
723	7580	5382	7591	5375	7591	5375	13.038404810405298	13.038404810405298	0.0	12
723	7580	5382	7591	5375	7591	5375	13.038404810405298	13.038404810405298	0.0	12
723	7580	5382	7591	5375	7591	5375	13.038404810405298	13.038404810405298	0.0	12
723	7580	5382	7591	5375	7591	5375	13.038404810405298	13.038404810405298	0.0	12
723	7580	5382	7591	5375	7591	5375	13.038404810405298	13.038404810405298	0.0	12
723	7580	5382	7591	5375	7591	5375	13.038404810405298	13.038404810405298	0.0	12
723	7580	5382	7591	5375	7591	5375	13.038404810405298	13.038404810405298	0.0	12
724	7591	5375	7602	5368	7602	5368	13.038404810405298	13.038404810405298	0.0	12
724	7591	5375	7602	5368	7602	5368	13.038404810405298	13.038404810405298	0.0	12
724	7591	5375	7602	5368	7602	5368	13.038404810405298	13.038404810405298	0.0	12
724	7591	5375	7602	5368	7602	5368	13.038404810405298	13.038404810405298	0.0	12
724	7591	5375	7602	5368	7602	5368	13.038404810405298	13.038404810405298	0.0	12
724	7591	5375	7602	5368	7602	5368	13.038404810405298	13.038404810405298	0.0	12
724	7591	5375	7602	5368	7602	5368	13.038404810405298	13.038404810405298	0.0	12
724	7591	5375	7602	5368	7602	5368	13.038404810405298	13.038404810405298	0.0	12
724	7591	5375	7602	5368	7602	5368	13.038404810405298	13.038404810405298	0.0	12
725	7602	5368	7613	5361	7613	5361	13.038404810405298	13.038404810405298	0.0	12
725	7602	5368	7613	5361	7613	5361	13.038404810405298	13.038404810405298	0.0	12
725	7602	5368	7613	5361	7613	5361	13.038404810405298	13.038404810405298	0.0	12
725	7602	5368	7613	5361	7613	5361	13.038404810405298	13.038404810405298	0.0	12
725	7602	5368	7613	5361	7613	5361	13.038404810405298	13.038404810405298	0.0	12
725	7602	5368	7613	5361	7613	5361	13.038404810405298	13.038404810405298	0.0	12
725	7602	5368	7613	5361	7613	5361	13.038404810405298	13.038404810405298	0.0	12
725	7602	5368	7613	5361	7613	5361	13.038404810405298	13.038404810405298	0.0	12
725	7602	5368	7613	5361	7613	5361	13.038404810405298	13.038404810405298	0.0	12
726	7613	5361	7625	5356	7625	5356	13.0	13.0	0.0	12
726	7613	5361	7625	5356	7625	5356	13.0	13.0	0.0	12
726	7613	5361	7625	5356	7625	5356	13.0	13.0	0.0	12
726	7613	5361	7625	5356	7625	5356	13.0	13.0	0.0	12
726	7613	5361	7625	5356	7625	5356	13.0	13.0	0.0	12
726	7613	5361	7625	5356	7625	5356	13.0	13.0	0.0	12
726	7613	5361	7625	5356	7625	5356	13.0	13.0	0.0	12
726	7613	5361	7625	5356	7625	5356	13.0	13.0	0.0	12
726	7613	5361	7625	5356	7625	5356	13.0	13.0	0.0	12
727	7625	5356	7638	5353	7638	5353	13.341664064126334	13.341664064126334	0.0	12
727	7625	5356	7638	5353	7638	5353	13.341664064126334	13.341664064126334	0.0	12
727	7625	5356	7638	5353	7638	5353	13.341664064126334	13.341664064126334	0.0	12
727	7625	5356	7638	5353	7638	5353	13.341664064126334	13.341664064126334	0.0	12
727	7625	5356	7638	5353	7638	5353	13.341664064126334	13.341664064126334	0.0	12
727	7625	5356	7638	5353	7638	5353	13.341664064126334	13.341664064126334	0.0	12
727	7625	5356	7638	5353	7638	5353	13.341664064126334	13.341664064126334	0.0	12
727	7625	5356	7638	5353	7638	5353	13.341664064126334	13.341664064126334	0.0	12
727	7625	5356	7638	5353	7638	5353	13.341664064126334	13.341664064126334	0.0	12
728	7638	5353	7650	5350	7650	5350	12.36931687685298	12.36931687685298	0.0	12
728	7638	5353	7650	5350	7650	5350	12.36931687685298	12.36931687685298	0.0	12
728	7638	5353	7650	5350	7650	5350	12.36931687685298	12.36931687685298	0.0	12
728	7638	5353	7650	5350	7650	5350	12.36931687685298	12.36931687685298	0.0	12
728	7638	5353	7650	5350	7650	5350	12.36931687685298	12.36931687685298	0.0	12
728	7638	5353	7650	5350	7650	5350	12.36931687685298	12.36931687685298	0.0	12
728	7638	5353	7650	5350	7650	5350	12.36931687685298	12.36931687685298	0.0	12
728	7638	5353	7650	5350	7650	5350	12.36931687685298	12.36931687685298	0.0	12
728	7638	5353	7650	5350	7650	5350	12.36931687685298	12.36931687685298	0.0	12
918	8498	5971	8513	5967	8513	5967	15.524174696260024	15.524174696260024	0.0	15
918	8498	5971	8513	5967	8513	5967	15.524174696260024	15.524174696260024	0.0	15
918	8498	5971	8513	5967	8513	5967	15.524174696260024	15.524174696260024	0.0	15
918	8498	5971	8513	5967	8513	5967	15.524174696260024	15.524174696260024	0.0	15
918	8498	5971	8513	5967	8513	5967	15.524174696260024	15.524174696260024	0.0	15
918	8498	5971	8513	5967	8513	5967	15.524174696260024	15.524174696260024	0.0	15
918	8498	5971	8513	5967	8513	5967	15.524174696260024	15.524174696260024	0.0	15
918	8498	5971	8513	5967	8513	5967	15.524174696260024	15.524174696260024	0.0	15
918	8498	5971	8513	5967	8513	5967	15.524174696260024	15.524174696260024	0.0	15
