0	10336	2181	4	0	0.0
0	10336	2181	4	0	1.8002E7
0	10335	2180	4	2	1.8003E7
0	10333	2177	4	4	1.8004E7
0	10329	2173	4	6	1.8005E7
0	10324	2167	4	8	1.8006E7
0	10318	2160	4	10	1.8007E7
0	10310	2152	4	12	1.8008E7
0	10302	2142	4	13	1.8009E7
0	10292	2132	4	13	1.801E7
0	10283	2122	4	13	1.8011E7
0	10275	2113	4	10	1.8012E7
0	10269	2106	4	7	1.8013E7
0	10266	2101	4	4	1.8014E7
0	10263	2099	4	2	1.8015E7
0	10263	2098	4	0	1.8016E7
0	10263	2098	4	0	1.8017E7
0	10263	2098	4	0	1.8018E7
0	10263	2098	4	0	1.8019E7
0	10263	2098	4	0	1.802E7
0	10263	2098	4	0	1.8021E7
0	10263	2098	4	0	1.8022E7
0	10263	2098	4	0	1.8023E7
0	10263	2098	4	0	1.8024E7
0	10263	2098	4	0	1.8025E7
0	10263	2098	4	0	1.8026E7
0	10263	2098	4	0	1.8027E7
0	10263	2098	4	0	1.8028E7
0	10263	2098	4	0	1.8029E7
0	10263	2098	4	0	1.803E7
0	10263	2098	4	0	1.8031E7
0	10263	2098	4	0	1.8032E7
0	10263	2098	4	0	1.8033E7
0	10263	2098	4	0	1.8034E7
0	10263	2098	4	0	1.8035E7
0	10262	2097	4	1	1.8036E7
0	10260	2095	4	3	1.8037E7
0	10257	2091	4	5	1.8038E7
0	10253	2086	4	7	1.8039E7
0	10247	2080	4	9	1.804E7
0	10240	2072	4	11	1.8041E7
0	10232	2063	4	13	1.8042E7
0	10223	2053	4	13	1.8043E7
0	10214	2043	4	13	1.8044E7
0	10205	2032	4	13	1.8045E7
0	10196	2022	4	13	1.8046E7
0	10187	2012	4	13	1.8047E7
0	10178	2002	4	13	1.8048E7
0	10169	1992	4	13	1.8049E7
0	10160	1982	4	13	1.805E7
0	10152	1973	4	11	1.8051E7
0	10145	1965	4	8	1.8052E7
0	10141	1960	4	5	1.8053E7
0	10138	1957	4	3	1.8054E7
0	10135	1953	4	6	1.8055E7
0	10138	1947	3	8	1.8056E7
0	10145	1941	2	10	1.8057E7
0	10153	1933	2	10	1.8058E7
0	10160	1927	2	7	1.8059E7
0	10165	1923	2	5	1.806E7
0	10168	1921	2	2	1.8061E7
0	10168	1920	2	0	1.8062E7
0	10168	1920	2	0	1.8063E7
0	10168	1920	2	0	1.8064E7
0	10168	1920	2	0	1.8065E7
0	10168	1920	2	0	1.8066E7
0	10168	1920	2	0	1.8067E7
0	10168	1920	2	0	1.8068E7
0	10168	1920	2	0	1.8069E7
0	10168	1920	2	0	1.807E7
0	10168	1920	2	0	1.8071E7
0	10168	1920	2	0	1.8072E7
0	10168	1920	2	0	1.8073E7
0	10168	1920	2	0	1.8074E7
0	10168	1920	2	0	1.8075E7
0	10168	1920	2	0	1.8076E7
0	10168	1920	2	0	1.8077E7
0	10168	1920	2	0	1.8078E7
0	10168	1920	2	0	1.8079E7
0	10168	1920	2	0	1.808E7
0	10168	1920	2	0	1.8081E7
0	10169	1919	2	1	1.8082E7
0	10171	1917	2	3	1.8083E7
0	10174	1914	2	5	1.8084E7
0	10179	1910	2	7	1.8085E7
0	10186	1904	2	9	1.8086E7
0	10193	1897	2	11	1.8087E7
0	10202	1889	2	13	1.8088E7
0	10212	1880	2	13	1.8089E7
0	10222	1870	2	13	1.809E7
0	10232	1861	2	13	1.8091E7
0	10242	1852	2	13	1.8092E7
0	10252	1843	2	13	1.8093E7
0	10262	1834	2	13	1.8094E7
0	10272	1825	2	13	1.8095E7
0	10282	1816	2	13	1.8096E7
0	10291	1807	2	13	1.8097E7
0	10301	1797	2	13	1.8098E7
0	10311	1788	2	13	1.8099E7
0	10321	1779	2	13	1.81E7
0	10331	1771	2	13	1.8101E7
0	10341	1762	2	13	1.8102E7
0	10352	1753	2	13	1.8103E7
0	10362	1745	2	13	1.8104E7
0	10372	1736	2	13	1.8105E7
0	10383	1728	2	13	1.8106E7
0	10395	1724	1	13	1.8107E7
0	10409	1724	1	13	1.8108E7
0	10422	1724	1	13	1.8109E7
0	10435	1728	1	13	1.811E7
0	10447	1732	1	13	1.8111E7
0	10460	1737	1	13	1.8112E7
0	10472	1742	1	13	1.8113E7
0	10485	1747	1	13	1.8114E7
0	10497	1752	1	13	1.8115E7
0	10509	1757	8	13	1.8116E7
0	10521	1763	8	13	1.8117E7
0	10533	1769	8	13	1.8118E7
0	10546	1774	8	13	1.8119E7
0	10558	1780	8	13	1.812E7
0	10570	1785	8	13	1.8121E7
0	10582	1791	8	13	1.8122E7
0	10594	1798	8	13	1.8123E7
0	10604	1806	8	13	1.8124E7
0	10614	1816	8	13	1.8125E7
0	10624	1825	8	13	1.8126E7
0	10633	1834	8	13	1.8127E7
0	10642	1844	8	13	1.8128E7
0	10651	1855	8	13	1.8129E7
0	10659	1865	8	13	1.813E7
0	10668	1875	8	13	1.8131E7
0	10677	1886	8	13	1.8132E7
0	10685	1896	8	11	1.8133E7
0	10691	1903	8	8	1.8134E7
0	10696	1908	8	5	1.8135E7
0	10699	1911	8	3	1.8136E7
0	10702	1914	8	5	1.8137E7
0	10702	1918	8	7	1.8138E7
0	10695	1925	6	9	1.8139E7
0	10690	1936	6	9	1.814E7
0	10691	1945	7	6	1.8141E7
0	10692	1951	7	4	1.8142E7
0	10693	1956	7	5	1.8143E7
0	10696	1961	7	7	1.8144E7
0	10701	1968	8	9	1.8145E7
0	10710	1975	8	11	1.8146E7
0	10721	1982	8	12	1.8147E7
0	10736	1984	1	13	1.8148E7
0	10750	1980	1	13	1.8149E7
0	10758	1990	8	13	1.815E7
0	10766	2001	8	13	1.8151E7
0	10774	2012	8	13	1.8152E7
0	10782	2022	8	13	1.8153E7
0	10791	2033	8	13	1.8154E7
0	10797	2044	8	13	1.8155E7
0	10800	2057	7	13	1.8156E7
0	10801	2071	7	13	1.8157E7
0	10801	2084	7	13	1.8158E7
0	10800	2097	7	13	1.8159E7
0	10795	2108	6	13	1.816E7
0	10782	2111	5	13	1.8161E7
0	10770	2117	6	13	1.8162E7
0	10759	2125	6	13	1.8163E7
0	10749	2134	6	13	1.8164E7
0	10739	2142	6	13	1.8165E7
0	10729	2151	6	13	1.8166E7
0	10719	2160	6	13	1.8167E7
0	10709	2169	6	13	1.8168E7
0	10699	2178	6	13	1.8169E7
0	10689	2187	6	13	1.817E7
0	10678	2196	6	13	1.8171E7
0	10668	2205	6	13	1.8172E7
0	10658	2214	6	13	1.8173E7
0	10648	2223	6	13	1.8174E7
0	10638	2232	6	13	1.8175E7
0	10628	2241	6	13	1.8176E7
0	10618	2250	6	13	1.8177E7
0	10608	2259	6	12	1.8178E7
0	10600	2266	6	9	1.8179E7
0	10595	2270	6	6	1.818E7
0	10591	2273	6	3	1.8181E7
0	10589	2275	6	0	1.8182E7
0	10589	2275	6	0	1.8183E7
0	10589	2275	6	0	1.8184E7
0	10589	2275	6	0	1.8185E7
0	10589	2275	6	0	1.8186E7
0	10589	2275	6	0	1.8187E7
0	10589	2275	6	0	1.8188E7
0	10589	2275	6	0	1.8189E7
0	10589	2275	6	0	1.819E7
0	10589	2275	6	0	1.8191E7
0	10589	2275	6	0	1.8192E7
0	10589	2275	6	0	1.8193E7
0	10589	2275	6	0	1.8194E7
0	10589	2275	6	0	1.8195E7
0	10589	2275	6	0	1.8196E7
0	10589	2275	6	0	1.8197E7
0	10589	2275	6	0	1.8198E7
0	10589	2275	6	0	1.8199E7
0	10589	2275	6	0	1.82E7
0	10589	2275	6	0	1.8201E7
0	10589	2275	6	0	1.8202E7
0	10587	2276	6	2	1.8203E7
0	10585	2279	6	4	1.8204E7
0	10580	2282	6	6	1.8205E7
0	10574	2288	6	8	1.8206E7
0	10567	2294	6	10	1.8207E7
0	10559	2301	6	12	1.8208E7
0	10549	2310	6	13	1.8209E7
0	10539	2319	6	13	1.821E7
0	10529	2328	6	13	1.8211E7
0	10518	2337	6	13	1.8212E7
0	10508	2346	6	13	1.8213E7
0	10498	2355	6	13	1.8214E7
0	10488	2364	6	13	1.8215E7
0	10478	2372	6	13	1.8216E7
0	10468	2381	6	13	1.8217E7
0	10458	2390	6	13	1.8218E7
0	10448	2399	6	13	1.8219E7
0	10438	2408	6	13	1.822E7
0	10428	2417	6	13	1.8221E7
0	10417	2426	6	13	1.8222E7
0	10407	2435	6	13	1.8223E7
0	10397	2444	6	13	1.8224E7
0	10387	2453	6	13	1.8225E7
0	10377	2461	6	13	1.8226E7
0	10367	2470	6	13	1.8227E7
0	10358	2478	6	10	1.8228E7
0	10351	2484	6	7	1.8229E7
0	10347	2488	6	4	1.823E7
0	10344	2490	6	2	1.8231E7
0	10344	2491	6	0	1.8232E7
0	10344	2491	6	0	1.8233E7
0	10344	2491	6	0	1.8234E7
0	10344	2491	6	0	1.8235E7
0	10344	2491	6	0	1.8236E7
0	10344	2491	6	0	1.8237E7
0	10344	2491	6	0	1.8238E7
0	10344	2491	6	0	1.8239E7
0	10344	2491	6	0	1.824E7
0	10344	2491	6	0	1.8241E7
0	10344	2491	6	0	1.8242E7
0	10344	2491	6	0	1.8243E7
0	10344	2491	6	0	1.8244E7
0	10344	2491	6	0	1.8245E7
0	10344	2491	6	0	1.8246E7
0	10344	2491	6	0	1.8247E7
0	10344	2491	6	0	1.8248E7
0	10344	2491	6	0	1.8249E7
0	10344	2491	6	0	1.825E7
0	10344	2491	6	0	1.8251E7
0	10343	2491	6	2	1.8252E7
0	10341	2494	6	3	1.8253E7
0	10337	2497	6	5	1.8254E7
0	10332	2502	6	7	1.8255E7
0	10325	2508	6	9	1.8256E7
0	10317	2514	6	11	1.8257E7
0	10308	2523	6	13	1.8258E7
0	10298	2532	6	13	1.8259E7
0	10288	2540	6	13	1.826E7
0	10278	2549	6	13	1.8261E7
0	10267	2558	6	13	1.8262E7
0	10257	2567	6	13	1.8263E7
0	10248	2575	6	11	1.8264E7
0	10241	2582	6	8	1.8265E7
0	10236	2586	6	5	1.8266E7
0	10233	2589	6	3	1.8267E7
0	10229	2592	6	6	1.8268E7
0	10220	2593	5	8	1.8269E7
0	10213	2588	4	10	1.827E7
0	10204	2581	4	12	1.8271E7
0	10194	2573	4	13	1.8272E7
0	10183	2565	4	13	1.8273E7
0	10172	2557	4	13	1.8274E7
0	10162	2548	4	13	1.8275E7
0	10152	2541	4	10	1.8276E7
0	10145	2535	4	7	1.8277E7
0	10140	2531	4	4	1.8278E7
0	10137	2529	4	4	1.8279E7
0	10131	2528	4	6	1.828E7
0	10122	2530	5	8	1.8281E7
0	10116	2537	6	10	1.8282E7
0	10109	2546	6	12	1.8283E7
0	10101	2556	6	13	1.8284E7
0	10093	2567	6	13	1.8285E7
0	10086	2578	6	13	1.8286E7
0	10078	2589	6	13	1.8287E7
0	10071	2599	6	10	1.8288E7
0	10066	2606	6	7	1.8289E7
0	10062	2611	6	4	1.829E7
0	10060	2614	6	2	1.8291E7
0	10060	2615	6	0	1.8292E7
0	10060	2615	6	0	1.8293E7
0	10060	2615	6	0	1.8294E7
0	10060	2615	6	0	1.8295E7
0	10060	2615	6	0	1.8296E7
0	10060	2615	6	0	1.8297E7
0	10060	2615	6	0	1.8298E7
0	10060	2615	6	0	1.8299E7
0	10060	2615	6	0	1.83E7
0	10060	2615	6	0	1.8301E7
0	10060	2615	6	0	1.8302E7
0	10060	2615	6	0	1.8303E7
0	10060	2615	6	0	1.8304E7
0	10060	2615	6	0	1.8305E7
0	10060	2615	6	0	1.8306E7
0	10060	2615	6	0	1.8307E7
0	10060	2615	6	0	1.8308E7
0	10060	2615	6	0	1.8309E7
0	10060	2615	6	0	1.831E7
0	10060	2615	6	0	1.8311E7
0	10059	2615	6	1	1.8312E7
0	10057	2618	6	3	1.8313E7
0	10054	2622	6	5	1.8314E7
0	10050	2627	6	7	1.8315E7
0	10043	2633	6	9	1.8316E7
0	10036	2638	6	7	1.8317E7
0	10032	2640	6	4	1.8318E7
0	10030	2639	5	4	1.8319E7
0	10023	2636	5	6	1.832E7
0	10016	2636	5	8	1.8321E7
0	10007	2640	5	10	1.8322E7
0	10001	2651	6	12	1.8323E7
0	9991	2659	6	13	1.8324E7
0	9979	2665	6	13	1.8325E7
0	9967	2672	6	13	1.8326E7
0	9956	2680	6	13	1.8327E7
0	9945	2687	6	13	1.8328E7
0	9934	2694	6	13	1.8329E7
0	9922	2702	6	13	1.833E7
0	9911	2709	6	13	1.8331E7
0	9900	2717	6	13	1.8332E7
0	9890	2725	6	13	1.8333E7
0	9881	2736	6	13	1.8334E7
0	9873	2746	6	13	1.8335E7
0	9866	2758	6	13	1.8336E7
0	9859	2769	6	13	1.8337E7
0	9852	2781	6	13	1.8338E7
0	9845	2792	6	13	1.8339E7
0	9838	2804	6	13	1.834E7
0	9830	2815	6	13	1.8341E7
0	9822	2826	6	13	1.8342E7
0	9813	2836	6	13	1.8343E7
0	9805	2846	6	13	1.8344E7
0	9796	2857	6	13	1.8345E7
0	9788	2867	6	13	1.8346E7
0	9780	2878	6	13	1.8347E7
0	9772	2887	6	10	1.8348E7
0	9767	2894	6	7	1.8349E7
0	9763	2898	6	4	1.835E7
0	9761	2901	6	2	1.8351E7
0	9761	2901	6	0	1.8352E7
0	9761	2901	6	0	1.8353E7
0	9761	2901	6	0	1.8354E7
0	9761	2901	6	0	1.8355E7
0	9761	2901	6	0	1.8356E7
0	9761	2901	6	0	1.8357E7
0	9761	2901	6	0	1.8358E7
0	9761	2901	6	0	1.8359E7
0	9761	2901	6	0	1.836E7
0	9761	2901	6	0	1.8361E7
0	9761	2901	6	0	1.8362E7
0	9761	2901	6	0	1.8363E7
0	9761	2901	6	0	1.8364E7
0	9761	2901	6	0	1.8365E7
0	9761	2901	6	0	1.8366E7
0	9761	2901	6	0	1.8367E7
0	9761	2901	6	0	1.8368E7
0	9761	2901	6	0	1.8369E7
0	9761	2901	6	0	1.837E7
0	9761	2901	6	0	1.8371E7
0	9760	2902	6	2	1.8372E7
0	9758	2905	6	4	1.8373E7
0	9754	2909	6	6	1.8374E7
0	9749	2914	6	8	1.8375E7
0	9743	2922	6	10	1.8376E7
0	9737	2931	6	12	1.8377E7
0	9728	2941	6	13	1.8378E7
0	9720	2951	6	13	1.8379E7
0	9712	2962	6	13	1.838E7
0	9703	2972	6	13	1.8381E7
0	9695	2983	6	13	1.8382E7
0	9686	2993	6	13	1.8383E7
0	9678	3004	6	13	1.8384E7
0	9672	3016	6	13	1.8385E7
0	9666	3028	6	13	1.8386E7
0	9659	3040	6	13	1.8387E7
0	9653	3052	6	13	1.8388E7
0	9647	3064	6	13	1.8389E7
0	9640	3076	6	13	1.839E7
0	9634	3087	6	13	1.8391E7
0	9628	3099	6	13	1.8392E7
0	9621	3111	6	13	1.8393E7
0	9615	3123	6	13	1.8394E7
0	9608	3135	6	13	1.8395E7
0	9599	3145	6	13	1.8396E7
0	9591	3155	6	13	1.8397E7
0	9582	3165	6	13	1.8398E7
0	9572	3174	6	13	1.8399E7
0	9562	3183	6	13	1.84E7
0	9551	3191	6	12	1.8401E7
0	9543	3197	6	8	1.8402E7
0	9537	3202	6	6	1.8403E7
0	9534	3205	6	3	1.8404E7
0	9530	3208	6	5	1.8405E7
0	9525	3212	6	7	1.8406E7
0	9519	3219	6	9	1.8407E7
0	9512	3227	6	11	1.8408E7
0	9503	3236	6	13	1.8409E7
0	9493	3245	6	11	1.841E7
0	9486	3251	6	8	1.8411E7
0	9481	3256	6	5	1.8412E7
0	9478	3259	6	3	1.8413E7
0	9476	3260	6	0	1.8414E7
0	9476	3260	6	0	1.8415E7
0	9476	3260	6	0	1.8416E7
0	9476	3260	6	0	1.8417E7
0	9476	3260	6	0	1.8418E7
0	9476	3260	6	0	1.8419E7
0	9476	3260	6	0	1.842E7
0	9476	3260	6	0	1.8421E7
0	9476	3260	6	0	1.8422E7
0	9476	3260	6	0	1.8423E7
0	9476	3260	6	0	1.8424E7
0	9476	3260	6	0	1.8425E7
0	9476	3260	6	0	1.8426E7
0	9476	3260	6	0	1.8427E7
0	9476	3260	6	0	1.8428E7
0	9476	3260	6	0	1.8429E7
0	9476	3260	6	0	1.843E7
0	9476	3260	6	0	1.8431E7
0	9476	3260	6	0	1.8432E7
0	9476	3260	6	0	1.8433E7
0	9476	3260	6	1	1.8434E7
0	9474	3262	6	3	1.8435E7
0	9471	3264	6	5	1.8436E7
0	9466	3269	6	7	1.8437E7
0	9460	3274	6	9	1.8438E7
0	9452	3281	6	11	1.8439E7
0	9442	3289	6	13	1.844E7
0	9432	3298	6	13	1.8441E7
0	9421	3306	6	13	1.8442E7
0	9410	3314	6	13	1.8443E7
0	9399	3321	6	12	1.8444E7
0	9390	3327	6	9	1.8445E7
0	9384	3331	6	6	1.8446E7
0	9380	3334	6	3	1.8447E7
0	9378	3336	6	0	1.8448E7
0	9378	3336	6	0	1.8449E7
0	9378	3336	6	0	1.845E7
0	9378	3336	6	0	1.8451E7
0	9378	3336	6	0	1.8452E7
0	9378	3336	6	0	1.8453E7
0	9378	3336	6	0	1.8454E7
0	9378	3336	6	0	1.8455E7
0	9378	3336	6	0	1.8456E7
0	9378	3336	6	0	1.8457E7
0	9378	3336	6	0	1.8458E7
0	9378	3336	6	0	1.8459E7
0	9378	3336	6	0	1.846E7
0	9378	3336	6	0	1.8461E7
0	9378	3336	6	0	1.8462E7
0	9378	3336	6	0	1.8463E7
0	9378	3336	6	0	1.8464E7
0	9378	3336	6	0	1.8465E7
0	9378	3336	6	0	1.8466E7
0	9378	3336	6	0	1.8467E7
0	9377	3336	6	0	1.8468E7
0	9376	3337	6	2	1.8469E7
0	9373	3339	6	4	1.847E7
0	9368	3342	6	6	1.8471E7
0	9361	3346	6	8	1.8472E7
0	9353	3350	6	10	1.8473E7
0	9343	3356	6	12	1.8474E7
0	9331	3363	6	13	1.8475E7
0	9320	3370	6	13	1.8476E7
0	9308	3376	6	13	1.8477E7
0	9296	3383	6	13	1.8478E7
0	9285	3390	6	13	1.8479E7
0	9273	3396	6	13	1.848E7
0	9261	3403	6	13	1.8481E7
0	9250	3410	6	13	1.8482E7
0	9238	3416	6	13	1.8483E7
0	9226	3423	6	13	1.8484E7
0	9214	3430	6	13	1.8485E7
0	9203	3437	6	13	1.8486E7
0	9191	3443	6	13	1.8487E7
0	9180	3450	6	13	1.8488E7
0	9168	3457	6	13	1.8489E7
0	9157	3464	6	13	1.849E7
0	9145	3471	6	13	1.8491E7
0	9134	3478	6	13	1.8492E7
0	9122	3485	6	13	1.8493E7
0	9111	3492	6	13	1.8494E7
0	9099	3499	6	13	1.8495E7
0	9088	3506	6	13	1.8496E7
0	9076	3513	6	13	1.8497E7
0	9064	3520	6	13	1.8498E7
0	9053	3526	6	13	1.8499E7
0	9041	3533	6	13	1.85E7
0	9029	3539	6	12	1.8501E7
0	9020	3544	6	9	1.8502E7
0	9013	3548	6	6	1.8503E7
0	9008	3550	6	3	1.8504E7
0	9006	3551	6	0	1.8505E7
0	9006	3551	6	0	1.8506E7
0	9006	3551	6	0	1.8507E7
0	9006	3551	6	0	1.8508E7
0	9006	3551	6	0	1.8509E7
0	9006	3551	6	0	1.851E7
0	9006	3551	6	0	1.8511E7
0	9006	3551	6	0	1.8512E7
0	9006	3551	6	0	1.8513E7
0	9006	3551	6	0	1.8514E7
0	9006	3551	6	0	1.8515E7
0	9006	3551	6	0	1.8516E7
0	9006	3551	6	0	1.8517E7
0	9006	3551	6	0	1.8518E7
0	9006	3551	6	0	1.8519E7
0	9006	3551	6	0	1.852E7
0	9006	3551	6	0	1.8521E7
0	9006	3551	6	0	1.8522E7
0	9006	3551	6	0	1.8523E7
0	9006	3551	6	0	1.8524E7
0	9006	3551	6	0	1.8525E7
0	9004	3552	6	2	1.8526E7
0	9001	3553	6	4	1.8527E7
0	8996	3556	6	6	1.8528E7
0	8989	3559	6	8	1.8529E7
0	8980	3563	6	10	1.853E7
0	8969	3568	6	12	1.8531E7
0	8957	3569	5	13	1.8532E7
0	8948	3559	4	13	1.8533E7
0	8942	3547	4	13	1.8534E7
0	8936	3535	4	13	1.8535E7
0	8930	3523	4	13	1.8536E7
0	8923	3511	4	13	1.8537E7
0	8916	3499	4	13	1.8538E7
0	8909	3488	4	13	1.8539E7
0	8903	3476	4	13	1.854E7
0	8897	3464	4	13	1.8541E7
0	8891	3452	4	13	1.8542E7
0	8886	3442	4	9	1.8543E7
0	8882	3435	4	6	1.8544E7
0	8880	3430	4	4	1.8545E7
0	8878	3427	4	2	1.8546E7
0	8877	3426	4	1	1.8547E7
0	8877	3425	4	0	1.8548E7
0	8877	3425	4	0	1.8549E7
0	8877	3425	4	0	1.855E7
0	8877	3425	4	0	1.8551E7
0	8877	3425	4	0	1.8552E7
0	8877	3425	4	0	1.8553E7
0	8877	3425	4	0	1.8554E7
0	8877	3425	4	0	1.8555E7
0	8877	3425	4	0	1.8556E7
0	8877	3425	4	0	1.8557E7
0	8877	3425	4	0	1.8558E7
0	8877	3425	4	0	1.8559E7
0	8877	3425	4	0	1.856E7
0	8877	3425	4	0	1.8561E7
0	8877	3425	4	0	1.8562E7
0	8877	3425	4	0	1.8563E7
0	8877	3425	4	0	1.8564E7
0	8877	3425	4	0	1.8565E7
0	8877	3425	4	0	1.8566E7
0	8877	3425	4	0	1.8567E7
0	8877	3425	4	0	1.8568E7
0	8877	3425	4	0	1.8569E7
0	8877	3425	4	0	1.857E7
0	8877	3425	4	0	1.8571E7
0	8877	3425	4	0	1.8572E7
0	8877	3425	4	0	1.8573E7
0	8877	3425	4	0	1.8574E7
0	8877	3425	4	0	1.8575E7
0	8877	3425	4	0	1.8576E7
0	8877	3425	4	0	1.8577E7
0	8877	3425	4	0	1.8578E7
0	8877	3425	4	0	1.8579E7
0	8877	3425	4	0	1.858E7
0	8877	3425	4	0	1.8581E7
0	8877	3425	4	0	1.8582E7
0	8877	3425	4	0	1.8583E7
0	8877	3425	4	0	1.8584E7
0	8877	3425	4	0	1.8585E7
0	8877	3425	4	0	1.8586E7
0	8876	3423	4	2	1.8587E7
0	8874	3420	4	4	1.8588E7
0	8872	3416	4	6	1.8589E7
0	8868	3410	4	8	1.859E7
0	8863	3402	4	10	1.8591E7
0	8857	3392	4	12	1.8592E7
0	8850	3381	4	13	1.8593E7
0	8842	3370	4	13	1.8594E7
0	8834	3359	4	13	1.8595E7
0	8827	3348	4	13	1.8596E7
0	8820	3336	4	13	1.8597E7
0	8813	3325	4	13	1.8598E7
0	8806	3313	4	13	1.8599E7
0	8802	3300	4	13	1.86E7
0	8795	3288	4	13	1.8601E7
0	8788	3277	4	13	1.8602E7
0	8782	3265	4	13	1.8603E7
0	8775	3253	4	13	1.8604E7
0	8768	3242	4	13	1.8605E7
0	8761	3230	4	13	1.8606E7
0	8754	3219	4	13	1.8607E7
0	8747	3207	4	13	1.8608E7
0	8741	3197	4	10	1.8609E7
0	8736	3189	4	7	1.861E7
0	8733	3184	4	4	1.8611E7
0	8731	3181	4	4	1.8612E7
0	8729	3177	4	6	1.8613E7
0	8732	3173	3	8	1.8614E7
0	8738	3158	2	11	1.8615E7
0	8744	3148	2	12	1.8616E7
0	8756	3141	2	13	1.8617E7
0	8767	3134	2	13	1.8618E7
0	8779	3128	2	13	1.8619E7
0	8791	3121	2	13	1.862E7
0	8802	3114	2	13	1.8621E7
0	8814	3107	2	13	1.8622E7
0	8826	3101	2	13	1.8623E7
0	8837	3094	2	13	1.8624E7
0	8849	3087	2	13	1.8625E7
0	8861	3080	2	13	1.8626E7
0	8872	3073	2	13	1.8627E7
0	8884	3067	2	13	1.8628E7
0	8895	3060	2	13	1.8629E7
0	8907	3053	2	13	1.863E7
0	8919	3046	2	13	1.8631E7
0	8930	3040	2	13	1.8632E7
0	8942	3033	2	13	1.8633E7
0	8952	3024	2	13	1.8634E7
0	8956	3013	3	13	1.8635E7
0	8951	3000	4	13	1.8636E7
0	8944	2989	4	13	1.8637E7
0	8937	2977	4	13	1.8638E7
0	8930	2966	4	13	1.8639E7
0	8923	2954	4	13	1.864E7
0	8916	2943	4	13	1.8641E7
0	8909	2931	4	13	1.8642E7
0	8902	2920	4	13	1.8643E7
0	8896	2908	4	13	1.8644E7
0	8889	2896	4	13	1.8645E7
0	8882	2885	4	13	1.8646E7
0	8875	2873	4	13	1.8647E7
0	8868	2862	4	13	1.8648E7
0	8861	2850	4	13	1.8649E7
0	8855	2840	4	10	1.865E7
0	8850	2832	4	7	1.8651E7
0	8847	2827	4	4	1.8652E7
0	8845	2824	4	2	1.8653E7
0	8844	2822	4	1	1.8654E7
0	8844	2821	4	0	1.8655E7
0	8844	2821	4	0	1.8656E7
0	8844	2821	4	0	1.8657E7
0	8844	2821	4	0	1.8658E7
0	8844	2821	4	0	1.8659E7
0	8844	2821	4	0	1.866E7
0	8844	2821	4	0	1.8661E7
0	8844	2821	4	0	1.8662E7
0	8844	2821	4	0	1.8663E7
0	8844	2821	4	0	1.8664E7
0	8844	2821	4	0	1.8665E7
0	8844	2821	4	0	1.8666E7
0	8844	2821	4	0	1.8667E7
0	8844	2821	4	0	1.8668E7
0	8844	2821	4	0	1.8669E7
0	8844	2821	4	0	1.867E7
0	8844	2821	4	0	1.8671E7
0	8844	2821	4	0	1.8672E7
0	8844	2821	4	0	1.8673E7
0	8844	2821	4	0	1.8674E7
0	8844	2821	4	0	1.8675E7
0	8844	2821	4	0	1.8676E7
0	8844	2821	4	0	1.8677E7
0	8844	2821	4	0	1.8678E7
0	8844	2821	4	0	1.8679E7
0	8844	2821	4	0	1.868E7
0	8844	2821	4	0	1.8681E7
0	8844	2821	4	0	1.8682E7
0	8844	2821	4	0	1.8683E7
0	8844	2821	4	0	1.8684E7
0	8844	2821	4	0	1.8685E7
0	8844	2821	4	0	1.8686E7
0	8843	2819	4	2	1.8687E7
0	8841	2816	4	4	1.8688E7
0	8837	2813	4	6	1.8689E7
0	8831	2815	5	8	1.869E7
0	8823	2820	6	10	1.8691E7
0	8813	2825	6	12	1.8692E7
0	8802	2832	6	13	1.8693E7
0	8790	2839	6	13	1.8694E7
0	8779	2846	6	13	1.8695E7
0	8767	2853	6	13	1.8696E7
0	8756	2860	6	13	1.8697E7
0	8744	2867	6	13	1.8698E7
0	8733	2874	6	13	1.8699E7
0	8721	2881	6	13	1.87E7
0	8710	2888	6	13	1.8701E7
0	8698	2895	6	13	1.8702E7
0	8687	2902	6	13	1.8703E7
0	8675	2909	6	13	1.8704E7
0	8663	2916	6	13	1.8705E7
0	8650	2919	6	13	1.8706E7
0	8638	2926	6	13	1.8707E7
0	8627	2933	6	13	1.8708E7
0	8615	2940	6	13	1.8709E7
0	8603	2946	6	13	1.871E7
0	8592	2953	6	13	1.8711E7
0	8580	2960	6	13	1.8712E7
0	8569	2967	6	13	1.8713E7
0	8557	2974	6	13	1.8714E7
0	8546	2981	6	13	1.8715E7
0	8534	2988	6	13	1.8716E7
0	8523	2995	6	13	1.8717E7
0	8513	3002	6	10	1.8718E7
0	8506	3006	6	7	1.8719E7
0	8501	3009	6	4	1.872E7
0	8498	3011	6	2	1.8721E7
0	8497	3012	6	1	1.8722E7
0	8496	3013	6	0	1.8723E7
0	8496	3013	6	0	1.8724E7
0	8495	3014	6	1	1.8725E7
0	8493	3015	6	2	1.8726E7
0	8490	3017	6	4	1.8727E7
0	8486	3020	6	4	1.8728E7
0	8483	3021	6	2	1.8729E7
0	8482	3022	6	0	1.873E7
0	8482	3022	6	0	1.8731E7
0	8482	3022	6	0	1.8732E7
0	8482	3022	6	0	1.8733E7
0	8482	3022	6	0	1.8734E7
0	8482	3022	6	0	1.8735E7
0	8482	3022	6	0	1.8736E7
0	8482	3022	6	0	1.8737E7
0	8482	3022	6	0	1.8738E7
0	8482	3022	6	0	1.8739E7
0	8482	3022	6	0	1.874E7
0	8482	3022	6	0	1.8741E7
0	8482	3022	6	0	1.8742E7
0	8482	3022	6	0	1.8743E7
0	8482	3022	6	0	1.8744E7
0	8482	3022	6	0	1.8745E7
0	8482	3022	6	0	1.8746E7
0	8482	3022	6	0	1.8747E7
0	8482	3022	6	0	1.8748E7
0	8482	3022	6	0	1.8749E7
0	8481	3022	6	1	1.875E7
0	8479	3024	6	3	1.8751E7
0	8475	3027	6	5	1.8752E7
0	8469	3030	6	7	1.8753E7
0	8461	3035	6	9	1.8754E7
0	8452	3041	6	11	1.8755E7
0	8442	3046	6	10	1.8756E7
0	8435	3051	6	7	1.8757E7
0	8430	3054	6	4	1.8758E7
0	8427	3056	6	2	1.8759E7
0	8425	3057	6	1	1.876E7
0	8424	3057	6	0	1.8761E7
0	8424	3057	6	0	1.8762E7
0	8424	3057	6	0	1.8763E7
0	8424	3057	6	0	1.8764E7
0	8424	3057	6	0	1.8765E7
0	8424	3057	6	0	1.8766E7
0	8424	3057	6	0	1.8767E7
0	8424	3057	6	0	1.8768E7
0	8424	3057	6	0	1.8769E7
0	8424	3057	6	0	1.877E7
0	8424	3057	6	0	1.8771E7
0	8424	3057	6	0	1.8772E7
0	8424	3057	6	0	1.8773E7
0	8424	3057	6	0	1.8774E7
0	8424	3057	6	0	1.8775E7
0	8424	3057	6	0	1.8776E7
0	8424	3057	6	0	1.8777E7
0	8424	3057	6	0	1.8778E7
0	8424	3057	6	0	1.8779E7
0	8424	3057	6	0	1.878E7
0	8424	3057	6	0	1.8781E7
0	8424	3057	6	0	1.8782E7
0	8424	3057	6	0	1.8783E7
0	8424	3057	6	0	1.8784E7
0	8424	3057	6	0	1.8785E7
0	8424	3057	6	0	1.8786E7
0	8424	3057	6	0	1.8787E7
0	8424	3057	6	0	1.8788E7
0	8424	3057	6	0	1.8789E7
0	8424	3057	6	0	1.879E7
0	8424	3057	6	0	1.8791E7
0	8424	3057	6	0	1.8792E7
0	8424	3057	6	0	1.8793E7
0	8424	3057	6	0	1.8794E7
0	8424	3057	6	0	1.8795E7
0	8424	3057	6	0	1.8796E7
0	8424	3057	6	0	1.8797E7
0	8424	3057	6	0	1.8798E7
0	8424	3057	6	0	1.8799E7
0	8424	3057	6	0	1.88E7
0	8424	3057	6	0	1.8801E7
0	8424	3057	6	0	1.8802E7
0	8424	3057	6	0	1.8803E7
0	8424	3057	6	0	1.8804E7
0	8424	3057	6	0	1.8805E7
0	8424	3057	6	0	1.8806E7
0	8424	3057	6	0	1.8807E7
0	8424	3057	6	0	1.8808E7
0	8424	3057	6	0	1.8809E7
0	8424	3057	6	0	1.881E7
0	8424	3057	6	0	1.8811E7
0	8423	3058	6	2	1.8812E7
0	8420	3060	6	4	1.8813E7
0	8415	3063	6	6	1.8814E7
0	8409	3067	6	8	1.8815E7
0	8400	3072	6	10	1.8816E7
0	8391	3078	6	12	1.8817E7
0	8379	3085	6	13	1.8818E7
0	8368	3092	6	13	1.8819E7
0	8357	3099	6	13	1.882E7
0	8345	3106	6	13	1.8821E7
0	8334	3113	6	13	1.8822E7
0	8322	3120	6	13	1.8823E7
0	8311	3127	6	13	1.8824E7
0	8299	3135	6	13	1.8825E7
0	8288	3142	6	13	1.8826E7
0	8276	3149	6	13	1.8827E7
0	8265	3156	6	13	1.8828E7
0	8254	3163	6	13	1.8829E7
0	8242	3171	6	13	1.883E7
0	8231	3178	6	13	1.8831E7
0	8220	3186	6	13	1.8832E7
0	8209	3193	6	13	1.8833E7
0	8198	3201	6	13	1.8834E7
0	8187	3210	6	13	1.8835E7
0	8177	3218	6	13	1.8836E7
0	8166	3226	6	13	1.8837E7
0	8156	3235	6	13	1.8838E7
0	8145	3243	6	13	1.8839E7
0	8135	3252	6	13	1.884E7
0	8124	3260	6	13	1.8841E7
0	8113	3268	6	13	1.8842E7
0	8102	3276	6	13	1.8843E7
0	8092	3285	6	13	1.8844E7
0	8082	3293	6	13	1.8845E7
0	8072	3302	6	13	1.8846E7
0	8061	3311	6	13	1.8847E7
0	8051	3320	6	13	1.8848E7
0	8041	3329	6	13	1.8849E7
0	8031	3338	6	13	1.885E7
0	8022	3348	6	13	1.8851E7
0	8014	3359	6	13	1.8852E7
0	8005	3369	6	13	1.8853E7
0	7998	3381	6	13	1.8854E7
0	7991	3392	6	13	1.8855E7
0	7984	3404	6	13	1.8856E7
0	7978	3416	6	13	1.8857E7
0	7973	3428	6	12	1.8858E7
0	7969	3439	7	11	1.8859E7
0	7965	3449	7	10	1.886E7
0	7962	3458	7	8	1.8861E7
0	7960	3464	7	5	1.8862E7
0	7959	3468	7	3	1.8863E7
0	7958	3469	7	0	1.8864E7
0	7958	3469	7	0	1.8865E7
0	7958	3469	7	0	1.8866E7
0	7958	3469	7	0	1.8867E7
0	7958	3469	7	0	1.8868E7
0	7958	3469	7	0	1.8869E7
0	7958	3469	7	0	1.887E7
0	7958	3469	7	0	1.8871E7
0	7958	3469	7	0	1.8872E7
0	7958	3469	7	0	1.8873E7
0	7958	3469	7	0	1.8874E7
0	7958	3469	7	0	1.8875E7
0	7958	3469	7	0	1.8876E7
0	7958	3469	7	0	1.8877E7
0	7958	3469	7	0	1.8878E7
0	7958	3469	7	0	1.8879E7
0	7958	3469	7	0	1.888E7
0	7958	3469	7	0	1.8881E7
0	7958	3469	7	0	1.8882E7
0	7958	3469	7	0	1.8883E7
0	7958	3470	7	1	1.8884E7
0	7957	3472	7	3	1.8885E7
0	7956	3476	7	5	1.8886E7
0	7953	3483	7	7	1.8887E7
0	7950	3491	7	9	1.8888E7
0	7947	3501	7	11	1.8889E7
0	7942	3513	7	13	1.889E7
0	7938	3526	7	13	1.8891E7
0	7933	3538	7	13	1.8892E7
0	7929	3551	7	13	1.8893E7
0	7924	3564	7	13	1.8894E7
0	7919	3577	7	13	1.8895E7
0	7915	3589	7	13	1.8896E7
0	7911	3602	7	13	1.8897E7
0	7906	3615	7	13	1.8898E7
0	7902	3628	7	13	1.8899E7
0	7899	3641	7	13	1.89E7
0	7898	3654	7	12	1.8901E7
0	7897	3665	7	9	1.8902E7
0	7898	3672	7	6	1.8903E7
0	7898	3677	7	3	1.8904E7
0	7899	3680	7	1	1.8905E7
0	7899	3681	7	0	1.8906E7
0	7899	3682	7	0	1.8907E7
0	7899	3682	7	0	1.8908E7
0	7899	3682	7	0	1.8909E7
0	7899	3682	7	0	1.891E7
0	7899	3682	7	0	1.8911E7
0	7899	3682	7	0	1.8912E7
0	7899	3682	7	0	1.8913E7
0	7899	3682	7	0	1.8914E7
0	7899	3682	7	0	1.8915E7
0	7899	3682	7	0	1.8916E7
0	7899	3682	7	0	1.8917E7
0	7899	3682	7	0	1.8918E7
0	7899	3682	7	0	1.8919E7
0	7899	3682	7	0	1.892E7
0	7899	3682	7	0	1.8921E7
0	7899	3682	7	0	1.8922E7
0	7899	3682	7	0	1.8923E7
0	7899	3682	7	0	1.8924E7
0	7899	3682	7	0	1.8925E7
0	7899	3682	7	0	1.8926E7
0	7899	3684	7	2	1.8927E7
0	7899	3687	7	4	1.8928E7
0	7897	3692	7	6	1.8929E7
0	7890	3693	6	8	1.893E7
0	7881	3695	5	10	1.8931E7
0	7870	3698	5	12	1.8932E7
0	7857	3701	5	13	1.8933E7
0	7844	3704	5	13	1.8934E7
0	7831	3707	5	13	1.8935E7
0	7817	3710	5	13	1.8936E7
0	7804	3712	5	13	1.8937E7
0	7791	3715	5	13	1.8938E7
0	7778	3718	5	13	1.8939E7
0	7765	3720	5	13	1.894E7
0	7751	3723	5	13	1.8941E7
0	7738	3726	5	13	1.8942E7
0	7725	3728	5	13	1.8943E7
0	7712	3731	5	13	1.8944E7
0	7699	3734	5	13	1.8945E7
0	7685	3736	5	13	1.8946E7
0	7672	3739	5	13	1.8947E7
0	7659	3741	5	13	1.8948E7
0	7646	3744	5	13	1.8949E7
0	7632	3746	5	13	1.895E7
0	7619	3749	5	13	1.8951E7
0	7606	3751	5	13	1.8952E7
0	7594	3757	5	13	1.8953E7
0	7580	3760	5	13	1.8954E7
0	7567	3762	5	13	1.8955E7
0	7554	3765	5	13	1.8956E7
0	7541	3767	5	13	1.8957E7
0	7527	3770	5	13	1.8958E7
0	7514	3772	5	13	1.8959E7
0	7501	3774	5	13	1.896E7
0	7488	3777	5	13	1.8961E7
0	7474	3779	5	13	1.8962E7
0	7461	3782	5	13	1.8963E7
0	7448	3784	5	13	1.8964E7
0	7435	3787	5	13	1.8965E7
0	7421	3789	5	13	1.8966E7
0	7408	3792	5	13	1.8967E7
0	7395	3794	5	13	1.8968E7
0	7382	3797	5	13	1.8969E7
0	7368	3799	5	13	1.897E7
0	7355	3802	5	13	1.8971E7
0	7342	3804	5	13	1.8972E7
0	7329	3807	5	13	1.8973E7
0	7315	3809	5	13	1.8974E7
0	7303	3815	5	13	1.8975E7
0	7290	3817	5	13	1.8976E7
0	7277	3820	5	13	1.8977E7
0	7263	3822	5	13	1.8978E7
0	7250	3824	5	13	1.8979E7
0	7237	3827	5	13	1.898E7
0	7223	3829	5	13	1.8981E7
0	7210	3831	5	13	1.8982E7
0	7197	3834	5	13	1.8983E7
0	7184	3836	5	13	1.8984E7
0	7170	3839	5	13	1.8985E7
0	7157	3841	5	13	1.8986E7
0	7144	3843	5	13	1.8987E7
0	7131	3846	5	13	1.8988E7
0	7117	3848	5	13	1.8989E7
0	7104	3851	5	13	1.899E7
0	7091	3853	5	13	1.8991E7
0	7078	3855	5	13	1.8992E7
0	7065	3858	5	13	1.8993E7
0	7052	3862	5	13	1.8994E7
0	7038	3865	5	13	1.8995E7
0	7026	3868	5	11	1.8996E7
0	7017	3870	5	8	1.8997E7
0	7010	3872	5	5	1.8998E7
0	7006	3874	5	3	1.8999E7
0	7002	3877	6	6	1.9E7
0	7000	3883	6	7	1.9001E7
0	6996	3894	7	9	1.9002E7
0	7000	3904	7	11	1.9003E7
0	7003	3917	7	13	1.9004E7
0	7006	3930	7	13	1.9005E7
0	7009	3943	7	13	1.9006E7
0	7013	3956	7	13	1.9007E7
0	7017	3969	7	12	1.9008E7
0	7020	3979	7	9	1.9009E7
0	7022	3987	7	6	1.901E7
0	7023	3991	7	3	1.9011E7
0	7024	3994	7	1	1.9012E7
0	7024	3994	7	0	1.9013E7
0	7024	3994	7	0	1.9014E7
0	7024	3994	7	0	1.9015E7
0	7024	3994	7	0	1.9016E7
0	7024	3994	7	0	1.9017E7
0	7024	3994	7	0	1.9018E7
0	7024	3994	7	0	1.9019E7
0	7024	3994	7	0	1.902E7
0	7024	3994	7	0	1.9021E7
0	7024	3994	7	0	1.9022E7
0	7024	3994	7	0	1.9023E7
0	7024	3994	7	0	1.9024E7
0	7024	3994	7	0	1.9025E7
0	7024	3994	7	0	1.9026E7
0	7024	3994	7	0	1.9027E7
0	7024	3994	7	0	1.9028E7
0	7024	3994	7	0	1.9029E7
0	7024	3994	7	0	1.903E7
0	7024	3994	7	0	1.9031E7
0	7024	3994	7	0	1.9032E7
0	7025	3996	7	2	1.9033E7
0	7026	3999	7	4	1.9034E7
0	7027	4004	7	6	1.9035E7
0	7033	4011	7	8	1.9036E7
0	7035	4020	7	10	1.9037E7
0	7039	4031	7	12	1.9038E7
0	7043	4043	7	13	1.9039E7
0	7046	4056	7	13	1.904E7
0	7050	4069	7	13	1.9041E7
0	7054	4082	7	13	1.9042E7
0	7058	4095	7	13	1.9043E7
0	7061	4108	7	13	1.9044E7
0	7065	4121	7	13	1.9045E7
0	7069	4134	7	13	1.9046E7
0	7073	4147	7	13	1.9047E7
0	7076	4160	7	13	1.9048E7
0	7080	4173	7	13	1.9049E7
0	7084	4186	7	13	1.905E7
0	7088	4199	7	13	1.9051E7
0	7091	4212	7	13	1.9052E7
0	7097	4224	8	13	1.9053E7
0	7099	4237	7	13	1.9054E7
0	7103	4249	7	11	1.9055E7
0	7106	4259	7	8	1.9056E7
0	7108	4265	7	5	1.9057E7
0	7109	4269	7	3	1.9058E7
0	7111	4274	7	6	1.9059E7
0	7105	4278	6	8	1.906E7
0	7096	4280	5	9	1.9061E7
0	7088	4283	5	6	1.9062E7
0	7083	4284	5	4	1.9063E7
0	7079	4285	5	2	1.9064E7
0	7078	4285	5	1	1.9065E7
0	7077	4286	5	0	1.9066E7
0	7077	4286	5	0	1.9067E7
0	7077	4286	5	0	1.9068E7
0	7077	4286	5	0	1.9069E7
0	7077	4286	5	0	1.907E7
0	7077	4286	5	0	1.9071E7
0	7077	4286	5	0	1.9072E7
0	7077	4286	5	0	1.9073E7
0	7075	4286	5	1	1.9074E7
0	7073	4287	5	3	1.9075E7
0	7069	4288	5	5	1.9076E7
0	7064	4289	5	4	1.9077E7
0	7061	4290	5	1	1.9078E7
0	7061	4290	5	0	1.9079E7
0	7061	4290	5	0	1.908E7
0	7061	4290	5	0	1.9081E7
0	7061	4290	5	0	1.9082E7
0	7061	4290	5	0	1.9083E7
0	7061	4290	5	0	1.9084E7
0	7061	4290	5	0	1.9085E7
0	7061	4290	5	0	1.9086E7
0	7061	4290	5	0	1.9087E7
0	7061	4290	5	0	1.9088E7
0	7061	4290	5	0	1.9089E7
0	7061	4290	5	0	1.909E7
0	7061	4290	5	0	1.9091E7
0	7061	4290	5	0	1.9092E7
0	7061	4290	5	0	1.9093E7
0	7061	4290	5	0	1.9094E7
0	7061	4290	5	0	1.9095E7
0	7061	4290	5	0	1.9096E7
0	7061	4290	5	0	1.9097E7
0	7061	4290	5	0	1.9098E7
0	7059	4290	5	2	1.9099E7
0	7056	4291	5	4	1.91E7
0	7051	4293	5	6	1.9101E7
0	7043	4295	5	8	1.9102E7
0	7034	4297	5	10	1.9103E7
0	7023	4300	5	12	1.9104E7
0	7016	4311	6	13	1.9105E7
0	7014	4324	7	13	1.9106E7
0	7014	4338	7	13	1.9107E7
0	7015	4350	7	10	1.9108E7
0	7015	4359	7	7	1.9109E7
0	7015	4364	7	4	1.911E7
0	7016	4368	7	2	1.9111E7
0	7016	4370	7	1	1.9112E7
0	7016	4371	7	0	1.9113E7
0	7016	4371	7	0	1.9114E7
0	7016	4371	7	0	1.9115E7
0	7016	4371	7	0	1.9116E7
0	7016	4371	7	0	1.9117E7
0	7016	4371	7	0	1.9118E7
0	7016	4371	7	0	1.9119E7
0	7016	4371	7	0	1.912E7
0	7019	4372	7	1	1.9121E7
0	7019	4375	7	3	1.9122E7
0	7019	4380	7	5	1.9123E7
0	7020	4386	7	7	1.9124E7
0	7020	4393	7	5	1.9125E7
0	7020	4400	7	7	1.9126E7
0	7020	4408	7	6	1.9127E7
0	7017	4416	7	8	1.9128E7
0	7018	4426	7	10	1.9129E7
0	7018	4438	7	12	1.913E7
0	7019	4451	7	13	1.9131E7
0	7019	4464	7	13	1.9132E7
0	7020	4478	7	13	1.9133E7
0	7021	4490	7	11	1.9134E7
0	7022	4500	7	9	1.9135E7
0	7022	4508	7	7	1.9136E7
0	7023	4514	7	4	1.9137E7
0	7023	4518	7	2	1.9138E7
0	7023	4519	7	1	1.9139E7
0	7023	4520	7	0	1.914E7
0	7023	4521	7	0	1.9141E7
0	7023	4521	7	0	1.9142E7
0	7023	4521	7	0	1.9143E7
0	7023	4521	7	0	1.9144E7
0	7023	4521	7	0	1.9145E7
0	7023	4521	7	0	1.9146E7
0	7023	4521	7	0	1.9147E7
0	7023	4521	7	0	1.9148E7
0	7023	4521	7	0	1.9149E7
0	7023	4521	7	0	1.915E7
0	7023	4521	7	0	1.9151E7
0	7023	4521	7	0	1.9152E7
0	7023	4521	7	0	1.9153E7
0	7023	4521	7	0	1.9154E7
0	7023	4521	7	0	1.9155E7
0	7023	4521	7	0	1.9156E7
0	7023	4521	7	0	1.9157E7
0	7023	4522	7	2	1.9158E7
0	7023	4525	7	4	1.9159E7
0	7023	4530	7	5	1.916E7
0	7023	4535	7	3	1.9161E7
0	7023	4536	7	0	1.9162E7
0	7023	4536	7	0	1.9163E7
0	7023	4536	7	0	1.9164E7
0	7023	4536	7	0	1.9165E7
0	7023	4536	7	0	1.9166E7
0	7023	4536	7	0	1.9167E7
0	7023	4536	7	0	1.9168E7
0	7023	4536	7	0	1.9169E7
0	7023	4536	7	0	1.917E7
0	7023	4536	7	0	1.9171E7
0	7023	4536	7	0	1.9172E7
0	7023	4536	7	0	1.9173E7
0	7023	4536	7	0	1.9174E7
0	7023	4536	7	0	1.9175E7
0	7023	4536	7	0	1.9176E7
0	7023	4536	7	0	1.9177E7
0	7023	4536	7	0	1.9178E7
0	7023	4536	7	0	1.9179E7
0	7023	4536	7	0	1.918E7
0	7023	4536	7	0	1.9181E7
0	7027	4538	7	1	1.9182E7
0	7027	4540	7	3	1.9183E7
0	7027	4545	7	5	1.9184E7
0	7027	4551	7	7	1.9185E7
0	7025	4559	7	9	1.9186E7
0	7016	4566	6	10	1.9187E7
0	7008	4569	6	7	1.9188E7
0	7002	4570	5	4	1.9189E7
0	6998	4571	5	2	1.919E7
0	6996	4571	5	1	1.9191E7
0	6995	4571	5	0	1.9192E7
0	6995	4571	5	0	1.9193E7
0	6995	4571	5	0	1.9194E7
0	6995	4571	5	0	1.9195E7
0	6995	4571	5	0	1.9196E7
0	6995	4571	5	0	1.9197E7
0	6995	4571	5	0	1.9198E7
0	6995	4571	5	0	1.9199E7
0	6995	4571	5	0	1.92E7
0	6995	4571	5	0	1.9201E7
0	6995	4571	5	0	1.9202E7
0	6995	4571	5	0	1.9203E7
0	6995	4571	5	0	1.9204E7
0	6995	4571	5	0	1.9205E7
0	6995	4571	5	0	1.9206E7
0	6995	4571	5	0	1.9207E7
0	6995	4571	5	0	1.9208E7
0	6995	4571	5	0	1.9209E7
0	6995	4571	5	0	1.921E7
0	6995	4571	5	0	1.9211E7
0	6995	4571	5	0	1.9212E7
0	6995	4571	5	0	1.9213E7
0	6995	4571	5	0	1.9214E7
0	6995	4571	5	0	1.9215E7
0	6995	4571	5	0	1.9216E7
0	6994	4571	5	1	1.9217E7
0	6992	4572	5	3	1.9218E7
0	6988	4572	5	4	1.9219E7
0	6982	4573	5	6	1.922E7
0	6974	4574	5	8	1.9221E7
0	6965	4573	5	10	1.9222E7
0	6953	4571	5	12	1.9223E7
0	6940	4573	5	11	1.9224E7
0	6929	4574	5	9	1.9225E7
0	6921	4576	5	7	1.9226E7
0	6915	4577	5	5	1.9227E7
0	6910	4577	5	3	1.9228E7
0	6908	4578	5	1	1.9229E7
0	6907	4578	5	0	1.923E7
0	6906	4578	5	0	1.9231E7
0	6906	4578	5	0	1.9232E7
0	6906	4578	5	0	1.9233E7
0	6906	4578	5	0	1.9234E7
0	6906	4578	5	0	1.9235E7
0	6906	4578	5	0	1.9236E7
0	6906	4578	5	0	1.9237E7
0	6906	4578	5	0	1.9238E7
0	6906	4578	5	0	1.9239E7
0	6906	4578	5	0	1.924E7
0	6906	4578	5	0	1.9241E7
0	6906	4578	5	0	1.9242E7
0	6906	4578	5	0	1.9243E7
0	6906	4578	5	0	1.9244E7
0	6906	4578	5	0	1.9245E7
0	6906	4578	5	0	1.9246E7
0	6906	4578	5	0	1.9247E7
0	6906	4578	5	0	1.9248E7
0	6905	4578	5	1	1.9249E7
0	6902	4578	5	3	1.925E7
0	6897	4579	5	5	1.9251E7
0	6893	4580	5	3	1.9252E7
0	6890	4580	5	0	1.9253E7
0	6890	4580	5	0	1.9254E7
0	6890	4580	5	0	1.9255E7
0	6890	4580	5	0	1.9256E7
0	6890	4580	5	0	1.9257E7
0	6890	4580	5	0	1.9258E7
0	6890	4580	5	0	1.9259E7
0	6890	4580	5	0	1.926E7
0	6890	4580	5	0	1.9261E7
0	6890	4580	5	0	1.9262E7
0	6890	4580	5	0	1.9263E7
0	6890	4580	5	0	1.9264E7
0	6890	4580	5	0	1.9265E7
0	6890	4580	5	0	1.9266E7
0	6890	4580	5	0	1.9267E7
0	6890	4580	5	0	1.9268E7
0	6890	4580	5	0	1.9269E7
0	6890	4580	5	0	1.927E7
0	6890	4580	5	0	1.9271E7
0	6890	4580	5	0	1.9272E7
0	6890	4580	5	0	1.9273E7
0	6888	4581	5	2	1.9274E7
0	6884	4581	5	4	1.9275E7
0	6879	4582	5	6	1.9276E7
0	6871	4583	5	6	1.9277E7
0	6866	4584	5	4	1.9278E7
0	6863	4584	5	2	1.9279E7
0	6861	4585	5	1	1.928E7
0	6861	4585	5	0	1.9281E7
0	6860	4585	5	1	1.9282E7
0	6858	4585	5	2	1.9283E7
0	6854	4586	5	4	1.9284E7
0	6848	4587	5	6	1.9285E7
0	6841	4588	5	8	1.9286E7
0	6831	4589	5	10	1.9287E7
0	6820	4591	5	12	1.9288E7
0	6807	4594	5	13	1.9289E7
0	6794	4596	5	13	1.929E7
0	6781	4599	5	13	1.9291E7
0	6767	4601	5	13	1.9292E7
0	6754	4603	5	13	1.9293E7
0	6741	4606	5	13	1.9294E7
0	6728	4608	5	13	1.9295E7
0	6714	4611	5	13	1.9296E7
0	6701	4613	5	13	1.9297E7
0	6688	4615	5	13	1.9298E7
0	6675	4618	5	13	1.9299E7
0	6661	4620	5	13	1.93E7
0	6649	4622	5	11	1.9301E7
0	6639	4624	5	8	1.9302E7
0	6632	4626	5	6	1.9303E7
0	6627	4626	5	3	1.9304E7
0	6625	4627	5	1	1.9305E7
0	6623	4627	5	0	1.9306E7
0	6623	4627	5	0	1.9307E7
0	6623	4627	5	0	1.9308E7
0	6623	4627	5	0	1.9309E7
0	6623	4627	5	0	1.931E7
0	6623	4627	5	0	1.9311E7
0	6623	4627	5	0	1.9312E7
0	6623	4627	5	0	1.9313E7
0	6623	4627	5	0	1.9314E7
0	6623	4627	5	0	1.9315E7
0	6623	4627	5	0	1.9316E7
0	6623	4627	5	0	1.9317E7
0	6623	4627	5	0	1.9318E7
0	6623	4627	5	0	1.9319E7
0	6623	4627	5	0	1.932E7
0	6623	4627	5	0	1.9321E7
0	6623	4627	5	0	1.9322E7
0	6623	4627	5	0	1.9323E7
0	6621	4628	5	2	1.9324E7
0	6618	4628	5	4	1.9325E7
0	6613	4629	5	5	1.9326E7
0	6609	4630	5	3	1.9327E7
0	6607	4630	5	0	1.9328E7
0	6607	4630	5	0	1.9329E7
0	6607	4630	5	0	1.933E7
0	6607	4630	5	0	1.9331E7
0	6607	4630	5	0	1.9332E7
0	6607	4630	5	0	1.9333E7
0	6607	4630	5	0	1.9334E7
0	6607	4630	5	0	1.9335E7
0	6607	4630	5	0	1.9336E7
0	6607	4630	5	0	1.9337E7
0	6607	4630	5	0	1.9338E7
0	6607	4630	5	0	1.9339E7
0	6607	4630	5	0	1.934E7
0	6607	4630	5	0	1.9341E7
0	6607	4630	5	0	1.9342E7
0	6607	4630	5	0	1.9343E7
0	6607	4630	5	0	1.9344E7
0	6607	4630	5	0	1.9345E7
0	6607	4630	5	0	1.9346E7
0	6607	4630	5	0	1.9347E7
0	6607	4630	5	1	1.9348E7
0	6604	4631	5	3	1.9349E7
0	6600	4631	5	5	1.935E7
0	6594	4633	5	7	1.9351E7
0	6586	4634	5	9	1.9352E7
0	6577	4636	5	7	1.9353E7
0	6572	4637	5	4	1.9354E7
0	6569	4637	5	2	1.9355E7
0	6567	4637	5	1	1.9356E7
0	6566	4638	5	0	1.9357E7
0	6566	4638	5	0	1.9358E7
0	6566	4638	5	0	1.9359E7
0	6566	4638	5	0	1.936E7
0	6566	4638	5	0	1.9361E7
0	6564	4638	5	2	1.9362E7
0	6561	4639	5	4	1.9363E7
0	6556	4640	5	6	1.9364E7
0	6548	4642	5	8	1.9365E7
0	6539	4644	5	10	1.9366E7
0	6528	4647	5	12	1.9367E7
0	6515	4650	5	13	1.9368E7
0	6502	4653	5	13	1.9369E7
0	6489	4657	5	13	1.937E7
0	6473	4654	5	13	1.9371E7
0	6469	4642	3	13	1.9372E7
0	6464	4629	3	13	1.9373E7
0	6460	4618	3	10	1.9374E7
0	6456	4609	3	7	1.9375E7
0	6454	4603	3	4	1.9376E7
0	6452	4600	3	4	1.9377E7
0	6448	4596	4	6	1.9378E7
0	6441	4596	5	8	1.9379E7
0	6431	4597	5	10	1.938E7
0	6420	4598	5	12	1.9381E7
0	6407	4600	5	13	1.9382E7
0	6393	4601	5	13	1.9383E7
0	6380	4603	5	13	1.9384E7
0	6367	4603	5	13	1.9385E7
0	6353	4602	5	13	1.9386E7
0	6340	4601	5	13	1.9387E7
0	6326	4599	5	13	1.9388E7
0	6313	4598	5	13	1.9389E7
0	6299	4597	5	13	1.939E7
0	6286	4596	5	13	1.9391E7
0	6273	4594	5	13	1.9392E7
0	6259	4593	5	13	1.9393E7
0	6246	4592	5	13	1.9394E7
0	6232	4590	5	13	1.9395E7
0	6219	4589	5	13	1.9396E7
0	6206	4584	5	13	1.9397E7
0	6192	4583	5	13	1.9398E7
0	6179	4582	5	13	1.9399E7
0	6166	4581	5	13	1.94E7
0	6152	4579	5	13	1.9401E7
0	6139	4578	5	13	1.9402E7
0	6125	4577	5	13	1.9403E7
0	6112	4575	5	13	1.9404E7
0	6099	4574	5	13	1.9405E7
0	6085	4573	5	13	1.9406E7
0	6072	4572	5	13	1.9407E7
0	6058	4570	5	13	1.9408E7
0	6045	4569	5	12	1.9409E7
0	6035	4568	5	9	1.941E7
0	6027	4568	5	6	1.9411E7
0	6023	4567	5	3	1.9412E7
0	6020	4567	5	0	1.9413E7
0	6020	4567	5	0	1.9414E7
0	6020	4567	5	0	1.9415E7
0	6020	4567	5	0	1.9416E7
0	6020	4567	5	0	1.9417E7
0	6020	4567	5	0	1.9418E7
0	6020	4567	5	0	1.9419E7
0	6020	4567	5	0	1.942E7
0	6020	4567	5	0	1.9421E7
0	6020	4567	5	0	1.9422E7
0	6020	4567	5	0	1.9423E7
0	6020	4567	5	0	1.9424E7
0	6020	4567	5	0	1.9425E7
0	6020	4567	5	0	1.9426E7
0	6020	4567	5	0	1.9427E7
0	6020	4567	5	0	1.9428E7
0	6020	4567	5	0	1.9429E7
0	6020	4567	5	0	1.943E7
0	6020	4567	5	0	1.9431E7
0	6020	4567	5	0	1.9432E7
0	6020	4567	5	0	1.9433E7
0	6018	4567	5	2	1.9434E7
0	6014	4566	5	5	1.9435E7
0	6008	4566	5	6	1.9436E7
0	6000	4565	5	8	1.9437E7
0	5990	4564	5	10	1.9438E7
0	5978	4563	5	12	1.9439E7
0	5965	4561	5	13	1.944E7
0	5951	4560	5	13	1.9441E7
0	5938	4559	5	13	1.9442E7
0	5925	4557	5	13	1.9443E7
0	5911	4556	5	13	1.9444E7
0	5898	4555	5	13	1.9445E7
0	5884	4553	5	13	1.9446E7
0	5871	4552	5	13	1.9447E7
0	5858	4550	5	13	1.9448E7
0	5844	4549	5	13	1.9449E7
0	5831	4548	5	13	1.945E7
0	5817	4546	5	13	1.9451E7
0	5804	4545	5	13	1.9452E7
0	5791	4544	5	13	1.9453E7
0	5777	4542	5	13	1.9454E7
0	5764	4541	5	13	1.9455E7
0	5750	4541	5	13	1.9456E7
0	5737	4540	5	13	1.9457E7
0	5723	4539	5	13	1.9458E7
0	5710	4539	5	13	1.9459E7
0	5696	4539	5	13	1.946E7
0	5683	4539	5	13	1.9461E7
0	5669	4540	5	13	1.9462E7
0	5656	4542	5	13	1.9463E7
0	5643	4545	5	13	1.9464E7
0	5630	4548	5	13	1.9465E7
0	5617	4551	5	11	1.9466E7
0	5607	4554	5	8	1.9467E7
0	5601	4556	5	5	1.9468E7
0	5596	4557	5	3	1.9469E7
0	5595	4558	5	0	1.947E7
0	5595	4558	5	0	1.9471E7
0	5595	4558	5	0	1.9472E7
0	5595	4558	5	0	1.9473E7
0	5595	4558	5	0	1.9474E7
0	5595	4558	5	0	1.9475E7
0	5595	4558	5	0	1.9476E7
0	5595	4558	5	0	1.9477E7
0	5595	4558	5	0	1.9478E7
0	5595	4558	5	0	1.9479E7
0	5595	4558	5	0	1.948E7
0	5595	4558	5	0	1.9481E7
0	5595	4558	5	0	1.9482E7
0	5595	4558	5	0	1.9483E7
0	5595	4558	5	0	1.9484E7
0	5595	4558	5	0	1.9485E7
0	5595	4558	5	0	1.9486E7
0	5595	4558	5	0	1.9487E7
0	5595	4558	5	0	1.9488E7
0	5595	4558	5	0	1.9489E7
0	5594	4558	5	1	1.949E7
0	5593	4562	5	3	1.9491E7
0	5589	4563	5	5	1.9492E7
0	5583	4566	5	7	1.9493E7
0	5575	4569	6	9	1.9494E7
0	5565	4573	6	11	1.9495E7
0	5554	4579	6	13	1.9496E7
0	5543	4586	6	12	1.9497E7
0	5534	4591	6	9	1.9498E7
0	5527	4595	6	6	1.9499E7
0	5523	4598	6	3	1.95E7
0	5520	4601	6	5	1.9501E7
0	5520	4607	7	7	1.9502E7
0	5522	4616	7	9	1.9503E7
0	5529	4624	8	11	1.9504E7
0	5536	4634	8	13	1.9505E7
0	5545	4644	8	13	1.9506E7
0	5553	4654	8	13	1.9507E7
0	5562	4665	8	13	1.9508E7
0	5570	4675	8	13	1.9509E7
0	5578	4686	8	13	1.951E7
0	5587	4696	8	12	1.9511E7
0	5593	4705	8	9	1.9512E7
0	5598	4710	8	6	1.9513E7
0	5601	4714	8	3	1.9514E7
0	5602	4716	8	0	1.9515E7
0	5602	4716	8	0	1.9516E7
0	5602	4716	8	0	1.9517E7
0	5602	4716	8	0	1.9518E7
0	5602	4716	8	0	1.9519E7
0	5602	4716	8	0	1.952E7
0	5602	4716	8	0	1.9521E7
0	5602	4716	8	0	1.9522E7
0	5602	4716	8	0	1.9523E7
0	5602	4716	8	0	1.9524E7
0	5602	4716	8	0	1.9525E7
0	5602	4716	8	0	1.9526E7
0	5602	4716	8	0	1.9527E7
0	5602	4716	8	0	1.9528E7
0	5602	4716	8	0	1.9529E7
0	5602	4716	8	0	1.953E7
0	5602	4716	8	0	1.9531E7
0	5602	4716	8	0	1.9532E7
0	5602	4716	8	0	1.9533E7
0	5602	4716	8	0	1.9534E7
0	5603	4716	8	0	1.9535E7
0	5604	4717	8	2	1.9536E7
0	5606	4720	8	4	1.9537E7
0	5610	4725	8	6	1.9538E7
0	5618	4728	8	8	1.9539E7
0	5624	4736	8	10	1.954E7
0	5632	4744	8	12	1.9541E7
0	5641	4754	8	13	1.9542E7
0	5650	4764	8	13	1.9543E7
0	5658	4774	8	13	1.9544E7
0	5667	4785	8	13	1.9545E7
0	5675	4796	8	13	1.9546E7
0	5683	4807	8	13	1.9547E7
0	5691	4817	8	13	1.9548E7
0	5699	4829	8	13	1.9549E7
0	5706	4840	8	13	1.955E7
0	5712	4852	8	13	1.9551E7
0	5718	4864	8	13	1.9552E7
0	5723	4874	8	9	1.9553E7
0	5727	4881	8	6	1.9554E7
0	5729	4886	8	4	1.9555E7
0	5731	4889	8	2	1.9556E7
0	5731	4890	8	1	1.9557E7
0	5732	4891	8	0	1.9558E7
0	5732	4891	8	0	1.9559E7
0	5732	4891	8	0	1.956E7
0	5732	4891	8	0	1.9561E7
0	5732	4891	8	0	1.9562E7
0	5732	4891	8	0	1.9563E7
0	5732	4891	8	0	1.9564E7
0	5732	4891	8	0	1.9565E7
0	5732	4891	8	0	1.9566E7
0	5732	4891	8	0	1.9567E7
0	5732	4891	8	0	1.9568E7
0	5732	4891	8	0	1.9569E7
0	5732	4891	8	0	1.957E7
0	5732	4891	8	0	1.9571E7
0	5732	4891	8	0	1.9572E7
0	5732	4891	8	0	1.9573E7
0	5732	4891	8	0	1.9574E7
0	5732	4891	8	0	1.9575E7
0	5732	4891	8	0	1.9576E7
0	5732	4892	8	2	1.9577E7
0	5734	4895	8	4	1.9578E7
0	5736	4900	8	6	1.9579E7
0	5739	4907	8	8	1.958E7
0	5743	4915	8	10	1.9581E7
0	5748	4925	8	11	1.9582E7
0	5754	4937	8	13	1.9583E7
0	5760	4949	8	13	1.9584E7
0	5763	4962	8	13	1.9585E7
0	5769	4974	8	13	1.9586E7
0	5775	4986	8	13	1.9587E7
0	5781	4998	8	13	1.9588E7
0	5787	5010	8	13	1.9589E7
0	5794	5022	8	13	1.959E7
0	5800	5034	8	13	1.9591E7
0	5806	5046	8	13	1.9592E7
0	5812	5058	8	13	1.9593E7
0	5818	5070	8	13	1.9594E7
0	5824	5082	8	13	1.9595E7
0	5829	5095	8	13	1.9596E7
0	5835	5107	8	12	1.9597E7
0	5839	5116	8	8	1.9598E7
0	5842	5122	8	6	1.9599E7
0	5844	5127	8	3	1.96E7
0	5845	5129	8	0	1.9601E7
0	5845	5129	8	0	1.9602E7
0	5845	5129	8	0	1.9603E7
0	5845	5129	8	0	1.9604E7
0	5845	5129	8	0	1.9605E7
0	5845	5129	8	0	1.9606E7
0	5845	5129	8	0	1.9607E7
0	5845	5129	8	0	1.9608E7
0	5845	5129	8	0	1.9609E7
0	5845	5129	8	0	1.961E7
0	5845	5129	8	0	1.9611E7
0	5845	5129	8	0	1.9612E7
0	5845	5129	8	0	1.9613E7
0	5845	5129	8	0	1.9614E7
0	5845	5129	8	0	1.9615E7
0	5845	5129	8	0	1.9616E7
0	5845	5129	8	0	1.9617E7
0	5845	5129	8	0	1.9618E7
0	5845	5129	8	0	1.9619E7
0	5845	5129	8	0	1.962E7
0	5846	5129	8	0	1.9621E7
0	5847	5131	8	2	1.9622E7
0	5848	5134	8	4	1.9623E7
0	5851	5140	8	6	1.9624E7
0	5855	5147	8	8	1.9625E7
0	5859	5156	8	10	1.9626E7
0	5859	5165	7	12	1.9627E7
0	5847	5171	6	13	1.9628E7
0	5835	5177	6	13	1.9629E7
0	5823	5183	6	13	1.963E7
0	5811	5189	6	13	1.9631E7
0	5799	5195	6	13	1.9632E7
0	5787	5201	6	13	1.9633E7
0	5775	5207	6	13	1.9634E7
0	5763	5213	6	13	1.9635E7
0	5751	5219	6	13	1.9636E7
0	5739	5225	6	13	1.9637E7
0	5726	5231	6	13	1.9638E7
0	5714	5237	6	13	1.9639E7
0	5702	5243	6	13	1.964E7
0	5690	5249	6	13	1.9641E7
0	5678	5255	6	13	1.9642E7
0	5666	5261	6	13	1.9643E7
0	5655	5267	6	11	1.9644E7
0	5646	5271	6	8	1.9645E7
0	5639	5275	6	5	1.9646E7
0	5635	5277	6	3	1.9647E7
0	5631	5279	6	5	1.9648E7
0	5625	5282	6	7	1.9649E7
0	5617	5286	6	9	1.965E7
0	5607	5290	6	12	1.9651E7
0	5595	5296	6	13	1.9652E7
0	5583	5302	6	13	1.9653E7
0	5570	5307	6	13	1.9654E7
0	5558	5313	6	13	1.9655E7
0	5546	5318	6	13	1.9656E7
0	5534	5324	6	13	1.9657E7
0	5522	5329	6	11	1.9658E7
0	5514	5333	6	8	1.9659E7
0	5508	5336	6	5	1.966E7
0	5504	5338	6	3	1.9661E7
0	5499	5340	6	6	1.9662E7
0	5496	5346	6	8	1.9663E7
0	5499	5355	7	10	1.9664E7
0	5501	5366	7	12	1.9665E7
0	5503	5379	7	13	1.9666E7
0	5504	5392	7	13	1.9667E7
0	5500	5405	7	13	1.9668E7
0	5493	5416	6	13	1.9669E7
0	5482	5425	6	13	1.967E7
0	5471	5432	6	12	1.9671E7
0	5463	5438	6	9	1.9672E7
0	5457	5442	6	6	1.9673E7
0	5453	5445	6	3	1.9674E7
0	5451	5446	6	0	1.9675E7
0	5451	5446	6	0	1.9676E7
0	5451	5446	6	0	1.9677E7
0	5451	5446	6	0	1.9678E7
0	5451	5446	6	0	1.9679E7
0	5451	5446	6	0	1.968E7
0	5451	5446	6	0	1.9681E7
0	5451	5446	6	0	1.9682E7
0	5451	5446	6	0	1.9683E7
0	5451	5446	6	0	1.9684E7
0	5451	5446	6	0	1.9685E7
0	5451	5446	6	0	1.9686E7
0	5451	5446	6	0	1.9687E7
0	5451	5446	6	0	1.9688E7
0	5451	5446	6	0	1.9689E7
0	5451	5446	6	0	1.969E7
0	5451	5446	6	0	1.9691E7
0	5451	5446	6	0	1.9692E7
0	5451	5446	6	0	1.9693E7
0	5451	5446	6	0	1.9694E7
0	5451	5446	6	0	1.9695E7
0	5449	5447	6	2	1.9696E7
0	5446	5449	6	4	1.9697E7
0	5440	5452	6	6	1.9698E7
0	5433	5457	6	9	1.9699E7
0	5424	5462	6	11	1.97E7
0	5414	5468	6	12	1.9701E7
0	5403	5475	6	13	1.9702E7
0	5391	5482	6	13	1.9703E7
0	5380	5489	6	13	1.9704E7
0	5368	5496	6	13	1.9705E7
0	5357	5503	6	13	1.9706E7
0	5346	5511	6	13	1.9707E7
0	5335	5519	6	13	1.9708E7
0	5324	5526	6	13	1.9709E7
0	5313	5534	6	13	1.971E7
0	5307	5546	6	13	1.9711E7
