1.8347001750124127E7
1.8347001750132345E7
1.8347006E7
1.8347016E7
1.8347026E7
1.8347036E7
1.8347046E7
1.8347056E7
1.8347066E7
1.8347076E7
1.8347086E7
1.8347096E7
1.8347106E7
1.8347116E7
1.8347126E7
1.8347136E7
1.8347146E7
1.8347156E7
1.8347166E7
1.8347176E7
1.8347186E7
1.8347196E7
1.8347206E7
1.8347216E7
1.8347226E7
1.8347236E7
1.8347246E7
1.8347256E7
1.8347266E7
1.8347276E7
1.8347286E7
1.8347296E7
1.8347306E7
1.8347316E7
1.8347326E7
1.8347336E7
1.8347346E7
1.8347356E7
1.8347366E7
1.8347376E7
1.8347386E7
1.8347396E7
1.8347406E7
1.8347416E7
1.8347426E7
1.8347436E7
1.8347446E7
1.8347456E7
1.8347466E7
1.8347476E7
1.8347486E7
1.8347496E7
1.8347506E7
1.8347516E7
1.8347526E7
1.8347536E7
1.8347546E7
1.8347556E7
1.8347566E7
1.8347576E7
1.8347586E7
1.8347596E7
1.8347606E7
1.8347616E7
1.8347626E7
1.8347633615310043E7
1.834763361531826E7
1.8347636E7
1.8347646E7
1.8347656E7
1.8347666E7
1.8347676E7
1.8347686E7
1.8347696E7
1.8347706E7
1.8347716E7
1.8347726E7
1.8347736E7
1.8347746E7
1.8347756E7
1.8347766E7
1.8347776E7
1.8347786E7
1.8347796E7
1.8347806E7
1.8347816E7
1.8347826E7
1.8347836E7
1.8347846E7
1.8347856E7
1.8347866E7
1.8347876E7
1.8347886E7
1.8347896E7
1.8347906E7
1.8347916E7
1.8347926E7
1.8347936E7
1.8347946E7
1.8347956E7
1.8347966E7
1.8347976E7
1.8347986E7
1.8347996E7
1.8348006E7
1.8348016E7
1.8348026E7
1.8348036E7
1.8348046E7
1.8348056E7
1.8348066E7
1.8348076E7
1.8348086E7
1.8348096E7
1.8348106E7
1.8348116E7
1.8348126E7
1.866300257273355E7
1.866300257274177E7
1.8663006E7
1.8663016E7
1.8663026E7
1.8663036E7
1.8663046E7
1.8663056E7
1.8663066E7
1.8663076E7
1.8663086E7
1.8663096E7
1.8663106E7
1.8663116E7
1.8663126E7
1.8663136E7
1.8663146E7
1.8663156E7
1.8663166E7
1.8663176E7
1.8663186E7
1.8663196E7
1.8663206E7
1.8663216E7
1.8663226E7
1.8663231026614755E7
1.8663231026622973E7
1.8663236E7
1.8663246E7
1.8663256E7
1.8663266E7
1.8663276E7
1.8663286E7
1.8663296E7
1.8663306E7
1.8663316E7
1.8663326E7
1.8663336E7
1.8663346E7
1.8663356E7
1.8663366E7
1.8663376E7
1.8663386E7
1.8663396E7
1.8663406E7
1.8663416E7
1.8663426E7
1.8663436E7
1.8663446E7
1.8663456E7
1.8663466E7
1.8663476E7
1.8663486E7
1.8663496E7
1.8663506E7
1.8663516E7
1.8663526E7
1.8663536E7
1.8663546E7
1.8663556E7
1.8663566E7
1.8663576E7
1.8663586E7
1.8663596E7
1.8663606E7
1.8663616E7
1.8663626E7
1.8663636E7
1.8663646E7
1.8663656E7
1.8663666E7
1.8663676E7
1.8663686E7
1.8663696E7
1.8663706E7
1.8663716E7
1.8663726E7
1.8663736E7
1.8663746E7
1.8663756E7
1.8663766E7
1.8663776E7
1.8663786E7
1.8663796E7
1.8663806E7
1.877400590646652E7
1.877400590647474E7
1.8774006E7
1.877400630516782E7
1.877400630517604E7
1.8774016E7
1.8774016263648897E7
1.8774016263657115E7
1.8774026E7
1.8774026263648897E7
1.8774026263657115E7
1.8774036E7
1.87740458649476E7
1.8774045864955816E7
1.8774046E7
1.8774046263648897E7
1.8774046263657115E7
1.8774056E7
1.8774066E7
1.8774076E7
1.8774085558160923E7
1.877408555816914E7
1.8774085956862222E7
1.877408595687044E7
1.8774086E7
1.87740958649476E7
1.8774095864955816E7
1.8774096E7
1.8774105813972786E7
1.8774105813981004E7
1.8774106E7
1.87741158649476E7
1.8774115864955816E7
1.8774116E7
1.87741258649476E7
1.8774125864955816E7
1.8774126E7
1.8774135813972786E7
1.8774135813981004E7
1.8774136E7
1.87741458649476E7
1.8774145864955816E7
1.8774146E7
1.877415590646652E7
1.877415590647474E7
1.8774156E7
1.877415630516782E7
1.877415630517604E7
1.8774166E7
1.8774166263648897E7
1.8774166263657115E7
1.8774176E7
1.8774176263648897E7
1.8774176263657115E7
1.8774186E7
1.8774196E7
1.87742058649476E7
1.8774205864955816E7
1.8774206E7
1.8774216E7
1.8774225609135736E7
1.8774225609143954E7
1.8774226E7
1.87742358649476E7
1.8774235864955816E7
1.8774235864964034E7
1.8774235864972252E7
1.8774236E7
1.8774236263648897E7
1.8774236263657115E7
1.8774246E7
1.877424630516782E7
1.877424630517604E7
1.8774256E7
1.8774265813972786E7
1.8774265813981004E7
1.8774266E7
1.877427590646652E7
1.877427590647474E7
1.8774276E7
1.877427630516782E7
1.877427630517604E7
1.8774286E7
1.8774296E7
1.8774305813972786E7
1.8774305813981004E7
1.8774306E7
1.87743158649476E7
1.8774315864955816E7
1.8774316E7
1.8774326E7
1.8774335813972786E7
1.8774335813981004E7
1.8774336E7
1.8774336212674085E7
1.8774336212682303E7
1.8774346E7
1.8774346263648897E7
1.8774346263657115E7
1.8774356E7
1.8774365956862222E7
1.877436595687044E7
1.8774366E7
1.877436695296612E7
1.8774366952974338E7
1.8774366952982556E7
1.8774366952990774E7
1.8774366952998992E7
1.877436695300721E7
1.8774376E7
1.8774376263648897E7
1.8774376263657115E7
1.8774386E7
1.8774386212674085E7
1.8774386212682303E7
1.8774396E7
1.8774396212674085E7
1.8774396212682303E7
1.8774406E7
1.8774416E7
1.8774416511375383E7
1.87744165113836E7
1.877441651139182E7
1.8774416511400037E7
1.8774426E7
1.8774435813972786E7
1.8774435813981004E7
1.8774436E7
1.8774436263648897E7
1.8774436263657115E7
1.8774446E7
1.8774456E7
1.8774456212674085E7
1.8774456212682303E7
1.8774466E7
1.877447570105036E7
1.8774475701058578E7
1.8774476E7
1.877447630516782E7
1.877447630517604E7
1.8774486E7
1.8774486212674085E7
1.8774486212682303E7
1.8774496E7
1.8774496263648897E7
1.8774496263657115E7
1.8774506E7
1.8774516E7
1.8774516263648897E7
1.8774516263657115E7
1.8774526E7
1.8774526263648897E7
1.8774526263657115E7
1.8774536E7
1.8774536263648897E7
1.8774536263657115E7
1.8774546E7
1.8774546263648897E7
1.8774546263657115E7
1.8774556E7
1.877455630516782E7
1.877455630517604E7
1.8774566E7
1.8774566263648897E7
1.8774566263657115E7
1.8774576E7
1.877457635556352E7
1.877457635557174E7
1.8774586E7
1.8774586263648897E7
1.8774586263657115E7
1.8774596E7
1.8774606E7
1.8774606263648897E7
1.8774606263657115E7
1.8774616E7
1.8774616263648897E7
1.8774616263657115E7
1.8774626E7
1.877462635556352E7
1.877462635557174E7
1.8774636E7
1.8774636263648897E7
1.8774636263657115E7
1.8774646E7
1.8774646263648897E7
1.8774646263657115E7
1.8774656E7
1.877465630516782E7
1.877465630517604E7
1.8774666E7
1.8774666263648897E7
1.8774666263657115E7
1.8774676E7
1.8774676263648897E7
1.8774676263657115E7
1.8774686E7
1.8774686263648897E7
1.8774686263657115E7
1.8774696E7
1.8774696263648897E7
1.8774696263657115E7
1.8774706E7
1.8774706263648897E7
1.8774706263657115E7
1.8774716E7
1.8774716263648897E7
1.8774716263657115E7
1.8774726E7
1.8774736E7
1.8774746E7
1.8774756E7
1.8774766E7
1.8774776E7
1.8774786E7
1.8774796E7
1.8774806E7
1.8774816E7
1.877482587207243E7
1.8774825872080646E7
1.8774826E7
1.8774836E7
1.8774846E7
1.8774856E7
1.8774866E7
1.8774876E7
1.8774886E7
1.8774896E7
1.8774906E7
1.8774916E7
1.8774926E7
1.8774936E7
1.8774946E7
1.8774956E7
1.8774966E7
1.8774976E7
1.8774986E7
1.8774996E7
1.8775006E7
1.8775016E7
1.8775026E7
1.8775036E7
1.8775046E7
1.8775056E7
1.8775066E7
1.8775076E7
1.8775086E7
1.8775096E7
1.8775106E7
1.8775116E7
1.9016006E7
1.9016006555763155E7
1.9016006555771373E7
1.9016016E7
1.9016016555763155E7
1.9016016555771373E7
1.9016026E7
1.9016026555763155E7
1.9016026555771373E7
1.9016036E7
1.9016036555763155E7
1.9016036555771373E7
1.9016046E7
1.9016046555763155E7
1.9016046555771373E7
1.9016056E7
1.9016056555763155E7
1.9016056555771373E7
1.9016066E7
1.9016066555763155E7
1.9016066555771373E7
1.9016076E7
1.9016076555763155E7
1.9016076555771373E7
1.9016086E7
1.9016086555763155E7
1.9016086555771373E7
1.9016096E7
1.9016096555763155E7
1.9016096555771373E7
1.9016106E7
1.9016106555763155E7
1.9016106555771373E7
1.9016116E7
1.9016116555763155E7
1.9016116555771373E7
1.9016126E7
1.9016126555763155E7
1.9016126555771373E7
1.9016136E7
1.9016136555763155E7
1.9016136555771373E7
1.9016146E7
1.9016146555763155E7
1.9016146555771373E7
1.9016156E7
1.9016156555763155E7
1.9016156555771373E7
1.9016166E7
1.9016166555763155E7
1.9016166555771373E7
1.9016176E7
1.9016176555763155E7
1.9016176555771373E7
1.9016186E7
1.9016186555763155E7
1.9016186555771373E7
1.9016196E7
1.9016196555763155E7
1.9016196555771373E7
1.9016206E7
1.9016206555763155E7
1.9016206555771373E7
1.9016216E7
1.9016216555763155E7
1.9016216555771373E7
1.9016226E7
1.9016226555763155E7
1.9016226555771373E7
1.9016236E7
1.9016236555763155E7
1.9016236555771373E7
1.9016246E7
1.9016246555763155E7
1.9016246555771373E7
1.9016256E7
1.9016256555763155E7
1.9016256555771373E7
1.9016266E7
1.9016266555763155E7
1.9016266555771373E7
1.9016276E7
1.9016276555763155E7
1.9016276555771373E7
1.9016286E7
1.9016286555763155E7
1.9016286555771373E7
1.9016296E7
1.9016296555763155E7
1.9016296555771373E7
1.9016306E7
1.9016306555763155E7
1.9016306555771373E7
1.9016316E7
1.9016316555763155E7
1.9016316555771373E7
1.9016326E7
1.9016326555763155E7
1.9016326555771373E7
1.9016336E7
1.9016336555763155E7
1.9016336555771373E7
1.9016346E7
1.9016346555763155E7
1.9016346555771373E7
1.9016347018129557E7
1.9016347018137775E7
1.9016356E7
1.9016366E7
1.9016366555763155E7
1.9016366555771373E7
1.9016376E7
1.9016376555763155E7
1.9016376555771373E7
1.9016386E7
1.9016396E7
1.9016396555763155E7
1.9016396555771373E7
1.9016406E7
1.9016406555763155E7
1.9016406555771373E7
1.9016416E7
1.9016416555763155E7
1.9016416555771373E7
1.9016426E7
1.9016426555763155E7
1.9016426555771373E7
1.9016436E7
1.9016436555763155E7
1.9016436555771373E7
1.9016446E7
1.9016446555763155E7
1.9016446555771373E7
1.9016456E7
1.9016456555763155E7
1.9016456555771373E7
1.9016466E7
1.9016466555763155E7
1.9016466555771373E7
1.9016476E7
1.9016476555763155E7
1.9016476555771373E7
1.9016486E7
1.9016486555763155E7
1.9016486555771373E7
1.9016496E7
1.9016496555763155E7
1.9016496555771373E7
1.9016506E7
1.9016506555763155E7
1.9016506555771373E7
1.9016516E7
1.9016516555763155E7
1.9016516555771373E7
1.9016526E7
1.9016526555763155E7
1.9016526555771373E7
1.9016536E7
1.9016536555763155E7
1.9016536555771373E7
1.9016546E7
1.9016546555763155E7
1.9016546555771373E7
1.9016556E7
1.9016556555763155E7
1.9016556555771373E7
1.9016566E7
1.9016576E7
1.9016576555763155E7
1.9016576555771373E7
1.9016586E7
1.9016596E7
1.9016596555763155E7
1.9016596555771373E7
1.9016606E7
1.9016606555763155E7
1.9016606555771373E7
1.9016616E7
1.9016616555763155E7
1.9016616555771373E7
1.9016626E7
1.9016626555763155E7
1.9016626555771373E7
1.9016636E7
1.9016646E7
1.9016646555763155E7
1.9016646555771373E7
1.9016656E7
1.9016656555763155E7
1.9016656555771373E7
1.9016666E7
1.9016666555763155E7
1.9016666555771373E7
1.9016676E7
1.9016676555763155E7
1.9016676555771373E7
1.9016686E7
1.9016686555763155E7
1.9016686555771373E7
1.9016696E7
1.9016696555763155E7
1.9016696555771373E7
1.9016706E7
1.9016706555763155E7
1.9016706555771373E7
1.9016716E7
1.9016716555763155E7
1.9016716555771373E7
1.9016726E7
1.9016726555763155E7
1.9016726555771373E7
1.9016736E7
1.9016736555763155E7
1.9016736555771373E7
1.9016746E7
1.9016746555763155E7
1.9016746555771373E7
1.9016756E7
1.9016756555763155E7
1.9016756555771373E7
1.9016766E7
1.9016766555763155E7
1.9016766555771373E7
1.9016776E7
1.9016776555763155E7
1.9016776555771373E7
1.9016786E7
1.9016796E7
1.9016796555763155E7
1.9016796555771373E7
1.9016806E7
1.9016806555763155E7
1.9016806555771373E7
1.9016816E7
1.9016816555763155E7
1.9016816555771373E7
1.9016826E7
1.9016826555763155E7
1.9016826555771373E7
1.9016836E7
1.9016836555763155E7
1.9016836555771373E7
1.9016846E7
1.9016846555763155E7
1.9016846555771373E7
1.9016856E7
1.9016856555763155E7
1.9016856555771373E7
1.9016866E7
1.9016876E7
1.9016886E7
1.9016896E7
1.9016906E7
1.9016916E7
1.9016926E7
1.9016936E7
1.9016946E7
1.9016956E7
1.9016966E7
1.9016976E7
1.9016986E7
1.9016996E7
1.9017006E7
1.9017016E7
1.9017026E7
1.9017036E7
1.9017046E7
1.9017056E7
1.9017066E7
1.9017076E7
1.9017086E7
1.9017096E7
1.9017106E7
1.9017116E7
