1.4629006E7
1.4629016E7
1.4629026E7
1.4629036E7
1.4629046E7
1.4629056E7
1.4629066E7
1.4629076E7
1.4629086E7
1.4629096E7
1.4629106E7
1.4629116E7
1.4629125220823552E7
1.4629125220824676E7
1.4629126E7
1.4629136E7
1.4629146E7
1.4629156E7
1.4629166E7
1.4629176E7
1.4629186E7
1.4629196E7
1.4629206E7
1.4629216E7
1.4629226E7
1.4629236E7
1.4629246E7
1.4629256E7
1.4629266E7
1.4629276E7
1.4629286E7
1.4629296E7
1.4629306E7
1.4629316E7
1.4629326E7
1.4629336E7
1.4629346E7
1.4629356E7
1.4629366E7
1.4629376E7
1.4629386E7
1.4629396E7
1.4629406E7
1.4629416E7
1.4629426E7
1.4629436E7
1.4629446E7
1.4629456E7
1.4629466E7
1.4629476E7
1.4629486E7
1.4629496E7
1.4629506E7
1.4629516E7
1.4629526E7
1.4629536E7
1.4629546E7
1.4629556E7
1.4629566E7
1.4629576E7
1.4629586E7
1.4629596E7
1.4629606E7
1.4629616E7
1.4629626E7
1.4629636E7
1.4629646E7
1.4629656E7
1.4629666E7
1.4629676E7
1.4629686E7
1.4629696E7
1.4629706E7
1.4629716E7
1.4873006E7
1.4873016E7
1.48730256182318E7
1.4873025618232923E7
1.4873026E7
1.4873036E7
1.4873046E7
1.4873056E7
1.4873066E7
1.4873076E7
1.4873086E7
1.4873096E7
1.4873106E7
1.4873116E7
1.4873126E7
1.4873136E7
1.4873146E7
1.4873156E7
1.4873166E7
1.4873176E7
1.4873186E7
1.4873196E7
1.4873206E7
1.4873216E7
1.4873226E7
1.4873236E7
1.4873246E7
1.4873256E7
1.4873266E7
1.4873276E7
1.4873286E7
1.4873296E7
1.4873306E7
1.4873316E7
1.4873326E7
1.4873336E7
1.4873346E7
1.4873356E7
1.4873366E7
1.4873376E7
1.4873386E7
1.4873396E7
1.4873406E7
1.4873416E7
1.4873426E7
1.4873436E7
1.4873446E7
1.4873456E7
1.4873466E7
1.4873476E7
1.4873486E7
1.4873496E7
1.4873506E7
1.4873516E7
1.4873526E7
1.4873536E7
1.4873546E7
1.4873556E7
1.4873566E7
1.4873576E7
1.4873586E7
1.4873596E7
1.4873606E7
1.4873616E7
1.4873626E7
1.4873636E7
1.4873646E7
1.4873656E7
1.4873666E7
1.4873676E7
1.4873686E7
1.4873696E7
1.4873706E7
1.4873716E7
1.4873726E7
1.4873736E7
1.4873746E7
1.4873756E7
1.4873766E7
1.4873776E7
1.4873786E7
1.4873796E7
1.4873806E7
1.4873816E7
1.4873826E7
1.4873836E7
1.4873846E7
1.4873856E7
1.4873866E7
1.4873876E7
1.4873886E7
1.4873896E7
1.4873906E7
1.4873916E7
1.4873926E7
1.4873936E7
1.4873946E7
1.4873956E7
1.4873966E7
1.4873976E7
1.4873986E7
1.4873996E7
1.4874006E7
1.4874016E7
1.4874026E7
1.4874036E7
1.4874046E7
1.4874056E7
1.4874066E7
1.4874076E7
1.4874086E7
1.4874096E7
1.4874106E7
1.4874116E7
1.4874126E7
1.4874136E7
1.4874146E7
1.4874156E7
1.4874166E7
1.4874176E7
1.5262006E7
1.5262009237984145E7
1.5262009237985268E7
1.5262016E7
1.5262019237984145E7
1.5262019237985268E7
1.5262026E7
1.5262029237984145E7
1.5262029237985268E7
1.5262036E7
1.5262046E7
1.5262056E7
1.5262066E7
1.5262076E7
1.5262086E7
1.5262096E7
1.5262106E7
1.5262116E7
1.5262126E7
1.5262136E7
1.5262146E7
1.5262156E7
1.5262166E7
1.5262176E7
1.5262186E7
1.5262196E7
1.5262206E7
1.5262216E7
1.5262226E7
1.5262236E7
1.5262246E7
1.5262256E7
1.5262266E7
1.5262276E7
1.5262286E7
1.5262296E7
1.5262306E7
1.5262316E7
1.5262326E7
1.5262336E7
1.5262346E7
1.5262356E7
1.5262366E7
1.5262376E7
1.5262386E7
1.5262396E7
1.5262406E7
1.5262416E7
1.5262426E7
1.5262436E7
1.5262446E7
1.5262456E7
1.5262466E7
1.5262476E7
1.5262486E7
1.5262496E7
1.5262506E7
1.5262516E7
1.5262526E7
1.5262536E7
1.5262546E7
1.5262556E7
1.5262566E7
1.5262576E7
1.5262586E7
1.5262596E7
1.5262606E7
1.5262616E7
1.5262626E7
1.5262636E7
1.5262646E7
1.5262656E7
1.5262666E7
1.5262676E7
1.5262686E7
1.5262696E7
1.5262706E7
1.5262716E7
1.5262726E7
1.5262736E7
1.5262746E7
1.5262756E7
1.5262766E7
1.5262776E7
1.5262786E7
1.5262796E7
1.5262806E7
1.5262816E7
1.5262826E7
1.5262836E7
1.5262846E7
1.5262856E7
1.5262866E7
1.5262876E7
1.5262886E7
1.5262896E7
1.5262906E7
1.5262916E7
1.5262926E7
1.5262936E7
1.5262946E7
1.5405006E7
1.5405008474445784E7
1.5405008474446908E7
1.5405016E7
1.5405018474445784E7
1.5405018474446908E7
1.5405026E7
1.5405028474445784E7
1.5405028474446908E7
1.5405036E7
1.5405038474445784E7
1.5405038474446908E7
1.5405046E7
1.5405056E7
1.5405066E7
1.5405076E7
1.5405086E7
1.5405096E7
1.5405106E7
1.5405116E7
1.5405126E7
1.5405136E7
1.5405146E7
1.5405156E7
1.5405166E7
1.5405176E7
1.5405186E7
1.5405196E7
1.5405206E7
1.5405216E7
1.5405226E7
1.5405236E7
1.5405246E7
1.5405256E7
1.5405266E7
1.5405276E7
1.5405286E7
1.5405296E7
1.5405306E7
1.5405316E7
1.5405326E7
1.5405336E7
1.5405346E7
1.5405356E7
1.5405366E7
1.5405376E7
1.5405386E7
1.5405396E7
1.5405406E7
1.5405416E7
1.5405426E7
1.5405436E7
1.5405446E7
1.5405456E7
1.5405466E7
1.5405476E7
1.5405486E7
1.5405496E7
1.5405506E7
1.5405516E7
1.5405526E7
1.5405536E7
1.5405546E7
1.5405556E7
1.5405566E7
1.5405576E7
1.5405586E7
1.5405596E7
1.5405606E7
1.5405616E7
1.5405626E7
1.5405636E7
1.5405646E7
1.5405656E7
1.5405666E7
1.5405676E7
1.5405686E7
1.5405696E7
1.5405706E7
1.5405716E7
1.5405726E7
1.5405736E7
1.5405746E7
1.5405756E7
1.5405766E7
1.5405776E7
1.5405786E7
1.5405796E7
1.5405806E7
1.5405816E7
1.5405826E7
1.5405836E7
1.5405846E7
1.5405856E7
1.5405866E7
1.5405876E7
1.5405886E7
1.5405896E7
1.5405906E7
1.5405916E7
1.5405926E7
1.5405936E7
1.5405946E7
1.5405956E7
1.5405966E7
1.5405976E7
1.5405986E7
1.5405996E7
1.5406006E7
1.5406016E7
1.5406026E7
1.5406036E7
1.5406046E7
1.5406056E7
1.5406066E7
1.5406076E7
1.5406086E7
1.5406096E7
1.5406106E7
1.5623006E7
1.5623008112024749E7
1.5623008112025872E7
1.5623016E7
1.5623026E7
1.5623036E7
1.5623046E7
1.5623056E7
1.5623066E7
1.5623076E7
1.5623086E7
1.5623096E7
1.5623106E7
1.5623116E7
1.5623126E7
1.5623136E7
1.5623146E7
1.5623156E7
1.5623166E7
1.5623176E7
1.5623186E7
1.5623196E7
1.5623206E7
1.5623216E7
1.5623226E7
1.5623236E7
1.5623246E7
1.5623256E7
1.5623266E7
1.5623276E7
1.5623286E7
1.5623296E7
1.5623306E7
1.5623316E7
1.5623326E7
1.5623336E7
1.5623346E7
1.5623356E7
1.5623366E7
1.5623376E7
1.5623386E7
1.5623396E7
1.5623406E7
1.5623416E7
1.5623426E7
1.5623436E7
1.5623446E7
1.5623456E7
1.5623466E7
1.5623476E7
1.5623486E7
1.5623496E7
1.5623506E7
1.5623516E7
1.5623526E7
1.5623536E7
1.5623546E7
1.5623556E7
1.5623566E7
1.5623576E7
1.5623586E7
1.5623596E7
1.5623606E7
1.5623616E7
1.5623626E7
1.5623636E7
1.5623646E7
1.5623656E7
1.5623666E7
1.5623676E7
1.5623686E7
1.5623696E7
1.5623706E7
1.5623716E7
1.5623726E7
1.5623736E7
1.5623746E7
1.5623756E7
1.5623766E7
1.5623776E7
1.5623786E7
1.5623796E7
1.5623806E7
1.5623816E7
1.5623826E7
1.5623836E7
1.5623846E7
1.5623856E7
1.5623866E7
1.5623876E7
1.5623886E7
1.5623896E7
1.5623906E7
1.5623916E7
1.5623926E7
1.5623936E7
1.5623946E7
1.5681001257267443E7
1.5681006E7
1.5681011257267443E7
1.5681016E7
1.5681021257267443E7
1.5681026E7
1.5681031257267443E7
1.5681036E7
1.5681041257267443E7
1.5681046E7
1.5681056E7
1.5681066E7
1.5681076E7
1.5681086E7
1.5681096E7
1.5681106E7
1.5681116E7
1.5681126E7
1.5681136E7
1.5681146E7
1.5681156E7
1.5681166E7
1.5681176E7
1.5681186E7
1.5681196E7
1.5681206E7
1.5681216E7
1.5681226E7
1.5681236E7
1.5681246E7
1.5681256E7
1.5681266E7
1.5681276E7
1.5681286E7
1.5681296E7
1.5681306E7
1.5681316E7
1.5681326E7
1.5681336E7
1.5681346E7
1.5681356E7
1.5681366E7
1.5681376E7
1.5681386E7
1.5681396E7
1.5681406E7
1.5681416E7
1.5681426E7
1.5681436E7
1.5681446E7
1.5681456E7
1.5681466E7
1.5681476E7
1.5681486E7
1.5681496E7
1.5681506E7
1.5681516E7
1.5681526E7
1.5681536E7
1.5681546E7
1.5681556E7
1.5681566E7
1.5681576E7
1.5681586E7
1.5681596E7
1.5681606E7
1.5681616E7
1.5681626E7
1.5681636E7
1.5681646E7
1.5681656E7
1.5681666E7
1.5681676E7
1.5681686E7
1.5681696E7
1.5681706E7
1.5681716E7
1.5681726E7
1.5681736E7
1.5681746E7
1.5681756E7
1.5681766E7
1.5681776E7
1.5681786E7
1.5681796E7
1.5681806E7
1.5894006E7
1.5894008951263873E7
1.5894016E7
1.5894026E7
1.5894028951263873E7
1.5894036E7
1.5894038951263873E7
1.5894046E7
1.5894056E7
1.5894066E7
1.5894076E7
1.5894086E7
1.5894096E7
1.5894106E7
1.5894116E7
1.5894126E7
1.5894136E7
1.5894146E7
1.5894156E7
1.5894166E7
1.5894176E7
1.5894186E7
1.5894196E7
1.5894206E7
1.5894216E7
1.5894226E7
1.5894236E7
1.5894246E7
1.5894256E7
1.5894266E7
1.5894276E7
1.5894286E7
1.5894296E7
1.5894306E7
1.5894316E7
1.5894326E7
1.5894336E7
1.5894346E7
1.5894356E7
1.5894366E7
1.5894376E7
1.5894386E7
1.5894396E7
1.5894406E7
1.5894416E7
1.5894426E7
1.5894436E7
1.5894446E7
1.5894456E7
1.5894466E7
1.5894476E7
1.5894486E7
1.5894496E7
1.5894506E7
1.5894516E7
1.5894526E7
1.5894536E7
1.5894546E7
1.5894556E7
1.5894566E7
1.5894576E7
1.5894586E7
1.5894596E7
1.5894606E7
1.5894616E7
1.5894626E7
1.5894636E7
1.5894646E7
1.5894656E7
1.5894666E7
1.5894676E7
1.5894686E7
1.5894696E7
1.5894706E7
1.5894716E7
1.5894726E7
1.5894736E7
1.5894746E7
1.5894756E7
1.5894766E7
1.5894776E7
1.5894786E7
1.5894795581360817E7
1.5894796E7
1.5894806E7
1.5894816E7
1.5894826E7
1.5894836E7
1.5894846E7
1.5894856E7
1.5894866E7
1.5894876E7
1.5962000504702069E7
1.5962006E7
1.5962010504702069E7
1.5962016E7
1.5962026E7
1.5962036E7
1.5962046E7
1.5962056E7
1.5962066E7
1.5962076E7
1.5962086E7
1.5962096E7
1.5962106E7
1.5962116E7
1.5962126E7
1.5962136E7
1.5962146E7
1.5962156E7
1.5962166E7
1.5962176E7
1.5962186E7
1.5962196E7
1.5962206E7
1.5962216E7
1.5962226E7
1.5962236E7
1.5962246E7
1.5962256E7
1.5962266E7
1.5962276E7
1.5962286E7
1.5962296E7
1.5962306E7
1.5962316E7
1.5962326E7
1.5962336E7
1.5962346E7
1.5962356E7
1.5962366E7
1.5962376E7
1.5962386E7
1.5962396E7
1.5962406E7
1.5962416E7
1.5962426E7
1.5962436E7
1.5962446E7
1.5962456E7
1.5962466E7
1.5962476E7
1.5962486E7
1.5962496E7
1.5962506E7
1.5962516E7
1.5962526E7
1.5962536E7
1.5962546E7
1.5962556E7
1.5962566E7
1.5962576E7
1.5962586E7
1.5962596E7
1.5962606E7
1.5962616E7
1.5962626E7
1.5962636E7
1.5962646E7
1.5962656E7
1.5962666E7
1.5962676E7
1.5962686E7
1.5962696E7
1.5962706E7
1.5962716E7
1.5962726E7
1.5962736E7
1.5962746E7
1.5962756E7
1.5962766E7
1.5962776E7
1.5962786E7
1.5962796E7
1.5962806E7
1.5962816E7
1.5962826E7
1.6196006E7
1.6196008794929005E7
1.6196016E7
1.6196026E7
1.6196036E7
1.6196046E7
1.6196056E7
1.6196066E7
1.6196076E7
1.6196086E7
1.6196096E7
1.6196106E7
1.6196116E7
1.6196125663702914E7
1.6196126E7
1.6196136E7
1.6196146E7
1.6196156E7
1.6196166E7
1.6196176E7
1.6196186E7
1.6196196E7
1.6196206E7
1.6196216E7
1.6196226E7
1.6196236E7
1.6196246E7
1.6196256E7
1.6196266E7
1.6196276E7
1.6196286E7
1.6196296E7
1.6196306E7
1.6196316E7
1.6196326E7
1.6196336E7
1.6196346E7
1.6196356E7
1.6196366E7
1.6196376E7
1.6196386E7
1.6196396E7
1.6196406E7
1.6196416E7
1.6196426E7
1.6196436E7
1.6196446E7
1.6196456E7
1.6196466E7
1.6196476E7
1.6196486E7
1.6196496E7
1.6196506E7
1.6196516E7
1.6196526E7
1.6196536E7
1.6196546E7
1.6196556E7
1.6196566E7
1.6196576E7
1.6196586E7
1.6196596E7
1.6196606E7
1.6196616E7
1.6196626E7
1.6196636E7
1.6196646E7
1.6196656E7
1.6196666E7
1.6196676E7
1.6196686E7
1.6196696E7
1.6196706E7
1.6196716E7
1.6196726E7
1.6196736E7
1.6196746E7
1.6196756E7
1.6196766E7
1.6196776E7
1.6196786E7
1.6196796E7
1.6196806E7
1.6196816E7
1.6196826E7
1.6196836E7
1.6196846E7
