259	6092	4270	6100	4266	6100	4266	8.94427190999916	8.94427190999916	0.0	10
259	6092	4270	6100	4266	6100	4266	8.94427190999916	8.94427190999916	0.0	10
259	6092	4270	6100	4266	6100	4266	8.94427190999916	8.94427190999916	0.0	10
259	6092	4270	6100	4266	6100	4266	8.94427190999916	8.94427190999916	0.0	10
259	6092	4270	6100	4266	6100	4266	8.94427190999916	8.94427190999916	0.0	10
259	6092	4270	6100	4266	6100	4266	8.94427190999916	8.94427190999916	0.0	10
259	6092	4270	6100	4266	6100	4266	8.94427190999916	8.94427190999916	0.0	10
259	6092	4270	6100	4266	6100	4266	8.94427190999916	8.94427190999916	0.0	10
259	6092	4270	6100	4266	6100	4266	8.94427190999916	8.94427190999916	0.0	10
1314	6314	4724	6305	4728	6305	4728	9.848857801796104	9.848857801796104	0.0	10
1314	6314	4724	6305	4728	6305	4728	9.848857801796104	9.848857801796104	0.0	10
1314	6314	4724	6305	4728	6305	4728	9.848857801796104	9.848857801796104	0.0	10
1314	6314	4724	6305	4728	6305	4728	9.848857801796104	9.848857801796104	0.0	10
1314	6314	4724	6305	4728	6305	4728	9.848857801796104	9.848857801796104	0.0	10
1314	6314	4724	6305	4728	6305	4728	9.848857801796104	9.848857801796104	0.0	10
1314	6314	4724	6305	4728	6305	4728	9.848857801796104	9.848857801796104	0.0	10
1314	6314	4724	6305	4728	6305	4728	9.848857801796104	9.848857801796104	0.0	10
1314	6314	4724	6305	4728	6305	4728	9.848857801796104	9.848857801796104	0.0	10
1315	6305	4728	6295	4731	6295	4731	10.44030650891055	10.44030650891055	0.0	10
1315	6305	4728	6295	4731	6295	4731	10.44030650891055	10.44030650891055	0.0	10
1315	6305	4728	6295	4731	6295	4731	10.44030650891055	10.44030650891055	0.0	10
1315	6305	4728	6295	4731	6295	4731	10.44030650891055	10.44030650891055	0.0	10
1315	6305	4728	6295	4731	6295	4731	10.44030650891055	10.44030650891055	0.0	10
1315	6305	4728	6295	4731	6295	4731	10.44030650891055	10.44030650891055	0.0	10
1315	6305	4728	6295	4731	6295	4731	10.44030650891055	10.44030650891055	0.0	10
1315	6305	4728	6295	4731	6295	4731	10.44030650891055	10.44030650891055	0.0	10
1315	6305	4728	6295	4731	6295	4731	10.44030650891055	10.44030650891055	0.0	10
1316	6295	4731	6286	4735	6286	4735	9.848857801796104	9.848857801796104	0.0	10
1316	6295	4731	6286	4735	6286	4735	9.848857801796104	9.848857801796104	0.0	10
1316	6295	4731	6286	4735	6286	4735	9.848857801796104	9.848857801796104	0.0	10
1316	6295	4731	6286	4735	6286	4735	9.848857801796104	9.848857801796104	0.0	10
1316	6295	4731	6286	4735	6286	4735	9.848857801796104	9.848857801796104	0.0	10
1316	6295	4731	6286	4735	6286	4735	9.848857801796104	9.848857801796104	0.0	10
1316	6295	4731	6286	4735	6286	4735	9.848857801796104	9.848857801796104	0.0	10
1316	6295	4731	6286	4735	6286	4735	9.848857801796104	9.848857801796104	0.0	10
1316	6295	4731	6286	4735	6286	4735	9.848857801796104	9.848857801796104	0.0	10
1317	6286	4735	6277	4738	6277	4738	9.486832980505138	9.486832980505138	0.0	10
1317	6286	4735	6277	4738	6277	4738	9.486832980505138	9.486832980505138	0.0	10
1317	6286	4735	6277	4738	6277	4738	9.486832980505138	9.486832980505138	0.0	10
1317	6286	4735	6277	4738	6277	4738	9.486832980505138	9.486832980505138	0.0	10
1317	6286	4735	6277	4738	6277	4738	9.486832980505138	9.486832980505138	0.0	10
1317	6286	4735	6277	4738	6277	4738	9.486832980505138	9.486832980505138	0.0	10
1317	6286	4735	6277	4738	6277	4738	9.486832980505138	9.486832980505138	0.0	10
1317	6286	4735	6277	4738	6277	4738	9.486832980505138	9.486832980505138	0.0	10
1317	6286	4735	6277	4738	6277	4738	9.486832980505138	9.486832980505138	0.0	10
1318	6277	4738	6271	4740	6271	4740	6.324555320336759	6.324555320336759	0.0	7
1318	6277	4738	6271	4740	6271	4740	6.324555320336759	6.324555320336759	0.0	7
1318	6277	4738	6271	4740	6271	4740	6.324555320336759	6.324555320336759	0.0	7
1318	6277	4738	6271	4740	6271	4740	6.324555320336759	6.324555320336759	0.0	7
1318	6277	4738	6271	4740	6271	4740	6.324555320336759	6.324555320336759	0.0	7
1318	6277	4738	6271	4740	6271	4740	6.324555320336759	6.324555320336759	0.0	7
1318	6277	4738	6271	4740	6271	4740	6.324555320336759	6.324555320336759	0.0	7
1318	6277	4738	6271	4740	6271	4740	6.324555320336759	6.324555320336759	0.0	7
1318	6277	4738	6271	4740	6271	4740	6.324555320336759	6.324555320336759	0.0	7
1319	6271	4740	6268	4741	6268	4741	3.1622776601683795	3.1622776601683795	0.0	5
1319	6271	4740	6268	4741	6268	4741	3.1622776601683795	3.1622776601683795	0.0	5
1319	6271	4740	6268	4741	6268	4741	3.1622776601683795	3.1622776601683795	0.0	5
1319	6271	4740	6268	4741	6268	4741	3.1622776601683795	3.1622776601683795	0.0	5
1319	6271	4740	6268	4741	6268	4741	3.1622776601683795	3.1622776601683795	0.0	5
1319	6271	4740	6268	4741	6268	4741	3.1622776601683795	3.1622776601683795	0.0	5
1319	6271	4740	6268	4741	6268	4741	3.1622776601683795	3.1622776601683795	0.0	5
1319	6271	4740	6268	4741	6268	4741	3.1622776601683795	3.1622776601683795	0.0	5
1319	6271	4740	6268	4741	6268	4741	3.1622776601683795	3.1622776601683795	0.0	5
1320	6268	4741	6267	4741	6267	4741	1.0	1.0	0.0	2
1320	6268	4741	6267	4741	6267	4741	1.0	1.0	0.0	2
1320	6268	4741	6267	4741	6267	4741	1.0	1.0	0.0	2
1320	6268	4741	6267	4741	6267	4741	1.0	1.0	0.0	2
1320	6268	4741	6267	4741	6267	4741	1.0	1.0	0.0	2
1320	6268	4741	6267	4741	6267	4741	1.0	1.0	0.0	2
1320	6268	4741	6267	4741	6267	4741	1.0	1.0	0.0	2
1320	6268	4741	6267	4741	6267	4741	1.0	1.0	0.0	2
1320	6268	4741	6267	4741	6267	4741	1.0	1.0	0.0	2
1341	6266	4742	6263	4742	6263	4742	3.0	3.0	0.0	1
1341	6266	4742	6263	4742	6263	4742	3.0	3.0	0.0	1
1341	6266	4742	6263	4742	6263	4742	3.0	3.0	0.0	1
1341	6266	4742	6263	4742	6263	4742	3.0	3.0	0.0	1
1341	6266	4742	6263	4742	6263	4742	3.0	3.0	0.0	1
1341	6266	4742	6263	4742	6263	4742	3.0	3.0	0.0	1
1341	6266	4742	6263	4742	6263	4742	3.0	3.0	0.0	1
1341	6266	4742	6263	4742	6263	4742	3.0	3.0	0.0	1
1341	6266	4742	6263	4742	6263	4742	3.0	3.0	0.0	1
1342	6263	4742	6259	4744	6259	4744	4.47213595499958	4.47213595499958	0.0	3
1342	6263	4742	6259	4744	6259	4744	4.47213595499958	4.47213595499958	0.0	3
1342	6263	4742	6259	4744	6259	4744	4.47213595499958	4.47213595499958	0.0	3
1342	6263	4742	6259	4744	6259	4744	4.47213595499958	4.47213595499958	0.0	3
1342	6263	4742	6259	4744	6259	4744	4.47213595499958	4.47213595499958	0.0	3
1342	6263	4742	6259	4744	6259	4744	4.47213595499958	4.47213595499958	0.0	3
1342	6263	4742	6259	4744	6259	4744	4.47213595499958	4.47213595499958	0.0	3
1342	6263	4742	6259	4744	6259	4744	4.47213595499958	4.47213595499958	0.0	3
1342	6263	4742	6259	4744	6259	4744	4.47213595499958	4.47213595499958	0.0	3
1343	6259	4744	6253	4746	6253	4746	6.324555320336759	6.324555320336759	0.0	5
1343	6259	4744	6253	4746	6253	4746	6.324555320336759	6.324555320336759	0.0	5
1343	6259	4744	6253	4746	6253	4746	6.324555320336759	6.324555320336759	0.0	5
1343	6259	4744	6253	4746	6253	4746	6.324555320336759	6.324555320336759	0.0	5
1343	6259	4744	6253	4746	6253	4746	6.324555320336759	6.324555320336759	0.0	5
1343	6259	4744	6253	4746	6253	4746	6.324555320336759	6.324555320336759	0.0	5
1343	6259	4744	6253	4746	6253	4746	6.324555320336759	6.324555320336759	0.0	5
1343	6259	4744	6253	4746	6253	4746	6.324555320336759	6.324555320336759	0.0	5
1343	6259	4744	6253	4746	6253	4746	6.324555320336759	6.324555320336759	0.0	5
1344	6253	4746	6245	4748	6245	4748	8.246211251235321	8.246211251235321	0.0	7
1344	6253	4746	6245	4748	6245	4748	8.246211251235321	8.246211251235321	0.0	7
1344	6253	4746	6245	4748	6245	4748	8.246211251235321	8.246211251235321	0.0	7
1344	6253	4746	6245	4748	6245	4748	8.246211251235321	8.246211251235321	0.0	7
1344	6253	4746	6245	4748	6245	4748	8.246211251235321	8.246211251235321	0.0	7
1344	6253	4746	6245	4748	6245	4748	8.246211251235321	8.246211251235321	0.0	7
1344	6253	4746	6245	4748	6245	4748	8.246211251235321	8.246211251235321	0.0	7
1344	6253	4746	6245	4748	6245	4748	8.246211251235321	8.246211251235321	0.0	7
1344	6253	4746	6245	4748	6245	4748	8.246211251235321	8.246211251235321	0.0	7
1345	6245	4748	6235	4751	6235	4751	10.44030650891055	10.44030650891055	0.0	9
1345	6245	4748	6235	4751	6235	4751	10.44030650891055	10.44030650891055	0.0	9
1345	6245	4748	6235	4751	6235	4751	10.44030650891055	10.44030650891055	0.0	9
1345	6245	4748	6235	4751	6235	4751	10.44030650891055	10.44030650891055	0.0	9
1345	6245	4748	6235	4751	6235	4751	10.44030650891055	10.44030650891055	0.0	9
1345	6245	4748	6235	4751	6235	4751	10.44030650891055	10.44030650891055	0.0	9
1345	6245	4748	6235	4751	6235	4751	10.44030650891055	10.44030650891055	0.0	9
1345	6245	4748	6235	4751	6235	4751	10.44030650891055	10.44030650891055	0.0	9
1345	6245	4748	6235	4751	6235	4751	10.44030650891055	10.44030650891055	0.0	9
1346	6235	4751	6225	4753	6225	4753	10.198039027185569	10.198039027185569	0.0	10
1346	6235	4751	6225	4753	6225	4753	10.198039027185569	10.198039027185569	0.0	10
1346	6235	4751	6225	4753	6225	4753	10.198039027185569	10.198039027185569	0.0	10
1346	6235	4751	6225	4753	6225	4753	10.198039027185569	10.198039027185569	0.0	10
1346	6235	4751	6225	4753	6225	4753	10.198039027185569	10.198039027185569	0.0	10
1346	6235	4751	6225	4753	6225	4753	10.198039027185569	10.198039027185569	0.0	10
1346	6235	4751	6225	4753	6225	4753	10.198039027185569	10.198039027185569	0.0	10
1346	6235	4751	6225	4753	6225	4753	10.198039027185569	10.198039027185569	0.0	10
1346	6235	4751	6225	4753	6225	4753	10.198039027185569	10.198039027185569	0.0	10
1347	6225	4753	6215	4754	6215	4754	10.04987562112089	10.04987562112089	0.0	10
1347	6225	4753	6215	4754	6215	4754	10.04987562112089	10.04987562112089	0.0	10
1347	6225	4753	6215	4754	6215	4754	10.04987562112089	10.04987562112089	0.0	10
1347	6225	4753	6215	4754	6215	4754	10.04987562112089	10.04987562112089	0.0	10
1347	6225	4753	6215	4754	6215	4754	10.04987562112089	10.04987562112089	0.0	10
1347	6225	4753	6215	4754	6215	4754	10.04987562112089	10.04987562112089	0.0	10
1347	6225	4753	6215	4754	6215	4754	10.04987562112089	10.04987562112089	0.0	10
1347	6225	4753	6215	4754	6215	4754	10.04987562112089	10.04987562112089	0.0	10
1347	6225	4753	6215	4754	6215	4754	10.04987562112089	10.04987562112089	0.0	10
1348	6215	4754	6208	4755	6208	4755	7.0710678118654755	7.0710678118654755	0.0	8
1348	6215	4754	6208	4755	6208	4755	7.0710678118654755	7.0710678118654755	0.0	8
1348	6215	4754	6208	4755	6208	4755	7.0710678118654755	7.0710678118654755	0.0	8
1348	6215	4754	6208	4755	6208	4755	7.0710678118654755	7.0710678118654755	0.0	8
1348	6215	4754	6208	4755	6208	4755	7.0710678118654755	7.0710678118654755	0.0	8
1348	6215	4754	6208	4755	6208	4755	7.0710678118654755	7.0710678118654755	0.0	8
1348	6215	4754	6208	4755	6208	4755	7.0710678118654755	7.0710678118654755	0.0	8
1348	6215	4754	6208	4755	6208	4755	7.0710678118654755	7.0710678118654755	0.0	8
1348	6215	4754	6208	4755	6208	4755	7.0710678118654755	7.0710678118654755	0.0	8
1349	6208	4755	6204	4756	6204	4756	4.123105625617661	4.123105625617661	0.0	5
1349	6208	4755	6204	4756	6204	4756	4.123105625617661	4.123105625617661	0.0	5
1349	6208	4755	6204	4756	6204	4756	4.123105625617661	4.123105625617661	0.0	5
1349	6208	4755	6204	4756	6204	4756	4.123105625617661	4.123105625617661	0.0	5
1349	6208	4755	6204	4756	6204	4756	4.123105625617661	4.123105625617661	0.0	5
1349	6208	4755	6204	4756	6204	4756	4.123105625617661	4.123105625617661	0.0	5
1349	6208	4755	6204	4756	6204	4756	4.123105625617661	4.123105625617661	0.0	5
1349	6208	4755	6204	4756	6204	4756	4.123105625617661	4.123105625617661	0.0	5
1349	6208	4755	6204	4756	6204	4756	4.123105625617661	4.123105625617661	0.0	5
1350	6204	4756	6202	4757	6202	4757	2.23606797749979	2.23606797749979	0.0	3
1350	6204	4756	6202	4757	6202	4757	2.23606797749979	2.23606797749979	0.0	3
1350	6204	4756	6202	4757	6202	4757	2.23606797749979	2.23606797749979	0.0	3
1350	6204	4756	6202	4757	6202	4757	2.23606797749979	2.23606797749979	0.0	3
1350	6204	4756	6202	4757	6202	4757	2.23606797749979	2.23606797749979	0.0	3
1350	6204	4756	6202	4757	6202	4757	2.23606797749979	2.23606797749979	0.0	3
1350	6204	4756	6202	4757	6202	4757	2.23606797749979	2.23606797749979	0.0	3
1350	6204	4756	6202	4757	6202	4757	2.23606797749979	2.23606797749979	0.0	3
1350	6204	4756	6202	4757	6202	4757	2.23606797749979	2.23606797749979	0.0	3
1351	6202	4757	6201	4757	6201	4757	1.0	1.0	0.0	1
1351	6202	4757	6201	4757	6201	4757	1.0	1.0	0.0	1
1351	6202	4757	6201	4757	6201	4757	1.0	1.0	0.0	1
1351	6202	4757	6201	4757	6201	4757	1.0	1.0	0.0	1
1351	6202	4757	6201	4757	6201	4757	1.0	1.0	0.0	1
1351	6202	4757	6201	4757	6201	4757	1.0	1.0	0.0	1
1351	6202	4757	6201	4757	6201	4757	1.0	1.0	0.0	1
1351	6202	4757	6201	4757	6201	4757	1.0	1.0	0.0	1
1351	6202	4757	6201	4757	6201	4757	1.0	1.0	0.0	1
1385	6199	4757	6195	4758	6195	4758	4.123105625617661	4.123105625617661	0.0	2
1385	6199	4757	6195	4758	6195	4758	4.123105625617661	4.123105625617661	0.0	2
1385	6199	4757	6195	4758	6195	4758	4.123105625617661	4.123105625617661	0.0	2
1385	6199	4757	6195	4758	6195	4758	4.123105625617661	4.123105625617661	0.0	2
1385	6199	4757	6195	4758	6195	4758	4.123105625617661	4.123105625617661	0.0	2
1385	6199	4757	6195	4758	6195	4758	4.123105625617661	4.123105625617661	0.0	2
1385	6199	4757	6195	4758	6195	4758	4.123105625617661	4.123105625617661	0.0	2
1385	6199	4757	6195	4758	6195	4758	4.123105625617661	4.123105625617661	0.0	2
1385	6199	4757	6195	4758	6195	4758	4.123105625617661	4.123105625617661	0.0	2
1386	6195	4758	6190	4759	6190	4759	5.0990195135927845	5.0990195135927845	0.0	4
1386	6195	4758	6190	4759	6190	4759	5.0990195135927845	5.0990195135927845	0.0	4
1386	6195	4758	6190	4759	6190	4759	5.0990195135927845	5.0990195135927845	0.0	4
1386	6195	4758	6190	4759	6190	4759	5.0990195135927845	5.0990195135927845	0.0	4
1386	6195	4758	6190	4759	6190	4759	5.0990195135927845	5.0990195135927845	0.0	4
1386	6195	4758	6190	4759	6190	4759	5.0990195135927845	5.0990195135927845	0.0	4
1386	6195	4758	6190	4759	6190	4759	5.0990195135927845	5.0990195135927845	0.0	4
1386	6195	4758	6190	4759	6190	4759	5.0990195135927845	5.0990195135927845	0.0	4
1386	6195	4758	6190	4759	6190	4759	5.0990195135927845	5.0990195135927845	0.0	4
1387	6190	4759	6182	4760	6182	4760	8.06225774829855	8.06225774829855	0.0	6
1387	6190	4759	6182	4760	6182	4760	8.06225774829855	8.06225774829855	0.0	6
1387	6190	4759	6182	4760	6182	4760	8.06225774829855	8.06225774829855	0.0	6
1387	6190	4759	6182	4760	6182	4760	8.06225774829855	8.06225774829855	0.0	6
1387	6190	4759	6182	4760	6182	4760	8.06225774829855	8.06225774829855	0.0	6
1387	6190	4759	6182	4760	6182	4760	8.06225774829855	8.06225774829855	0.0	6
1387	6190	4759	6182	4760	6182	4760	8.06225774829855	8.06225774829855	0.0	6
1387	6190	4759	6182	4760	6182	4760	8.06225774829855	8.06225774829855	0.0	6
1387	6190	4759	6182	4760	6182	4760	8.06225774829855	8.06225774829855	0.0	6
1388	6182	4760	6173	4761	6173	4761	9.055385138137417	9.055385138137417	0.0	8
1388	6182	4760	6173	4761	6173	4761	9.055385138137417	9.055385138137417	0.0	8
1388	6182	4760	6173	4761	6173	4761	9.055385138137417	9.055385138137417	0.0	8
1388	6182	4760	6173	4761	6173	4761	9.055385138137417	9.055385138137417	0.0	8
1388	6182	4760	6173	4761	6173	4761	9.055385138137417	9.055385138137417	0.0	8
1388	6182	4760	6173	4761	6173	4761	9.055385138137417	9.055385138137417	0.0	8
1388	6182	4760	6173	4761	6173	4761	9.055385138137417	9.055385138137417	0.0	8
1388	6182	4760	6173	4761	6173	4761	9.055385138137417	9.055385138137417	0.0	8
1388	6182	4760	6173	4761	6173	4761	9.055385138137417	9.055385138137417	0.0	8
1389	6173	4761	6163	4763	6163	4763	10.198039027185569	10.198039027185569	0.0	10
1389	6173	4761	6163	4763	6163	4763	10.198039027185569	10.198039027185569	0.0	10
1389	6173	4761	6163	4763	6163	4763	10.198039027185569	10.198039027185569	0.0	10
1389	6173	4761	6163	4763	6163	4763	10.198039027185569	10.198039027185569	0.0	10
1389	6173	4761	6163	4763	6163	4763	10.198039027185569	10.198039027185569	0.0	10
1389	6173	4761	6163	4763	6163	4763	10.198039027185569	10.198039027185569	0.0	10
1389	6173	4761	6163	4763	6163	4763	10.198039027185569	10.198039027185569	0.0	10
1389	6173	4761	6163	4763	6163	4763	10.198039027185569	10.198039027185569	0.0	10
1389	6173	4761	6163	4763	6163	4763	10.198039027185569	10.198039027185569	0.0	10
1390	6163	4763	6153	4764	6153	4764	10.04987562112089	10.04987562112089	0.0	10
1390	6163	4763	6153	4764	6153	4764	10.04987562112089	10.04987562112089	0.0	10
1390	6163	4763	6153	4764	6153	4764	10.04987562112089	10.04987562112089	0.0	10
1390	6163	4763	6153	4764	6153	4764	10.04987562112089	10.04987562112089	0.0	10
1390	6163	4763	6153	4764	6153	4764	10.04987562112089	10.04987562112089	0.0	10
1390	6163	4763	6153	4764	6153	4764	10.04987562112089	10.04987562112089	0.0	10
1390	6163	4763	6153	4764	6153	4764	10.04987562112089	10.04987562112089	0.0	10
1390	6163	4763	6153	4764	6153	4764	10.04987562112089	10.04987562112089	0.0	10
1390	6163	4763	6153	4764	6153	4764	10.04987562112089	10.04987562112089	0.0	10
1391	6153	4764	6143	4766	6143	4766	10.198039027185569	10.198039027185569	0.0	10
1391	6153	4764	6143	4766	6143	4766	10.198039027185569	10.198039027185569	0.0	10
1391	6153	4764	6143	4766	6143	4766	10.198039027185569	10.198039027185569	0.0	10
1391	6153	4764	6143	4766	6143	4766	10.198039027185569	10.198039027185569	0.0	10
1391	6153	4764	6143	4766	6143	4766	10.198039027185569	10.198039027185569	0.0	10
1391	6153	4764	6143	4766	6143	4766	10.198039027185569	10.198039027185569	0.0	10
1391	6153	4764	6143	4766	6143	4766	10.198039027185569	10.198039027185569	0.0	10
1391	6153	4764	6143	4766	6143	4766	10.198039027185569	10.198039027185569	0.0	10
1391	6153	4764	6143	4766	6143	4766	10.198039027185569	10.198039027185569	0.0	10
1392	6143	4766	6132	4767	6132	4767	11.045361017187261	11.045361017187261	0.0	10
1392	6143	4766	6132	4767	6132	4767	11.045361017187261	11.045361017187261	0.0	10
1392	6143	4766	6132	4767	6132	4767	11.045361017187261	11.045361017187261	0.0	10
1392	6143	4766	6132	4767	6132	4767	11.045361017187261	11.045361017187261	0.0	10
1392	6143	4766	6132	4767	6132	4767	11.045361017187261	11.045361017187261	0.0	10
1392	6143	4766	6132	4767	6132	4767	11.045361017187261	11.045361017187261	0.0	10
1392	6143	4766	6132	4767	6132	4767	11.045361017187261	11.045361017187261	0.0	10
1392	6143	4766	6132	4767	6132	4767	11.045361017187261	11.045361017187261	0.0	10
1392	6143	4766	6132	4767	6132	4767	11.045361017187261	11.045361017187261	0.0	10
1393	6132	4767	6122	4769	6122	4769	10.198039027185569	10.198039027185569	0.0	10
1393	6132	4767	6122	4769	6122	4769	10.198039027185569	10.198039027185569	0.0	10
1393	6132	4767	6122	4769	6122	4769	10.198039027185569	10.198039027185569	0.0	10
1393	6132	4767	6122	4769	6122	4769	10.198039027185569	10.198039027185569	0.0	10
1393	6132	4767	6122	4769	6122	4769	10.198039027185569	10.198039027185569	0.0	10
1393	6132	4767	6122	4769	6122	4769	10.198039027185569	10.198039027185569	0.0	10
1393	6132	4767	6122	4769	6122	4769	10.198039027185569	10.198039027185569	0.0	10
1393	6132	4767	6122	4769	6122	4769	10.198039027185569	10.198039027185569	0.0	10
1393	6132	4767	6122	4769	6122	4769	10.198039027185569	10.198039027185569	0.0	10
1394	6122	4769	6112	4770	6112	4770	10.04987562112089	10.04987562112089	0.0	10
1394	6122	4769	6112	4770	6112	4770	10.04987562112089	10.04987562112089	0.0	10
1394	6122	4769	6112	4770	6112	4770	10.04987562112089	10.04987562112089	0.0	10
1394	6122	4769	6112	4770	6112	4770	10.04987562112089	10.04987562112089	0.0	10
1394	6122	4769	6112	4770	6112	4770	10.04987562112089	10.04987562112089	0.0	10
1394	6122	4769	6112	4770	6112	4770	10.04987562112089	10.04987562112089	0.0	10
1394	6122	4769	6112	4770	6112	4770	10.04987562112089	10.04987562112089	0.0	10
1394	6122	4769	6112	4770	6112	4770	10.04987562112089	10.04987562112089	0.0	10
1394	6122	4769	6112	4770	6112	4770	10.04987562112089	10.04987562112089	0.0	10
1395	6112	4770	6102	4772	6102	4772	10.198039027185569	10.198039027185569	0.0	10
1395	6112	4770	6102	4772	6102	4772	10.198039027185569	10.198039027185569	0.0	10
1395	6112	4770	6102	4772	6102	4772	10.198039027185569	10.198039027185569	0.0	10
1395	6112	4770	6102	4772	6102	4772	10.198039027185569	10.198039027185569	0.0	10
1395	6112	4770	6102	4772	6102	4772	10.198039027185569	10.198039027185569	0.0	10
1395	6112	4770	6102	4772	6102	4772	10.198039027185569	10.198039027185569	0.0	10
1395	6112	4770	6102	4772	6102	4772	10.198039027185569	10.198039027185569	0.0	10
1395	6112	4770	6102	4772	6102	4772	10.198039027185569	10.198039027185569	0.0	10
1395	6112	4770	6102	4772	6102	4772	10.198039027185569	10.198039027185569	0.0	10
1396	6102	4772	6091	4773	6091	4773	11.045361017187261	11.045361017187261	0.0	10
1396	6102	4772	6091	4773	6091	4773	11.045361017187261	11.045361017187261	0.0	10
1396	6102	4772	6091	4773	6091	4773	11.045361017187261	11.045361017187261	0.0	10
1396	6102	4772	6091	4773	6091	4773	11.045361017187261	11.045361017187261	0.0	10
1396	6102	4772	6091	4773	6091	4773	11.045361017187261	11.045361017187261	0.0	10
1396	6102	4772	6091	4773	6091	4773	11.045361017187261	11.045361017187261	0.0	10
1396	6102	4772	6091	4773	6091	4773	11.045361017187261	11.045361017187261	0.0	10
1396	6102	4772	6091	4773	6091	4773	11.045361017187261	11.045361017187261	0.0	10
1396	6102	4772	6091	4773	6091	4773	11.045361017187261	11.045361017187261	0.0	10
1397	6091	4773	6081	4775	6081	4775	10.198039027185569	10.198039027185569	0.0	10
1397	6091	4773	6081	4775	6081	4775	10.198039027185569	10.198039027185569	0.0	10
1397	6091	4773	6081	4775	6081	4775	10.198039027185569	10.198039027185569	0.0	10
1397	6091	4773	6081	4775	6081	4775	10.198039027185569	10.198039027185569	0.0	10
1397	6091	4773	6081	4775	6081	4775	10.198039027185569	10.198039027185569	0.0	10
1397	6091	4773	6081	4775	6081	4775	10.198039027185569	10.198039027185569	0.0	10
1397	6091	4773	6081	4775	6081	4775	10.198039027185569	10.198039027185569	0.0	10
1397	6091	4773	6081	4775	6081	4775	10.198039027185569	10.198039027185569	0.0	10
1397	6091	4773	6081	4775	6081	4775	10.198039027185569	10.198039027185569	0.0	10
1398	6081	4775	6071	4776	6071	4776	10.04987562112089	10.04987562112089	0.0	10
1398	6081	4775	6071	4776	6071	4776	10.04987562112089	10.04987562112089	0.0	10
1398	6081	4775	6071	4776	6071	4776	10.04987562112089	10.04987562112089	0.0	10
1398	6081	4775	6071	4776	6071	4776	10.04987562112089	10.04987562112089	0.0	10
1398	6081	4775	6071	4776	6071	4776	10.04987562112089	10.04987562112089	0.0	10
1398	6081	4775	6071	4776	6071	4776	10.04987562112089	10.04987562112089	0.0	10
1398	6081	4775	6071	4776	6071	4776	10.04987562112089	10.04987562112089	0.0	10
1398	6081	4775	6071	4776	6071	4776	10.04987562112089	10.04987562112089	0.0	10
1398	6081	4775	6071	4776	6071	4776	10.04987562112089	10.04987562112089	0.0	10
