1.4572002077717515E7
1.4572002077725798E7
1.4572006E7
1.4572016E7
1.4572026E7
1.4572036E7
1.4572046E7
1.4572056E7
1.4572066E7
1.4572076E7
1.4572086E7
1.4572096E7
1.4572106E7
1.4572116E7
1.4572126E7
1.4572136E7
1.4572146E7
1.4572156E7
1.4572166E7
1.4572176E7
1.4572186E7
1.4572196E7
1.4572206E7
1.4572216E7
1.4572226E7
1.4572236E7
1.4572246E7
1.4572256E7
1.4572266E7
1.4572276E7
1.4572286E7
1.4572296E7
1.4572306E7
1.4572316E7
1.4572326E7
1.4572336E7
1.4572346E7
1.4572356E7
1.4572366E7
1.4572376E7
1.4572386E7
1.4572396E7
1.4572406E7
1.4572416E7
1.4572426E7
1.4572436E7
1.4572446E7
1.4572456E7
1.4572466E7
1.4572476E7
1.4572486E7
1.4572496E7
1.4572506E7
1.4572516E7
1.4572526E7
1.4572536E7
1.4572546E7
1.4572556E7
1.4572566E7
1.4572576E7
1.4572586E7
1.4572596E7
1.4572606E7
1.4572616E7
1.4572626E7
1.4572636E7
1.4572646E7
1.4572656E7
1.4572666E7
1.4572676E7
1.4572686E7
1.4572696E7
1.4572706E7
1.4572716E7
1.4572726E7
1.4572736E7
1.4572746E7
1.4572756E7
1.4572766E7
1.4572776E7
1.4572786E7
1.4572796E7
1.4572806E7
1.4572816E7
1.4572826E7
1.4572836E7
1.4572846E7
1.4572856E7
1.4572866E7
1.4572876E7
1.4572886E7
1.4572896E7
1.4572906E7
1.4572916E7
1.4572926E7
1.4572936E7
1.4572946E7
1.4572956E7
1.4572966E7
1.4572976E7
1.4572986E7
1.4572996E7
1.4573006E7
1.4573016E7
1.4573026E7
1.457302777910677E7
1.4573027779115053E7
1.4573036E7
1.4573046E7
1.4573056E7
1.4573066E7
1.468800350282857E7
1.4688003502836853E7
1.4688006E7
1.4688016E7
1.4688026E7
1.4688036E7
1.4688046E7
1.4688056E7
1.4688066E7
1.4688076E7
1.4688086E7
1.4688096E7
1.4688106E7
1.4688116E7
1.4688126E7
1.4688136E7
1.4688146E7
1.4688156E7
1.4688166E7
1.4688176E7
1.4688186E7
1.4688196E7
1.4688206E7
1.4688216E7
1.4688226E7
1.4688236E7
1.4688246E7
1.4688256E7
1.4688266E7
1.4688276E7
1.4688286E7
1.4688296E7
1.4688306E7
1.4688316E7
1.4688326E7
1.4688336E7
1.4688346E7
1.4688356E7
1.4688366E7
1.4688376E7
1.4688386E7
1.4688396E7
1.4688406E7
1.4688416E7
1.4688426E7
1.4688436E7
1.4688446E7
1.4688456E7
1.4688466E7
1.4688476E7
1.4688486E7
1.4688496E7
1.4688506E7
1.4688516E7
1.4688526E7
1.4688536E7
1.4688546E7
1.4688556E7
1.4688566E7
1.4688576E7
1.4688586E7
1.4688596E7
1.4688606E7
1.4688616E7
1.4688626E7
1.4688636E7
1.4688646E7
1.4688656E7
1.4688666E7
1.4688676E7
1.4688686E7
1.4688696E7
1.4688706E7
1.4688716E7
1.4688726E7
1.4688736E7
1.4688746E7
1.4688756E7
1.4688766E7
1.4688776E7
1.4688786E7
1.4688796E7
1.4688806E7
1.4688816E7
1.4688826E7
1.4688836E7
1.4688846E7
1.4688856E7
1.4688866E7
1.4688876E7
1.4688886E7
1.4688896E7
1.4688906E7
1.4688916E7
1.4688926E7
1.4688927491662297E7
1.468892749167058E7
1.4688936E7
1.4688946E7
1.4688956E7
1.4688966E7
1.4688976E7
1.4688986E7
1.4688996E7
1.4689006E7
1.4689016E7
1.4689026E7
1.4689036E7
1.4689046E7
1.4689056E7
1.4689066E7
1.4689076E7
1.4689086E7
1.4689096E7
1.4689106E7
1.4689116E7
1.4689126E7
1.5143006E7
1.5143016E7
1.5143026E7
1.5143036E7
1.5143046E7
1.5143056E7
1.5143066E7
1.5143076E7
1.5143086E7
1.5143096E7
1.5143106E7
1.5143116E7
1.5143126E7
1.5143136E7
1.5143146E7
1.5143156E7
1.5143166E7
1.5143176E7
1.5143186E7
1.5143196E7
1.5143206E7
1.5143216E7
1.5143226E7
1.5143236E7
1.5143246E7
1.5143256E7
1.5143266E7
1.5143276E7
1.5143286E7
1.5143296E7
1.5143306E7
1.5143316E7
1.5143326E7
1.5143336E7
1.5143346E7
1.5143356E7
1.5143366E7
1.5143376E7
1.5143386E7
1.5143396E7
1.5143406E7
1.5143416E7
1.5143426E7
1.5143436E7
1.5143446E7
1.5143456E7
1.5143466E7
1.5143476E7
1.5143486E7
1.5143496E7
1.5143506E7
1.5143516E7
1.5143526E7
1.5143536E7
1.5143546E7
1.5143556E7
1.5143566E7
1.5143576E7
1.5143586E7
1.5143596E7
1.5143606E7
1.5143616E7
1.5143626E7
1.5143636E7
1.5143646E7
1.5143656E7
1.5143666E7
1.5143676E7
1.5143686E7
1.5143696E7
1.5143706E7
1.5143716E7
1.5143726E7
1.5143736E7
1.5143746E7
1.5143753957388077E7
1.514375395739636E7
1.5143756E7
1.5143766E7
1.5143776E7
1.5143786E7
1.5143796E7
1.5143806E7
1.5143816E7
1.5143826E7
1.5143836E7
1.5143846E7
1.5143856E7
1.5143866E7
1.5143876E7
1.5143886E7
1.5143896E7
1.5143906E7
1.5143916E7
1.5143926E7
1.5143936E7
