1.4550003581346713E7
1.4550003581347834E7
1.4550006E7
1.4550016E7
1.4550026E7
1.4550036E7
1.4550046E7
1.4550056E7
1.4550066E7
1.4550076E7
1.4550086E7
1.4550096E7
1.4550106E7
1.4550116E7
1.4550126E7
1.4550136E7
1.4550146E7
1.4550156E7
1.4550166E7
1.4550176E7
1.4550186E7
1.4550196E7
1.4550206E7
1.4550216E7
1.4550226E7
1.4550236E7
1.4550246E7
1.4550256E7
1.4550266E7
1.4550276E7
1.4550286E7
1.4550296E7
1.4550306E7
1.4550316E7
1.4550326E7
1.4550336E7
1.4550346E7
1.4550356E7
1.4550366E7
1.4550376E7
1.4550386E7
1.4550396E7
1.4550406E7
1.4550416E7
1.4550426E7
1.4550436E7
1.4550446E7
1.4550456E7
1.4550466E7
1.4550476E7
1.4550486E7
1.4550496E7
1.4550506E7
1.4550516E7
1.4550526E7
1.4550536E7
1.4550546E7
1.4550556E7
1.4550566E7
1.4550576E7
1.4550586E7
1.4550596E7
1.4550606E7
1.4550616E7
1.4550626E7
1.4550636E7
1.4550646E7
1.4550656E7
1.4550666E7
1.4550676E7
1.4550686E7
1.4550696E7
1.4550706E7
1.4550716E7
1.4550726E7
1.4550736E7
1.4550746E7
1.4550756E7
1.4550766E7
1.4550776E7
1.4550786E7
1.4550796E7
1.4550806E7
1.4550816E7
1.4550826E7
1.4550836E7
1.4550846E7
1.4550856E7
1.4550866E7
1.4550876E7
1.4710006E7
1.4710010747377835E7
1.4710010747378957E7
1.4710016E7
1.4710026E7
1.4710036E7
1.4710046E7
1.4710056E7
1.4710066E7
1.4710076E7
1.4710086E7
1.4710096E7
1.4710106E7
1.4710116E7
1.4710126E7
1.4710136E7
1.4710146E7
1.4710156E7
1.4710166E7
1.4710176E7
1.4710186E7
1.4710196E7
1.4710206E7
1.4710216E7
1.4710226E7
1.4710236E7
1.4710246E7
1.4710256E7
1.4710266E7
1.4710276E7
1.4710286E7
1.4710296E7
1.4710306E7
1.4710316E7
1.4710326E7
1.4710336E7
1.4710346E7
1.4710356E7
1.4710366E7
1.4710376E7
1.4710386E7
1.4710396E7
1.4710406E7
1.4710416E7
1.4710426E7
1.4710436E7
1.4710446E7
1.4710456E7
1.4710466E7
1.4710476E7
1.4710486E7
1.4710496E7
1.4710506E7
1.4710516E7
1.4710526E7
1.4710536E7
1.4710546E7
1.4710556E7
1.4710566E7
1.4710576E7
1.4710586E7
1.4710596E7
1.4710606E7
1.4710616E7
1.4710626E7
1.4710636E7
1.4710646E7
1.4710656E7
1.4710666E7
1.4710676E7
1.4710686E7
1.4710696E7
1.4710706E7
1.4710716E7
1.4710726E7
1.4710736E7
1.4710746E7
1.4710756E7
1.4710766E7
1.4710776E7
1.4710786E7
1.4710796E7
1.4710806E7
1.4710816E7
1.4710826E7
1.4710836E7
1.4710846E7
1.4710856E7
1.4710866E7
1.4710876E7
1.4710886E7
1.4710896E7
1.4710906E7
1.4710916E7
1.4710926E7
1.4710936E7
1.4710946E7
1.4710956E7
1.4710966E7
1.4710976E7
1.4710986E7
1.4710996E7
1.4711006E7
1.4711016E7
1.4711026E7
1.4711036E7
1.4711046E7
1.4711056E7
1.4711066E7
1.4711076E7
1.4711086E7
1.4711096E7
1.4729003075314008E7
1.4729003075315129E7
1.4729006E7
1.4729013075314008E7
1.4729013075315129E7
1.4729016E7
1.4729023075314008E7
1.4729023075315129E7
1.4729026E7
1.4729033075314008E7
1.4729033075315129E7
1.4729036E7
1.4729046E7
1.4729056E7
1.4729066E7
1.4729076E7
1.4729086E7
1.4729096E7
1.4729106E7
1.4729116E7
1.4729126E7
1.4729136E7
1.4729139277901435E7
1.4729139277902557E7
1.4729146E7
1.4729156E7
1.4729166E7
1.4729176E7
1.4729186E7
1.4729196E7
1.4729206E7
1.4729210277901435E7
1.4729210277902557E7
1.4729216E7
1.4729226E7
1.4729236E7
1.4729246E7
1.4729256E7
1.4729266E7
1.4729276E7
1.4729286E7
1.4729296E7
1.4729306E7
1.4729316E7
1.4729326E7
1.4729336E7
1.4729346E7
1.4729356E7
1.4729366E7
1.4729376E7
1.4729386E7
1.4729396E7
1.4729406E7
1.4729416E7
1.4729426E7
1.4729436E7
1.4729446E7
1.4729456E7
1.4729466E7
1.4729476E7
1.4729486E7
1.4729496E7
1.4729506E7
1.4729516E7
1.4729526E7
1.4729536E7
1.4729546E7
1.4729556E7
1.4729566E7
1.4729576E7
1.4729586E7
1.4729596E7
1.4729606E7
1.4729616E7
1.4729626E7
1.4729636E7
1.4729646E7
1.4729656E7
1.4729666E7
1.4729676E7
1.4729686E7
1.4729696E7
1.4729706E7
1.4729716E7
1.4729726E7
1.4729736E7
1.4729746E7
1.4729756E7
1.4729766E7
1.4729776E7
1.4729786E7
1.4729796E7
1.4729806E7
1.4729816E7
1.4729826E7
1.4729836E7
1.4729846E7
1.4729856E7
1.4729866E7
1.4729876E7
1.4729886E7
1.4729896E7
1.4729906E7
1.4729916E7
1.5095006E7
1.5095016E7
1.5095026E7
1.5095036E7
1.5095046E7
1.5095056E7
1.5095066E7
1.5095076E7
1.5095086E7
1.5095096E7
1.5095106E7
1.5095116E7
1.5095126E7
1.5095136E7
1.5095146E7
1.5095156E7
1.5095166E7
1.5095176E7
1.5095186E7
1.5095196E7
1.5095206E7
1.5095216E7
1.5095226E7
1.5095236E7
1.5095246E7
1.5095256E7
1.5095266E7
1.5095276E7
1.5095286E7
1.5095296E7
1.5095306E7
1.5095316E7
1.5095326E7
1.5095336E7
1.5095346E7
1.5095356E7
1.5095366E7
1.5095376E7
1.5095386E7
1.5095396E7
1.5095406E7
1.5095416E7
1.5095426E7
1.5095436E7
1.5095446E7
1.5095456E7
1.5095466E7
1.5095476E7
1.5095486E7
1.5095496E7
1.5095506E7
1.5095516E7
1.5095526E7
1.5095536E7
1.5095546E7
1.5095556E7
1.5095566E7
1.5095576E7
1.5095586E7
1.5095596E7
1.5095606E7
1.5095616E7
1.5095626E7
1.5095636E7
1.5095646E7
1.5095656E7
1.5095666E7
1.5095676E7
1.5095686E7
1.5095696E7
1.5095706E7
1.5095716E7
1.5095726E7
1.5095736E7
1.5095746E7
1.5095756E7
1.5095766E7
1.5095776E7
1.5095786E7
1.544600139169272E7
1.5446006E7
1.5446016E7
1.5446026E7
1.5446036E7
1.5446046E7
1.5446056E7
1.5446066E7
1.5446076E7
1.5446086E7
1.5446096E7
1.5446106E7
1.5446116E7
1.5446126E7
1.5446136E7
1.5446146E7
1.5446156E7
1.5446166E7
1.5446176E7
1.5446186E7
1.5446196E7
1.5446206E7
1.5446216E7
1.5446226E7
1.5446236E7
1.5446246E7
1.5446256E7
1.5446266E7
1.5446276E7
1.5446286E7
1.5446296E7
1.5446306E7
1.5446316E7
1.5446326E7
1.5446336E7
1.5446346E7
1.5446356E7
1.5446366E7
1.5446376E7
1.5446386E7
1.5446396E7
1.5446406E7
1.5446416E7
1.5446426E7
1.5446436E7
1.5446446E7
1.5446456E7
1.5446466E7
1.5446476E7
1.5446486E7
1.5446496E7
1.5446506E7
1.5446516E7
1.5446526E7
1.5446536E7
1.5446546E7
1.5446556E7
1.5446566E7
1.5446576E7
1.5446586E7
1.5446596E7
1.5446606E7
1.5446616E7
1.5446626E7
1.5446636E7
1.5446646E7
1.5446656E7
1.5446666E7
1.5446676E7
1.5446686E7
1.5446696E7
1.5446706E7
1.5446716E7
1.5446726E7
1.5446736E7
1.553000244026681E7
1.5530006E7
1.5530016E7
1.5530026E7
1.5530036E7
1.5530046E7
1.5530056E7
1.5530066E7
1.5530076E7
1.5530086E7
1.5530096E7
1.5530106E7
1.5530116E7
1.5530126E7
1.5530136E7
1.5530146E7
1.5530156E7
1.5530166E7
1.5530176E7
1.5530186E7
1.5530196E7
1.5530206E7
1.5530216E7
1.5530226E7
1.5530236E7
1.5530246E7
1.553024834716747E7
1.5530256E7
1.5530266E7
1.5530276E7
1.5530286E7
1.5530296E7
1.5530306E7
1.5530316E7
1.5530326E7
1.5530336E7
1.5530346E7
1.5530356E7
1.5530366E7
1.5530376E7
1.5530386E7
1.5530396E7
1.5530406E7
1.5530416E7
1.5530426E7
1.5530436E7
1.5530446E7
1.5530456E7
1.5530466E7
1.5530476E7
1.5530486E7
1.5530496E7
1.5530506E7
1.5530516E7
1.5530526E7
1.5530536E7
1.5530546E7
1.5530556E7
1.5530566E7
1.5530576E7
1.5530586E7
1.5530596E7
1.5530606E7
1.5530616E7
1.5530626E7
1.5530636E7
1.5530646E7
1.5530656E7
1.5530666E7
1.5530676E7
1.5530686E7
1.5530696E7
1.5530706E7
1.5530716E7
1.5530726E7
1.5530736E7
1.5530746E7
1.5530756E7
1.5530766E7
1.5530776E7
1.5530786E7
1.5530796E7
1.5530806E7
1.5530816E7
1.5530826E7
1.5530836E7
1.5530846E7
1.5530856E7
1.5530866E7
1.5530876E7
1.5530886E7
1.5530896E7
1.5530906E7
1.5530916E7
1.5530926E7
1.5530936E7
1.5530946E7
1.5530956E7
1.5530966E7
1.5530976E7
1.5530986E7
1.5530996E7
1.5531006E7
1.5531016E7
1.5531026E7
1.5531036E7
1.5531046E7
1.5531056E7
1.5531066E7
1.5531076E7
1.5531086E7
1.5531096E7
1.5531106E7
1.5531116E7
1.5531126E7
1.5747006E7
1.5747016E7
1.5747026E7
1.5747036E7
1.5747046E7
1.5747056E7
1.5747066E7
1.5747076E7
1.5747086E7
1.5747096E7
1.5747106E7
1.5747116E7
1.5747126E7
1.5747136E7
1.5747146E7
1.5747156E7
1.5747166E7
1.5747176E7
1.5747186E7
1.5747196E7
1.5747206E7
1.5747216E7
1.5747226E7
1.5747236E7
1.5747246E7
1.5747256E7
1.5747266E7
1.5747276E7
1.5747286E7
1.5747296E7
1.5747306E7
1.5747316E7
1.5747318726729564E7
1.5747326E7
1.5747336E7
1.5747346E7
1.5747356E7
1.5747366E7
1.5747376E7
1.5747386E7
1.5747396E7
1.5747406E7
1.5747416E7
1.5747426E7
1.5747436E7
1.5747446E7
1.5747456E7
1.5747466E7
1.5747476E7
1.5747486E7
1.5747496E7
1.5747506E7
1.5747516E7
1.5747526E7
1.5747536E7
1.5747546E7
1.5747556E7
1.5747566E7
1.5747576E7
1.5747586E7
1.5747596E7
1.5747606E7
1.5747616E7
1.5747626E7
1.5747636E7
1.5747646E7
1.5747656E7
1.5747666E7
1.5747676E7
1.5747686E7
1.5747696E7
1.5747706E7
1.5747716E7
1.5747726E7
1.5747736E7
1.5747746E7
1.5747756E7
1.5747766E7
1.5747776E7
1.5747786E7
1.5747796E7
1.5747806E7
1.5747816E7
1.5747826E7
1.5747836E7
1.5747846E7
1.5747856E7
1.5747866E7
1.5747876E7
1.5747886E7
1.5747896E7
1.5747906E7
1.5747916E7
1.5747926E7
1.5747936E7
1.5747946E7
1.5747956E7
1.5747966E7
1.5747976E7
1.5747986E7
1.5747996E7
1.5748006E7
1.5861003266292535E7
1.5861006E7
1.5861016E7
1.5861026E7
1.5861036E7
1.5861046E7
1.5861056E7
1.5861066E7
1.5861076E7
1.5861086E7
1.5861096E7
1.5861106E7
1.5861116E7
1.5861126E7
1.5861136E7
1.5861146E7
1.5861156E7
1.5861166E7
1.5861176E7
1.5861186E7
1.5861196E7
1.5861206E7
1.5861216E7
1.5861226E7
1.5861236E7
1.5861246E7
1.5861256E7
1.5861266E7
1.5861276E7
1.5861286E7
1.5861296E7
1.5861306E7
1.5861316E7
1.5861326E7
1.5861336E7
1.5861346E7
1.5861356E7
1.5861366E7
1.5861376E7
1.5861386E7
1.5861396E7
1.5861406E7
1.5861416E7
1.5861426E7
1.5861436E7
1.5861446E7
1.5861456E7
1.5861466E7
1.5861476E7
1.5861486E7
1.5861496E7
1.5861506E7
1.5861516E7
1.5861526E7
1.5861536E7
1.5861546E7
1.5861556E7
1.5861566E7
1.5861576E7
1.5861586E7
1.5861596E7
1.5861606E7
1.5861616E7
1.5861626E7
1.5861636E7
1.5861646E7
1.5861656E7
1.5861666E7
1.5861676E7
1.5861686E7
1.5861696E7
1.5861706E7
1.5861716E7
1.5861726E7
1.5861736E7
1.5861746E7
1.5861756E7
1.5861766E7
1.5861776E7
1.5861786E7
1.5861796E7
1.5861806E7
1.5861816E7
1.5861826E7
1.5861836E7
1.5861846E7
1.5861856E7
1.5861866E7
1.5861876E7
1.5861886E7
1.5861896E7
1.5861906E7
1.5861916E7
1.5861926E7
1.5861936E7
1.5861946E7
1.5861952760180332E7
1.5861956E7
1.5861966E7
1.5861976E7
1.5861986E7
1.5861996E7
1.5862006E7
1.5862016E7
1.5862026E7
1.5862036E7
1.5862046E7
1.5862056E7
1.5862066E7
1.5862076E7
1.5862086E7
1.5982006E7
1.5982008122377358E7
1.5982016E7
1.5982026E7
1.5982036E7
1.5982046E7
1.5982056E7
1.5982066E7
1.5982076E7
1.5982086E7
1.5982096E7
1.5982106E7
1.5982116E7
1.5982126E7
1.5982136E7
1.5982146E7
1.5982156E7
1.5982166E7
1.5982176E7
1.5982186E7
1.5982196E7
1.5982206E7
1.5982216E7
1.5982226E7
1.5982236E7
1.5982246E7
1.5982256E7
1.5982266E7
1.5982276E7
1.5982286E7
1.5982296E7
1.5982306E7
1.5982316E7
1.5982326E7
1.5982336E7
1.5982346E7
1.5982356E7
1.5982366E7
1.5982376E7
1.5982386E7
1.5982396E7
1.5982406E7
1.5982416E7
1.5982426E7
1.5982436E7
1.5982446E7
1.5982456E7
1.5982466E7
1.5982476E7
1.5982486E7
1.5982496E7
1.5982506E7
1.5982516E7
1.5982526E7
1.5982536E7
1.5982546E7
1.5982556E7
1.5982566E7
1.5982576E7
1.5982586E7
1.5982596E7
1.5982606E7
1.5982616E7
1.5982626E7
1.5982636E7
1.5982646E7
1.5982656E7
1.5982666E7
1.5982676E7
1.5982686E7
1.5982696E7
1.5982706E7
1.5982716E7
1.5982726E7
1.5982736E7
1.5982746E7
1.5982756E7
1.5982766E7
1.5982776E7
1.6241006E7
1.6241008393635236E7
1.6241016E7
1.6241018393635236E7
1.6241026E7
1.6241028393635236E7
1.6241036E7
1.6241038393635236E7
1.6241046E7
1.6241056E7
1.6241066E7
1.6241076E7
1.6241086E7
1.6241096E7
1.6241106E7
1.6241116E7
1.6241126E7
1.6241136E7
1.6241146E7
1.6241156E7
1.6241166E7
1.6241176E7
1.6241186E7
1.6241196E7
1.6241206E7
1.6241216E7
1.6241226E7
1.6241236E7
1.6241246E7
1.6241256E7
1.6241266E7
1.6241276E7
1.6241286E7
1.6241296E7
1.6241306E7
1.6241316E7
1.6241326E7
1.6241336E7
1.6241346E7
1.6241356E7
1.6241366E7
1.6241376E7
1.6241386E7
1.6241396E7
1.6241406E7
1.6241416E7
1.6241426E7
1.6241436E7
1.6241446E7
1.6241456E7
1.6241466E7
1.6241476E7
1.6241486E7
1.6241496E7
1.6241506E7
1.6241516E7
1.6241526E7
1.6241536E7
1.6241546E7
1.6241556E7
1.6241566E7
1.6241576E7
1.6241586E7
1.6241587622020174E7
1.6241596E7
1.6241606E7
1.6241616E7
1.6241626E7
1.6241636E7
1.6241646E7
1.6241656E7
1.6241666E7
1.6241676E7
1.6241686E7
1.6241696E7
1.6241706E7
1.6241716E7
1.6241726E7
1.6241736E7
1.6241746E7
1.6290006E7
1.6290009052952252E7
1.6290016E7
1.6290019052952252E7
1.6290026E7
1.6290029052952252E7
1.6290036E7
1.6290039052952252E7
1.6290046E7
1.6290056E7
1.6290066E7
1.6290076E7
1.6290086E7
1.6290096E7
1.6290106E7
1.6290116E7
1.6290126E7
1.6290136E7
1.6290146E7
1.6290156E7
1.6290166E7
1.6290176E7
1.6290186E7
1.6290196E7
1.6290206E7
1.6290216E7
1.6290226E7
1.6290236E7
1.6290246E7
1.6290256E7
1.6290266E7
1.6290276E7
1.6290286E7
1.6290296E7
1.6290306E7
1.6290316E7
1.6290326E7
1.6290336E7
1.6290346E7
1.6290356E7
1.6290366E7
1.6290367951678682E7
1.6290376E7
1.6290386E7
1.6290396E7
1.6290406E7
1.6290416E7
1.6290426E7
1.6290436E7
1.6290446E7
1.6290456E7
1.6290466E7
1.6290476E7
1.6290486E7
1.6290496E7
1.6290506E7
1.6290516E7
1.6290526E7
1.6290536E7
1.6290546E7
1.6290556E7
1.6290566E7
1.6290576E7
1.6290586E7
1.6290596E7
1.6290606E7
1.6290616E7
1.6290626E7
1.6290636E7
1.6290646E7
1.6290656E7
1.6290666E7
1.6290676E7
1.6290686E7
1.6290696E7
1.6290706E7
1.6351006E7
1.6351008550480329E7
1.6351016E7
1.6351018550480329E7
1.6351026E7
1.6351028550480329E7
1.6351036E7
1.6351038550480329E7
1.6351046E7
1.6351056E7
1.6351066E7
1.6351076E7
1.6351086E7
1.6351096E7
1.6351106E7
1.6351116E7
1.6351126E7
1.6351136E7
1.6351146E7
1.6351156E7
1.6351166E7
1.6351176E7
1.6351186E7
1.6351196E7
1.6351206E7
1.6351216E7
1.6351226E7
1.6351236E7
1.6351246E7
1.6351256E7
1.6351266E7
1.6351276E7
1.6351286E7
1.6351296E7
1.6351306E7
1.6351316E7
1.6351326E7
1.6351336E7
1.635134270044272E7
1.6351346E7
1.6351356E7
1.6351366E7
1.6351376E7
1.6351386E7
1.6351396E7
1.6351406E7
1.6351416E7
1.6351426E7
1.6351436E7
1.6351446E7
1.6351456E7
1.6351466E7
1.6351476E7
1.6351486E7
1.6351496E7
1.6351506E7
1.6351516E7
1.6351526E7
1.6351536E7
1.6351546E7
1.6351556E7
1.6351566E7
1.6351576E7
1.6351586E7
1.6351596E7
1.6351606E7
1.6351616E7
1.6351626E7
1.6351636E7
1.6351646E7
1.6351656E7
1.6351666E7
1.6351676E7
1.6351686E7
1.6351696E7
1.6351706E7
1.6351716E7
1.6351726E7
1.6351736E7
1.6351746E7
1.6351756E7
1.6351766E7
1.6351776E7
1.6351786E7
1.6351796E7
1.6351806E7
1.6351816E7
1.6351826E7
1.6351836E7
1.6351846E7
1.6351856E7
1.6351866E7
1.6351876E7
1.6351886E7
1.6351896E7
1.6351906E7
1.6351916E7
1.6351926E7
1.6351936E7
1.6351946E7
1.6351956E7
1.6351966E7
1.6351976E7
1.6351986E7
