1.9941002681021933E7
1.994100268102953E7
1.9941006E7
1.9941016E7
1.9941026E7
1.9941036E7
1.9941046E7
1.9941056E7
1.9941066E7
1.9941076E7
1.9941086E7
1.9941096E7
1.9941106E7
1.9941116E7
1.9941126E7
1.9941136E7
1.9941146E7
1.9941156E7
1.9941166E7
1.9941176E7
1.9941186E7
1.9941196E7
1.9941206E7
1.9941216E7
1.9941226E7
1.9941236E7
1.9941246E7
1.9941256E7
1.9941266E7
1.9941267080758635E7
1.994126708076623E7
1.9941276E7
1.9941286E7
1.9941296E7
1.9941306E7
1.9941316E7
1.9941326E7
1.9941336E7
1.9941346E7
1.9941356E7
1.9941366E7
1.9941376E7
1.9941386E7
1.9941396E7
1.9941406E7
1.9941416E7
1.9941426E7
1.9941436E7
1.9941446E7
1.9941456E7
1.9941466E7
1.9941476E7
1.9941486E7
1.9941496E7
1.9941506E7
1.9941516E7
1.9941526E7
1.9941536E7
1.9941546E7
1.9941556E7
1.9941566E7
1.9941576E7
1.9941586E7
1.9941596E7
1.9941606E7
1.9941616E7
1.9941626E7
1.9941636E7
1.9941646E7
1.9941656E7
1.9941666E7
1.9941676E7
1.9941686E7
1.9941696E7
1.9941706E7
1.9941716E7
1.9941726E7
1.9941736E7
1.9941746E7
1.9941756E7
1.9941766E7
1.9941776E7
1.9941786E7
1.9941796E7
1.9941806E7
1.9941816E7
1.9941826E7
1.9941836E7
1.9941846E7
1.9941856E7
1.9941866E7
1.9941876E7
1.9941886E7
1.9941896E7
1.9941906E7
1.9941916E7
1.9941926E7
1.9941936E7
1.9941946E7
1.9941956E7
2.013100256876183E7
2.0131002568769425E7
2.0131006E7
2.0131016E7
2.0131026E7
2.0131036E7
2.0131046E7
2.0131056E7
2.0131066E7
2.0131076E7
2.0131086E7
2.0131096E7
2.0131106E7
2.0131116E7
2.0131126E7
2.0131136E7
2.0131146E7
2.0131156E7
2.0131166E7
2.0131176E7
2.0131186E7
2.0131196E7
2.0131206E7
2.0131216E7
2.0131226E7
2.0131236E7
2.0131246E7
2.0131256E7
2.0131266E7
2.0131276E7
2.0131286E7
2.0131296E7
2.0131306E7
2.0131316E7
2.0131326E7
2.0131336E7
2.0131346E7
2.0131356E7
2.0131366E7
2.0131376E7
2.0131386E7
2.0131396E7
2.0131406E7
2.0131416E7
2.0131426E7
2.0131436E7
2.0131446E7
2.0131456E7
2.0131466E7
2.0131476E7
2.0131486E7
2.0131496E7
2.0131506E7
2.0131509024628583E7
2.013150902463618E7
2.0131516E7
2.0131526E7
2.0131536E7
2.0131546E7
2.0131556E7
2.0131566E7
2.0131576E7
2.0131586E7
2.0131596E7
2.0131606E7
2.0131616E7
2.0131626E7
2.0131636E7
2.0131646E7
2.0131656E7
2.0131666E7
2.0131676E7
2.0131686E7
2.0131696E7
2.0131706E7
2.0131716E7
2.0131726E7
2.0131736E7
2.0131746E7
2.0131756E7
2.0131766E7
2.0131776E7
2.0131786E7
2.0131796E7
2.0131806E7
2.0131816E7
2.0131826E7
2.0131836E7
2.0131846E7
2.0131856E7
2.0131866E7
2.0131876E7
2.0131886E7
2.0131896E7
2.0131906E7
2.0131916E7
2.0131926E7
2.0131936E7
2.0354001976386312E7
2.035400197639391E7
2.0354006E7
2.0354016E7
2.0354026E7
2.0354036E7
2.0354046E7
2.0354056E7
2.0354066E7
2.0354076E7
2.0354086E7
2.0354096E7
2.0354106E7
2.0354116E7
2.0354126E7
2.0354136E7
2.0354146E7
2.0354156E7
2.0354166E7
2.0354176E7
2.0354186E7
2.0354196E7
2.0354206E7
2.0354216E7
2.0354226E7
2.0354236E7
2.0354246E7
2.0354256E7
2.0354266E7
2.0354276E7
2.0354286E7
2.0354296E7
2.0354306E7
2.0354316E7
2.0354326E7
2.0354336E7
2.0354338728440825E7
2.035433872844842E7
2.0354346E7
2.0354356E7
2.0354366E7
2.0354376E7
2.0354386E7
2.0354396E7
2.0354406E7
2.0354416E7
2.0354426E7
2.0354436E7
2.0354446E7
2.0354456E7
2.0354466E7
2.0354476E7
2.0354486E7
2.0354496E7
2.0354506E7
2.0354516E7
2.0354526E7
2.0354536E7
2.0354546E7
2.0354556E7
2.0354566E7
2.0354576E7
2.0354586E7
2.0354596E7
2.0354606E7
2.0354616E7
2.0354626E7
2.0354636E7
2.0354646E7
2.0354656E7
2.0354666E7
2.0354676E7
2.0354686E7
2.0354696E7
2.0354706E7
2.0354716E7
2.0354726E7
2.0354736E7
2.0354746E7
2.0354756E7
2.0354766E7
2.0354776E7
2.0354786E7
2.0354796E7
2.0354806E7
2.0354816E7
2.0354826E7
2.0354836E7
2.0354846E7
2.0354856E7
2.0354866E7
2.0354876E7
2.0354886E7
2.0354896E7
2.0354906E7
2.0354916E7
2.0354926E7
2.0354936E7
2.0405006E7
2.0405006153807882E7
2.0405006153815478E7
2.0405016E7
2.0405016153807882E7
2.0405016153815478E7
2.0405026E7
2.0405026153807882E7
2.0405026153815478E7
2.0405036E7
2.0405036153807882E7
2.0405036153815478E7
2.0405046E7
2.0405046153807882E7
2.0405046153815478E7
2.0405056E7
2.0405056153807882E7
2.0405056153815478E7
2.0405066E7
2.0405066153807882E7
2.0405066153815478E7
2.0405076E7
2.0405076153807882E7
2.0405076153815478E7
2.0405086E7
2.0405086153807882E7
2.0405086153815478E7
2.0405096E7
2.0405096153807882E7
2.0405096153815478E7
2.0405106E7
2.0405106153807882E7
2.0405106153815478E7
2.0405116E7
2.0405116153807882E7
2.0405116153815478E7
2.0405126E7
2.0405126153807882E7
2.0405126153815478E7
2.0405136E7
2.0405146E7
2.0405156E7
2.0405166E7
2.0405176E7
2.0405186E7
2.0405196E7
2.0405206E7
2.0405216E7
2.0405226E7
2.0405236E7
2.0405246E7
2.0405256E7
2.0405266E7
2.0405276E7
2.0405286E7
2.0405296E7
2.0405306E7
2.0405316E7
2.0405326E7
2.0405336E7
2.0405346E7
2.0405356E7
2.0405366E7
2.0405376E7
2.0405386E7
2.0405396E7
2.0405406E7
2.0405416E7
2.0405426E7
2.0405436E7
2.0405446E7
2.0405456E7
2.0405466E7
2.0405476E7
2.0405486E7
2.0405496E7
2.0405506E7
2.0405516E7
2.0405526E7
2.0405536E7
2.0405546E7
2.0405556E7
2.0405566E7
2.0405576E7
2.0405586E7
2.0405596E7
2.0405606E7
2.0405616E7
2.040561981715161E7
2.0405619817159206E7
2.0405626E7
2.0405636E7
2.0405646E7
2.0405656E7
2.0405666E7
2.0405676E7
2.0405686E7
2.0405696E7
2.0405706E7
2.0405716E7
2.0405726E7
2.0405736E7
2.0405746E7
2.0405756E7
2.0405766E7
2.0405776E7
2.0405786E7
2.0405796E7
2.0405806E7
2.0405816E7
2.0405826E7
2.0405836E7
2.0405846E7
2.0405856E7
2.0405866E7
2.0405876E7
2.0405886E7
2.0405896E7
2.0405906E7
2.0405916E7
2.0405926E7
2.0405936E7
2.0405946E7
2.0405956E7
2.0405966E7
2.0405976E7
2.0405986E7
2.0405996E7
2.0406006E7
2.0406016E7
2.0406026E7
2.0406036E7
2.0406046E7
2.0406056E7
2.0406066E7
2.0406076E7
2.0406086E7
2.0406096E7
2.0406106E7
2.0406116E7
2.0406126E7
2.0406136E7
2.0406146E7
2.0406156E7
2.0563006E7
2.0563015824602738E7
2.0563015824610334E7
2.0563016E7
2.0563016223304037E7
2.0563016223311633E7
2.0563026E7
2.0563026223304037E7
2.0563026223311633E7
2.0563036E7
2.0563036223304037E7
2.0563036223311633E7
2.0563046E7
2.0563046223304037E7
2.0563046223311633E7
2.0563056E7
2.0563056223304037E7
2.0563056223311633E7
2.0563066E7
2.0563066223304037E7
2.0563066223311633E7
2.0563076E7
2.0563085824602738E7
2.0563085824610334E7
2.0563086E7
2.0563095733282443E7
2.056309573329004E7
2.0563096E7
2.0563096131983742E7
2.0563096131991338E7
2.0563106E7
2.0563115733282443E7
2.056311573329004E7
2.0563116E7
2.0563116131983742E7
2.0563116131991338E7
2.0563126E7
2.0563135824602738E7
2.0563135824610334E7
2.0563136E7
2.0563145733282443E7
2.056314573329004E7
2.0563146E7
2.0563146131983742E7
2.0563146131991338E7
2.0563156E7
2.0563156223304037E7
2.0563156223311633E7
2.0563166E7
2.0563166223304037E7
2.0563166223311633E7
2.0563176E7
2.0563185733282443E7
2.056318573329004E7
2.0563186E7
2.0563186131983742E7
2.0563186131991338E7
2.0563196E7
2.0563205733282443E7
2.056320573329004E7
2.0563206E7
2.0563215733282443E7
2.056321573329004E7
2.0563216E7
2.0563216131983742E7
2.0563216131991338E7
2.0563226E7
2.0563235824602738E7
2.0563235824610334E7
2.0563236E7
2.0563245824602738E7
2.0563245824610334E7
2.0563246E7
2.0563255733282443E7
2.056325573329004E7
2.0563256E7
2.0563266E7
2.0563275824602738E7
2.0563275824610334E7
2.0563276E7
2.0563285733282443E7
2.056328573329004E7
2.0563286E7
2.0563295824602738E7
2.0563295824610334E7
2.0563296E7
2.0563305733282443E7
2.056330573329004E7
2.0563306E7
2.0563306131983742E7
2.0563306131991338E7
2.0563316E7
2.0563316223304037E7
2.0563316223311633E7
2.0563326E7
2.0563335824602738E7
2.0563335824610334E7
2.0563336E7
2.0563336223304037E7
2.0563336223311633E7
2.0563346E7
2.0563356E7
2.0563356223304037E7
2.0563356223311633E7
2.0563366E7
2.0563366223304037E7
2.0563366223311633E7
2.0563376E7
2.0563385733282443E7
2.056338573329004E7
2.0563386E7
2.0563386131983742E7
2.0563386131991338E7
2.0563396E7
2.0563396223304037E7
2.0563396223311633E7
2.0563406E7
2.0563406223304037E7
2.0563406223311633E7
2.0563416E7
2.0563425824602738E7
2.0563425824610334E7
2.0563426E7
2.056342995189969E7
2.0563429951907285E7
2.0563436E7
2.0563446E7
2.0563446223304037E7
2.0563446223311633E7
2.0563456E7
2.0563456131983742E7
2.0563456131991338E7
2.0563466E7
2.0563466223304037E7
2.0563466223311633E7
2.0563476E7
2.0563476131983742E7
2.0563476131991338E7
2.0563486E7
2.0563486131983742E7
2.0563486131991338E7
2.0563496E7
2.0563496223304037E7
2.0563496223311633E7
2.0563506E7
2.0563506131983742E7
2.0563506131991338E7
2.0563516E7
2.0563516223304037E7
2.0563516223311633E7
2.0563526E7
2.0563526223304037E7
2.0563526223311633E7
2.0563536E7
2.0563536223304037E7
2.0563536223311633E7
2.0563546E7
2.0563546223304037E7
2.0563546223311633E7
2.0563556E7
2.0563556223304037E7
2.0563556223311633E7
2.0563566E7
2.0563566223304037E7
2.0563566223311633E7
2.0563576E7
2.0563576223304037E7
2.0563576223311633E7
2.0563586E7
2.0563586131983742E7
2.0563586131991338E7
2.0563596E7
2.0563606E7
2.0563606223304037E7
2.0563606223311633E7
2.0563616E7
2.0563616223304037E7
2.0563616223311633E7
2.0563626E7
2.0563626223304037E7
2.0563626223311633E7
2.0563636E7
2.0563638851899687E7
2.0563638851907283E7
2.0563646E7
2.0563646223304037E7
2.0563646223311633E7
2.0563656E7
2.0563656223304037E7
2.0563656223311633E7
2.0563666E7
2.0563666223304037E7
2.0563666223311633E7
2.0563676E7
2.0563676223304037E7
2.0563676223311633E7
2.0563686E7
2.0563686223304037E7
2.0563686223311633E7
2.0563696E7
2.0563696223304037E7
2.0563696223311633E7
2.0563706E7
2.0563706131983742E7
2.0563706131991338E7
2.0563716E7
2.0563716223304037E7
2.0563716223311633E7
2.0563726E7
2.0563726223304037E7
2.0563726223311633E7
2.0563736E7
2.0563736223304037E7
2.0563736223311633E7
2.0563746E7
2.0563756E7
2.0563756223304037E7
2.0563756223311633E7
2.0563766E7
2.0563766223304037E7
2.0563766223311633E7
2.0563776E7
2.0563776131983742E7
2.0563776131991338E7
2.0563786E7
2.0563786223304037E7
2.0563786223311633E7
2.0563796E7
2.0563796131983742E7
2.0563796131991338E7
2.0563806E7
2.0563806223304037E7
2.0563806223311633E7
2.0563816E7
2.0563816223304037E7
2.0563816223311633E7
2.0563826E7
2.0563826131983742E7
2.0563826131991338E7
2.0563836E7
2.0563836131983742E7
2.0563836131991338E7
2.0563846E7
2.0563846131983742E7
2.0563846131991338E7
2.0563856E7
2.0563856223304037E7
2.0563856223311633E7
2.0563866E7
2.0563876E7
2.0563886E7
2.0563896E7
2.0563906E7
2.0563916E7
2.0563926E7
2.0563936E7
2.0563946E7
2.0563956E7
2.0563966E7
2.0563976E7
2.0824005378211427E7
2.0824006E7
2.0824016E7
2.0824026E7
2.0824035378211427E7
2.0824036E7
2.0824046E7
2.0824055378211427E7
2.0824056E7
2.0824065378211427E7
2.0824066E7
2.0824075378211427E7
2.0824076E7
2.0824085378211427E7
2.0824086E7
2.0824095378211427E7
2.0824096E7
2.0824105378211427E7
2.0824106E7
2.0824115378211427E7
2.0824116E7
2.0824125378211427E7
2.0824126E7
2.0824135378211427E7
2.0824136E7
2.0824145378211427E7
2.0824146E7
2.0824155378211427E7
2.0824156E7
2.0824166E7
2.0824175378211427E7
2.0824176E7
2.0824186E7
2.0824196E7
2.0824206E7
2.0824215378211427E7
2.0824216E7
2.0824225378211427E7
2.0824226E7
2.0824235378211427E7
2.0824236E7
2.0824245378211427E7
2.0824246E7
2.0824255378211427E7
2.0824256E7
2.0824265378211427E7
2.0824266E7
2.0824275378211427E7
2.0824276E7
2.0824285378211427E7
2.0824286E7
2.0824295378211427E7
2.0824296E7
2.0824305378211427E7
2.0824306E7
2.0824315378211427E7
2.0824316E7
2.0824325378211427E7
2.0824326E7
2.0824336E7
2.0824345378211427E7
2.0824346E7
2.0824355378211427E7
2.0824356E7
2.0824366E7
2.0824375378211427E7
2.0824376E7
2.0824386E7
2.0824395378211427E7
2.0824396E7
2.0824405378211427E7
2.0824406E7
2.0824415378211427E7
2.0824416E7
2.0824425378211427E7
2.0824426E7
2.0824436E7
2.0824445378211427E7
2.0824446E7
2.0824455378211427E7
2.0824456E7
2.0824465378211427E7
2.0824466E7
2.0824475378211427E7
2.0824476E7
2.0824485378211427E7
2.0824486E7
2.0824495378211427E7
2.0824496E7
2.0824505378211427E7
2.0824506E7
2.0824515378211427E7
2.0824516E7
2.0824525378211427E7
2.0824526E7
2.0824535378211427E7
2.0824536E7
2.0824546E7
2.0824555378211427E7
2.0824556E7
2.0824565378211427E7
2.0824566E7
2.0824575378211427E7
2.0824576E7
2.0824585378211427E7
2.0824586E7
2.0824595378211427E7
2.0824596E7
2.082460393759185E7
2.0824605378211427E7
2.0824606E7
2.0824615378211427E7
2.0824616E7
2.0824625378211427E7
2.0824626E7
2.0824635378211427E7
2.0824636E7
2.0824645378211427E7
2.0824646E7
2.0824655378211427E7
2.0824656E7
2.0824665378211427E7
2.0824666E7
2.0824675378211427E7
2.0824676E7
2.0824685378211427E7
2.0824686E7
2.0824695378211427E7
2.0824696E7
2.0824705378211427E7
2.0824706E7
2.0824715378211427E7
2.0824716E7
2.0824725378211427E7
2.0824726E7
2.0824735378211427E7
2.0824736E7
