1.6459003728953972E7
1.6459003728961784E7
1.6459006E7
1.6459016E7
1.6459026E7
1.6459036E7
1.6459046E7
1.6459056E7
1.6459066E7
1.6459076E7
1.6459086E7
1.6459096E7
1.6459106E7
1.6459116E7
1.6459126E7
1.6459136E7
1.6459146E7
1.6459156E7
1.6459166E7
1.6459176E7
1.6459186E7
1.6459196E7
1.6459206E7
1.6459216E7
1.6459226E7
1.6459236E7
1.6459246E7
1.6459256E7
1.6459266E7
1.6459276E7
1.6459286E7
1.6459296E7
1.6459306E7
1.6459316E7
1.6459326E7
1.6459336E7
1.6459346E7
1.6459356E7
1.6459366E7
1.6459376E7
1.6459386E7
1.6459396E7
1.6459406E7
1.6459416E7
1.6459426E7
1.6459436E7
1.6459446E7
1.6459456E7
1.6459466E7
1.6459476E7
1.6459486E7
1.6459496E7
1.6459506E7
1.6459516E7
1.6459526E7
1.6459536E7
1.6459546E7
1.6459556E7
1.6459566E7
1.6459576E7
1.6459586E7
1.6459596E7
1.6459606E7
1.6459616E7
1.6459626E7
1.6459636E7
1.6459646E7
1.6459656E7
1.6459666E7
1.6459676E7
1.6459686E7
1.6459696E7
1.6459706E7
1.6459716E7
1.6459726E7
1.6459736E7
1.6459746E7
1.6459756E7
1.6459766E7
1.6459776E7
1.6459786E7
1.6459796E7
1.6459806E7
1.6459816E7
1.6459826E7
1.6459836E7
1.6459846E7
1.6459856E7
1.6459866E7
1.6459876E7
1.6459886E7
1.6459896E7
1.6459906E7
1.6459916E7
1.6459926E7
1.6459936E7
1.6459946E7
1.6662003238371827E7
1.6662003238379639E7
1.6662006E7
1.6662016E7
1.6662026E7
1.6662036E7
1.6662046E7
1.6662056E7
1.6662066E7
1.6662076E7
1.6662086E7
1.6662096E7
1.6662106E7
1.6662116E7
1.6662126E7
1.6662136E7
1.6662146E7
1.6662156E7
1.6662166E7
1.6662176E7
1.6662186E7
1.6662196E7
1.6662206E7
1.6662216E7
1.6662226E7
1.6662236E7
1.6662246E7
1.6662256E7
1.6662266E7
1.6662276E7
1.6662286E7
1.6662296E7
1.6662306E7
1.6662316E7
1.6662326E7
1.6662336E7
1.6662346E7
1.6662356E7
1.6662366E7
1.6662376E7
1.6662386E7
1.6662396E7
1.6662406E7
1.6662416E7
1.6662426E7
1.6662436E7
1.6662446E7
1.6662456E7
1.6662466E7
1.6662476E7
1.6662486E7
1.6662496E7
1.6662506E7
1.666251135943369E7
1.6662511359441502E7
1.6662516E7
1.6662526E7
1.6662536E7
1.6662546E7
1.6662556E7
1.6662566E7
1.6662576E7
1.6662586E7
1.6662596E7
1.6662606E7
1.6662616E7
1.6662626E7
1.6662636E7
1.6662646E7
1.6662656E7
1.6662666E7
1.6662676E7
1.6662686E7
1.6662696E7
1.6662706E7
1.6662716E7
1.6662726E7
1.6662736E7
1.6662746E7
1.6662756E7
1.6662766E7
1.6662776E7
1.6662786E7
1.6662796E7
1.6662806E7
1.6662816E7
1.6662826E7
1.6662836E7
1.6662846E7
1.6662856E7
1.6662866E7
1.6662876E7
1.6662886E7
1.6662896E7
1.6662906E7
1.6662916E7
1.6662926E7
1.6662936E7
1.6662946E7
1.6662956E7
1.6662966E7
1.6662976E7
1.6662986E7
1.6662996E7
1.6663006E7
1.6663016E7
1.6663026E7
1.6663036E7
1.6663046E7
1.6663056E7
1.6663066E7
1.6663076E7
1.6663086E7
1.6663096E7
1.6663106E7
1.6663116E7
1.6663126E7
1.6663136E7
1.6663146E7
1.6663156E7
1.6663166E7
1.6682006E7
1.6682006334517933E7
1.6682006334525745E7
1.6682016E7
1.6682016334517933E7
1.6682016334525745E7
1.6682026E7
1.6682026334517933E7
1.6682026334525745E7
1.6682036E7
1.6682036334517933E7
1.6682036334525745E7
1.6682046E7
1.6682056E7
1.6682056334517933E7
1.6682056334525745E7
1.6682066E7
1.6682066334517933E7
1.6682066334525745E7
1.6682076E7
1.6682076334517933E7
1.6682076334525745E7
1.6682084907506743E7
1.6682084907514555E7
1.6682086E7
1.6682086334517933E7
1.6682086334525745E7
1.6682096E7
1.6682096334517933E7
1.6682096334525745E7
1.6682106E7
1.6682106334517933E7
1.6682106334525745E7
1.6682116E7
1.6682116334517933E7
1.6682116334525745E7
1.6682126E7
1.6682126334517933E7
1.6682126334525745E7
1.6682136E7
1.6682146E7
1.6682156E7
1.6682166E7
1.6682176E7
1.6682186E7
1.6682196E7
1.6682206E7
1.6682216E7
1.6682226E7
1.6682236E7
1.6682246E7
1.6682256E7
1.6682266E7
1.6682276E7
1.6682286E7
1.6682296E7
1.6682306E7
1.6682316E7
1.6682326E7
1.6682336E7
1.6682346E7
1.6682356E7
1.6682366E7
1.6682376E7
1.6682386E7
1.6682396E7
1.6682406E7
1.6682416E7
1.6682426E7
1.6682436E7
1.6682446E7
1.6682456E7
1.6682466E7
1.6682476E7
1.6682486E7
1.6682496E7
1.6682506E7
1.6682516E7
1.6682526E7
1.6682536E7
1.6682546E7
1.6682556E7
1.6682566E7
1.6682576E7
1.6682586E7
1.6682596E7
1.6682606E7
1.6682616E7
1.6682626E7
1.6682636E7
1.6682646E7
1.6682656E7
1.6682666E7
1.6682676E7
1.6682686E7
1.6682696E7
1.6682706E7
1.6682716E7
1.6682726E7
1.6682736E7
1.6682746E7
1.6682756E7
1.6682766E7
1.6682776E7
1.6682786E7
1.6682796E7
1.6682806E7
1.6682816E7
1.6682824907506743E7
1.6682824907514555E7
1.6682826E7
1.6682836E7
1.6682846E7
1.6682856E7
1.6682866E7
1.6682876E7
1.6682886E7
1.6682896E7
1.6682906E7
1.6682916E7
1.6808006E7
1.6808016E7
1.680801750333355E7
1.6808017503341362E7
1.6808026E7
1.680802750333355E7
1.6808027503341362E7
1.6808036E7
1.680803750333355E7
1.6808037503341362E7
1.6808046E7
1.680804750333355E7
1.6808047503341362E7
1.6808056E7
1.680805750333355E7
1.6808057503341362E7
1.6808066E7
1.680806750333355E7
1.6808067503341362E7
1.6808076E7
1.680807750333355E7
1.6808077503341362E7
1.6808086E7
1.680808750333355E7
1.6808087503341362E7
1.6808096E7
1.680809750333355E7
1.6808097503341362E7
1.6808106E7
1.680810750333355E7
1.6808107503341362E7
1.6808116E7
1.680811750333355E7
1.6808117503341362E7
1.6808126E7
1.680812750333355E7
1.6808127503341362E7
1.6808136E7
1.680813750333355E7
1.6808137503341362E7
1.6808146E7
1.6808156E7
1.680815750333355E7
1.6808157503341362E7
1.6808166E7
1.680816750333355E7
1.6808167503341362E7
1.6808176E7
1.680817750333355E7
1.6808177503341362E7
1.6808186E7
1.6808196E7
1.680819750333355E7
1.6808197503341362E7
1.6808206E7
1.680820750333355E7
1.6808207503341362E7
1.6808216E7
1.680821750333355E7
1.6808217503341362E7
1.6808226E7
1.680822750333355E7
1.6808227503341362E7
1.6808236E7
1.6808246E7
1.680824750333355E7
1.6808247503341362E7
1.6808256E7
1.680825750333355E7
1.6808257503341362E7
1.6808266E7
1.680826750333355E7
1.6808267503341362E7
1.6808276E7
1.680827750333355E7
1.6808277503341362E7
1.6808286E7
1.680828750333355E7
1.6808287503341362E7
1.6808296E7
1.680829750333355E7
1.6808297503341362E7
1.6808306E7
1.680830750333355E7
1.6808307503341362E7
1.6808316E7
1.680831750333355E7
1.6808317503341362E7
1.6808326E7
1.680832750333355E7
1.6808327503341362E7
1.6808336E7
1.680833750333355E7
1.6808337503341362E7
1.6808346E7
1.680834750333355E7
1.6808347503341362E7
1.6808356E7
1.680835750333355E7
1.6808357503341362E7
1.6808366E7
1.680836750333355E7
1.6808367503341362E7
1.6808376E7
1.680837750333355E7
1.6808377503341362E7
1.6808386E7
1.680838750333355E7
1.6808387503341362E7
1.6808396E7
1.680839750333355E7
1.6808397503341362E7
1.6808406E7
1.680840750333355E7
1.6808407503341362E7
1.6808416E7
1.680841750333355E7
1.6808417503341362E7
1.6808426E7
1.680842750333355E7
1.6808427503341362E7
1.6808436E7
1.680843750333355E7
1.6808437503341362E7
1.6808446E7
1.680844750333355E7
1.6808447503341362E7
1.6808456E7
1.680845750333355E7
1.6808457503341362E7
1.6808466E7
1.680846750333355E7
1.6808467503341362E7
1.6808476E7
1.680847750333355E7
1.6808477503341362E7
1.6808486E7
1.680848750333355E7
1.6808487503341362E7
1.6808496E7
1.680849750333355E7
1.6808497503341362E7
1.6808506E7
1.680850750333355E7
1.6808507503341362E7
1.6808516E7
1.680851750333355E7
1.6808517503341362E7
1.6808526E7
1.680852750333355E7
1.6808527503341362E7
1.6808536E7
1.680853750333355E7
1.6808537503341362E7
1.6808546E7
1.680854750333355E7
1.6808547503341362E7
1.6808556E7
1.6808566E7
1.680856750333355E7
1.6808567503341362E7
1.6808576E7
1.680857750333355E7
1.6808577503341362E7
1.6808586E7
1.680858750333355E7
1.6808587503341362E7
1.6808596E7
1.680859750333355E7
1.6808597503341362E7
1.6808606E7
1.680860750333355E7
1.6808607503341362E7
1.6808616E7
1.680861750333355E7
1.6808617503341362E7
1.6808626E7
1.680862750333355E7
1.6808627503341362E7
1.6808636E7
1.680863750333355E7
1.6808637503341362E7
1.6808646E7
1.680864750333355E7
1.6808647503341362E7
1.6808656E7
1.680865750333355E7
1.6808657503341362E7
1.6808666E7
1.680866750333355E7
1.6808667503341362E7
1.6808676E7
1.680867750333355E7
1.6808677503341362E7
1.6808686E7
1.680868750333355E7
1.6808687503341362E7
1.6808696E7
1.680869750333355E7
1.6808697503341362E7
1.6808706E7
1.680870750333355E7
1.6808707503341362E7
1.6808716E7
1.680871750333355E7
1.6808717503341362E7
1.6808726E7
1.6808736E7
1.680873750333355E7
1.6808737503341362E7
1.6808746E7
1.680874750333355E7
1.6808747503341362E7
1.7128004218238186E7
1.7128006E7
1.7128014218238186E7
1.7128016E7
1.7128024218238186E7
1.7128026E7
1.7128034218238186E7
1.7128036E7
1.7128039792455234E7
1.7128044218238186E7
1.7128046E7
1.7128054218238186E7
1.7128056E7
1.7128064218238186E7
1.7128066E7
1.7128074218238186E7
1.7128076E7
1.7128084218238186E7
1.7128086E7
1.7128094218238186E7
1.7128096E7
1.7128104218238186E7
1.7128106E7
1.7128116E7
1.7128126E7
1.7128134218238186E7
1.7128136E7
1.7128144218238186E7
1.7128146E7
1.7128154218238186E7
1.7128156E7
1.7128164218238186E7
1.7128166E7
1.7128174218238186E7
1.7128176E7
1.7128184218238186E7
1.7128186E7
1.7128194218238186E7
1.7128196E7
1.7128204218238186E7
1.7128206E7
1.7128214218238186E7
1.7128216E7
1.7128224218238186E7
1.7128226E7
1.7128234218238186E7
1.7128236E7
1.7128244218238186E7
1.7128246E7
1.7128254218238186E7
1.7128256E7
1.7128264218238186E7
1.7128266E7
1.7128276E7
1.7128284218238186E7
1.7128286E7
1.7128294218238186E7
1.7128296E7
1.7128304218238186E7
1.7128306E7
1.7128314218238186E7
1.7128316E7
1.7128324218238186E7
1.7128326E7
1.7128334218238186E7
1.7128336E7
1.7128344218238186E7
1.7128346E7
1.7128354218238186E7
1.7128356E7
1.7128364218238186E7
1.7128366E7
1.7128376E7
1.7128384218238186E7
1.7128386E7
1.7128394218238186E7
1.7128396E7
1.7128404218238186E7
1.7128406E7
1.7128414218238186E7
1.7128416E7
1.7128424218238186E7
1.7128426E7
1.7128434218238186E7
1.7128436E7
1.7128444218238186E7
1.7128446E7
1.7128454218238186E7
1.7128456E7
1.7128464218238186E7
1.7128466E7
1.7128474218238186E7
1.7128476E7
1.7128484218238186E7
1.7128486E7
1.7128494218238186E7
1.7128496E7
1.7128504218238186E7
1.7128506E7
1.7128514218238186E7
1.7128516E7
1.7128524218238186E7
1.7128526E7
1.7128534218238186E7
1.7128536E7
1.7128544218238186E7
1.7128546E7
1.7128554218238186E7
1.7128556E7
1.7128566E7
1.7128576E7
1.7128584218238186E7
1.7128586E7
1.7128596E7
1.7128604218238186E7
1.7128606E7
1.7128616E7
1.7128624218238186E7
1.7128626E7
1.7128634218238186E7
1.7128636E7
1.7128644218238186E7
1.7128646E7
1.7128656E7
1.7128664218238186E7
1.7128666E7
1.7128674218238186E7
1.7128676E7
1.7128684218238186E7
1.7128686E7
1.7128694218238186E7
1.7128696E7
1.7128704218238186E7
1.7128706E7
1.7128714218238186E7
1.7128716E7
1.7128724218238186E7
1.7128726E7
1.7128734218238186E7
1.7128736E7
1.7128746E7
1.7128756E7
1.7128766E7
1.7128776E7
1.7128786E7
1.7128796E7
1.7128806E7
1.7128816E7
1.7128826E7
1.7128836E7
1.7128846E7
1.7128856E7
1.7128866E7
1.7128876E7
1.7128886E7
1.7128896E7
1.7128906E7
1.7128916E7
1.7128926E7
1.7128936E7
1.7128946E7
1.7128956E7
1.7128966E7
1.7128976E7
1.7128986E7
1.7128996E7
1.7129006E7
1.7129016E7
1.7129026E7
1.7129036E7
1.7129046E7
1.7129056E7
1.7129066E7
1.7129076E7
1.7129086E7
1.7129096E7
1.7129106E7
1.7129116E7
1.7129126E7
