1.821300214950329E7
1.8213002149510942E7
1.8213006E7
1.8213016E7
1.8213026E7
1.8213036E7
1.8213046E7
1.8213056E7
1.8213066E7
1.8213076E7
1.8213086E7
1.8213096E7
1.8213106E7
1.8213116E7
1.8213126E7
1.8213136E7
1.8213146E7
1.8213156E7
1.8213166E7
1.8213176E7
1.8213186E7
1.8213196E7
1.8213206E7
1.8213216E7
1.8213226E7
1.8213236E7
1.8213244814999342E7
1.8213244815006994E7
1.8213246E7
1.8213256E7
1.8213266E7
1.8213276E7
1.8213286E7
1.8213296E7
1.8213306E7
1.8213316E7
1.8213326E7
1.8213336E7
1.8213346E7
1.8213356E7
1.8213366E7
1.8213376E7
1.8213386E7
1.8213396E7
1.8213406E7
1.8213416E7
1.8213426E7
1.8213436E7
1.8213446E7
1.8213456E7
1.8213466E7
1.8213476E7
1.8213486E7
1.8213496E7
1.8213506E7
1.8213516E7
1.8213526E7
1.8213536E7
1.8213546E7
1.8213556E7
1.8213566E7
1.8213576E7
1.8213586E7
1.8213596E7
1.8213606E7
1.8213616E7
1.8213626E7
1.8213636E7
1.8213646E7
1.8213656E7
1.8213666E7
1.8213676E7
1.8213686E7
1.8213696E7
1.8213706E7
1.8213716E7
1.8213726E7
1.8213736E7
1.8213746E7
1.8213756E7
1.8213766E7
1.8213776E7
1.8213786E7
1.8213796E7
1.8213806E7
1.8213816E7
1.8213826E7
1.8213836E7
1.8213846E7
1.8213856E7
1.8213866E7
1.8213876E7
1.8213886E7
1.8213896E7
1.8213906E7
1.8213916E7
1.8213926E7
1.8213936E7
1.8213946E7
1.8213956E7
1.8213966E7
1.8213976E7
1.8213986E7
1.8213996E7
1.8214006E7
1.8214016E7
1.8214026E7
1.8214036E7
1.8214046E7
1.8214056E7
1.8214066E7
1.8214076E7
1.8214086E7
1.8214096E7
1.8214106E7
1.8214116E7
1.8214126E7
1.8214136E7
