366	5916	6944	5907	6947	5907	6947	9.486832980505138	9.486832980505138	0.0	9
366	5916	6944	5907	6947	5907	6947	9.486832980505138	9.486832980505138	0.0	9
366	5916	6944	5907	6947	5907	6947	9.486832980505138	9.486832980505138	0.0	9
366	5916	6944	5907	6947	5907	6947	9.486832980505138	9.486832980505138	0.0	9
366	5916	6944	5907	6947	5907	6947	9.486832980505138	9.486832980505138	0.0	9
366	5916	6944	5907	6947	5907	6947	9.486832980505138	9.486832980505138	0.0	9
366	5916	6944	5907	6947	5907	6947	9.486832980505138	9.486832980505138	0.0	9
366	5916	6944	5907	6947	5907	6947	9.486832980505138	9.486832980505138	0.0	9
366	5916	6944	5907	6947	5907	6947	9.486832980505138	9.486832980505138	0.0	9
760	6323	5943	6324	5933	6324	5933	10.04987562112089	10.04987562112089	0.0	9
760	6323	5943	6324	5933	6324	5933	10.04987562112089	10.04987562112089	0.0	9
760	6323	5943	6324	5933	6324	5933	10.04987562112089	10.04987562112089	0.0	9
760	6323	5943	6324	5933	6324	5933	10.04987562112089	10.04987562112089	0.0	9
760	6323	5943	6324	5933	6324	5933	10.04987562112089	10.04987562112089	0.0	9
760	6323	5943	6324	5933	6324	5933	10.04987562112089	10.04987562112089	0.0	9
760	6323	5943	6324	5933	6324	5933	10.04987562112089	10.04987562112089	0.0	9
760	6323	5943	6324	5933	6324	5933	10.04987562112089	10.04987562112089	0.0	9
760	6323	5943	6324	5933	6324	5933	10.04987562112089	10.04987562112089	0.0	9
1086	6967	4573	6971	4565	6971	4565	8.94427190999916	8.94427190999916	0.0	6
1086	6967	4573	6971	4565	6971	4565	8.94427190999916	8.94427190999916	0.0	6
1086	6967	4573	6971	4565	6971	4565	8.94427190999916	8.94427190999916	0.0	6
1086	6967	4573	6971	4565	6971	4565	8.94427190999916	8.94427190999916	0.0	6
1086	6967	4573	6971	4565	6971	4565	8.94427190999916	8.94427190999916	0.0	6
1086	6967	4573	6971	4565	6971	4565	8.94427190999916	8.94427190999916	0.0	6
1086	6967	4573	6971	4565	6971	4565	8.94427190999916	8.94427190999916	0.0	6
1086	6967	4573	6971	4565	6971	4565	8.94427190999916	8.94427190999916	0.0	6
1086	6967	4573	6971	4565	6971	4565	8.94427190999916	8.94427190999916	0.0	6
1087	6971	4565	6971	4555	6971	4555	10.0	10.0	0.0	8
1087	6971	4565	6971	4555	6971	4555	10.0	10.0	0.0	8
1087	6971	4565	6971	4555	6971	4555	10.0	10.0	0.0	8
1087	6971	4565	6971	4555	6971	4555	10.0	10.0	0.0	8
1087	6971	4565	6971	4555	6971	4555	10.0	10.0	0.0	8
1087	6971	4565	6971	4555	6971	4555	10.0	10.0	0.0	8
1087	6971	4565	6971	4555	6971	4555	10.0	10.0	0.0	8
1087	6971	4565	6971	4555	6971	4555	10.0	10.0	0.0	8
1087	6971	4565	6971	4555	6971	4555	10.0	10.0	0.0	8
1088	6971	4555	6970	4546	6970	4546	9.055385138137417	9.055385138137417	0.0	9
1088	6971	4555	6970	4546	6970	4546	9.055385138137417	9.055385138137417	0.0	9
1088	6971	4555	6970	4546	6970	4546	9.055385138137417	9.055385138137417	0.0	9
1088	6971	4555	6970	4546	6970	4546	9.055385138137417	9.055385138137417	0.0	9
1088	6971	4555	6970	4546	6970	4546	9.055385138137417	9.055385138137417	0.0	9
1088	6971	4555	6970	4546	6970	4546	9.055385138137417	9.055385138137417	0.0	9
1088	6971	4555	6970	4546	6970	4546	9.055385138137417	9.055385138137417	0.0	9
1088	6971	4555	6970	4546	6970	4546	9.055385138137417	9.055385138137417	0.0	9
1088	6971	4555	6970	4546	6970	4546	9.055385138137417	9.055385138137417	0.0	9
1089	6970	4546	6970	4536	6970	4536	10.0	10.0	0.0	9
1089	6970	4546	6970	4536	6970	4536	10.0	10.0	0.0	9
1089	6970	4546	6970	4536	6970	4536	10.0	10.0	0.0	9
1089	6970	4546	6970	4536	6970	4536	10.0	10.0	0.0	9
1089	6970	4546	6970	4536	6970	4536	10.0	10.0	0.0	9
1089	6970	4546	6970	4536	6970	4536	10.0	10.0	0.0	9
1089	6970	4546	6970	4536	6970	4536	10.0	10.0	0.0	9
1089	6970	4546	6970	4536	6970	4536	10.0	10.0	0.0	9
1089	6970	4546	6970	4536	6970	4536	10.0	10.0	0.0	9
1090	6970	4536	6969	4527	6969	4527	9.055385138137417	9.055385138137417	0.0	9
1090	6970	4536	6969	4527	6969	4527	9.055385138137417	9.055385138137417	0.0	9
1090	6970	4536	6969	4527	6969	4527	9.055385138137417	9.055385138137417	0.0	9
1090	6970	4536	6969	4527	6969	4527	9.055385138137417	9.055385138137417	0.0	9
1090	6970	4536	6969	4527	6969	4527	9.055385138137417	9.055385138137417	0.0	9
1090	6970	4536	6969	4527	6969	4527	9.055385138137417	9.055385138137417	0.0	9
1090	6970	4536	6969	4527	6969	4527	9.055385138137417	9.055385138137417	0.0	9
1090	6970	4536	6969	4527	6969	4527	9.055385138137417	9.055385138137417	0.0	9
1090	6970	4536	6969	4527	6969	4527	9.055385138137417	9.055385138137417	0.0	9
1091	6969	4527	6972	4517	6972	4517	10.44030650891055	10.44030650891055	0.0	9
1091	6969	4527	6972	4517	6972	4517	10.44030650891055	10.44030650891055	0.0	9
1091	6969	4527	6972	4517	6972	4517	10.44030650891055	10.44030650891055	0.0	9
1091	6969	4527	6972	4517	6972	4517	10.44030650891055	10.44030650891055	0.0	9
1091	6969	4527	6972	4517	6972	4517	10.44030650891055	10.44030650891055	0.0	9
1091	6969	4527	6972	4517	6972	4517	10.44030650891055	10.44030650891055	0.0	9
1091	6969	4527	6972	4517	6972	4517	10.44030650891055	10.44030650891055	0.0	9
1091	6969	4527	6972	4517	6972	4517	10.44030650891055	10.44030650891055	0.0	9
1091	6969	4527	6972	4517	6972	4517	10.44030650891055	10.44030650891055	0.0	9
1092	6972	4517	6971	4508	6971	4508	9.055385138137417	9.055385138137417	0.0	9
1092	6972	4517	6971	4508	6971	4508	9.055385138137417	9.055385138137417	0.0	9
1092	6972	4517	6971	4508	6971	4508	9.055385138137417	9.055385138137417	0.0	9
1092	6972	4517	6971	4508	6971	4508	9.055385138137417	9.055385138137417	0.0	9
1092	6972	4517	6971	4508	6971	4508	9.055385138137417	9.055385138137417	0.0	9
1092	6972	4517	6971	4508	6971	4508	9.055385138137417	9.055385138137417	0.0	9
1092	6972	4517	6971	4508	6971	4508	9.055385138137417	9.055385138137417	0.0	9
1092	6972	4517	6971	4508	6971	4508	9.055385138137417	9.055385138137417	0.0	9
1092	6972	4517	6971	4508	6971	4508	9.055385138137417	9.055385138137417	0.0	9
1093	6971	4508	6971	4499	6971	4499	9.0	9.0	0.0	9
1093	6971	4508	6971	4499	6971	4499	9.0	9.0	0.0	9
1093	6971	4508	6971	4499	6971	4499	9.0	9.0	0.0	9
1093	6971	4508	6971	4499	6971	4499	9.0	9.0	0.0	9
1093	6971	4508	6971	4499	6971	4499	9.0	9.0	0.0	9
1093	6971	4508	6971	4499	6971	4499	9.0	9.0	0.0	9
1093	6971	4508	6971	4499	6971	4499	9.0	9.0	0.0	9
1093	6971	4508	6971	4499	6971	4499	9.0	9.0	0.0	9
1093	6971	4508	6971	4499	6971	4499	9.0	9.0	0.0	9
1094	6971	4499	6970	4489	6970	4489	10.04987562112089	10.04987562112089	0.0	9
1094	6971	4499	6970	4489	6970	4489	10.04987562112089	10.04987562112089	0.0	9
1094	6971	4499	6970	4489	6970	4489	10.04987562112089	10.04987562112089	0.0	9
1094	6971	4499	6970	4489	6970	4489	10.04987562112089	10.04987562112089	0.0	9
1094	6971	4499	6970	4489	6970	4489	10.04987562112089	10.04987562112089	0.0	9
1094	6971	4499	6970	4489	6970	4489	10.04987562112089	10.04987562112089	0.0	9
1094	6971	4499	6970	4489	6970	4489	10.04987562112089	10.04987562112089	0.0	9
1094	6971	4499	6970	4489	6970	4489	10.04987562112089	10.04987562112089	0.0	9
1094	6971	4499	6970	4489	6970	4489	10.04987562112089	10.04987562112089	0.0	9
1095	6970	4489	6970	4480	6970	4480	9.0	9.0	0.0	9
1095	6970	4489	6970	4480	6970	4480	9.0	9.0	0.0	9
1095	6970	4489	6970	4480	6970	4480	9.0	9.0	0.0	9
1095	6970	4489	6970	4480	6970	4480	9.0	9.0	0.0	9
1095	6970	4489	6970	4480	6970	4480	9.0	9.0	0.0	9
1095	6970	4489	6970	4480	6970	4480	9.0	9.0	0.0	9
1095	6970	4489	6970	4480	6970	4480	9.0	9.0	0.0	9
1095	6970	4489	6970	4480	6970	4480	9.0	9.0	0.0	9
1095	6970	4489	6970	4480	6970	4480	9.0	9.0	0.0	9
1096	6970	4480	6969	4470	6969	4470	10.04987562112089	10.04987562112089	0.0	9
1096	6970	4480	6969	4470	6969	4470	10.04987562112089	10.04987562112089	0.0	9
1096	6970	4480	6969	4470	6969	4470	10.04987562112089	10.04987562112089	0.0	9
1096	6970	4480	6969	4470	6969	4470	10.04987562112089	10.04987562112089	0.0	9
1096	6970	4480	6969	4470	6969	4470	10.04987562112089	10.04987562112089	0.0	9
1096	6970	4480	6969	4470	6969	4470	10.04987562112089	10.04987562112089	0.0	9
1096	6970	4480	6969	4470	6969	4470	10.04987562112089	10.04987562112089	0.0	9
1096	6970	4480	6969	4470	6969	4470	10.04987562112089	10.04987562112089	0.0	9
1096	6970	4480	6969	4470	6969	4470	10.04987562112089	10.04987562112089	0.0	9
1097	6969	4470	6969	4461	6969	4461	9.0	9.0	0.0	9
1097	6969	4470	6969	4461	6969	4461	9.0	9.0	0.0	9
1097	6969	4470	6969	4461	6969	4461	9.0	9.0	0.0	9
1097	6969	4470	6969	4461	6969	4461	9.0	9.0	0.0	9
1097	6969	4470	6969	4461	6969	4461	9.0	9.0	0.0	9
1097	6969	4470	6969	4461	6969	4461	9.0	9.0	0.0	9
1097	6969	4470	6969	4461	6969	4461	9.0	9.0	0.0	9
1097	6969	4470	6969	4461	6969	4461	9.0	9.0	0.0	9
1097	6969	4470	6969	4461	6969	4461	9.0	9.0	0.0	9
1098	6969	4461	6968	4451	6968	4451	10.04987562112089	10.04987562112089	0.0	9
1098	6969	4461	6968	4451	6968	4451	10.04987562112089	10.04987562112089	0.0	9
1098	6969	4461	6968	4451	6968	4451	10.04987562112089	10.04987562112089	0.0	9
1098	6969	4461	6968	4451	6968	4451	10.04987562112089	10.04987562112089	0.0	9
1098	6969	4461	6968	4451	6968	4451	10.04987562112089	10.04987562112089	0.0	9
1098	6969	4461	6968	4451	6968	4451	10.04987562112089	10.04987562112089	0.0	9
1098	6969	4461	6968	4451	6968	4451	10.04987562112089	10.04987562112089	0.0	9
1098	6969	4461	6968	4451	6968	4451	10.04987562112089	10.04987562112089	0.0	9
1098	6969	4461	6968	4451	6968	4451	10.04987562112089	10.04987562112089	0.0	9
1099	6968	4451	6968	4442	6968	4442	9.0	9.0	0.0	9
1099	6968	4451	6968	4442	6968	4442	9.0	9.0	0.0	9
1099	6968	4451	6968	4442	6968	4442	9.0	9.0	0.0	9
1099	6968	4451	6968	4442	6968	4442	9.0	9.0	0.0	9
1099	6968	4451	6968	4442	6968	4442	9.0	9.0	0.0	9
1099	6968	4451	6968	4442	6968	4442	9.0	9.0	0.0	9
1099	6968	4451	6968	4442	6968	4442	9.0	9.0	0.0	9
1099	6968	4451	6968	4442	6968	4442	9.0	9.0	0.0	9
1099	6968	4451	6968	4442	6968	4442	9.0	9.0	0.0	9
1100	6968	4442	6967	4433	6967	4433	9.055385138137417	9.055385138137417	0.0	9
1100	6968	4442	6967	4433	6967	4433	9.055385138137417	9.055385138137417	0.0	9
1100	6968	4442	6967	4433	6967	4433	9.055385138137417	9.055385138137417	0.0	9
1100	6968	4442	6967	4433	6967	4433	9.055385138137417	9.055385138137417	0.0	9
1100	6968	4442	6967	4433	6967	4433	9.055385138137417	9.055385138137417	0.0	9
1100	6968	4442	6967	4433	6967	4433	9.055385138137417	9.055385138137417	0.0	9
1100	6968	4442	6967	4433	6967	4433	9.055385138137417	9.055385138137417	0.0	9
1100	6968	4442	6967	4433	6967	4433	9.055385138137417	9.055385138137417	0.0	9
1100	6968	4442	6967	4433	6967	4433	9.055385138137417	9.055385138137417	0.0	9
1101	6967	4433	6967	4423	6967	4423	10.0	10.0	0.0	9
1101	6967	4433	6967	4423	6967	4423	10.0	10.0	0.0	9
1101	6967	4433	6967	4423	6967	4423	10.0	10.0	0.0	9
1101	6967	4433	6967	4423	6967	4423	10.0	10.0	0.0	9
1101	6967	4433	6967	4423	6967	4423	10.0	10.0	0.0	9
1101	6967	4433	6967	4423	6967	4423	10.0	10.0	0.0	9
1101	6967	4433	6967	4423	6967	4423	10.0	10.0	0.0	9
1101	6967	4433	6967	4423	6967	4423	10.0	10.0	0.0	9
1101	6967	4433	6967	4423	6967	4423	10.0	10.0	0.0	9
1102	6967	4423	6966	4414	6966	4414	9.055385138137417	9.055385138137417	0.0	9
1102	6967	4423	6966	4414	6966	4414	9.055385138137417	9.055385138137417	0.0	9
1102	6967	4423	6966	4414	6966	4414	9.055385138137417	9.055385138137417	0.0	9
1102	6967	4423	6966	4414	6966	4414	9.055385138137417	9.055385138137417	0.0	9
1102	6967	4423	6966	4414	6966	4414	9.055385138137417	9.055385138137417	0.0	9
1102	6967	4423	6966	4414	6966	4414	9.055385138137417	9.055385138137417	0.0	9
1102	6967	4423	6966	4414	6966	4414	9.055385138137417	9.055385138137417	0.0	9
1102	6967	4423	6966	4414	6966	4414	9.055385138137417	9.055385138137417	0.0	9
1102	6967	4423	6966	4414	6966	4414	9.055385138137417	9.055385138137417	0.0	9
1216	6993	4736	6996	4745	6996	4745	9.486832980505138	9.486832980505138	0.0	9
1216	6993	4736	6996	4745	6996	4745	9.486832980505138	9.486832980505138	0.0	9
1216	6993	4736	6996	4745	6996	4745	9.486832980505138	9.486832980505138	0.0	9
1216	6993	4736	6996	4745	6996	4745	9.486832980505138	9.486832980505138	0.0	9
1216	6993	4736	6996	4745	6996	4745	9.486832980505138	9.486832980505138	0.0	9
1216	6993	4736	6996	4745	6996	4745	9.486832980505138	9.486832980505138	0.0	9
1216	6993	4736	6996	4745	6996	4745	9.486832980505138	9.486832980505138	0.0	9
1216	6993	4736	6996	4745	6996	4745	9.486832980505138	9.486832980505138	0.0	9
1216	6993	4736	6996	4745	6996	4745	9.486832980505138	9.486832980505138	0.0	9
1217	6996	4745	7000	4754	7000	4754	9.848857801796104	9.848857801796104	0.0	9
1217	6996	4745	7000	4754	7000	4754	9.848857801796104	9.848857801796104	0.0	9
1217	6996	4745	7000	4754	7000	4754	9.848857801796104	9.848857801796104	0.0	9
1217	6996	4745	7000	4754	7000	4754	9.848857801796104	9.848857801796104	0.0	9
1217	6996	4745	7000	4754	7000	4754	9.848857801796104	9.848857801796104	0.0	9
1217	6996	4745	7000	4754	7000	4754	9.848857801796104	9.848857801796104	0.0	9
1217	6996	4745	7000	4754	7000	4754	9.848857801796104	9.848857801796104	0.0	9
1217	6996	4745	7000	4754	7000	4754	9.848857801796104	9.848857801796104	0.0	9
1217	6996	4745	7000	4754	7000	4754	9.848857801796104	9.848857801796104	0.0	9
1218	7000	4754	7003	4762	7003	4762	8.54400374531753	8.54400374531753	0.0	9
1218	7000	4754	7003	4762	7003	4762	8.54400374531753	8.54400374531753	0.0	9
1218	7000	4754	7003	4762	7003	4762	8.54400374531753	8.54400374531753	0.0	9
1218	7000	4754	7003	4762	7003	4762	8.54400374531753	8.54400374531753	0.0	9
1218	7000	4754	7003	4762	7003	4762	8.54400374531753	8.54400374531753	0.0	9
1218	7000	4754	7003	4762	7003	4762	8.54400374531753	8.54400374531753	0.0	9
1218	7000	4754	7003	4762	7003	4762	8.54400374531753	8.54400374531753	0.0	9
1218	7000	4754	7003	4762	7003	4762	8.54400374531753	8.54400374531753	0.0	9
1218	7000	4754	7003	4762	7003	4762	8.54400374531753	8.54400374531753	0.0	9
1219	7003	4762	7007	4771	7007	4771	9.848857801796104	9.848857801796104	0.0	9
1219	7003	4762	7007	4771	7007	4771	9.848857801796104	9.848857801796104	0.0	9
1219	7003	4762	7007	4771	7007	4771	9.848857801796104	9.848857801796104	0.0	9
1219	7003	4762	7007	4771	7007	4771	9.848857801796104	9.848857801796104	0.0	9
1219	7003	4762	7007	4771	7007	4771	9.848857801796104	9.848857801796104	0.0	9
1219	7003	4762	7007	4771	7007	4771	9.848857801796104	9.848857801796104	0.0	9
1219	7003	4762	7007	4771	7007	4771	9.848857801796104	9.848857801796104	0.0	9
1219	7003	4762	7007	4771	7007	4771	9.848857801796104	9.848857801796104	0.0	9
1219	7003	4762	7007	4771	7007	4771	9.848857801796104	9.848857801796104	0.0	9
1220	7007	4771	7010	4780	7010	4780	9.486832980505138	9.486832980505138	0.0	9
1220	7007	4771	7010	4780	7010	4780	9.486832980505138	9.486832980505138	0.0	9
1220	7007	4771	7010	4780	7010	4780	9.486832980505138	9.486832980505138	0.0	9
1220	7007	4771	7010	4780	7010	4780	9.486832980505138	9.486832980505138	0.0	9
1220	7007	4771	7010	4780	7010	4780	9.486832980505138	9.486832980505138	0.0	9
1220	7007	4771	7010	4780	7010	4780	9.486832980505138	9.486832980505138	0.0	9
1220	7007	4771	7010	4780	7010	4780	9.486832980505138	9.486832980505138	0.0	9
1220	7007	4771	7010	4780	7010	4780	9.486832980505138	9.486832980505138	0.0	9
1220	7007	4771	7010	4780	7010	4780	9.486832980505138	9.486832980505138	0.0	9
1221	7010	4780	7014	4789	7014	4789	9.848857801796104	9.848857801796104	0.0	9
1221	7010	4780	7014	4789	7014	4789	9.848857801796104	9.848857801796104	0.0	9
1221	7010	4780	7014	4789	7014	4789	9.848857801796104	9.848857801796104	0.0	9
1221	7010	4780	7014	4789	7014	4789	9.848857801796104	9.848857801796104	0.0	9
1221	7010	4780	7014	4789	7014	4789	9.848857801796104	9.848857801796104	0.0	9
1221	7010	4780	7014	4789	7014	4789	9.848857801796104	9.848857801796104	0.0	9
1221	7010	4780	7014	4789	7014	4789	9.848857801796104	9.848857801796104	0.0	9
1221	7010	4780	7014	4789	7014	4789	9.848857801796104	9.848857801796104	0.0	9
1221	7010	4780	7014	4789	7014	4789	9.848857801796104	9.848857801796104	0.0	9
1222	7014	4789	7018	4797	7018	4797	8.94427190999916	8.94427190999916	0.0	9
1222	7014	4789	7018	4797	7018	4797	8.94427190999916	8.94427190999916	0.0	9
1222	7014	4789	7018	4797	7018	4797	8.94427190999916	8.94427190999916	0.0	9
1222	7014	4789	7018	4797	7018	4797	8.94427190999916	8.94427190999916	0.0	9
1222	7014	4789	7018	4797	7018	4797	8.94427190999916	8.94427190999916	0.0	9
1222	7014	4789	7018	4797	7018	4797	8.94427190999916	8.94427190999916	0.0	9
1222	7014	4789	7018	4797	7018	4797	8.94427190999916	8.94427190999916	0.0	9
1222	7014	4789	7018	4797	7018	4797	8.94427190999916	8.94427190999916	0.0	9
1222	7014	4789	7018	4797	7018	4797	8.94427190999916	8.94427190999916	0.0	9
1223	7018	4797	7021	4806	7021	4806	9.486832980505138	9.486832980505138	0.0	9
1223	7018	4797	7021	4806	7021	4806	9.486832980505138	9.486832980505138	0.0	9
1223	7018	4797	7021	4806	7021	4806	9.486832980505138	9.486832980505138	0.0	9
1223	7018	4797	7021	4806	7021	4806	9.486832980505138	9.486832980505138	0.0	9
1223	7018	4797	7021	4806	7021	4806	9.486832980505138	9.486832980505138	0.0	9
1223	7018	4797	7021	4806	7021	4806	9.486832980505138	9.486832980505138	0.0	9
1223	7018	4797	7021	4806	7021	4806	9.486832980505138	9.486832980505138	0.0	9
1223	7018	4797	7021	4806	7021	4806	9.486832980505138	9.486832980505138	0.0	9
1223	7018	4797	7021	4806	7021	4806	9.486832980505138	9.486832980505138	0.0	9
1224	7021	4806	7022	4816	7022	4816	10.04987562112089	10.04987562112089	0.0	9
1224	7021	4806	7022	4816	7022	4816	10.04987562112089	10.04987562112089	0.0	9
1224	7021	4806	7022	4816	7022	4816	10.04987562112089	10.04987562112089	0.0	9
1224	7021	4806	7022	4816	7022	4816	10.04987562112089	10.04987562112089	0.0	9
1224	7021	4806	7022	4816	7022	4816	10.04987562112089	10.04987562112089	0.0	9
1224	7021	4806	7022	4816	7022	4816	10.04987562112089	10.04987562112089	0.0	9
1224	7021	4806	7022	4816	7022	4816	10.04987562112089	10.04987562112089	0.0	9
1224	7021	4806	7022	4816	7022	4816	10.04987562112089	10.04987562112089	0.0	9
1224	7021	4806	7022	4816	7022	4816	10.04987562112089	10.04987562112089	0.0	9
1225	7022	4816	7025	4825	7025	4825	9.486832980505138	9.486832980505138	0.0	9
1225	7022	4816	7025	4825	7025	4825	9.486832980505138	9.486832980505138	0.0	9
1225	7022	4816	7025	4825	7025	4825	9.486832980505138	9.486832980505138	0.0	9
1225	7022	4816	7025	4825	7025	4825	9.486832980505138	9.486832980505138	0.0	9
1225	7022	4816	7025	4825	7025	4825	9.486832980505138	9.486832980505138	0.0	9
1225	7022	4816	7025	4825	7025	4825	9.486832980505138	9.486832980505138	0.0	9
1225	7022	4816	7025	4825	7025	4825	9.486832980505138	9.486832980505138	0.0	9
1225	7022	4816	7025	4825	7025	4825	9.486832980505138	9.486832980505138	0.0	9
1225	7022	4816	7025	4825	7025	4825	9.486832980505138	9.486832980505138	0.0	9
1226	7025	4825	7029	4833	7029	4833	8.94427190999916	8.94427190999916	0.0	9
1226	7025	4825	7029	4833	7029	4833	8.94427190999916	8.94427190999916	0.0	9
1226	7025	4825	7029	4833	7029	4833	8.94427190999916	8.94427190999916	0.0	9
1226	7025	4825	7029	4833	7029	4833	8.94427190999916	8.94427190999916	0.0	9
1226	7025	4825	7029	4833	7029	4833	8.94427190999916	8.94427190999916	0.0	9
1226	7025	4825	7029	4833	7029	4833	8.94427190999916	8.94427190999916	0.0	9
1226	7025	4825	7029	4833	7029	4833	8.94427190999916	8.94427190999916	0.0	9
1226	7025	4825	7029	4833	7029	4833	8.94427190999916	8.94427190999916	0.0	9
1226	7025	4825	7029	4833	7029	4833	8.94427190999916	8.94427190999916	0.0	9
1227	7029	4833	7032	4842	7032	4842	9.486832980505138	9.486832980505138	0.0	9
1227	7029	4833	7032	4842	7032	4842	9.486832980505138	9.486832980505138	0.0	9
1227	7029	4833	7032	4842	7032	4842	9.486832980505138	9.486832980505138	0.0	9
1227	7029	4833	7032	4842	7032	4842	9.486832980505138	9.486832980505138	0.0	9
1227	7029	4833	7032	4842	7032	4842	9.486832980505138	9.486832980505138	0.0	9
1227	7029	4833	7032	4842	7032	4842	9.486832980505138	9.486832980505138	0.0	9
1227	7029	4833	7032	4842	7032	4842	9.486832980505138	9.486832980505138	0.0	9
1227	7029	4833	7032	4842	7032	4842	9.486832980505138	9.486832980505138	0.0	9
1227	7029	4833	7032	4842	7032	4842	9.486832980505138	9.486832980505138	0.0	9
1228	7032	4842	7036	4851	7036	4851	9.848857801796104	9.848857801796104	0.0	9
1228	7032	4842	7036	4851	7036	4851	9.848857801796104	9.848857801796104	0.0	9
1228	7032	4842	7036	4851	7036	4851	9.848857801796104	9.848857801796104	0.0	9
1228	7032	4842	7036	4851	7036	4851	9.848857801796104	9.848857801796104	0.0	9
1228	7032	4842	7036	4851	7036	4851	9.848857801796104	9.848857801796104	0.0	9
1228	7032	4842	7036	4851	7036	4851	9.848857801796104	9.848857801796104	0.0	9
1228	7032	4842	7036	4851	7036	4851	9.848857801796104	9.848857801796104	0.0	9
1228	7032	4842	7036	4851	7036	4851	9.848857801796104	9.848857801796104	0.0	9
1228	7032	4842	7036	4851	7036	4851	9.848857801796104	9.848857801796104	0.0	9
1229	7036	4851	7039	4860	7039	4860	9.486832980505138	9.486832980505138	0.0	9
1229	7036	4851	7039	4860	7039	4860	9.486832980505138	9.486832980505138	0.0	9
1229	7036	4851	7039	4860	7039	4860	9.486832980505138	9.486832980505138	0.0	9
1229	7036	4851	7039	4860	7039	4860	9.486832980505138	9.486832980505138	0.0	9
1229	7036	4851	7039	4860	7039	4860	9.486832980505138	9.486832980505138	0.0	9
1229	7036	4851	7039	4860	7039	4860	9.486832980505138	9.486832980505138	0.0	9
1229	7036	4851	7039	4860	7039	4860	9.486832980505138	9.486832980505138	0.0	9
1229	7036	4851	7039	4860	7039	4860	9.486832980505138	9.486832980505138	0.0	9
1229	7036	4851	7039	4860	7039	4860	9.486832980505138	9.486832980505138	0.0	9
1230	7039	4860	7043	4868	7043	4868	8.94427190999916	8.94427190999916	0.0	9
1230	7039	4860	7043	4868	7043	4868	8.94427190999916	8.94427190999916	0.0	9
1230	7039	4860	7043	4868	7043	4868	8.94427190999916	8.94427190999916	0.0	9
1230	7039	4860	7043	4868	7043	4868	8.94427190999916	8.94427190999916	0.0	9
1230	7039	4860	7043	4868	7043	4868	8.94427190999916	8.94427190999916	0.0	9
1230	7039	4860	7043	4868	7043	4868	8.94427190999916	8.94427190999916	0.0	9
1230	7039	4860	7043	4868	7043	4868	8.94427190999916	8.94427190999916	0.0	9
1230	7039	4860	7043	4868	7043	4868	8.94427190999916	8.94427190999916	0.0	9
1230	7039	4860	7043	4868	7043	4868	8.94427190999916	8.94427190999916	0.0	9
1231	7043	4868	7046	4877	7046	4877	9.486832980505138	9.486832980505138	0.0	9
1231	7043	4868	7046	4877	7046	4877	9.486832980505138	9.486832980505138	0.0	9
1231	7043	4868	7046	4877	7046	4877	9.486832980505138	9.486832980505138	0.0	9
1231	7043	4868	7046	4877	7046	4877	9.486832980505138	9.486832980505138	0.0	9
1231	7043	4868	7046	4877	7046	4877	9.486832980505138	9.486832980505138	0.0	9
1231	7043	4868	7046	4877	7046	4877	9.486832980505138	9.486832980505138	0.0	9
1231	7043	4868	7046	4877	7046	4877	9.486832980505138	9.486832980505138	0.0	9
1231	7043	4868	7046	4877	7046	4877	9.486832980505138	9.486832980505138	0.0	9
1231	7043	4868	7046	4877	7046	4877	9.486832980505138	9.486832980505138	0.0	9
1232	7046	4877	7050	4886	7050	4886	9.848857801796104	9.848857801796104	0.0	9
1232	7046	4877	7050	4886	7050	4886	9.848857801796104	9.848857801796104	0.0	9
1232	7046	4877	7050	4886	7050	4886	9.848857801796104	9.848857801796104	0.0	9
1232	7046	4877	7050	4886	7050	4886	9.848857801796104	9.848857801796104	0.0	9
1232	7046	4877	7050	4886	7050	4886	9.848857801796104	9.848857801796104	0.0	9
1232	7046	4877	7050	4886	7050	4886	9.848857801796104	9.848857801796104	0.0	9
1232	7046	4877	7050	4886	7050	4886	9.848857801796104	9.848857801796104	0.0	9
1232	7046	4877	7050	4886	7050	4886	9.848857801796104	9.848857801796104	0.0	9
1232	7046	4877	7050	4886	7050	4886	9.848857801796104	9.848857801796104	0.0	9
1233	7050	4886	7054	4895	7054	4895	9.848857801796104	9.848857801796104	0.0	9
1233	7050	4886	7054	4895	7054	4895	9.848857801796104	9.848857801796104	0.0	9
1233	7050	4886	7054	4895	7054	4895	9.848857801796104	9.848857801796104	0.0	9
1233	7050	4886	7054	4895	7054	4895	9.848857801796104	9.848857801796104	0.0	9
1233	7050	4886	7054	4895	7054	4895	9.848857801796104	9.848857801796104	0.0	9
1233	7050	4886	7054	4895	7054	4895	9.848857801796104	9.848857801796104	0.0	9
1233	7050	4886	7054	4895	7054	4895	9.848857801796104	9.848857801796104	0.0	9
1233	7050	4886	7054	4895	7054	4895	9.848857801796104	9.848857801796104	0.0	9
1233	7050	4886	7054	4895	7054	4895	9.848857801796104	9.848857801796104	0.0	9
1363	7466	5433	7477	5433	7477	5433	11.0	11.0	0.0	11
1363	7466	5433	7477	5433	7477	5433	11.0	11.0	0.0	11
1363	7466	5433	7477	5433	7477	5433	11.0	11.0	0.0	11
1363	7466	5433	7477	5433	7477	5433	11.0	11.0	0.0	11
1363	7466	5433	7477	5433	7477	5433	11.0	11.0	0.0	11
1363	7466	5433	7477	5433	7477	5433	11.0	11.0	0.0	11
1363	7466	5433	7477	5433	7477	5433	11.0	11.0	0.0	11
1363	7466	5433	7477	5433	7477	5433	11.0	11.0	0.0	11
1363	7466	5433	7477	5433	7477	5433	11.0	11.0	0.0	11
1364	7477	5433	7489	5434	7489	5434	12.041594578792296	12.041594578792296	0.0	11
1364	7477	5433	7489	5434	7489	5434	12.041594578792296	12.041594578792296	0.0	11
1364	7477	5433	7489	5434	7489	5434	12.041594578792296	12.041594578792296	0.0	11
1364	7477	5433	7489	5434	7489	5434	12.041594578792296	12.041594578792296	0.0	11
1364	7477	5433	7489	5434	7489	5434	12.041594578792296	12.041594578792296	0.0	11
1364	7477	5433	7489	5434	7489	5434	12.041594578792296	12.041594578792296	0.0	11
1364	7477	5433	7489	5434	7489	5434	12.041594578792296	12.041594578792296	0.0	11
1364	7477	5433	7489	5434	7489	5434	12.041594578792296	12.041594578792296	0.0	11
1364	7477	5433	7489	5434	7489	5434	12.041594578792296	12.041594578792296	0.0	11
1365	7489	5434	7500	5434	7500	5434	11.0	11.0	0.0	11
1365	7489	5434	7500	5434	7500	5434	11.0	11.0	0.0	11
1365	7489	5434	7500	5434	7500	5434	11.0	11.0	0.0	11
1365	7489	5434	7500	5434	7500	5434	11.0	11.0	0.0	11
1365	7489	5434	7500	5434	7500	5434	11.0	11.0	0.0	11
1365	7489	5434	7500	5434	7500	5434	11.0	11.0	0.0	11
1365	7489	5434	7500	5434	7500	5434	11.0	11.0	0.0	11
1365	7489	5434	7500	5434	7500	5434	11.0	11.0	0.0	11
1365	7489	5434	7500	5434	7500	5434	11.0	11.0	0.0	11
1366	7500	5434	7510	5431	7510	5431	10.44030650891055	10.44030650891055	0.0	11
1366	7500	5434	7510	5431	7510	5431	10.44030650891055	10.44030650891055	0.0	11
1366	7500	5434	7510	5431	7510	5431	10.44030650891055	10.44030650891055	0.0	11
1366	7500	5434	7510	5431	7510	5431	10.44030650891055	10.44030650891055	0.0	11
1366	7500	5434	7510	5431	7510	5431	10.44030650891055	10.44030650891055	0.0	11
1366	7500	5434	7510	5431	7510	5431	10.44030650891055	10.44030650891055	0.0	11
1366	7500	5434	7510	5431	7510	5431	10.44030650891055	10.44030650891055	0.0	11
1366	7500	5434	7510	5431	7510	5431	10.44030650891055	10.44030650891055	0.0	11
1366	7500	5434	7510	5431	7510	5431	10.44030650891055	10.44030650891055	0.0	11
1367	7510	5431	7520	5427	7520	5427	10.770329614269007	10.770329614269007	0.0	10
1367	7510	5431	7520	5427	7520	5427	10.770329614269007	10.770329614269007	0.0	10
1367	7510	5431	7520	5427	7520	5427	10.770329614269007	10.770329614269007	0.0	10
1367	7510	5431	7520	5427	7520	5427	10.770329614269007	10.770329614269007	0.0	10
1367	7510	5431	7520	5427	7520	5427	10.770329614269007	10.770329614269007	0.0	10
1367	7510	5431	7520	5427	7520	5427	10.770329614269007	10.770329614269007	0.0	10
1367	7510	5431	7520	5427	7520	5427	10.770329614269007	10.770329614269007	0.0	10
1367	7510	5431	7520	5427	7520	5427	10.770329614269007	10.770329614269007	0.0	10
1367	7510	5431	7520	5427	7520	5427	10.770329614269007	10.770329614269007	0.0	10
1368	7520	5427	7527	5422	7527	5422	8.602325267042627	8.602325267042627	0.0	9
1368	7520	5427	7527	5422	7527	5422	8.602325267042627	8.602325267042627	0.0	9
1368	7520	5427	7527	5422	7527	5422	8.602325267042627	8.602325267042627	0.0	9
1368	7520	5427	7527	5422	7527	5422	8.602325267042627	8.602325267042627	0.0	9
1368	7520	5427	7527	5422	7527	5422	8.602325267042627	8.602325267042627	0.0	9
1368	7520	5427	7527	5422	7527	5422	8.602325267042627	8.602325267042627	0.0	9
1368	7520	5427	7527	5422	7527	5422	8.602325267042627	8.602325267042627	0.0	9
1368	7520	5427	7527	5422	7527	5422	8.602325267042627	8.602325267042627	0.0	9
1368	7520	5427	7527	5422	7527	5422	8.602325267042627	8.602325267042627	0.0	9
1369	7527	5422	7534	5417	7534	5417	8.602325267042627	8.602325267042627	0.0	9
1369	7527	5422	7534	5417	7534	5417	8.602325267042627	8.602325267042627	0.0	9
1369	7527	5422	7534	5417	7534	5417	8.602325267042627	8.602325267042627	0.0	9
1369	7527	5422	7534	5417	7534	5417	8.602325267042627	8.602325267042627	0.0	9
1369	7527	5422	7534	5417	7534	5417	8.602325267042627	8.602325267042627	0.0	9
1369	7527	5422	7534	5417	7534	5417	8.602325267042627	8.602325267042627	0.0	9
1369	7527	5422	7534	5417	7534	5417	8.602325267042627	8.602325267042627	0.0	9
1369	7527	5422	7534	5417	7534	5417	8.602325267042627	8.602325267042627	0.0	9
1369	7527	5422	7534	5417	7534	5417	8.602325267042627	8.602325267042627	0.0	9
1370	7534	5417	7538	5414	7538	5414	5.0	5.0	0.0	6
1370	7534	5417	7538	5414	7538	5414	5.0	5.0	0.0	6
1370	7534	5417	7538	5414	7538	5414	5.0	5.0	0.0	6
1370	7534	5417	7538	5414	7538	5414	5.0	5.0	0.0	6
1370	7534	5417	7538	5414	7538	5414	5.0	5.0	0.0	6
1370	7534	5417	7538	5414	7538	5414	5.0	5.0	0.0	6
1370	7534	5417	7538	5414	7538	5414	5.0	5.0	0.0	6
1370	7534	5417	7538	5414	7538	5414	5.0	5.0	0.0	6
1370	7534	5417	7538	5414	7538	5414	5.0	5.0	0.0	6
1371	7538	5414	7541	5413	7541	5413	3.1622776601683795	3.1622776601683795	0.0	4
1371	7538	5414	7541	5413	7541	5413	3.1622776601683795	3.1622776601683795	0.0	4
1371	7538	5414	7541	5413	7541	5413	3.1622776601683795	3.1622776601683795	0.0	4
1371	7538	5414	7541	5413	7541	5413	3.1622776601683795	3.1622776601683795	0.0	4
1371	7538	5414	7541	5413	7541	5413	3.1622776601683795	3.1622776601683795	0.0	4
1371	7538	5414	7541	5413	7541	5413	3.1622776601683795	3.1622776601683795	0.0	4
1371	7538	5414	7541	5413	7541	5413	3.1622776601683795	3.1622776601683795	0.0	4
1371	7538	5414	7541	5413	7541	5413	3.1622776601683795	3.1622776601683795	0.0	4
1371	7538	5414	7541	5413	7541	5413	3.1622776601683795	3.1622776601683795	0.0	4
1372	7541	5413	7541	5413	7541	5413	0.0	0.0	0.0	1
1372	7541	5413	7541	5413	7541	5413	0.0	0.0	0.0	1
1372	7541	5413	7541	5413	7541	5413	0.0	0.0	0.0	1
1372	7541	5413	7541	5413	7541	5413	0.0	0.0	0.0	1
1372	7541	5413	7541	5413	7541	5413	0.0	0.0	0.0	1
1372	7541	5413	7541	5413	7541	5413	0.0	0.0	0.0	1
1372	7541	5413	7541	5413	7541	5413	0.0	0.0	0.0	1
1372	7541	5413	7541	5413	7541	5413	0.0	0.0	0.0	1
1372	7541	5413	7541	5413	7541	5413	0.0	0.0	0.0	1
1393	7542	5412	7545	5409	7545	5409	4.242640687119285	4.242640687119285	0.0	2
1393	7542	5412	7545	5409	7545	5409	4.242640687119285	4.242640687119285	0.0	2
1393	7542	5412	7545	5409	7545	5409	4.242640687119285	4.242640687119285	0.0	2
1393	7542	5412	7545	5409	7545	5409	4.242640687119285	4.242640687119285	0.0	2
1393	7542	5412	7545	5409	7545	5409	4.242640687119285	4.242640687119285	0.0	2
1393	7542	5412	7545	5409	7545	5409	4.242640687119285	4.242640687119285	0.0	2
1393	7542	5412	7545	5409	7545	5409	4.242640687119285	4.242640687119285	0.0	2
1393	7542	5412	7545	5409	7545	5409	4.242640687119285	4.242640687119285	0.0	2
1393	7542	5412	7545	5409	7545	5409	4.242640687119285	4.242640687119285	0.0	2
1394	7545	5409	7548	5403	7548	5403	6.708203932499369	6.708203932499369	0.0	4
1394	7545	5409	7548	5403	7548	5403	6.708203932499369	6.708203932499369	0.0	4
1394	7545	5409	7548	5403	7548	5403	6.708203932499369	6.708203932499369	0.0	4
1394	7545	5409	7548	5403	7548	5403	6.708203932499369	6.708203932499369	0.0	4
1394	7545	5409	7548	5403	7548	5403	6.708203932499369	6.708203932499369	0.0	4
1394	7545	5409	7548	5403	7548	5403	6.708203932499369	6.708203932499369	0.0	4
1394	7545	5409	7548	5403	7548	5403	6.708203932499369	6.708203932499369	0.0	4
1394	7545	5409	7548	5403	7548	5403	6.708203932499369	6.708203932499369	0.0	4
1394	7545	5409	7548	5403	7548	5403	6.708203932499369	6.708203932499369	0.0	4
1395	7548	5403	7555	5399	7555	5399	8.06225774829855	8.06225774829855	0.0	6
1395	7548	5403	7555	5399	7555	5399	8.06225774829855	8.06225774829855	0.0	6
1395	7548	5403	7555	5399	7555	5399	8.06225774829855	8.06225774829855	0.0	6
1395	7548	5403	7555	5399	7555	5399	8.06225774829855	8.06225774829855	0.0	6
1395	7548	5403	7555	5399	7555	5399	8.06225774829855	8.06225774829855	0.0	6
1395	7548	5403	7555	5399	7555	5399	8.06225774829855	8.06225774829855	0.0	6
1395	7548	5403	7555	5399	7555	5399	8.06225774829855	8.06225774829855	0.0	6
1395	7548	5403	7555	5399	7555	5399	8.06225774829855	8.06225774829855	0.0	6
1395	7548	5403	7555	5399	7555	5399	8.06225774829855	8.06225774829855	0.0	6
1396	7555	5399	7563	5394	7563	5394	9.433981132056603	9.433981132056603	0.0	8
1396	7555	5399	7563	5394	7563	5394	9.433981132056603	9.433981132056603	0.0	8
1396	7555	5399	7563	5394	7563	5394	9.433981132056603	9.433981132056603	0.0	8
1396	7555	5399	7563	5394	7563	5394	9.433981132056603	9.433981132056603	0.0	8
1396	7555	5399	7563	5394	7563	5394	9.433981132056603	9.433981132056603	0.0	8
1396	7555	5399	7563	5394	7563	5394	9.433981132056603	9.433981132056603	0.0	8
1396	7555	5399	7563	5394	7563	5394	9.433981132056603	9.433981132056603	0.0	8
1396	7555	5399	7563	5394	7563	5394	9.433981132056603	9.433981132056603	0.0	8
1396	7555	5399	7563	5394	7563	5394	9.433981132056603	9.433981132056603	0.0	8
1397	7563	5394	7570	5389	7570	5389	8.602325267042627	8.602325267042627	0.0	9
1397	7563	5394	7570	5389	7570	5389	8.602325267042627	8.602325267042627	0.0	9
1397	7563	5394	7570	5389	7570	5389	8.602325267042627	8.602325267042627	0.0	9
1397	7563	5394	7570	5389	7570	5389	8.602325267042627	8.602325267042627	0.0	9
1397	7563	5394	7570	5389	7570	5389	8.602325267042627	8.602325267042627	0.0	9
1397	7563	5394	7570	5389	7570	5389	8.602325267042627	8.602325267042627	0.0	9
1397	7563	5394	7570	5389	7570	5389	8.602325267042627	8.602325267042627	0.0	9
1397	7563	5394	7570	5389	7570	5389	8.602325267042627	8.602325267042627	0.0	9
1397	7563	5394	7570	5389	7570	5389	8.602325267042627	8.602325267042627	0.0	9
1398	7570	5389	7578	5384	7578	5384	9.433981132056603	9.433981132056603	0.0	9
1398	7570	5389	7578	5384	7578	5384	9.433981132056603	9.433981132056603	0.0	9
1398	7570	5389	7578	5384	7578	5384	9.433981132056603	9.433981132056603	0.0	9
1398	7570	5389	7578	5384	7578	5384	9.433981132056603	9.433981132056603	0.0	9
1398	7570	5389	7578	5384	7578	5384	9.433981132056603	9.433981132056603	0.0	9
1398	7570	5389	7578	5384	7578	5384	9.433981132056603	9.433981132056603	0.0	9
1398	7570	5389	7578	5384	7578	5384	9.433981132056603	9.433981132056603	0.0	9
1398	7570	5389	7578	5384	7578	5384	9.433981132056603	9.433981132056603	0.0	9
1398	7570	5389	7578	5384	7578	5384	9.433981132056603	9.433981132056603	0.0	9
1399	7578	5384	7586	5379	7586	5379	9.433981132056603	9.433981132056603	0.0	9
1399	7578	5384	7586	5379	7586	5379	9.433981132056603	9.433981132056603	0.0	9
1399	7578	5384	7586	5379	7586	5379	9.433981132056603	9.433981132056603	0.0	9
1399	7578	5384	7586	5379	7586	5379	9.433981132056603	9.433981132056603	0.0	9
1399	7578	5384	7586	5379	7586	5379	9.433981132056603	9.433981132056603	0.0	9
1399	7578	5384	7586	5379	7586	5379	9.433981132056603	9.433981132056603	0.0	9
1399	7578	5384	7586	5379	7586	5379	9.433981132056603	9.433981132056603	0.0	9
1399	7578	5384	7586	5379	7586	5379	9.433981132056603	9.433981132056603	0.0	9
1399	7578	5384	7586	5379	7586	5379	9.433981132056603	9.433981132056603	0.0	9
1400	7586	5379	7594	5373	7594	5373	10.0	10.0	0.0	9
1400	7586	5379	7594	5373	7594	5373	10.0	10.0	0.0	9
1400	7586	5379	7594	5373	7594	5373	10.0	10.0	0.0	9
1400	7586	5379	7594	5373	7594	5373	10.0	10.0	0.0	9
1400	7586	5379	7594	5373	7594	5373	10.0	10.0	0.0	9
1400	7586	5379	7594	5373	7594	5373	10.0	10.0	0.0	9
1400	7586	5379	7594	5373	7594	5373	10.0	10.0	0.0	9
1400	7586	5379	7594	5373	7594	5373	10.0	10.0	0.0	9
1400	7586	5379	7594	5373	7594	5373	10.0	10.0	0.0	9
1401	7594	5373	7602	5368	7602	5368	9.433981132056603	9.433981132056603	0.0	9
1401	7594	5373	7602	5368	7602	5368	9.433981132056603	9.433981132056603	0.0	9
1401	7594	5373	7602	5368	7602	5368	9.433981132056603	9.433981132056603	0.0	9
1401	7594	5373	7602	5368	7602	5368	9.433981132056603	9.433981132056603	0.0	9
1401	7594	5373	7602	5368	7602	5368	9.433981132056603	9.433981132056603	0.0	9
1401	7594	5373	7602	5368	7602	5368	9.433981132056603	9.433981132056603	0.0	9
1401	7594	5373	7602	5368	7602	5368	9.433981132056603	9.433981132056603	0.0	9
1401	7594	5373	7602	5368	7602	5368	9.433981132056603	9.433981132056603	0.0	9
1401	7594	5373	7602	5368	7602	5368	9.433981132056603	9.433981132056603	0.0	9
1402	7602	5368	7610	5363	7610	5363	9.433981132056603	9.433981132056603	0.0	9
1402	7602	5368	7610	5363	7610	5363	9.433981132056603	9.433981132056603	0.0	9
1402	7602	5368	7610	5363	7610	5363	9.433981132056603	9.433981132056603	0.0	9
1402	7602	5368	7610	5363	7610	5363	9.433981132056603	9.433981132056603	0.0	9
1402	7602	5368	7610	5363	7610	5363	9.433981132056603	9.433981132056603	0.0	9
1402	7602	5368	7610	5363	7610	5363	9.433981132056603	9.433981132056603	0.0	9
1402	7602	5368	7610	5363	7610	5363	9.433981132056603	9.433981132056603	0.0	9
1402	7602	5368	7610	5363	7610	5363	9.433981132056603	9.433981132056603	0.0	9
1402	7602	5368	7610	5363	7610	5363	9.433981132056603	9.433981132056603	0.0	9
1403	7610	5363	7618	5358	7618	5358	9.433981132056603	9.433981132056603	0.0	9
1403	7610	5363	7618	5358	7618	5358	9.433981132056603	9.433981132056603	0.0	9
1403	7610	5363	7618	5358	7618	5358	9.433981132056603	9.433981132056603	0.0	9
1403	7610	5363	7618	5358	7618	5358	9.433981132056603	9.433981132056603	0.0	9
1403	7610	5363	7618	5358	7618	5358	9.433981132056603	9.433981132056603	0.0	9
1403	7610	5363	7618	5358	7618	5358	9.433981132056603	9.433981132056603	0.0	9
1403	7610	5363	7618	5358	7618	5358	9.433981132056603	9.433981132056603	0.0	9
1403	7610	5363	7618	5358	7618	5358	9.433981132056603	9.433981132056603	0.0	9
1403	7610	5363	7618	5358	7618	5358	9.433981132056603	9.433981132056603	0.0	9
1404	7618	5358	7628	5355	7628	5355	10.44030650891055	10.44030650891055	0.0	9
1404	7618	5358	7628	5355	7628	5355	10.44030650891055	10.44030650891055	0.0	9
1404	7618	5358	7628	5355	7628	5355	10.44030650891055	10.44030650891055	0.0	9
1404	7618	5358	7628	5355	7628	5355	10.44030650891055	10.44030650891055	0.0	9
1404	7618	5358	7628	5355	7628	5355	10.44030650891055	10.44030650891055	0.0	9
1404	7618	5358	7628	5355	7628	5355	10.44030650891055	10.44030650891055	0.0	9
1404	7618	5358	7628	5355	7628	5355	10.44030650891055	10.44030650891055	0.0	9
1404	7618	5358	7628	5355	7628	5355	10.44030650891055	10.44030650891055	0.0	9
1404	7618	5358	7628	5355	7628	5355	10.44030650891055	10.44030650891055	0.0	9
1405	7628	5355	7637	5353	7637	5353	9.219544457292887	9.219544457292887	0.0	9
1405	7628	5355	7637	5353	7637	5353	9.219544457292887	9.219544457292887	0.0	9
1405	7628	5355	7637	5353	7637	5353	9.219544457292887	9.219544457292887	0.0	9
1405	7628	5355	7637	5353	7637	5353	9.219544457292887	9.219544457292887	0.0	9
1405	7628	5355	7637	5353	7637	5353	9.219544457292887	9.219544457292887	0.0	9
1405	7628	5355	7637	5353	7637	5353	9.219544457292887	9.219544457292887	0.0	9
1405	7628	5355	7637	5353	7637	5353	9.219544457292887	9.219544457292887	0.0	9
1405	7628	5355	7637	5353	7637	5353	9.219544457292887	9.219544457292887	0.0	9
1405	7628	5355	7637	5353	7637	5353	9.219544457292887	9.219544457292887	0.0	9
1729	8417	6030	8420	6039	8420	6039	9.486832980505138	9.486832980505138	0.0	9
1729	8417	6030	8420	6039	8420	6039	9.486832980505138	9.486832980505138	0.0	9
1729	8417	6030	8420	6039	8420	6039	9.486832980505138	9.486832980505138	0.0	9
1729	8417	6030	8420	6039	8420	6039	9.486832980505138	9.486832980505138	0.0	9
1729	8417	6030	8420	6039	8420	6039	9.486832980505138	9.486832980505138	0.0	9
1729	8417	6030	8420	6039	8420	6039	9.486832980505138	9.486832980505138	0.0	9
1729	8417	6030	8420	6039	8420	6039	9.486832980505138	9.486832980505138	0.0	9
1729	8417	6030	8420	6039	8420	6039	9.486832980505138	9.486832980505138	0.0	9
1729	8417	6030	8420	6039	8420	6039	9.486832980505138	9.486832980505138	0.0	9
