1.6600003065945603E7
1.660000306594674E7
1.6600006E7
1.6600016E7
1.6600026E7
1.6600036E7
1.6600046E7
1.6600056E7
1.6600066E7
1.6600076E7
1.6600086E7
1.6600096E7
1.6600106E7
1.6600116E7
1.6600126E7
1.6600136E7
1.6600146E7
1.6600156E7
1.6600166E7
1.6600176E7
1.6600186E7
1.6600196E7
1.6600206E7
1.6600216E7
1.6600226E7
1.6600236E7
1.6600246E7
1.6600256E7
1.6600266E7
1.6600276E7
1.6600286E7
1.6600296E7
1.6600306E7
1.6600316E7
1.6600326E7
1.6600336E7
1.6600346E7
1.6600356E7
1.6600366E7
1.6600376E7
1.6600386E7
1.6600396E7
1.6600406E7
1.6600416E7
1.6600426E7
1.6600436E7
1.6600446E7
1.6600456E7
1.6600466E7
1.6600476E7
1.6600486E7
1.6600496E7
1.6600506E7
1.6600516E7
1.6600526E7
1.6600536E7
1.6600546E7
1.6600556E7
1.6600566E7
1.6600576E7
1.6600586E7
1.6600596E7
1.6600606E7
1.6600616E7
1.6600626E7
1.6600636E7
1.6600646E7
1.6600656E7
1.6600666E7
1.6600676E7
1.6600686E7
1.6600696E7
1.6600706E7
1.6600716E7
1.6600726E7
1.6600736E7
1.6600746E7
1.6600756E7
1.6600766E7
1.6600776E7
1.6600786E7
1.6600796E7
1.6600806E7
1.6600816E7
1.6600826E7
1.6600836E7
1.6600846E7
1.6600856E7
1.6600866E7
1.6600876E7
1.6600886E7
1.6600896E7
1.6600906E7
1.6600916E7
1.6600926E7
1.6600936E7
1.6600946E7
1.6600956E7
1.6600966E7
1.6600976E7
1.6600986E7
1.6600996E7
1.6601006E7
1.6601016E7
1.6601026E7
1.6832001183819424E7
1.683200118382056E7
1.6832006E7
1.6832016E7
1.6832026E7
1.6832036E7
1.6832046E7
1.6832056E7
1.6832066E7
1.6832076E7
1.6832086E7
1.6832096E7
1.6832106E7
1.6832116E7
1.6832126E7
1.6832136E7
1.6832146E7
1.6832156E7
1.6832166E7
1.6832176E7
1.6832186E7
1.6832196E7
1.6832206E7
1.6832216E7
1.6832226E7
1.6832236E7
1.6832246E7
1.6832256E7
1.6832266E7
1.6832276E7
1.6832286E7
1.6832296E7
1.6832306E7
1.6832316E7
1.6832326E7
1.6832336E7
1.6832346E7
1.6832356E7
1.6832366E7
1.6832376E7
1.6832386E7
1.6832396E7
1.6832406E7
1.6832416E7
1.6832426E7
1.6832436E7
1.6832446E7
1.6832456E7
1.6832466E7
1.6832476E7
1.6832486E7
1.6832496E7
1.6832506E7
1.6832516E7
1.6832526E7
1.6832536E7
1.6832546E7
1.6832556E7
1.6832566E7
1.6832576E7
1.6832586E7
1.6832596E7
1.6832606E7
1.6832616E7
1.6832626E7
1.6832636E7
1.6832646E7
1.6832656E7
1.6832666E7
1.6832676E7
1.6832686E7
1.6832696E7
1.6832706E7
1.6832716E7
1.6832726E7
1.6832736E7
1.6832746E7
1.6832756E7
1.6832766E7
1.6832776E7
1.6832786E7
1.6832796E7
1.6832806E7
1.6832816E7
1.6832826E7
1.6832836E7
1.6832846E7
1.6832856E7
1.6832866E7
1.6832876E7
1.6832886E7
1.6832896E7
1.6832906E7
1.6832916E7
1.6832926E7
1.6832936E7
1.6832946E7
1.6832956E7
1.6832966E7
1.6832976E7
1.6832986E7
1.6832996E7
1.6833006E7
1.6833016E7
1.6976002849826794E7
1.697600284982793E7
1.6976006E7
1.6976016E7
1.6976026E7
1.6976036E7
1.6976046E7
1.6976056E7
1.6976066E7
1.6976076E7
1.6976086E7
1.6976096E7
1.6976106E7
1.6976116E7
1.6976126E7
1.6976136E7
1.6976146E7
1.6976156E7
1.6976166E7
1.6976176E7
1.6976186E7
1.6976196E7
1.6976206E7
1.6976216E7
1.6976226E7
1.6976236E7
1.6976246E7
1.6976256E7
1.6976266E7
1.6976276E7
1.6976286E7
1.6976296E7
1.6976306E7
1.6976316E7
1.6976326E7
1.6976336E7
1.6976346E7
1.6976356E7
1.6976366E7
1.6976376E7
1.6976386E7
1.6976396E7
1.6976406E7
1.6976416E7
1.6976426E7
1.6976436E7
1.6976446E7
1.6976456E7
1.6976466E7
1.6976476E7
1.6976486E7
1.6976496E7
1.6976506E7
1.6976516E7
1.6976526E7
1.6976536E7
1.6976546E7
1.6976556E7
1.6976566E7
1.6976576E7
1.6976586E7
1.6976596E7
1.6976606E7
1.6976616E7
1.6976626E7
1.6976636E7
1.6976646E7
1.6976656E7
1.6976666E7
1.6976676E7
1.6976686E7
1.6976696E7
1.6976706E7
1.6976716E7
1.6976726E7
1.6976736E7
1.6976746E7
1.6976756E7
1.6976766E7
1.6976776E7
1.6976786E7
1.7090006E7
1.7090009982990723E7
1.709000998299186E7
1.7090016E7
1.7090019982990723E7
1.709001998299186E7
1.7090026E7
1.7090029982990723E7
1.709002998299186E7
1.7090036E7
1.7090039982990723E7
1.709003998299186E7
1.7090046E7
1.7090056E7
1.7090066E7
1.7090076E7
1.7090086E7
1.70900947317398E7
1.7090094731740937E7
1.7090096E7
1.7090106E7
1.7090116E7
1.7090126E7
1.7090136E7
1.7090146E7
1.7090156E7
1.7090166E7
1.7090176E7
1.7090186E7
1.7090196E7
1.7090206E7
1.7090216E7
1.7090226E7
1.7090236E7
1.7090246E7
1.7090256E7
1.7090266E7
1.7090276E7
1.7090286E7
1.7090296E7
1.7090306E7
1.7090316E7
1.7090326E7
1.7090336E7
1.7090346E7
1.7090356E7
1.7090366E7
1.7090376E7
1.7090386E7
1.7090396E7
1.7090406E7
1.7090416E7
1.7090426E7
1.7090436E7
1.7090446E7
1.7090456E7
1.7090466E7
1.7090476E7
1.7090486E7
1.7090496E7
1.7090506E7
1.7090516E7
1.7090526E7
1.7090536E7
1.7090546E7
1.7090556E7
1.7090566E7
1.7090576E7
1.7090586E7
1.7090596E7
1.7090606E7
1.7090616E7
1.7090626E7
1.7090636E7
1.7090646E7
1.7090656E7
1.7090666E7
1.7090676E7
1.7090686E7
1.7090696E7
1.7090706E7
1.7090716E7
1.7090726E7
1.7090736E7
1.7217006E7
1.7217014556023102E7
1.721701455602424E7
1.7217016E7
1.72170251534257E7
1.7217025153426837E7
1.7217026E7
1.72170351534257E7
1.7217035153426837E7
1.7217035153427973E7
1.721703515342911E7
1.7217035153430246E7
1.7217035153431382E7
1.7217036E7
1.7217045750828296E7
1.7217045750829432E7
1.721704575083057E7
1.7217045750831705E7
1.721704575083284E7
1.7217045750833977E7
1.7217045750835113E7
1.721704575083625E7
1.7217045750837386E7
1.7217045750838522E7
1.7217046E7
1.7217056E7
1.7217066E7
1.7217076E7
1.7217086E7
1.7217096E7
1.7217106E7
1.7217116E7
1.7217126E7
1.7217136E7
1.7217146E7
1.7217156E7
1.7217166E7
1.7217176E7
1.7217186E7
1.7217196E7
1.7217206E7
1.7217216E7
1.7217226E7
1.7217236E7
1.7217246E7
1.7217256E7
1.7217266E7
1.7217276E7
1.7217286E7
1.7217296E7
1.7217306E7
1.7217316E7
1.7217326E7
1.7217336E7
1.7217346E7
1.7217356E7
1.7217366E7
1.7217376E7
1.7217386E7
1.7217396E7
1.7217406E7
1.7217416E7
1.7217426E7
1.7217436E7
1.7217446E7
1.7217456E7
1.7217466E7
1.7217476E7
1.7217486E7
1.7217496E7
1.7217506E7
1.7217516E7
1.7217526E7
1.7217536E7
1.7217546E7
1.7217556E7
1.7217566E7
1.7217576E7
1.7217586E7
1.7217596E7
1.7217606E7
1.7217616E7
1.7217626E7
1.7217636E7
1.7217646E7
1.7217656E7
1.7217666E7
1.7217676E7
1.7217686E7
1.7217696E7
1.7217706E7
1.7217716E7
1.7217726E7
1.7217736E7
1.7217746E7
1.7217756E7
1.7217766E7
1.7217776E7
1.7217786E7
1.7217796E7
1.7217806E7
1.7217816E7
1.7217826E7
1.7217836E7
1.7217846E7
1.7217856E7
1.7217866E7
1.7217876E7
1.7217886E7
1.7217896E7
1.7217906E7
1.7217916E7
1.7217926E7
1.7217936E7
1.7217946E7
1.7217956E7
1.7217966E7
1.7217976E7
1.7217986E7
1.7217996E7
1.7218006E7
1.7218016E7
1.7218026E7
1.7218036E7
1.7218046E7
1.7218056E7
1.7218066E7
