1.8113002472859405E7
1.8113002472867496E7
1.8113006E7
1.8113016E7
1.8113026E7
1.8113036E7
1.8113046E7
1.8113056E7
1.8113066E7
1.8113076E7
1.8113086E7
1.8113096E7
1.8113106E7
1.8113116E7
1.8113126E7
1.8113136E7
1.8113146E7
1.8113156E7
1.8113166E7
1.8113176E7
1.8113186E7
1.8113196E7
1.8113206E7
1.8113216E7
1.8113226E7
1.8113236E7
1.8113246E7
1.8113256E7
1.8113266E7
1.8113276E7
1.8113286E7
1.8113296E7
1.8113306E7
1.8113316E7
1.8113326E7
1.8113336E7
1.8113346E7
1.8113356E7
1.8113366E7
1.8113376E7
1.8113386E7
1.8113396E7
1.8113406E7
1.8113416E7
1.8113426E7
1.8113436E7
1.8113446E7
1.8113456E7
1.8113466E7
1.8113476E7
1.8113486E7
1.8113496E7
1.8113506E7
1.8113516E7
1.8113526E7
1.8113536E7
1.8113546E7
1.8113556E7
1.8113566E7
1.8113576E7
1.8113586E7
1.8113596E7
1.8113606E7
1.8113616E7
1.8113626E7
1.8113636E7
1.8113646E7
1.8113656E7
1.8113666E7
1.8113676E7
1.8113686E7
1.8113696E7
1.8113706E7
1.8113716E7
1.8113726E7
1.8113736E7
1.8113746E7
1.8113756E7
1.8113766E7
1.8113776E7
1.8113786E7
1.8113796E7
1.8113806E7
1.8113816E7
1.8113826E7
1.8113836E7
1.8113846E7
1.8295004781032994E7
1.8295004781041086E7
1.8295006E7
1.8295016E7
1.8295026E7
1.8295036E7
1.8295046E7
1.8295056E7
1.8295066E7
1.8295076E7
1.8295086E7
1.8295096E7
1.8295106E7
1.8295116E7
1.8295126E7
1.8295136E7
1.8295146E7
1.8295156E7
1.8295166E7
1.8295176E7
1.8295186E7
1.8295196E7
1.8295206E7
1.8295216E7
1.8295226E7
1.8295236E7
1.8295246E7
1.8295256E7
1.8295266E7
1.8295276E7
1.8295286E7
1.8295296E7
1.8295306E7
1.8295316E7
1.8295326E7
1.8295336E7
1.8295346E7
1.8295356E7
1.8295366E7
1.8295376E7
1.8295386E7
1.8295396E7
1.8295406E7
1.8295416E7
1.8295426E7
1.8295436E7
1.8295446E7
1.8295456E7
1.8295466E7
1.8295476E7
1.8295486E7
1.8295496E7
1.8295506E7
1.8295516E7
1.8295526E7
1.8295536E7
1.8295546E7
1.8295556E7
1.8295566E7
1.8295576E7
1.8295586E7
1.8295596E7
1.8295606E7
1.8295616E7
1.8295626E7
1.8295636E7
1.8295646E7
1.8295656E7
1.8295666E7
1.8295676E7
1.8295686E7
1.8295696E7
1.8295706E7
1.8295716E7
1.8492003506568693E7
1.8492003506576784E7
1.8492006E7
1.8492013506568693E7
1.8492013506576784E7
1.8492016E7
1.8492023506568693E7
1.8492023506576784E7
1.8492026E7
1.8492033506568693E7
1.8492033506576784E7
1.8492036E7
1.8492043506568693E7
1.8492043506576784E7
1.8492046E7
1.8492053506568693E7
1.8492053506576784E7
1.8492056E7
1.8492063506568693E7
1.8492063506576784E7
1.8492066E7
1.8492073506568693E7
1.8492073506576784E7
1.8492076E7
1.8492086E7
1.8492096E7
1.8492103506568693E7
1.8492103506576784E7
1.8492106E7
1.8492113506568693E7
1.8492113506576784E7
1.8492116E7
1.8492126E7
1.8492133506568693E7
1.8492133506576784E7
1.8492136E7
1.8492143506568693E7
1.8492143506576784E7
1.8492146E7
1.8492153506568693E7
1.8492153506576784E7
1.8492156E7
1.8492163506568693E7
1.8492163506576784E7
1.8492166E7
1.8492173506568693E7
1.8492173506576784E7
1.8492176E7
1.8492183506568693E7
1.8492183506576784E7
1.8492186E7
1.8492193506568693E7
1.8492193506576784E7
1.8492196E7
1.8492203506568693E7
1.8492203506576784E7
1.8492206E7
1.8492213506568693E7
1.8492213506576784E7
1.8492216E7
1.8492223506568693E7
1.8492223506576784E7
1.8492226E7
1.8492233506568693E7
1.8492233506576784E7
1.8492236E7
1.8492243506568693E7
1.8492243506576784E7
1.8492246E7
1.8492253506568693E7
1.8492253506576784E7
1.8492256E7
1.8492263506568693E7
1.8492263506576784E7
1.8492266E7
1.8492273506568693E7
1.8492273506576784E7
1.8492276E7
1.8492286E7
1.8492293506568693E7
1.8492293506576784E7
1.8492296E7
1.8492303506568693E7
1.8492303506576784E7
1.8492306E7
1.8492313506568693E7
1.8492313506576784E7
1.8492316E7
1.8492323506568693E7
1.8492323506576784E7
1.8492326E7
1.8492333506568693E7
1.8492333506576784E7
1.8492336E7
1.8492343506568693E7
1.8492343506576784E7
1.8492346E7
1.8492353506568693E7
1.8492353506576784E7
1.8492356E7
1.8492366E7
1.8492373506568693E7
1.8492373506576784E7
1.8492376E7
1.8492383506568693E7
1.8492383506576784E7
1.8492386E7
1.8492393506568693E7
1.8492393506576784E7
1.8492396E7
1.8492403506568693E7
1.8492403506576784E7
1.8492406E7
1.8492413506568693E7
1.8492413506576784E7
1.8492416E7
1.8492423506568693E7
1.8492423506576784E7
1.8492426E7
1.8492433506568693E7
1.8492433506576784E7
1.8492436E7
1.8492443506568693E7
1.8492443506576784E7
1.8492446E7
1.8492453506568693E7
1.8492453506576784E7
1.8492456E7
1.8492463506568693E7
1.8492463506576784E7
1.8492466E7
1.8492473506568693E7
1.8492473506576784E7
1.8492476E7
1.8492483506568693E7
1.8492483506576784E7
1.8492486E7
1.8492493506568693E7
1.8492493506576784E7
1.8492496E7
1.8492503506568693E7
1.8492503506576784E7
1.8492506E7
1.8492513506568693E7
1.8492513506576784E7
1.8492516E7
1.8492523506568693E7
1.8492523506576784E7
1.8492526E7
1.8492533506568693E7
1.8492533506576784E7
1.8492536E7
1.8492543506568693E7
1.8492543506576784E7
1.8492546E7
1.8492553506568693E7
1.8492553506576784E7
1.8492556E7
1.8492563506568693E7
1.8492563506576784E7
1.8492566E7
1.8492573506568693E7
1.8492573506576784E7
1.8492576E7
1.8492583506568693E7
1.8492583506576784E7
1.8492586E7
1.8492593506568693E7
1.8492593506576784E7
1.8492596E7
1.8492603506568693E7
1.8492603506576784E7
1.8492606E7
1.8492613506568693E7
1.8492613506576784E7
1.8492616E7
1.8492623506568693E7
1.8492623506576784E7
1.8492626E7
1.8492633506568693E7
1.8492633506576784E7
1.8492636E7
1.8492643506568693E7
1.8492643506576784E7
1.8492646E7
1.8492653506568693E7
1.8492653506576784E7
1.8492656E7
1.8492656493532263E7
1.8492656493540354E7
1.8492663506568693E7
1.8492663506576784E7
1.8492666E7
1.8492673506568693E7
1.8492673506576784E7
1.8492676E7
1.8492683506568693E7
1.8492683506576784E7
1.8492686E7
1.8492693506568693E7
1.8492693506576784E7
1.8492696E7
1.8492703506568693E7
1.8492703506576784E7
1.8492706E7
1.8492713506568693E7
1.8492713506576784E7
1.8492716E7
1.8492723506568693E7
1.8492723506576784E7
1.8492726E7
1.8492733506568693E7
1.8492733506576784E7
1.8492736E7
1.8492746E7
1.8492756E7
1.8492766E7
1.8492776E7
1.8492786E7
1.8492796E7
1.8492806E7
1.8492816E7
1.8492826E7
1.8492836E7
1.8492846E7
1.8492856E7
1.8492866E7
1.8492866493532263E7
1.8492866493540354E7
1.8492876E7
1.8492886E7
1.8492896E7
1.8492906E7
1.8492916E7
1.8492926E7
1.8492936E7
1.8492946E7
1.8492956E7
1.8492966E7
1.8492976E7
1.8492986E7
1.8492996E7
1.8493006E7
1.8493016E7
1.8493026E7
1.8493036E7
1.8493046E7
1.8493056E7
1.8493066E7
1.8493076E7
1.8493086E7
1.8493096E7
1.8493106E7
1.8493116E7
1.8765002923319437E7
1.8765006E7
1.8765016E7
1.8765026E7
1.8765036E7
1.8765046E7
1.8765056E7
1.8765066E7
1.8765076E7
1.8765086E7
1.8765096E7
1.8765106E7
1.8765116E7
1.8765126E7
1.8765136E7
1.8765146E7
1.8765156E7
1.8765166E7
1.8765176E7
1.8765186E7
1.8765196E7
1.8765206E7
1.8765216E7
1.8765226E7
1.8765236E7
1.8765246E7
1.8765251732434947E7
1.8765256E7
1.8765266E7
1.8765276E7
1.8765286E7
1.8765296E7
1.8765306E7
1.8765316E7
1.8765326E7
1.8765336E7
1.8765346E7
1.8765356E7
1.8765366E7
1.8765376E7
1.8765386E7
1.8765396E7
1.8765406E7
1.8765416E7
1.8765426E7
1.8765436E7
1.8765446E7
1.8765456E7
1.8765466E7
1.8765476E7
1.8765486E7
1.8765496E7
1.8765506E7
1.8765516E7
1.8765526E7
1.8765536E7
1.8765546E7
1.8765556E7
1.8765566E7
1.8765576E7
1.8765586E7
1.8765596E7
1.8765606E7
1.8765616E7
1.8765626E7
1.8765636E7
1.8765646E7
1.8765656E7
1.8765666E7
1.8765676E7
1.8765686E7
1.8765696E7
1.8765706E7
1.8765716E7
1.8765726E7
1.8765736E7
1.8765746E7
1.8765756E7
1.8765766E7
1.8765776E7
1.8765786E7
1.8765796E7
1.8765806E7
1.8765816E7
1.8765826E7
1.8765836E7
1.8765846E7
1.8765856E7
1.8765866E7
1.8831006E7
1.8831015807166435E7
1.8831016E7
1.8831025807166435E7
1.8831026E7
1.8831035807166435E7
1.8831036E7
1.8831045807166435E7
1.8831046E7
1.8831055807166435E7
1.8831056E7
1.8831065807166435E7
1.8831066E7
1.8831075807166435E7
1.8831076E7
1.8831085807166435E7
1.8831086E7
1.8831095807166435E7
1.8831096E7
1.8831105807166435E7
1.8831106E7
1.8831115807166435E7
1.8831116E7
1.8831125807166435E7
1.8831126E7
1.8831136E7
1.8831146E7
1.8831156E7
1.8831166E7
1.8831166174358446E7
1.8831176E7
1.8831186E7
1.8831196E7
1.8831206E7
1.8831216E7
1.8831226E7
1.8831236E7
1.8831246E7
1.8831256E7
1.8831266E7
1.8831276E7
1.8831286E7
1.8831296E7
1.8831306E7
1.8831316E7
1.8831326E7
1.8831336E7
1.8831346E7
1.8831356E7
1.8831366E7
1.8831376E7
1.8831386E7
1.8831396E7
1.8831406E7
1.8831416E7
1.8831426E7
1.8831436E7
1.8831446E7
1.8831456E7
1.8831466E7
1.8831476E7
1.8831486E7
1.8831496E7
1.8831506E7
1.8831516E7
1.8831526E7
1.8831536E7
1.8831546E7
1.8831556E7
1.8831566E7
1.8831576E7
1.8831586E7
1.8831596E7
1.8831606E7
1.8831616E7
1.8831626E7
1.8831636E7
1.8831646E7
1.8831656E7
1.8831666E7
1.8831676E7
1.8831686E7
1.8831696E7
1.8831706E7
1.8831716E7
1.8831726E7
1.8831736E7
1.8831746E7
1.8831756E7
1.8831766E7
1.8831776E7
1.8831786E7
1.8831796E7
1.8831806E7
1.8831816E7
1.8831826E7
1.8831836E7
1.8831846E7
1.8831856E7
1.8831866E7
1.8831876E7
1.8831886E7
1.8831896E7
1.8831906E7
1.8831916E7
1.8831926E7
1.8831936E7
1.8831946E7
1.8831956E7
1.8831966E7
1.8831976E7
1.8831986E7
1.8831996E7
1.8832006E7
1.8832016E7
1.8832026E7
1.8832036E7
1.8832046E7
1.8832056E7
1.8832066E7
1.8832076E7
1.9047006E7
1.9047015750563957E7
1.9047016E7
1.9047025750563957E7
1.9047026E7
1.9047035750563957E7
1.9047036E7
1.9047045750563957E7
1.9047046E7
1.9047056E7
1.9047066E7
1.9047076E7
1.9047086E7
1.9047096E7
1.9047106E7
1.9047116E7
1.9047126E7
1.9047136E7
1.9047146E7
1.9047156E7
1.9047166E7
1.9047176E7
1.9047186E7
1.9047196E7
1.9047206E7
1.9047216E7
1.9047226E7
1.9047236E7
1.9047246E7
1.9047256E7
1.9047266E7
1.9047276E7
1.9047286E7
1.9047296E7
1.9047306E7
1.9047316E7
1.9047326E7
1.9047336E7
1.9047346E7
1.9047356E7
1.9047366E7
1.9047376E7
1.9047386E7
1.9047396E7
1.9047406E7
1.9047416E7
1.9047426E7
1.9047436E7
1.9047446E7
1.9047456E7
1.9047466E7
1.9047476E7
1.9047486E7
1.9047496E7
1.9047506E7
1.9047516E7
1.9047526E7
1.9047536E7
1.9047546E7
1.9047556E7
1.9047566E7
1.9047576E7
1.9047586E7
1.9047596E7
1.9047606E7
1.9047616E7
1.9047626E7
1.9047636E7
1.9047646E7
1.9047656E7
1.9047666E7
1.9047676E7
1.9047686E7
1.9047696E7
1.9047706E7
1.9047716E7
1.9047726E7
1.9047736E7
1.9047746E7
1.9047756E7
1.9047766E7
1.9047776E7
1.9047786E7
1.9047796E7
1.9086002360813834E7
1.9086006E7
1.9086016E7
1.9086026E7
1.9086036E7
1.9086046E7
1.9086056E7
1.9086066E7
1.9086076E7
1.9086086E7
1.9086096E7
1.9086106E7
1.9086116E7
1.9086126E7
1.9086136E7
1.9086146E7
1.9086156E7
1.9086166E7
1.9086176E7
1.9086186E7
1.9086196E7
1.9086206E7
1.9086216E7
1.9086226E7
1.9086236E7
1.9086246E7
1.9086256E7
1.9086266E7
1.9086276E7
1.9086286E7
1.9086296E7
1.9086306E7
1.9086316E7
1.9086326E7
1.9086336E7
1.9086346E7
1.9086356E7
1.9086366E7
1.9086376E7
1.9086386E7
1.9086396E7
1.9086406E7
1.9086416E7
1.9086426E7
1.9086436E7
1.9086446E7
1.9086456E7
1.9086466E7
1.9086476E7
1.9086486E7
1.9086496E7
1.9086506E7
1.9086516E7
1.9086526E7
1.9086536E7
1.9086546E7
1.9086556E7
1.9086566E7
1.9086576E7
1.9086586E7
1.9086596E7
1.9086606E7
1.9086616E7
1.9086626E7
1.9086636E7
1.9086646E7
1.9086656E7
1.9086666E7
1.9086676E7
1.9086686E7
1.9086696E7
1.9086706E7
1.9086716E7
1.9086726E7
1.9086736E7
1.9086746E7
1.9086756E7
1.9086766E7
1.9086776E7
1.9086786E7
1.9086796E7
1.9086806E7
1.9086816E7
1.9086826E7
1.9086836E7
1.9086846E7
1.9086856E7
1.927200418143446E7
1.9272006E7
1.927201418143446E7
1.9272016E7
1.927202418143446E7
1.9272026E7
1.927203418143446E7
1.9272036E7
1.927204418143446E7
1.9272046E7
1.927205418143446E7
1.9272056E7
1.9272066E7
1.927207418143446E7
1.9272076E7
1.927208418143446E7
1.9272086E7
1.927209418143446E7
1.9272096E7
1.927210418143446E7
1.9272106E7
1.927211418143446E7
1.9272116E7
1.927212418143446E7
1.9272126E7
1.9272136E7
1.927214418143446E7
1.9272146E7
1.9272156E7
1.927216418143446E7
1.9272166E7
1.927217418143446E7
1.9272176E7
1.927218418143446E7
1.9272186E7
1.927219418143446E7
1.9272196E7
1.927220418143446E7
1.9272206E7
1.927221418143446E7
1.9272216E7
1.927222418143446E7
1.9272226E7
1.927223418143446E7
1.9272236E7
1.927224418143446E7
1.9272246E7
1.927225418143446E7
1.9272256E7
1.927226418143446E7
1.9272266E7
1.927227418143446E7
1.9272276E7
1.927228418143446E7
1.9272286E7
1.927229418143446E7
1.9272296E7
1.927230418143446E7
1.9272306E7
1.9272316E7
1.927232418143446E7
1.9272326E7
1.927233418143446E7
1.9272336E7
1.927234418143446E7
1.9272346E7
1.927235418143446E7
1.927235536019361E7
1.9272356E7
1.927236418143446E7
1.9272366E7
1.9272376E7
1.927238418143446E7
1.9272386E7
1.927239418143446E7
1.9272396E7
1.927240418143446E7
1.9272406E7
1.927241418143446E7
1.9272416E7
1.927242418143446E7
1.9272426E7
1.927243418143446E7
1.9272436E7
1.927244418143446E7
1.9272446E7
1.927245418143446E7
1.9272456E7
1.927246418143446E7
1.9272466E7
1.9272476E7
1.927248418143446E7
1.9272486E7
1.927249418143446E7
1.9272496E7
1.927250418143446E7
1.9272506E7
1.927251418143446E7
1.9272516E7
1.927252418143446E7
1.9272526E7
1.927253418143446E7
1.9272536E7
1.927254418143446E7
1.9272546E7
1.927255418143446E7
1.9272556E7
1.927256418143446E7
1.9272566E7
1.927257418143446E7
1.9272576E7
1.927258418143446E7
1.9272586E7
1.927259418143446E7
1.9272596E7
1.927260418143446E7
1.9272606E7
1.927261418143446E7
1.9272616E7
1.9272626E7
1.9272636E7
1.9272646E7
1.9272656E7
1.9272666E7
1.9272676E7
1.9272686E7
1.9272696E7
1.9272706E7
1.9272716E7
1.9272726E7
1.9272736E7
1.9272746E7
1.9272756E7
1.9272766E7
1.9272776E7
1.9272786E7
1.9678006E7
1.9678011836768933E7
1.9678016E7
1.9678021836768933E7
1.9678026E7
1.9678031836768933E7
1.9678036E7
1.9678041836768933E7
1.9678046E7
1.9678051836768933E7
1.9678056E7
1.9678061836768933E7
1.9678066E7
1.9678071836768933E7
1.9678076E7
1.9678081836768933E7
1.9678086E7
1.9678091836768933E7
1.9678096E7
1.9678101836768933E7
1.9678106E7
1.9678111836768933E7
1.9678116E7
1.9678121836768933E7
1.9678126E7
1.9678131836768933E7
1.9678136E7
1.9678141836768933E7
1.9678146E7
1.9678151836768933E7
1.9678156E7
1.9678161836768933E7
1.9678166E7
1.9678176E7
1.9678186E7
1.9678191836768933E7
1.9678196E7
1.9678201836768933E7
1.9678206E7
1.9678216E7
1.9678221836768933E7
1.9678226E7
1.9678231836768933E7
1.9678236E7
1.9678241836768933E7
1.9678246E7
1.9678251836768933E7
1.9678256E7
1.9678261836768933E7
1.9678266E7
1.9678271836768933E7
1.9678276E7
1.9678281836768933E7
1.9678286E7
1.9678291836768933E7
1.9678296E7
1.9678301836768933E7
1.9678306E7
1.9678311836768933E7
1.9678316E7
1.9678321836768933E7
1.9678326E7
1.9678331836768933E7
1.9678336E7
1.9678341836768933E7
1.9678346E7
1.9678351836768933E7
1.9678356E7
1.9678366E7
1.9678376E7
1.9678381836768933E7
1.9678386E7
1.9678391836768933E7
1.9678396E7
1.9678401836768933E7
1.9678406E7
1.9678411836768933E7
1.9678416E7
1.9678421836768933E7
1.9678426E7
1.9678431836768933E7
1.9678436E7
1.9678441836768933E7
1.9678446E7
1.9678451836768933E7
1.9678456E7
1.9678461836768933E7
1.9678466E7
1.9678471836768933E7
1.9678476E7
1.9678481836768933E7
1.9678486E7
1.9678491836768933E7
1.9678496E7
1.9678501836768933E7
1.9678506E7
1.9678511836768933E7
1.9678516E7
1.9678526E7
1.9678531836768933E7
1.9678536E7
1.9678541836768933E7
1.9678546E7
1.9678551836768933E7
1.9678556E7
1.9678561836768933E7
1.9678566E7
1.9678571836768933E7
1.9678576E7
1.9678581836768933E7
1.9678586E7
1.9678591836768933E7
1.9678596E7
1.9678601836768933E7
1.9678606E7
1.9678611836768933E7
1.9678616E7
1.9678626E7
1.9678636E7
1.9678646E7
1.9678656E7
1.9678666E7
1.9678676E7
1.9678686E7
1.9678696E7
1.9678706E7
1.9678716E7
1.9678726E7
1.9678736E7
1.9678746E7
1.9678756E7
1.9678766E7
1.9678776E7
1.9678786E7
1.9678796E7
1.9678806E7
1.9678816E7
1.9678826E7
1.9678836E7
1.9678846E7
1.9678856E7
1.9678866E7
1.9678876E7
1.9678886E7
1.9678896E7
1.9678906E7
1.9678916E7
1.9678926E7
1.9678936E7
1.9678946E7
1.9678956E7
1.9678966E7
1.9678976E7
1.9678986E7
1.9678996E7
1.9679006E7
1.9679016E7
2.0002006E7
2.0002006612098526E7
2.0002016E7
2.0002016612098526E7
2.0002026E7
2.0002026612098526E7
2.0002036E7
2.0002036612098526E7
2.0002046E7
2.0002046612098526E7
2.0002056E7
2.0002056612098526E7
2.0002066E7
2.0002066612098526E7
2.0002076E7
2.0002076612098526E7
2.0002086E7
2.0002096E7
2.0002096612098526E7
2.0002106E7
2.0002116E7
2.0002116612098526E7
2.0002126E7
2.0002126612098526E7
2.0002136E7
2.0002136612098526E7
2.0002146E7
2.0002146612098526E7
2.0002156E7
2.0002156612098526E7
2.0002166E7
2.0002166612098526E7
2.0002176E7
2.0002176612098526E7
2.0002186E7
2.0002186612098526E7
2.0002196E7
2.0002196612098526E7
2.0002206E7
2.0002206612098526E7
2.0002216E7
2.0002216612098526E7
2.0002226E7
2.0002226612098526E7
2.0002236E7
2.0002246E7
2.0002246612098526E7
2.0002256E7
2.0002256612098526E7
2.0002266E7
2.0002266612098526E7
2.0002276E7
2.0002276612098526E7
2.0002286E7
2.0002286612098526E7
2.0002296E7
2.0002296612098526E7
2.0002306E7
2.0002306612098526E7
2.0002316E7
2.0002326E7
2.0002326612098526E7
2.0002336E7
2.0002336612098526E7
2.0002346E7
2.0002356E7
2.0002356612098526E7
2.0002366E7
2.0002366612098526E7
2.0002376E7
2.0002376612098526E7
2.0002386E7
2.0002386612098526E7
2.0002396E7
2.0002396612098526E7
2.0002406E7
2.0002406612098526E7
2.0002416E7
2.0002416612098526E7
2.0002426E7
2.0002426612098526E7
2.0002436E7
2.0002436612098526E7
2.0002446E7
2.0002446612098526E7
2.0002456E7
2.0002466E7
2.0002466612098526E7
2.0002476E7
2.0002476612098526E7
2.0002486E7
2.0002486612098526E7
2.0002496E7
2.0002496612098526E7
2.0002506E7
2.0002506612098526E7
2.0002516E7
2.0002516612098526E7
2.0002526E7
2.0002526612098526E7
2.0002536E7
2.0002536612098526E7
2.0002546E7
2.0002546612098526E7
2.0002556E7
2.0002556612098526E7
2.0002566E7
2.0002566612098526E7
2.0002576E7
2.0002576612098526E7
2.0002586E7
2.0002586612098526E7
2.0002596E7
2.0002606E7
2.0002606612098526E7
2.0002616E7
2.0002626E7
2.0002626612098526E7
2.0002636E7
2.0002636612098526E7
2.0002646E7
2.0002646612098526E7
2.0002656E7
2.0002666E7
2.0002666612098526E7
2.0002676E7
2.0002676612098526E7
2.0002686E7
2.0002686612098526E7
2.0002696E7
2.0002696612098526E7
2.0002706E7
2.0002706612098526E7
2.0002716E7
2.0002716612098526E7
2.0002726E7
2.0002726612098526E7
2.0002736E7
2.0002736612098526E7
2.0002746E7
2.0002746612098526E7
2.0002756E7
2.0002756612098526E7
2.0002766E7
2.0002766612098526E7
2.0002776E7
2.0002776612098526E7
2.0002786E7
2.0002786612098526E7
