1.8486003764151942E7
1.848600376415307E7
1.8486006E7
1.8486016E7
1.8486026E7
1.8486036E7
1.8486046E7
1.8486056E7
1.8486066E7
1.8486076E7
1.8486086E7
1.8486096E7
1.8486106E7
1.8486116E7
1.8486126E7
1.8486136E7
1.8486146E7
1.8486156E7
1.8486166E7
1.8486176E7
1.8486186E7
1.8486196E7
1.8486206E7
1.8486216E7
1.8486226E7
1.8486236E7
1.8486246E7
1.8486256E7
1.8486266E7
1.8486276E7
1.8486286E7
1.8486296E7
1.8486306E7
1.8486316E7
1.8486326E7
1.8486336E7
1.8486346E7
1.8486356E7
1.8486366E7
1.8486376E7
1.8486386E7
1.8486396E7
1.8486406E7
1.8486416E7
1.8486426E7
1.8486436E7
1.8486446E7
1.8486456E7
1.8486466E7
1.8486476E7
1.8486486E7
1.8486496E7
1.8486506E7
1.8486516E7
1.8486526E7
1.8486536E7
1.8486546E7
1.8486556E7
1.8486566E7
1.8486576E7
1.8486586E7
1.8486596E7
1.8486606E7
1.8486616E7
1.8486626E7
1.8486636E7
1.8486646E7
1.8486656E7
1.8486666E7
1.8486676E7
1.8486686E7
1.8486696E7
1.8486706E7
1.8486716E7
1.8486726E7
1.8486736E7
1.8486746E7
1.8486756E7
1.8486766E7
1.8486776E7
1.8486786E7
1.8486796E7
1.8486806E7
1.8486816E7
1.8486826E7
1.8486836E7
1.8486846E7
1.8486856E7
1.8486866E7
1.8486876E7
1.8486886E7
1.8486896E7
1.8486906E7
1.8486916E7
1.8486926E7
1.8618003170896027E7
1.8618003170897156E7
1.8618006E7
1.8618016E7
1.8618026E7
1.8618036E7
1.8618046E7
1.8618056E7
1.8618066E7
1.8618076E7
1.8618086E7
1.8618096E7
1.8618106E7
1.8618116E7
1.8618126E7
1.8618136E7
1.8618146E7
1.8618156E7
1.8618166E7
1.8618176E7
1.8618186E7
1.8618196E7
1.8618206E7
1.8618216E7
1.8618226E7
1.8618236E7
1.8618246E7
1.8618256E7
1.8618266E7
1.8618276E7
1.8618286E7
1.8618296E7
1.8618306E7
1.8618316E7
1.8618326E7
1.8618336E7
1.8618346E7
1.8618356E7
1.8618366E7
1.8618376E7
1.8618386E7
1.8618396E7
1.8618406E7
1.8618416E7
1.8618426E7
1.8618436E7
1.8618446E7
1.8618456E7
1.8618466E7
1.8618476E7
1.8618486E7
1.8618496E7
1.8618506E7
1.8618516E7
1.8618526E7
1.8618536E7
1.8618546E7
1.8618556E7
1.8618566E7
1.8618576E7
1.8618586E7
1.8618596E7
1.8618606E7
1.8618616E7
1.8618626E7
1.8618636E7
1.8618646E7
1.8618656E7
1.8618666E7
1.8618676E7
1.8618686E7
1.8618696E7
1.8618706E7
1.8618716E7
1.8618726E7
1.8618736E7
1.8618746E7
1.8618756E7
1.8618766E7
1.8618776E7
1.8618786E7
1.8618796E7
1.8618806E7
1.8618816E7
1.8618826E7
1.8618836E7
1.8618846E7
1.8618856E7
1.8618866E7
1.8618876E7
1.8618886E7
1.8618896E7
1.8618906E7
1.8618916E7
1.8618926E7
1.8618936E7
1.881300257148013E7
1.8813002571481258E7
1.8813006E7
1.8813016E7
1.8813026E7
1.8813036E7
1.8813046E7
1.8813056E7
1.8813066E7
1.8813076E7
1.8813086E7
1.8813096E7
1.8813106E7
1.8813116E7
1.8813126E7
1.8813136E7
1.8813146E7
1.8813156E7
1.8813166E7
1.8813176E7
1.8813186E7
1.8813196E7
1.8813206E7
1.8813216E7
1.8813226E7
1.8813236E7
1.8813246E7
1.8813256E7
1.8813266E7
1.8813276E7
1.8813286E7
1.8813296E7
1.8813306E7
1.8813316E7
1.8813326E7
1.8813336E7
1.8813346E7
1.8813356E7
1.8813366E7
1.8813376E7
1.8813386E7
1.8813396E7
1.8813406E7
1.8813416E7
1.8813426E7
1.8813436E7
1.8813446E7
1.8813456E7
1.8813466E7
1.8813476E7
1.8813486E7
1.8813496E7
1.8813506E7
1.8813516E7
1.8813526E7
1.8813536E7
1.8813546E7
1.8813556E7
1.8813566E7
1.8813576E7
1.8813586E7
1.8813596E7
1.8813606E7
1.8813616E7
1.8813626E7
1.8813636E7
1.8813646E7
1.8813656E7
1.8813666E7
1.8813676E7
1.8813686E7
1.8813696E7
1.8813706E7
1.8813716E7
1.8813726E7
1.8813736E7
1.8813746E7
1.8813756E7
1.8813766E7
1.897900311237571E7
1.897900311237684E7
1.8979006E7
1.8979016E7
1.8979026E7
1.8979036E7
1.8979046E7
1.8979056E7
1.8979066E7
1.8979076E7
1.8979086E7
1.8979096E7
1.8979106E7
1.8979116E7
1.8979126E7
1.8979136E7
1.8979146E7
1.8979156E7
1.8979166E7
1.8979176E7
1.8979186E7
1.8979196E7
1.8979206E7
1.8979216E7
1.8979226E7
1.8979236E7
1.8979246E7
1.8979256E7
1.8979266E7
1.8979276E7
1.8979286E7
1.8979296E7
1.8979306E7
1.8979316E7
1.8979326E7
1.8979336E7
1.8979346E7
1.8979356E7
1.8979366E7
1.8979376E7
1.8979386E7
1.8979396E7
1.8979406E7
1.8979416E7
1.8979426E7
1.8979436E7
1.8979446E7
1.8979456E7
1.8979466E7
1.8979476E7
1.8979486E7
1.8979496E7
1.8979506E7
1.8979516E7
1.8979526E7
1.8979536E7
1.8979546E7
1.8979556E7
1.8979566E7
1.8979576E7
1.8979586E7
1.8979596E7
1.8979606E7
1.8979616E7
1.8979626E7
1.8979636E7
1.8979646E7
1.8979656E7
1.8979666E7
1.8979676E7
1.8979686E7
1.8979696E7
1.8979706E7
1.8979716E7
1.8979726E7
1.8979736E7
1.8979746E7
1.9010006E7
1.901000927772567E7
1.90100092777268E7
1.9010016E7
1.901001927772567E7
1.90100192777268E7
1.9010026E7
1.901002927772567E7
1.90100292777268E7
1.9010036E7
1.9010046E7
1.9010056E7
1.9010066E7
1.9010076E7
1.9010086E7
1.9010096E7
1.9010106E7
1.9010116E7
1.9010126E7
1.9010136E7
1.9010146E7
1.9010156E7
1.9010166E7
1.9010176E7
1.9010186E7
1.9010196E7
1.9010206E7
1.9010216E7
1.9010226E7
1.9010236E7
1.9010246E7
1.9010256E7
1.9010266E7
1.9010276E7
1.9010286E7
1.9010296E7
1.9010306E7
1.9010316E7
1.9010326E7
1.9010336E7
1.9010346E7
1.9010356E7
1.9010366E7
1.9010376E7
1.9010386E7
1.9010396E7
1.9010406E7
1.9010416E7
1.9010426E7
1.9010436E7
1.9010446E7
1.9010456E7
1.9010466E7
1.9010476E7
1.9010486E7
1.9010496E7
1.9010506E7
1.9010516E7
1.9010526E7
1.9010536E7
1.9010546E7
1.9010556E7
1.9010566E7
1.9010576E7
1.9010586E7
1.9010596E7
1.9010606E7
1.9010616E7
1.9010626E7
1.9010636E7
1.9010646E7
1.9010656E7
1.9010666E7
1.9010676E7
1.9010686E7
1.9010696E7
1.9010706E7
1.9010716E7
1.9010726E7
1.923600418063018E7
1.923600418063131E7
1.9236006E7
1.923601418063018E7
1.923601418063131E7
1.9236016E7
1.9236024926663425E7
1.9236024926664554E7
1.9236026E7
1.9236036E7
1.9236046E7
1.9236056E7
1.9236066E7
1.9236076E7
1.9236086E7
1.9236096E7
1.9236106E7
1.9236116E7
1.9236126E7
1.9236136E7
1.9236146E7
1.9236156E7
1.9236166E7
1.9236176E7
1.9236186E7
1.9236196E7
1.9236206E7
1.9236216E7
1.9236226E7
1.9236236E7
1.9236246E7
1.9236256E7
1.9236266E7
1.9236276E7
1.9236286E7
1.9236296E7
1.9236306E7
1.9236316E7
1.9236326E7
1.9236328830559526E7
1.9236328830560654E7
1.9236336E7
1.9236346E7
1.9236356E7
1.9236366E7
1.9236376E7
1.9236386E7
1.9236396E7
1.9236406E7
1.9236416E7
1.9236416830559526E7
1.9236416830560654E7
1.9236426E7
1.9236436E7
1.9236446E7
1.9236456E7
1.9236466E7
1.9236476E7
1.9236486E7
1.9236496E7
1.9236506E7
1.9236516E7
1.9236526E7
1.9236536E7
1.9236546E7
1.9236556E7
1.9236566E7
1.9236576E7
1.9236586E7
1.9236596E7
1.9236606E7
1.9236616E7
1.9236626E7
1.9236636E7
1.9236646E7
1.9236656E7
1.9236666E7
1.9236676E7
1.9236686E7
1.9236696E7
1.9236706E7
1.9236716E7
1.9236726E7
1.9236736E7
1.9236746E7
1.9236756E7
1.9236766E7
1.9236776E7
1.9236786E7
1.9236796E7
1.9236806E7
1.9236816E7
1.9236826E7
1.9236836E7
1.9236846E7
1.9236856E7
1.9236866E7
1.9236876E7
1.9236886E7
1.9236896E7
1.9236906E7
1.9236916E7
1.9236926E7
1.9236936E7
1.9236946E7
1.9236956E7
1.9236966E7
1.9236976E7
1.9236986E7
1.9236996E7
1.9237006E7
1.9237016E7
