0	7031	4562	2	0	0.0
0	7031	4562	2	0	1.6237E7
0	7031	4561	2	2	1.6238E7
0	7032	4558	2	3	1.6239E7
0	7033	4553	3	5	1.624E7
0	7034	4546	3	7	1.6241E7
0	7033	4538	3	8	1.6242E7
0	7033	4531	3	5	1.6243E7
0	7033	4526	3	3	1.6244E7
0	7033	4524	3	0	1.6245E7
0	7033	4524	3	0	1.6246E7
0	7033	4524	3	0	1.6247E7
0	7033	4524	3	0	1.6248E7
0	7033	4524	3	0	1.6249E7
0	7033	4524	3	0	1.625E7
0	7033	4524	3	0	1.6251E7
0	7033	4524	3	0	1.6252E7
0	7033	4524	3	0	1.6253E7
0	7033	4524	3	0	1.6254E7
0	7033	4524	3	0	1.6255E7
0	7033	4524	3	0	1.6256E7
0	7033	4524	3	0	1.6257E7
0	7033	4524	3	0	1.6258E7
0	7033	4524	3	0	1.6259E7
0	7033	4524	3	0	1.626E7
0	7033	4524	3	0	1.6261E7
0	7033	4524	3	0	1.6262E7
0	7033	4524	3	0	1.6263E7
0	7033	4524	3	0	1.6264E7
0	7033	4524	3	1	1.6265E7
0	7033	4522	3	3	1.6266E7
0	7029	4516	3	5	1.6267E7
0	7029	4510	3	7	1.6268E7
0	7029	4502	3	8	1.6269E7
0	7028	4493	3	10	1.627E7
0	7027	4481	3	12	1.6271E7
0	7026	4469	3	12	1.6272E7
0	7026	4457	3	12	1.6273E7
0	7025	4444	3	12	1.6274E7
0	7025	4432	3	12	1.6275E7
0	7024	4420	3	11	1.6276E7
0	7024	4408	3	12	1.6277E7
0	7020	4397	3	12	1.6278E7
0	7009	4390	4	12	1.6279E7
0	6997	4388	5	11	1.628E7
0	6987	4386	5	8	1.6281E7
0	6980	4385	5	5	1.6282E7
0	6975	4385	5	3	1.6283E7
0	6973	4384	5	1	1.6284E7
0	6972	4384	5	0	1.6285E7
0	6971	4384	5	0	1.6286E7
0	6971	4384	5	0	1.6287E7
0	6971	4384	5	0	1.6288E7
0	6971	4384	5	0	1.6289E7
0	6971	4384	5	0	1.629E7
0	6971	4384	5	0	1.6291E7
0	6971	4384	5	0	1.6292E7
0	6971	4384	5	0	1.6293E7
0	6971	4384	5	0	1.6294E7
0	6971	4384	5	0	1.6295E7
0	6971	4384	5	0	1.6296E7
0	6971	4384	5	0	1.6297E7
0	6971	4384	5	0	1.6298E7
0	6971	4384	5	0	1.6299E7
0	6971	4384	5	0	1.63E7
0	6971	4384	5	0	1.6301E7
0	6971	4384	5	0	1.6302E7
0	6971	4384	5	0	1.6303E7
0	6971	4384	5	0	1.6304E7
0	6971	4384	5	0	1.6305E7
0	6971	4384	5	0	1.6306E7
0	6971	4384	5	0	1.6307E7
0	6971	4384	5	0	1.6308E7
0	6971	4384	5	0	1.6309E7
0	6971	4384	5	0	1.631E7
0	6971	4384	5	0	1.6311E7
0	6971	4384	5	0	1.6312E7
0	6971	4384	5	0	1.6313E7
0	6971	4384	5	0	1.6314E7
0	6971	4384	5	0	1.6315E7
0	6971	4384	5	0	1.6316E7
0	6971	4384	5	0	1.6317E7
0	6971	4384	5	0	1.6318E7
0	6971	4384	5	0	1.6319E7
0	6971	4384	5	0	1.632E7
0	6971	4384	5	0	1.6321E7
0	6971	4384	5	0	1.6322E7
0	6971	4384	5	0	1.6323E7
0	6971	4384	5	0	1.6324E7
0	6971	4384	5	0	1.6325E7
0	6971	4384	5	0	1.6326E7
0	6971	4384	5	0	1.6327E7
0	6971	4384	5	0	1.6328E7
0	6971	4384	5	0	1.6329E7
0	6971	4384	5	0	1.633E7
0	6971	4384	5	0	1.6331E7
0	6971	4384	5	0	1.6332E7
0	6971	4384	5	0	1.6333E7
0	6971	4384	5	0	1.6334E7
0	6971	4384	5	0	1.6335E7
0	6971	4384	5	0	1.6336E7
0	6969	4384	5	2	1.6337E7
0	6967	4382	5	4	1.6338E7
0	6966	4377	4	6	1.6339E7
0	6966	4369	3	8	1.634E7
0	6963	4360	3	10	1.6341E7
0	6964	4349	3	12	1.6342E7
0	6965	4336	3	12	1.6343E7
0	6966	4324	3	12	1.6344E7
0	6967	4312	3	12	1.6345E7
0	6968	4300	3	10	1.6346E7
0	6968	4291	3	7	1.6347E7
0	6970	4285	3	4	1.6348E7
0	6970	4282	3	2	1.6349E7
0	6971	4280	3	1	1.635E7
0	6971	4279	3	0	1.6351E7
0	6971	4279	3	0	1.6352E7
0	6972	4279	3	0	1.6353E7
0	6972	4279	3	0	1.6354E7
0	6972	4279	3	0	1.6355E7
0	6972	4279	3	0	1.6356E7
0	6972	4279	3	0	1.6357E7
0	6972	4279	3	0	1.6358E7
0	6972	4279	3	0	1.6359E7
0	6972	4279	3	0	1.636E7
0	6972	4279	3	0	1.6361E7
0	6972	4279	3	0	1.6362E7
0	6972	4279	3	0	1.6363E7
0	6972	4279	3	0	1.6364E7
0	6972	4279	3	0	1.6365E7
0	6972	4279	3	0	1.6366E7
0	6972	4279	3	0	1.6367E7
0	6972	4279	3	0	1.6368E7
0	6972	4279	3	0	1.6369E7
0	6972	4279	3	0	1.637E7
0	6972	4279	3	0	1.6371E7
0	6972	4279	3	0	1.6372E7
0	6972	4279	3	0	1.6373E7
0	6972	4279	3	0	1.6374E7
0	6972	4279	3	0	1.6375E7
0	6972	4279	3	0	1.6376E7
0	6972	4279	3	0	1.6377E7
0	6972	4279	3	0	1.6378E7
0	6972	4279	3	0	1.6379E7
0	6972	4279	3	0	1.638E7
0	6972	4279	3	0	1.6381E7
0	6972	4277	3	2	1.6382E7
0	6974	4274	3	4	1.6383E7
0	6977	4269	2	6	1.6384E7
0	6982	4263	2	8	1.6385E7
0	6991	4260	1	10	1.6386E7
0	7002	4257	1	12	1.6387E7
0	7014	4254	1	12	1.6388E7
0	7026	4250	1	12	1.6389E7
0	7038	4247	1	12	1.639E7
0	7050	4243	1	12	1.6391E7
0	7062	4238	1	12	1.6392E7
0	7073	4234	1	11	1.6393E7
0	7083	4231	1	8	1.6394E7
0	7089	4228	1	5	1.6395E7
0	7093	4226	2	3	1.6396E7
0	7096	4223	2	5	1.6397E7
0	7098	4217	2	7	1.6398E7
0	7100	4208	3	9	1.6399E7
0	7098	4197	3	11	1.64E7
0	7094	4186	3	13	1.6401E7
0	7090	4172	3	15	1.6402E7
0	7089	4155	3	17	1.6403E7
0	7084	4139	3	17	1.6404E7
0	7079	4122	3	17	1.6405E7
0	7074	4105	3	17	1.6406E7
0	7069	4089	3	17	1.6407E7
0	7065	4072	3	17	1.6408E7
0	7060	4055	3	17	1.6409E7
0	7055	4039	3	17	1.641E7
0	7050	4022	3	17	1.6411E7
0	7045	4006	3	16	1.6412E7
0	7041	3992	3	12	1.6413E7
0	7038	3981	3	9	1.6414E7
0	7035	3974	3	6	1.6415E7
0	7034	3969	3	4	1.6416E7
0	7033	3966	3	1	1.6417E7
0	7033	3966	3	0	1.6418E7
0	7033	3966	3	0	1.6419E7
0	7033	3966	3	0	1.642E7
0	7033	3966	3	0	1.6421E7
0	7033	3966	3	0	1.6422E7
0	7033	3966	3	0	1.6423E7
0	7033	3966	3	0	1.6424E7
0	7033	3966	3	0	1.6425E7
0	7033	3966	3	0	1.6426E7
0	7033	3966	3	0	1.6427E7
0	7033	3966	3	0	1.6428E7
0	7033	3966	3	0	1.6429E7
0	7033	3966	3	0	1.643E7
0	7033	3966	3	0	1.6431E7
0	7033	3966	3	0	1.6432E7
0	7033	3966	3	0	1.6433E7
0	7033	3966	3	0	1.6434E7
0	7033	3966	3	0	1.6435E7
0	7033	3966	3	0	1.6436E7
0	7033	3966	3	0	1.6437E7
0	7033	3965	3	2	1.6438E7
0	7032	3961	3	4	1.6439E7
0	7030	3956	3	6	1.644E7
0	7028	3949	3	8	1.6441E7
0	7025	3940	3	10	1.6442E7
0	7022	3928	3	12	1.6443E7
0	7019	3915	3	14	1.6444E7
0	7016	3900	3	16	1.6445E7
0	7010	3885	3	14	1.6446E7
0	7020	3880	2	12	1.6447E7
0	7032	3877	1	12	1.6448E7
0	7044	3874	1	12	1.6449E7
0	7056	3871	1	12	1.645E7
0	7068	3868	1	12	1.6451E7
0	7080	3865	1	12	1.6452E7
0	7092	3863	1	12	1.6453E7
0	7104	3861	1	12	1.6454E7
0	7116	3858	1	12	1.6455E7
0	7129	3856	1	12	1.6456E7
0	7141	3854	1	12	1.6457E7
0	7153	3852	1	12	1.6458E7
0	7165	3850	1	12	1.6459E7
0	7177	3847	1	12	1.646E7
0	7189	3845	1	12	1.6461E7
0	7202	3843	1	12	1.6462E7
0	7214	3841	1	12	1.6463E7
0	7226	3839	1	12	1.6464E7
0	7238	3837	1	12	1.6465E7
0	7250	3834	1	12	1.6466E7
0	7262	3832	1	12	1.6467E7
0	7275	3830	1	12	1.6468E7
0	7287	3828	1	12	1.6469E7
0	7299	3826	1	12	1.647E7
0	7311	3823	1	12	1.6471E7
0	7323	3821	1	12	1.6472E7
0	7335	3819	1	12	1.6473E7
0	7348	3816	1	12	1.6474E7
0	7360	3814	1	12	1.6475E7
0	7372	3812	1	12	1.6476E7
0	7384	3810	1	12	1.6477E7
0	7396	3807	1	12	1.6478E7
0	7408	3805	1	12	1.6479E7
0	7420	3803	1	12	1.648E7
0	7433	3801	1	12	1.6481E7
0	7445	3798	1	12	1.6482E7
0	7457	3796	1	12	1.6483E7
0	7469	3794	1	12	1.6484E7
0	7481	3792	1	12	1.6485E7
0	7493	3789	1	12	1.6486E7
0	7506	3787	1	12	1.6487E7
0	7518	3785	1	12	1.6488E7
0	7530	3783	1	12	1.6489E7
0	7542	3780	1	12	1.649E7
0	7554	3778	1	12	1.6491E7
0	7566	3776	1	12	1.6492E7
0	7579	3773	1	12	1.6493E7
0	7591	3771	1	12	1.6494E7
0	7603	3769	1	12	1.6495E7
0	7615	3767	1	12	1.6496E7
0	7627	3764	1	12	1.6497E7
0	7639	3762	1	12	1.6498E7
0	7651	3760	1	12	1.6499E7
0	7664	3757	1	12	1.65E7
0	7676	3755	1	12	1.6501E7
0	7688	3753	1	12	1.6502E7
0	7700	3750	1	12	1.6503E7
0	7712	3748	1	12	1.6504E7
0	7724	3745	1	12	1.6505E7
0	7736	3743	1	12	1.6506E7
0	7748	3741	1	12	1.6507E7
0	7761	3738	1	12	1.6508E7
0	7773	3736	1	12	1.6509E7
0	7785	3733	1	12	1.651E7
0	7797	3731	1	12	1.6511E7
0	7809	3728	1	12	1.6512E7
0	7821	3726	1	12	1.6513E7
0	7833	3723	1	12	1.6514E7
0	7845	3720	1	12	1.6515E7
0	7857	3718	1	12	1.6516E7
0	7869	3715	1	12	1.6517E7
0	7880	3712	1	10	1.6518E7
0	7888	3710	1	6	1.6519E7
0	7894	3709	1	4	1.652E7
0	7897	3708	1	2	1.6521E7
0	7899	3708	1	1	1.6522E7
0	7899	3708	1	0	1.6523E7
0	7899	3708	1	0	1.6524E7
0	7900	3708	1	0	1.6525E7
0	7900	3708	1	0	1.6526E7
0	7900	3708	1	0	1.6527E7
0	7900	3708	1	0	1.6528E7
0	7900	3708	1	0	1.6529E7
0	7900	3708	1	0	1.653E7
0	7900	3708	1	0	1.6531E7
0	7900	3708	1	0	1.6532E7
0	7900	3708	1	0	1.6533E7
0	7900	3708	1	0	1.6534E7
0	7900	3708	1	0	1.6535E7
0	7900	3708	1	0	1.6536E7
0	7900	3708	1	0	1.6537E7
0	7900	3708	1	0	1.6538E7
0	7900	3708	1	0	1.6539E7
0	7900	3708	1	0	1.654E7
0	7900	3708	1	0	1.6541E7
0	7900	3708	1	0	1.6542E7
0	7900	3708	1	0	1.6543E7
0	7900	3708	1	0	1.6544E7
0	7900	3708	1	0	1.6545E7
0	7900	3708	1	0	1.6546E7
0	7900	3708	1	0	1.6547E7
0	7900	3708	1	0	1.6548E7
0	7900	3708	1	0	1.6549E7
0	7900	3708	1	0	1.655E7
0	7900	3708	1	0	1.6551E7
0	7900	3708	1	0	1.6552E7
0	7900	3708	1	0	1.6553E7
0	7900	3708	1	0	1.6554E7
0	7900	3708	1	0	1.6555E7
0	7900	3708	1	0	1.6556E7
0	7900	3708	1	0	1.6557E7
0	7900	3708	1	0	1.6558E7
0	7900	3708	1	0	1.6559E7
0	7900	3708	1	0	1.656E7
0	7900	3708	1	0	1.6561E7
0	7901	3708	1	2	1.6562E7
0	7905	3707	1	4	1.6563E7
0	7910	3708	1	6	1.6564E7
0	7918	3707	1	8	1.6565E7
0	7927	3706	1	10	1.6566E7
0	7938	3703	1	12	1.6567E7
0	7950	3701	1	12	1.6568E7
0	7962	3699	1	12	1.6569E7
0	7975	3696	1	12	1.657E7
0	7987	3694	1	12	1.6571E7
0	7999	3692	1	12	1.6572E7
0	8011	3690	1	12	1.6573E7
0	8023	3688	1	12	1.6574E7
0	8036	3686	1	12	1.6575E7
0	8048	3684	1	12	1.6576E7
0	8060	3681	1	12	1.6577E7
0	8072	3678	1	12	1.6578E7
0	8084	3675	1	12	1.6579E7
0	8096	3672	1	12	1.658E7
0	8108	3669	1	12	1.6581E7
0	8120	3666	1	12	1.6582E7
0	8132	3664	1	12	1.6583E7
0	8144	3662	1	12	1.6584E7
0	8156	3659	1	12	1.6585E7
0	8169	3657	1	12	1.6586E7
0	8181	3655	1	12	1.6587E7
0	8193	3653	1	12	1.6588E7
0	8205	3650	1	11	1.6589E7
0	8215	3649	1	8	1.659E7
0	8222	3647	1	5	1.6591E7
0	8226	3646	1	3	1.6592E7
0	8228	3646	1	0	1.6593E7
0	8228	3646	1	0	1.6594E7
0	8228	3646	1	0	1.6595E7
0	8228	3646	1	0	1.6596E7
0	8228	3646	1	0	1.6597E7
0	8228	3646	1	0	1.6598E7
0	8228	3646	1	0	1.6599E7
0	8228	3646	1	0	1.66E7
0	8228	3646	1	0	1.6601E7
0	8228	3646	1	0	1.6602E7
0	8228	3646	1	0	1.6603E7
0	8228	3646	1	0	1.6604E7
0	8228	3646	1	0	1.6605E7
0	8228	3646	1	0	1.6606E7
0	8228	3646	1	0	1.6607E7
0	8228	3646	1	0	1.6608E7
0	8228	3646	1	0	1.6609E7
0	8228	3646	1	0	1.661E7
0	8228	3646	1	0	1.6611E7
0	8228	3646	1	0	1.6612E7
0	8228	3646	1	1	1.6613E7
0	8231	3645	1	3	1.6614E7
0	8235	3644	1	5	1.6615E7
0	8241	3643	1	7	1.6616E7
0	8249	3641	1	9	1.6617E7
0	8259	3638	1	11	1.6618E7
0	8270	3635	1	12	1.6619E7
0	8282	3632	1	12	1.662E7
0	8294	3629	1	12	1.6621E7
0	8306	3626	1	12	1.6622E7
0	8318	3623	1	12	1.6623E7
0	8330	3620	1	12	1.6624E7
0	8342	3616	1	12	1.6625E7
0	8354	3613	1	12	1.6626E7
0	8366	3610	1	12	1.6627E7
0	8378	3606	1	12	1.6628E7
0	8390	3603	1	12	1.6629E7
0	8402	3600	1	12	1.663E7
0	8414	3596	1	12	1.6631E7
0	8426	3593	1	12	1.6632E7
0	8438	3589	1	12	1.6633E7
0	8449	3586	1	12	1.6634E7
0	8461	3582	1	12	1.6635E7
0	8473	3578	1	12	1.6636E7
0	8485	3575	1	12	1.6637E7
0	8497	3571	1	12	1.6638E7
0	8509	3567	1	12	1.6639E7
0	8520	3563	1	12	1.664E7
0	8532	3560	1	12	1.6641E7
0	8544	3556	1	11	1.6642E7
0	8553	3553	1	7	1.6643E7
0	8559	3551	1	5	1.6644E7
0	8563	3550	1	3	1.6645E7
0	8564	3549	1	0	1.6646E7
0	8564	3549	1	0	1.6647E7
0	8564	3549	1	0	1.6648E7
0	8564	3549	1	0	1.6649E7
0	8564	3549	1	0	1.665E7
0	8564	3549	1	0	1.6651E7
0	8564	3549	1	0	1.6652E7
0	8564	3549	1	0	1.6653E7
0	8564	3549	1	0	1.6654E7
0	8564	3549	1	0	1.6655E7
0	8564	3549	1	0	1.6656E7
0	8564	3549	1	0	1.6657E7
0	8564	3549	1	0	1.6658E7
0	8564	3549	1	0	1.6659E7
0	8564	3549	1	0	1.666E7
0	8564	3549	1	0	1.6661E7
0	8564	3549	1	0	1.6662E7
0	8564	3549	1	0	1.6663E7
0	8564	3549	1	0	1.6664E7
0	8564	3549	1	0	1.6665E7
0	8564	3549	1	1	1.6666E7
0	8567	3548	1	3	1.6667E7
0	8571	3547	1	5	1.6668E7
0	8577	3544	1	7	1.6669E7
0	8585	3542	1	9	1.667E7
0	8595	3538	1	11	1.6671E7
0	8607	3534	1	12	1.6672E7
0	8618	3530	1	12	1.6673E7
0	8630	3526	1	12	1.6674E7
0	8642	3522	1	12	1.6675E7
0	8653	3517	1	12	1.6676E7
0	8665	3513	1	12	1.6677E7
0	8676	3508	1	12	1.6678E7
0	8688	3504	1	12	1.6679E7
0	8699	3499	1	12	1.668E7
0	8711	3494	1	12	1.6681E7
0	8722	3490	1	12	1.6682E7
0	8734	3485	1	12	1.6683E7
0	8745	3481	1	12	1.6684E7
0	8757	3476	2	12	1.6685E7
0	8768	3471	2	12	1.6686E7
0	8779	3466	2	12	1.6687E7
0	8791	3461	2	12	1.6688E7
0	8802	3455	2	12	1.6689E7
0	8813	3450	2	12	1.669E7
0	8825	3445	2	12	1.6691E7
0	8836	3440	2	12	1.6692E7
0	8846	3435	2	10	1.6693E7
0	8854	3432	2	7	1.6694E7
0	8859	3429	2	4	1.6695E7
0	8862	3428	2	2	1.6696E7
0	8864	3427	2	1	1.6697E7
0	8864	3427	2	0	1.6698E7
0	8865	3426	2	0	1.6699E7
0	8865	3426	2	0	1.67E7
0	8865	3426	2	0	1.6701E7
0	8865	3426	2	0	1.6702E7
0	8865	3426	2	0	1.6703E7
0	8865	3426	2	0	1.6704E7
0	8865	3426	2	0	1.6705E7
0	8865	3426	2	0	1.6706E7
0	8865	3426	2	0	1.6707E7
0	8865	3426	2	0	1.6708E7
0	8865	3426	2	0	1.6709E7
0	8865	3426	2	0	1.671E7
0	8865	3426	2	0	1.6711E7
0	8865	3426	2	0	1.6712E7
0	8865	3426	2	0	1.6713E7
0	8865	3426	2	0	1.6714E7
0	8865	3426	2	0	1.6715E7
0	8865	3426	2	0	1.6716E7
0	8865	3426	2	0	1.6717E7
0	8865	3426	2	0	1.6718E7
0	8865	3426	2	0	1.6719E7
0	8865	3426	2	0	1.672E7
0	8865	3426	2	0	1.6721E7
0	8865	3426	2	0	1.6722E7
0	8865	3426	2	0	1.6723E7
0	8865	3426	2	0	1.6724E7
0	8865	3426	2	0	1.6725E7
0	8865	3426	2	0	1.6726E7
0	8865	3426	2	0	1.6727E7
0	8865	3426	2	0	1.6728E7
0	8865	3426	2	0	1.6729E7
0	8865	3426	2	0	1.673E7
0	8865	3426	2	0	1.6731E7
0	8865	3426	2	0	1.6732E7
0	8865	3426	2	0	1.6733E7
0	8865	3426	2	0	1.6734E7
0	8865	3426	2	0	1.6735E7
0	8865	3426	2	0	1.6736E7
0	8865	3426	2	0	1.6737E7
0	8865	3426	2	0	1.6738E7
0	8865	3426	2	0	1.6739E7
0	8865	3426	2	0	1.674E7
0	8865	3426	2	0	1.6741E7
0	8866	3426	2	2	1.6742E7
0	8869	3424	2	4	1.6743E7
0	8873	3422	2	5	1.6744E7
0	8879	3419	2	7	1.6745E7
0	8888	3415	2	9	1.6746E7
0	8898	3411	2	11	1.6747E7
0	8909	3405	2	12	1.6748E7
0	8920	3400	2	12	1.6749E7
0	8931	3395	2	12	1.675E7
0	8942	3390	2	12	1.6751E7
0	8954	3384	2	12	1.6752E7
0	8965	3378	2	12	1.6753E7
0	8976	3373	2	12	1.6754E7
0	8986	3367	2	12	1.6755E7
0	8997	3361	2	12	1.6756E7
0	9008	3356	2	10	1.6757E7
0	9015	3352	2	7	1.6758E7
0	9020	3349	2	4	1.6759E7
0	9022	3347	2	2	1.676E7
0	9023	3347	2	0	1.6761E7
0	9023	3347	2	0	1.6762E7
0	9023	3347	2	0	1.6763E7
0	9023	3347	2	0	1.6764E7
0	9023	3347	2	0	1.6765E7
0	9023	3347	2	0	1.6766E7
0	9023	3347	2	0	1.6767E7
0	9023	3347	2	0	1.6768E7
0	9023	3347	2	0	1.6769E7
0	9023	3347	2	0	1.677E7
0	9023	3347	2	0	1.6771E7
0	9023	3347	2	0	1.6772E7
0	9023	3347	2	0	1.6773E7
0	9023	3347	2	0	1.6774E7
0	9023	3347	2	0	1.6775E7
0	9023	3347	2	0	1.6776E7
0	9023	3347	2	0	1.6777E7
0	9023	3347	2	0	1.6778E7
0	9023	3347	2	0	1.6779E7
0	9023	3347	2	0	1.678E7
0	9024	3346	2	2	1.6781E7
0	9027	3345	2	4	1.6782E7
0	9031	3342	2	6	1.6783E7
0	9037	3339	2	8	1.6784E7
0	9046	3334	2	10	1.6785E7
0	9055	3329	2	12	1.6786E7
0	9066	3323	2	12	1.6787E7
0	9077	3317	2	12	1.6788E7
0	9088	3311	2	12	1.6789E7
0	9099	3305	2	12	1.679E7
0	9109	3298	2	12	1.6791E7
0	9120	3292	2	12	1.6792E7
0	9131	3286	2	12	1.6793E7
0	9141	3279	2	12	1.6794E7
0	9152	3273	2	12	1.6795E7
0	9162	3266	2	12	1.6796E7
0	9173	3260	2	12	1.6797E7
0	9184	3254	2	12	1.6798E7
0	9194	3247	2	12	1.6799E7
0	9205	3241	2	12	1.68E7
0	9215	3234	2	12	1.6801E7
0	9226	3228	2	12	1.6802E7
0	9236	3221	2	12	1.6803E7
0	9246	3213	2	12	1.6804E7
0	9256	3206	2	12	1.6805E7
0	9266	3199	2	12	1.6806E7
0	9276	3192	2	12	1.6807E7
0	9286	3185	2	12	1.6808E7
0	9296	3177	2	12	1.6809E7
0	9306	3170	2	12	1.681E7
0	9317	3163	2	12	1.6811E7
0	9327	3156	2	12	1.6812E7
0	9337	3149	2	12	1.6813E7
0	9347	3141	2	12	1.6814E7
0	9357	3134	2	12	1.6815E7
0	9367	3127	2	12	1.6816E7
0	9377	3119	2	12	1.6817E7
0	9387	3112	2	12	1.6818E7
0	9396	3104	2	12	1.6819E7
0	9406	3097	2	12	1.682E7
0	9416	3089	2	12	1.6821E7
0	9426	3082	2	12	1.6822E7
0	9436	3074	2	12	1.6823E7
0	9445	3066	2	12	1.6824E7
0	9455	3058	2	12	1.6825E7
0	9465	3051	2	12	1.6826E7
0	9474	3043	2	12	1.6827E7
0	9484	3035	2	12	1.6828E7
0	9493	3027	2	12	1.6829E7
0	9503	3019	2	12	1.683E7
0	9512	3011	2	12	1.6831E7
0	9522	3003	2	12	1.6832E7
0	9531	2995	2	12	1.6833E7
0	9540	2988	2	9	1.6834E7
0	9546	2983	2	6	1.6835E7
0	9550	2979	2	4	1.6836E7
0	9552	2977	2	1	1.6837E7
0	9552	2977	2	0	1.6838E7
0	9552	2977	2	0	1.6839E7
0	9552	2977	2	0	1.684E7
0	9552	2977	2	0	1.6841E7
0	9552	2977	2	0	1.6842E7
0	9552	2977	2	0	1.6843E7
0	9552	2977	2	0	1.6844E7
0	9552	2977	2	0	1.6845E7
0	9552	2977	2	0	1.6846E7
0	9552	2977	2	0	1.6847E7
0	9552	2977	2	0	1.6848E7
0	9552	2977	2	0	1.6849E7
0	9552	2977	2	0	1.685E7
0	9552	2977	2	0	1.6851E7
0	9552	2977	2	0	1.6852E7
0	9552	2977	2	0	1.6853E7
0	9552	2977	2	0	1.6854E7
0	9552	2977	2	0	1.6855E7
0	9552	2977	2	0	1.6856E7
0	9553	2977	2	0	1.6857E7
0	9554	2976	2	2	1.6858E7
0	9556	2974	2	4	1.6859E7
0	9561	2970	2	6	1.686E7
0	9566	2965	2	8	1.6861E7
0	9573	2959	2	7	1.6862E7
0	9578	2955	2	5	1.6863E7
0	9581	2953	2	2	1.6864E7
0	9582	2951	2	1	1.6865E7
0	9583	2950	2	0	1.6866E7
0	9583	2950	2	0	1.6867E7
0	9583	2950	2	0	1.6868E7
0	9583	2950	2	0	1.6869E7
0	9583	2950	2	0	1.687E7
0	9583	2950	2	0	1.6871E7
0	9583	2950	2	0	1.6872E7
0	9583	2950	2	0	1.6873E7
0	9583	2950	2	0	1.6874E7
0	9583	2950	2	0	1.6875E7
0	9583	2950	2	0	1.6876E7
0	9583	2950	2	0	1.6877E7
0	9583	2950	2	0	1.6878E7
0	9583	2950	2	0	1.6879E7
0	9583	2950	2	0	1.688E7
0	9583	2950	2	0	1.6881E7
0	9585	2949	2	2	1.6882E7
0	9587	2947	2	4	1.6883E7
0	9591	2943	2	6	1.6884E7
0	9597	2938	2	8	1.6885E7
0	9604	2932	2	10	1.6886E7
0	9612	2924	2	11	1.6887E7
0	9622	2916	2	12	1.6888E7
0	9631	2908	2	12	1.6889E7
0	9640	2900	2	12	1.689E7
0	9650	2892	2	12	1.6891E7
0	9659	2884	2	12	1.6892E7
0	9668	2875	2	12	1.6893E7
0	9677	2867	2	12	1.6894E7
0	9687	2859	2	12	1.6895E7
0	9696	2851	2	12	1.6896E7
0	9705	2843	2	12	1.6897E7
0	9715	2835	2	12	1.6898E7
0	9725	2827	2	12	1.6899E7
0	9734	2819	2	12	1.69E7
0	9743	2811	2	12	1.6901E7
0	9753	2803	2	12	1.6902E7
0	9762	2795	2	12	1.6903E7
0	9771	2787	2	12	1.6904E7
0	9781	2779	2	12	1.6905E7
0	9790	2771	2	12	1.6906E7
0	9799	2762	2	12	1.6907E7
0	9809	2754	2	12	1.6908E7
0	9818	2746	2	12	1.6909E7
0	9828	2738	2	12	1.691E7
0	9837	2730	2	12	1.6911E7
0	9846	2722	2	12	1.6912E7
0	9856	2714	2	12	1.6913E7
0	9865	2706	2	12	1.6914E7
0	9875	2698	2	12	1.6915E7
0	9884	2690	2	12	1.6916E7
0	9893	2682	2	12	1.6917E7
0	9903	2674	2	12	1.6918E7
0	9912	2665	2	12	1.6919E7
0	9921	2657	2	11	1.692E7
0	9929	2651	2	8	1.6921E7
0	9934	2646	2	5	1.6922E7
0	9937	2643	2	3	1.6923E7
0	9939	2642	2	0	1.6924E7
0	9939	2642	2	0	1.6925E7
0	9939	2642	2	0	1.6926E7
0	9939	2642	2	0	1.6927E7
0	9939	2642	2	0	1.6928E7
0	9939	2642	2	0	1.6929E7
0	9939	2642	2	0	1.693E7
0	9939	2642	2	0	1.6931E7
0	9939	2642	2	0	1.6932E7
0	9939	2642	2	0	1.6933E7
0	9939	2642	2	0	1.6934E7
0	9939	2642	2	0	1.6935E7
0	9939	2642	2	0	1.6936E7
0	9939	2642	2	0	1.6937E7
0	9939	2642	2	0	1.6938E7
0	9939	2642	2	0	1.6939E7
0	9939	2642	2	0	1.694E7
0	9939	2642	2	0	1.6941E7
0	9939	2642	2	0	1.6942E7
0	9939	2642	2	0	1.6943E7
0	9939	2642	2	1	1.6944E7
0	9941	2640	2	3	1.6945E7
0	9944	2637	2	5	1.6946E7
0	9949	2633	2	7	1.6947E7
0	9955	2627	2	9	1.6948E7
0	9963	2620	2	11	1.6949E7
0	9972	2612	2	12	1.695E7
0	9981	2604	2	12	1.6951E7
0	9990	2596	2	11	1.6952E7
0	9998	2589	2	10	1.6953E7
0	10006	2581	2	12	1.6954E7
0	10015	2573	2	12	1.6955E7
0	10025	2565	2	12	1.6956E7
0	10034	2557	2	12	1.6957E7
0	10043	2549	2	12	1.6958E7
0	10053	2540	2	12	1.6959E7
0	10062	2532	2	12	1.696E7
0	10072	2524	2	12	1.6961E7
0	10081	2516	2	12	1.6962E7
0	10090	2508	2	12	1.6963E7
0	10099	2500	2	12	1.6964E7
0	10109	2492	2	12	1.6965E7
0	10118	2484	2	12	1.6966E7
0	10127	2476	2	12	1.6967E7
0	10137	2467	2	12	1.6968E7
0	10146	2459	2	12	1.6969E7
0	10156	2451	2	12	1.697E7
0	10165	2443	2	12	1.6971E7
0	10174	2435	2	12	1.6972E7
0	10184	2427	2	12	1.6973E7
0	10193	2419	2	12	1.6974E7
0	10202	2411	2	12	1.6975E7
0	10212	2403	2	12	1.6976E7
0	10221	2395	2	12	1.6977E7
0	10230	2387	2	12	1.6978E7
0	10240	2379	2	12	1.6979E7
0	10249	2370	2	12	1.698E7
0	10258	2363	2	10	1.6981E7
0	10264	2357	2	7	1.6982E7
0	10268	2354	2	4	1.6983E7
0	10271	2352	2	2	1.6984E7
0	10272	2351	2	1	1.6985E7
0	10273	2350	2	0	1.6986E7
0	10273	2350	2	0	1.6987E7
0	10273	2350	2	0	1.6988E7
0	10273	2350	2	0	1.6989E7
0	10273	2350	2	0	1.699E7
0	10273	2350	2	0	1.6991E7
0	10273	2350	2	0	1.6992E7
0	10273	2350	2	0	1.6993E7
0	10273	2350	2	0	1.6994E7
0	10273	2350	2	0	1.6995E7
0	10273	2350	2	0	1.6996E7
0	10273	2350	2	0	1.6997E7
0	10273	2350	2	0	1.6998E7
0	10273	2350	2	0	1.6999E7
0	10273	2350	2	0	1.7E7
0	10273	2350	2	0	1.7001E7
0	10273	2350	2	0	1.7002E7
0	10273	2350	2	0	1.7003E7
0	10273	2350	2	0	1.7004E7
0	10273	2350	2	0	1.7005E7
0	10273	2350	2	0	1.7006E7
0	10273	2350	2	0	1.7007E7
0	10273	2350	2	0	1.7008E7
0	10273	2350	2	0	1.7009E7
0	10273	2350	2	0	1.701E7
0	10273	2350	2	0	1.7011E7
0	10274	2349	2	2	1.7012E7
0	10277	2346	2	4	1.7013E7
0	10281	2343	2	6	1.7014E7
0	10287	2338	2	8	1.7015E7
0	10295	2331	2	10	1.7016E7
0	10303	2323	2	12	1.7017E7
0	10312	2315	2	12	1.7018E7
0	10321	2307	2	10	1.7019E7
0	10328	2301	2	7	1.702E7
0	10332	2297	2	4	1.7021E7
0	10335	2294	2	2	1.7022E7
0	10336	2294	2	0	1.7023E7
0	10336	2294	2	0	1.7024E7
0	10336	2294	2	0	1.7025E7
0	10336	2294	2	0	1.7026E7
0	10336	2294	2	0	1.7027E7
0	10336	2294	2	0	1.7028E7
0	10336	2294	2	0	1.7029E7
0	10336	2294	2	0	1.703E7
0	10336	2294	2	0	1.7031E7
0	10336	2294	2	0	1.7032E7
0	10336	2294	2	0	1.7033E7
0	10336	2294	2	0	1.7034E7
0	10336	2294	2	0	1.7035E7
0	10336	2294	2	0	1.7036E7
0	10336	2294	2	0	1.7037E7
0	10336	2294	2	0	1.7038E7
0	10336	2294	2	0	1.7039E7
0	10336	2294	2	0	1.704E7
0	10336	2294	2	0	1.7041E7
0	10336	2294	2	0	1.7042E7
0	10336	2293	2	1	1.7043E7
0	10339	2291	2	3	1.7044E7
0	10342	2288	2	5	1.7045E7
0	10348	2283	2	7	1.7046E7
0	10354	2277	2	9	1.7047E7
0	10363	2270	2	11	1.7048E7
0	10372	2262	2	12	1.7049E7
0	10381	2254	2	12	1.705E7
0	10390	2246	2	12	1.7051E7
0	10399	2238	2	12	1.7052E7
0	10408	2229	2	12	1.7053E7
0	10418	2221	2	12	1.7054E7
0	10427	2213	2	12	1.7055E7
0	10436	2205	2	12	1.7056E7
0	10446	2197	2	12	1.7057E7
0	10455	2189	2	12	1.7058E7
0	10464	2181	2	12	1.7059E7
0	10473	2173	2	12	1.706E7
0	10483	2164	2	12	1.7061E7
0	10492	2156	2	12	1.7062E7
0	10501	2148	2	12	1.7063E7
0	10511	2140	2	12	1.7064E7
0	10520	2132	2	12	1.7065E7
0	10529	2124	2	12	1.7066E7
0	10539	2116	2	12	1.7067E7
0	10548	2108	2	12	1.7068E7
0	10558	2100	2	12	1.7069E7
0	10567	2092	2	12	1.707E7
0	10576	2084	2	12	1.7071E7
0	10586	2076	2	12	1.7072E7
0	10595	2068	2	12	1.7073E7
0	10605	2060	2	12	1.7074E7
0	10614	2052	2	12	1.7075E7
0	10624	2044	2	12	1.7076E7
0	10634	2037	2	12	1.7077E7
0	10643	2029	2	12	1.7078E7
0	10653	2022	2	12	1.7079E7
0	10663	2014	2	12	1.708E7
0	10673	2006	2	12	1.7081E7
0	10682	1999	2	12	1.7082E7
0	10692	1991	2	12	1.7083E7
0	10702	1984	2	12	1.7084E7
0	10710	1978	2	12	1.7085E7
0	10719	1981	1	12	1.7086E7
0	10732	1984	1	12	1.7087E7
0	10746	1981	1	12	1.7088E7
0	10756	1974	2	12	1.7089E7
0	10766	1965	2	12	1.709E7
0	10773	1954	2	12	1.7091E7
0	10776	1941	3	12	1.7092E7
0	10773	1928	3	10	1.7093E7
0	10768	1919	4	7	1.7094E7
0	10764	1914	4	4	1.7095E7
0	10761	1911	4	4	1.7096E7
0	10757	1907	4	6	1.7097E7
0	10749	1903	4	8	1.7098E7
0	10739	1902	5	10	1.7099E7
0	10727	1902	5	12	1.71E7
0	10714	1907	6	12	1.7101E7
0	10704	1902	4	12	1.7102E7
0	10696	1893	4	12	1.7103E7
0	10688	1884	4	12	1.7104E7
0	10680	1874	4	12	1.7105E7
0	10672	1865	4	12	1.7106E7
0	10664	1855	4	12	1.7107E7
0	10656	1846	4	12	1.7108E7
0	10648	1836	4	12	1.7109E7
0	10640	1827	4	12	1.711E7
0	10631	1818	4	12	1.7111E7
0	10622	1810	4	12	1.7112E7
0	10613	1801	4	12	1.7113E7
0	10604	1793	4	12	1.7114E7
0	10594	1786	4	12	1.7115E7
0	10583	1780	4	12	1.7116E7
0	10572	1775	4	12	1.7117E7
0	10560	1770	4	12	1.7118E7
0	10549	1765	4	12	1.7119E7
0	10538	1760	4	12	1.712E7
0	10527	1755	4	12	1.7121E7
0	10515	1749	4	12	1.7122E7
0	10504	1744	4	12	1.7123E7
0	10492	1739	4	12	1.7124E7
0	10481	1735	5	12	1.7125E7
0	10469	1730	5	12	1.7126E7
0	10458	1725	5	12	1.7127E7
0	10446	1721	5	12	1.7128E7
0	10434	1717	5	12	1.7129E7
0	10422	1714	5	12	1.713E7
0	10410	1714	5	12	1.7131E7
0	10397	1713	5	12	1.7132E7
0	10385	1716	5	12	1.7133E7
0	10374	1722	6	12	1.7134E7
0	10364	1729	6	12	1.7135E7
0	10355	1738	6	12	1.7136E7
0	10345	1746	6	12	1.7137E7
0	10336	1754	6	12	1.7138E7
0	10326	1762	6	12	1.7139E7
0	10317	1770	6	12	1.714E7
0	10308	1778	6	12	1.7141E7
0	10298	1787	6	12	1.7142E7
0	10289	1795	6	12	1.7143E7
0	10280	1803	6	12	1.7144E7
0	10271	1812	6	12	1.7145E7
0	10262	1820	6	12	1.7146E7
0	10253	1829	6	12	1.7147E7
0	10244	1837	6	12	1.7148E7
0	10235	1845	6	12	1.7149E7
0	10226	1854	6	12	1.715E7
0	10216	1862	6	12	1.7151E7
0	10207	1870	6	12	1.7152E7
0	10198	1879	6	12	1.7153E7
0	10189	1887	6	12	1.7154E7
0	10180	1896	6	12	1.7155E7
0	10171	1904	6	12	1.7156E7
0	10163	1912	6	9	1.7157E7
0	10157	1917	6	6	1.7158E7
0	10153	1920	6	4	1.7159E7
0	10151	1922	6	1	1.716E7
0	10151	1923	6	0	1.7161E7
0	10151	1923	6	0	1.7162E7
0	10151	1923	6	0	1.7163E7
0	10151	1923	6	0	1.7164E7
0	10151	1923	6	0	1.7165E7
0	10151	1923	6	0	1.7166E7
0	10151	1923	6	0	1.7167E7
0	10151	1923	6	0	1.7168E7
0	10151	1923	6	0	1.7169E7
0	10151	1923	6	0	1.717E7
0	10151	1923	6	0	1.7171E7
0	10151	1923	6	0	1.7172E7
0	10151	1923	6	0	1.7173E7
0	10151	1923	6	0	1.7174E7
0	10151	1923	6	0	1.7175E7
0	10151	1923	6	0	1.7176E7
0	10151	1923	6	0	1.7177E7
0	10151	1923	6	0	1.7178E7
0	10151	1923	6	0	1.7179E7
0	10151	1923	6	0	1.718E7
0	10149	1924	6	2	1.7181E7
0	10147	1926	6	4	1.7182E7
0	10143	1930	6	6	1.7183E7
0	10137	1935	6	8	1.7184E7
0	10130	1941	6	10	1.7185E7
0	10121	1949	6	12	1.7186E7
0	10112	1957	6	12	1.7187E7
0	10103	1966	6	12	1.7188E7
0	10094	1974	6	12	1.7189E7
0	10085	1983	6	12	1.719E7
0	10076	1991	6	12	1.7191E7
0	10067	1999	6	12	1.7192E7
0	10058	2008	6	12	1.7193E7
0	10049	2016	6	12	1.7194E7
0	10040	2024	6	11	1.7195E7
0	10033	2031	6	8	1.7196E7
0	10028	2035	6	5	1.7197E7
0	10025	2038	6	3	1.7198E7
0	10024	2040	6	1	1.7199E7
0	10023	2040	6	0	1.72E7
0	10023	2041	6	0	1.7201E7
0	10021	2042	6	2	1.7202E7
0	10018	2044	6	4	1.7203E7
0	10014	2048	6	6	1.7204E7
0	10009	2053	6	8	1.7205E7
0	10002	2060	6	10	1.7206E7
0	9993	2068	6	12	1.7207E7
0	9984	2076	6	12	1.7208E7
0	9975	2084	6	12	1.7209E7
0	9966	2093	6	12	1.721E7
0	9957	2101	6	12	1.7211E7
0	9949	2111	6	12	1.7212E7
0	9942	2121	6	12	1.7213E7
0	9934	2131	6	12	1.7214E7
0	9927	2139	6	12	1.7215E7
0	9916	2136	5	12	1.7216E7
0	9903	2136	5	12	1.7217E7
0	9892	2144	6	12	1.7218E7
0	9882	2143	5	12	1.7219E7
0	9871	2137	4	12	1.722E7
0	9860	2131	4	12	1.7221E7
0	9848	2127	5	12	1.7222E7
0	9837	2122	5	12	1.7223E7
0	9825	2121	5	12	1.7224E7
0	9812	2123	5	12	1.7225E7
0	9800	2124	5	12	1.7226E7
0	9788	2126	5	12	1.7227E7
0	9775	2128	5	12	1.7228E7
0	9763	2131	5	12	1.7229E7
0	9751	2134	5	12	1.723E7
0	9740	2138	5	12	1.7231E7
0	9728	2142	5	12	1.7232E7
0	9716	2147	5	12	1.7233E7
0	9704	2152	6	12	1.7234E7
0	9693	2157	6	12	1.7235E7
0	9682	2163	6	12	1.7236E7
0	9672	2170	6	12	1.7237E7
0	9662	2176	6	12	1.7238E7
0	9651	2183	6	12	1.7239E7
0	9641	2190	6	12	1.724E7
0	9631	2197	6	12	1.7241E7
0	9620	2204	6	12	1.7242E7
0	9610	2211	6	12	1.7243E7
0	9600	2218	6	12	1.7244E7
0	9590	2226	6	12	1.7245E7
0	9580	2233	6	12	1.7246E7
0	9572	2240	6	9	1.7247E7
0	9565	2245	6	6	1.7248E7
0	9561	2248	6	4	1.7249E7
0	9559	2250	6	2	1.725E7
0	9557	2251	6	1	1.7251E7
0	9557	2251	6	0	1.7252E7
0	9557	2252	6	0	1.7253E7
0	9557	2252	6	0	1.7254E7
0	9557	2252	6	0	1.7255E7
0	9557	2252	6	0	1.7256E7
0	9557	2252	6	0	1.7257E7
0	9557	2252	6	0	1.7258E7
0	9557	2252	6	0	1.7259E7
0	9557	2252	6	0	1.726E7
0	9557	2252	6	0	1.7261E7
0	9557	2252	6	0	1.7262E7
0	9557	2252	6	0	1.7263E7
0	9557	2252	6	0	1.7264E7
0	9557	2252	6	0	1.7265E7
0	9557	2252	6	0	1.7266E7
0	9557	2252	6	0	1.7267E7
0	9557	2252	6	0	1.7268E7
0	9557	2252	6	0	1.7269E7
0	9557	2252	6	0	1.727E7
0	9557	2252	6	0	1.7271E7
0	9557	2252	6	0	1.7272E7
0	9557	2252	6	0	1.7273E7
0	9557	2252	6	0	1.7274E7
0	9557	2252	6	0	1.7275E7
0	9557	2252	6	0	1.7276E7
0	9557	2252	6	0	1.7277E7
0	9557	2252	6	0	1.7278E7
0	9557	2252	6	0	1.7279E7
0	9557	2252	6	0	1.728E7
0	9557	2252	6	0	1.7281E7
0	9556	2253	6	2	1.7282E7
0	9553	2255	6	4	1.7283E7
0	9549	2259	6	6	1.7284E7
0	9544	2264	6	8	1.7285E7
0	9537	2271	6	10	1.7286E7
0	9530	2279	6	12	1.7287E7
0	9523	2287	6	9	1.7288E7
0	9518	2293	6	6	1.7289E7
0	9515	2297	6	3	1.729E7
0	9513	2299	6	1	1.7291E7
0	9513	2299	6	0	1.7292E7
0	9513	2299	6	0	1.7293E7
0	9513	2299	6	0	1.7294E7
0	9513	2299	6	0	1.7295E7
0	9513	2299	6	0	1.7296E7
0	9513	2299	6	0	1.7297E7
0	9513	2299	6	0	1.7298E7
0	9513	2299	6	0	1.7299E7
0	9513	2299	6	0	1.73E7
0	9513	2299	6	0	1.7301E7
0	9513	2299	6	0	1.7302E7
0	9513	2299	6	0	1.7303E7
0	9513	2299	6	0	1.7304E7
0	9513	2299	6	0	1.7305E7
0	9513	2299	6	0	1.7306E7
0	9513	2299	6	0	1.7307E7
0	9513	2299	6	0	1.7308E7
0	9513	2299	6	0	1.7309E7
0	9513	2299	6	0	1.731E7
0	9513	2299	6	0	1.7311E7
0	9512	2301	6	2	1.7312E7
0	9509	2304	6	4	1.7313E7
0	9506	2308	6	6	1.7314E7
0	9501	2314	6	8	1.7315E7
0	9496	2322	6	10	1.7316E7
0	9489	2331	6	12	1.7317E7
0	9482	2341	6	12	1.7318E7
0	9474	2351	6	12	1.7319E7
0	9467	2361	6	12	1.732E7
0	9460	2371	6	12	1.7321E7
0	9452	2381	6	12	1.7322E7
0	9445	2391	6	12	1.7323E7
0	9437	2401	6	12	1.7324E7
0	9430	2411	6	12	1.7325E7
0	9423	2421	6	12	1.7326E7
0	9415	2430	6	12	1.7327E7
0	9408	2440	6	12	1.7328E7
0	9400	2450	6	12	1.7329E7
0	9392	2459	6	12	1.733E7
0	9384	2468	6	12	1.7331E7
0	9375	2478	6	12	1.7332E7
0	9367	2487	6	12	1.7333E7
0	9357	2495	6	12	1.7334E7
0	9348	2502	6	12	1.7335E7
0	9338	2509	6	12	1.7336E7
0	9328	2516	6	10	1.7337E7
0	9322	2521	6	7	1.7338E7
0	9317	2525	6	4	1.7339E7
0	9314	2527	6	2	1.734E7
0	9313	2528	6	1	1.7341E7
0	9312	2528	6	0	1.7342E7
0	9312	2528	6	0	1.7343E7
0	9312	2529	6	0	1.7344E7
0	9312	2529	6	0	1.7345E7
0	9312	2529	6	0	1.7346E7
0	9312	2529	6	0	1.7347E7
0	9312	2529	6	0	1.7348E7
0	9312	2529	6	0	1.7349E7
0	9312	2529	6	0	1.735E7
0	9312	2529	6	0	1.7351E7
0	9312	2529	6	0	1.7352E7
0	9312	2529	6	0	1.7353E7
0	9312	2529	6	0	1.7354E7
0	9312	2529	6	0	1.7355E7
0	9312	2529	6	0	1.7356E7
0	9312	2529	6	0	1.7357E7
0	9312	2529	6	0	1.7358E7
0	9312	2529	6	0	1.7359E7
0	9312	2529	6	0	1.736E7
0	9312	2529	6	0	1.7361E7
0	9311	2530	6	2	1.7362E7
0	9308	2531	6	4	1.7363E7
0	9303	2534	6	6	1.7364E7
0	9298	2538	6	7	1.7365E7
0	9290	2543	6	9	1.7366E7
0	9281	2549	6	11	1.7367E7
0	9271	2555	6	12	1.7368E7
0	9260	2562	6	12	1.7369E7
0	9250	2567	6	9	1.737E7
0	9244	2571	6	6	1.7371E7
0	9239	2574	6	4	1.7372E7
0	9237	2575	6	1	1.7373E7
0	9237	2575	6	0	1.7374E7
0	9237	2575	6	0	1.7375E7
0	9237	2575	6	0	1.7376E7
0	9237	2575	6	0	1.7377E7
0	9237	2575	6	0	1.7378E7
0	9237	2575	6	0	1.7379E7
0	9237	2575	6	0	1.738E7
0	9237	2575	6	0	1.7381E7
0	9237	2575	6	0	1.7382E7
0	9237	2575	6	0	1.7383E7
0	9237	2575	6	0	1.7384E7
0	9237	2575	6	0	1.7385E7
0	9237	2575	6	0	1.7386E7
0	9237	2575	6	0	1.7387E7
0	9237	2575	6	0	1.7388E7
0	9237	2575	6	0	1.7389E7
0	9237	2575	6	0	1.739E7
0	9237	2575	6	0	1.7391E7
0	9237	2575	6	0	1.7392E7
0	9237	2575	6	0	1.7393E7
0	9235	2576	6	2	1.7394E7
0	9232	2578	6	4	1.7395E7
0	9227	2581	6	6	1.7396E7
0	9221	2584	6	8	1.7397E7
0	9214	2592	6	10	1.7398E7
0	9205	2597	6	11	1.7399E7
0	9194	2603	6	12	1.74E7
0	9183	2609	6	12	1.7401E7
0	9172	2615	6	12	1.7402E7
0	9162	2621	6	12	1.7403E7
0	9151	2627	6	12	1.7404E7
0	9140	2634	6	12	1.7405E7
0	9129	2640	6	12	1.7406E7
0	9119	2646	6	12	1.7407E7
0	9108	2652	6	12	1.7408E7
0	9097	2658	6	12	1.7409E7
0	9087	2664	6	12	1.741E7
0	9076	2670	6	11	1.7411E7
0	9067	2675	6	8	1.7412E7
0	9061	2679	6	5	1.7413E7
0	9057	2682	6	3	1.7414E7
0	9055	2683	6	1	1.7415E7
0	9054	2683	6	0	1.7416E7
0	9054	2684	6	0	1.7417E7
0	9054	2684	6	0	1.7418E7
0	9054	2684	6	0	1.7419E7
0	9054	2684	6	0	1.742E7
0	9054	2684	6	0	1.7421E7
0	9054	2684	6	0	1.7422E7
0	9052	2685	6	2	1.7423E7
0	9049	2687	6	4	1.7424E7
0	9045	2689	6	6	1.7425E7
0	9039	2693	6	8	1.7426E7
0	9029	2695	5	10	1.7427E7
0	9019	2700	6	12	1.7428E7
0	9008	2707	6	12	1.7429E7
0	8998	2713	6	12	1.743E7
0	8987	2719	6	12	1.7431E7
0	8976	2725	6	12	1.7432E7
0	8966	2731	6	12	1.7433E7
0	8955	2738	6	12	1.7434E7
0	8944	2744	6	12	1.7435E7
0	8934	2750	6	11	1.7436E7
0	8926	2755	6	8	1.7437E7
0	8920	2758	6	5	1.7438E7
0	8917	2760	6	3	1.7439E7
0	8916	2761	6	0	1.744E7
0	8916	2761	6	0	1.7441E7
0	8916	2761	6	0	1.7442E7
0	8916	2761	6	0	1.7443E7
0	8916	2761	6	0	1.7444E7
0	8916	2761	6	0	1.7445E7
0	8916	2761	6	0	1.7446E7
0	8916	2761	6	0	1.7447E7
0	8916	2761	6	0	1.7448E7
0	8916	2761	6	0	1.7449E7
0	8916	2761	6	0	1.745E7
0	8916	2761	6	0	1.7451E7
0	8916	2761	6	0	1.7452E7
0	8916	2761	6	0	1.7453E7
0	8916	2761	6	0	1.7454E7
0	8916	2761	6	0	1.7455E7
0	8916	2761	6	0	1.7456E7
0	8916	2761	6	0	1.7457E7
0	8916	2761	6	0	1.7458E7
0	8916	2761	6	0	1.7459E7
0	8915	2761	6	1	1.746E7
0	8912	2762	6	3	1.7461E7
0	8908	2765	6	5	1.7462E7
0	8902	2768	6	7	1.7463E7
0	8894	2773	6	9	1.7464E7
0	8885	2778	6	11	1.7465E7
0	8875	2784	6	12	1.7466E7
0	8864	2791	6	12	1.7467E7
0	8853	2797	6	12	1.7468E7
0	8843	2804	6	12	1.7469E7
0	8832	2810	6	12	1.747E7
0	8822	2816	6	12	1.7471E7
0	8811	2823	6	12	1.7472E7
0	8801	2829	6	12	1.7473E7
0	8790	2836	6	12	1.7474E7
0	8779	2842	6	12	1.7475E7
0	8769	2848	6	12	1.7476E7
0	8758	2855	6	12	1.7477E7
0	8748	2861	6	12	1.7478E7
0	8737	2868	6	12	1.7479E7
0	8727	2874	6	12	1.748E7
0	8716	2880	6	12	1.7481E7
0	8706	2887	6	12	1.7482E7
0	8695	2893	6	12	1.7483E7
0	8684	2900	6	12	1.7484E7
0	8674	2906	6	12	1.7485E7
0	8663	2912	6	12	1.7486E7
0	8652	2918	6	12	1.7487E7
0	8642	2924	6	12	1.7488E7
0	8631	2931	6	12	1.7489E7
0	8620	2937	6	12	1.749E7
0	8609	2943	6	12	1.7491E7
0	8599	2949	6	12	1.7492E7
0	8588	2955	6	12	1.7493E7
0	8577	2962	6	12	1.7494E7
0	8567	2968	6	12	1.7495E7
0	8556	2975	6	12	1.7496E7
0	8546	2981	6	12	1.7497E7
0	8535	2988	6	12	1.7498E7
0	8525	2994	6	12	1.7499E7
0	8514	3001	6	12	1.75E7
0	8504	3007	6	12	1.7501E7
0	8495	3014	6	9	1.7502E7
0	8489	3018	6	6	1.7503E7
0	8484	3020	6	3	1.7504E7
0	8482	3022	6	0	1.7505E7
0	8482	3022	6	0	1.7506E7
0	8482	3022	6	0	1.7507E7
0	8482	3022	6	0	1.7508E7
0	8482	3022	6	0	1.7509E7
0	8482	3022	6	0	1.751E7
0	8482	3022	6	0	1.7511E7
0	8482	3022	6	0	1.7512E7
0	8482	3022	6	0	1.7513E7
0	8482	3022	6	0	1.7514E7
0	8482	3022	6	0	1.7515E7
0	8482	3022	6	0	1.7516E7
0	8482	3022	6	0	1.7517E7
0	8482	3022	6	0	1.7518E7
0	8482	3022	6	0	1.7519E7
0	8482	3022	6	0	1.752E7
0	8482	3022	6	0	1.7521E7
0	8482	3022	6	0	1.7522E7
0	8482	3022	6	0	1.7523E7
0	8482	3022	6	0	1.7524E7
0	8482	3022	6	0	1.7525E7
0	8481	3023	6	2	1.7526E7
0	8477	3025	6	4	1.7527E7
0	8472	3028	6	6	1.7528E7
0	8465	3033	6	8	1.7529E7
0	8457	3038	6	11	1.753E7
0	8446	3044	6	11	1.7531E7
0	8438	3049	6	8	1.7532E7
0	8432	3053	6	5	1.7533E7
0	8428	3055	6	3	1.7534E7
0	8426	3056	6	1	1.7535E7
0	8425	3057	6	0	1.7536E7
0	8424	3057	6	0	1.7537E7
0	8424	3057	6	0	1.7538E7
0	8424	3057	6	0	1.7539E7
0	8424	3057	6	0	1.754E7
0	8424	3057	6	0	1.7541E7
0	8424	3057	6	0	1.7542E7
0	8424	3057	6	0	1.7543E7
0	8424	3057	6	0	1.7544E7
0	8424	3057	6	0	1.7545E7
0	8424	3057	6	0	1.7546E7
0	8424	3057	6	0	1.7547E7
0	8424	3057	6	0	1.7548E7
0	8424	3057	6	0	1.7549E7
0	8424	3057	6	0	1.755E7
0	8424	3057	6	0	1.7551E7
0	8423	3058	6	2	1.7552E7
0	8419	3058	5	4	1.7553E7
0	8417	3053	4	6	1.7554E7
0	8413	3047	4	8	1.7555E7
0	8408	3039	4	10	1.7556E7
0	8403	3028	4	12	1.7557E7
0	8399	3017	3	12	1.7558E7
0	8394	3005	3	12	1.7559E7
0	8390	2994	3	12	1.756E7
0	8386	2982	3	12	1.7561E7
0	8382	2970	3	12	1.7562E7
0	8378	2958	3	12	1.7563E7
0	8375	2947	3	12	1.7564E7
0	8371	2935	3	12	1.7565E7
0	8367	2923	3	12	1.7566E7
0	8364	2911	3	12	1.7567E7
0	8360	2899	3	12	1.7568E7
0	8356	2888	3	12	1.7569E7
0	8353	2876	3	12	1.757E7
0	8349	2864	3	12	1.7571E7
0	8345	2852	3	12	1.7572E7
0	8341	2841	3	12	1.7573E7
0	8336	2829	4	12	1.7574E7
0	8331	2818	4	12	1.7575E7
0	8325	2807	4	12	1.7576E7
0	8320	2796	4	12	1.7577E7
0	8314	2786	4	10	1.7578E7
0	8311	2778	4	7	1.7579E7
0	8308	2773	4	4	1.758E7
0	8306	2770	4	2	1.7581E7
0	8306	2770	4	0	1.7582E7
0	8306	2770	4	0	1.7583E7
0	8306	2770	4	0	1.7584E7
0	8306	2770	4	0	1.7585E7
0	8306	2770	4	0	1.7586E7
0	8306	2770	4	0	1.7587E7
0	8306	2770	4	0	1.7588E7
0	8306	2770	4	0	1.7589E7
0	8306	2770	4	0	1.759E7
0	8306	2770	4	0	1.7591E7
0	8306	2770	4	0	1.7592E7
0	8306	2770	4	0	1.7593E7
0	8306	2770	4	0	1.7594E7
0	8306	2770	4	0	1.7595E7
0	8306	2770	4	0	1.7596E7
0	8306	2770	4	0	1.7597E7
0	8306	2770	4	0	1.7598E7
0	8306	2770	4	0	1.7599E7
0	8306	2770	4	0	1.76E7
0	8306	2770	4	0	1.7601E7
0	8305	2769	4	2	1.7602E7
0	8301	2767	4	4	1.7603E7
0	8298	2763	4	6	1.7604E7
0	8294	2757	4	8	1.7605E7
0	8289	2749	4	9	1.7606E7
0	8284	2740	4	9	1.7607E7
0	8279	2733	4	6	1.7608E7
0	8277	2728	4	4	1.7609E7
0	8277	2723	3	4	1.761E7
0	8281	2717	3	6	1.7611E7
0	8289	2713	2	8	1.7612E7
0	8298	2712	1	10	1.7613E7
0	8309	2709	1	12	1.7614E7
0	8319	2703	2	12	1.7615E7
0	8328	2695	2	12	1.7616E7
0	8332	2684	3	12	1.7617E7
0	8327	2674	4	12	1.7618E7
0	8321	2667	4	8	1.7619E7
0	8315	2663	4	6	1.762E7
0	8311	2663	5	3	1.7621E7
0	8307	2662	5	5	1.7622E7
0	8301	2663	5	7	1.7623E7
0	8293	2667	6	9	1.7624E7
0	8285	2673	6	11	1.7625E7
0	8274	2679	6	13	1.7626E7
0	8262	2686	6	13	1.7627E7
0	8250	2693	6	14	1.7628E7
0	8237	2700	6	14	1.7629E7
0	8224	2707	6	14	1.763E7
0	8209	2712	6	14	1.7631E7
0	8196	2719	6	14	1.7632E7
0	8183	2726	6	14	1.7633E7
0	8170	2733	6	14	1.7634E7
0	8157	2741	6	14	1.7635E7
0	8144	2748	6	14	1.7636E7
0	8131	2755	6	14	1.7637E7
0	8118	2763	6	14	1.7638E7
0	8105	2770	6	14	1.7639E7
0	8092	2777	6	14	1.764E7
0	8079	2784	6	14	1.7641E7
0	8069	2791	6	10	1.7642E7
0	8062	2796	6	7	1.7643E7
0	8057	2800	6	5	1.7644E7
0	8053	2802	6	2	1.7645E7
0	8053	2803	6	0	1.7646E7
0	8053	2803	6	0	1.7647E7
0	8053	2803	6	0	1.7648E7
0	8053	2803	6	0	1.7649E7
0	8053	2803	6	0	1.765E7
0	8053	2803	6	0	1.7651E7
0	8053	2803	6	0	1.7652E7
0	8053	2803	6	0	1.7653E7
0	8053	2803	6	0	1.7654E7
0	8053	2803	6	0	1.7655E7
0	8053	2803	6	0	1.7656E7
0	8053	2803	6	0	1.7657E7
0	8053	2803	6	0	1.7658E7
0	8053	2803	6	0	1.7659E7
0	8053	2803	6	0	1.766E7
0	8053	2803	6	0	1.7661E7
0	8053	2803	6	0	1.7662E7
0	8053	2803	6	0	1.7663E7
0	8053	2803	6	0	1.7664E7
0	8053	2803	6	0	1.7665E7
0	8052	2803	6	1	1.7666E7
0	8050	2805	6	3	1.7667E7
0	8046	2808	6	5	1.7668E7
0	8040	2812	6	7	1.7669E7
0	8033	2817	6	9	1.767E7
0	8025	2823	6	11	1.7671E7
0	8015	2831	6	13	1.7672E7
0	8003	2839	6	14	1.7673E7
0	7991	2848	6	14	1.7674E7
0	7979	2857	6	14	1.7675E7
0	7967	2865	6	14	1.7676E7
0	7954	2873	6	14	1.7677E7
0	7942	2882	6	14	1.7678E7
0	7929	2890	6	14	1.7679E7
0	7916	2896	6	14	1.768E7
0	7902	2902	6	14	1.7681E7
0	7888	2908	5	14	1.7682E7
0	7875	2913	5	14	1.7683E7
0	7861	2918	5	14	1.7684E7
0	7847	2924	5	14	1.7685E7
0	7834	2928	5	14	1.7686E7
0	7820	2932	5	14	1.7687E7
0	7806	2936	5	14	1.7688E7
0	7791	2936	5	14	1.7689E7
0	7778	2932	5	14	1.769E7
0	7768	2922	4	14	1.7691E7
0	7767	2907	3	14	1.7692E7
0	7772	2894	2	14	1.7693E7
0	7782	2882	2	14	1.7694E7
0	7792	2872	2	14	1.7695E7
0	7803	2861	2	14	1.7696E7
0	7813	2850	2	14	1.7697E7
0	7823	2840	2	14	1.7698E7
0	7833	2829	2	13	1.7699E7
0	7842	2821	2	10	1.77E7
0	7848	2814	2	7	1.7701E7
0	7852	2810	2	4	1.7702E7
0	7855	2808	2	2	1.7703E7
0	7855	2807	2	0	1.7704E7
0	7855	2807	2	0	1.7705E7
0	7855	2807	2	0	1.7706E7
0	7855	2807	2	0	1.7707E7
0	7855	2807	2	0	1.7708E7
0	7855	2807	2	0	1.7709E7
0	7855	2807	2	0	1.771E7
0	7855	2807	2	0	1.7711E7
0	7855	2807	2	0	1.7712E7
0	7855	2807	2	0	1.7713E7
0	7855	2807	2	0	1.7714E7
0	7855	2807	2	0	1.7715E7
0	7855	2807	2	0	1.7716E7
0	7855	2807	2	0	1.7717E7
0	7855	2807	2	0	1.7718E7
0	7855	2807	2	0	1.7719E7
0	7855	2807	2	0	1.772E7
0	7855	2807	2	0	1.7721E7
0	7855	2807	2	0	1.7722E7
0	7855	2807	2	0	1.7723E7
0	7856	2807	2	1	1.7724E7
0	7858	2805	2	3	1.7725E7
0	7861	2801	2	5	1.7726E7
0	7866	2797	2	7	1.7727E7
0	7873	2792	2	9	1.7728E7
0	7876	2786	2	11	1.7729E7
0	7887	2780	2	13	1.773E7
0	7900	2775	1	14	1.7731E7
0	7914	2770	1	14	1.7732E7
0	7929	2765	1	14	1.7733E7
0	7943	2760	1	14	1.7734E7
0	7957	2755	1	14	1.7735E7
0	7970	2749	2	14	1.7736E7
0	7984	2743	2	14	1.7737E7
0	7997	2737	2	14	1.7738E7
0	8011	2731	2	14	1.7739E7
0	8024	2725	2	14	1.774E7
0	8037	2717	2	14	1.7741E7
0	8049	2709	2	14	1.7742E7
0	8061	2699	2	14	1.7743E7
0	8068	2688	2	14	1.7744E7
0	8062	2675	4	14	1.7745E7
0	8048	2670	5	14	1.7746E7
0	8033	2674	5	14	1.7747E7
0	8020	2677	5	12	1.7748E7
0	8010	2679	5	8	1.7749E7
0	8003	2680	5	6	1.775E7
0	7999	2679	5	3	1.7751E7
0	7997	2679	5	0	1.7752E7
0	7997	2679	5	0	1.7753E7
0	7997	2679	5	0	1.7754E7
0	7997	2679	5	0	1.7755E7
0	7997	2679	5	0	1.7756E7
0	7997	2679	5	0	1.7757E7
0	7997	2679	5	0	1.7758E7
0	7997	2679	5	0	1.7759E7
0	7997	2679	5	0	1.776E7
0	7997	2679	5	0	1.7761E7
0	7997	2679	5	0	1.7762E7
0	7997	2679	5	0	1.7763E7
0	7997	2679	5	0	1.7764E7
0	7997	2679	5	0	1.7765E7
0	7997	2679	5	0	1.7766E7
0	7997	2679	5	0	1.7767E7
0	7997	2679	5	0	1.7768E7
0	7997	2679	5	0	1.7769E7
0	7997	2679	5	0	1.777E7
0	7997	2679	5	0	1.7771E7
0	7997	2679	5	0	1.7772E7
0	7994	2678	5	3	1.7773E7
0	7990	2678	5	5	1.7774E7
0	7984	2676	5	7	1.7775E7
0	7977	2674	5	8	1.7776E7
0	7967	2672	5	10	1.7777E7
0	7956	2668	5	12	1.7778E7
0	7943	2666	5	14	1.7779E7
0	7928	2664	5	14	1.778E7
0	7913	2662	5	14	1.7781E7
0	7898	2661	5	14	1.7782E7
0	7884	2660	5	14	1.7783E7
0	7869	2658	5	14	1.7784E7
0	7854	2655	5	14	1.7785E7
0	7840	2652	5	14	1.7786E7
0	7826	2649	5	13	1.7787E7
0	7814	2645	5	10	1.7788E7
0	7806	2642	5	7	1.7789E7
0	7801	2640	5	4	1.779E7
0	7798	2639	5	2	1.7791E7
0	7797	2639	5	0	1.7792E7
0	7797	2639	5	0	1.7793E7
0	7797	2639	5	0	1.7794E7
0	7797	2639	5	0	1.7795E7
0	7797	2639	5	0	1.7796E7
0	7797	2639	5	0	1.7797E7
0	7797	2639	5	0	1.7798E7
0	7797	2639	5	0	1.7799E7
0	7797	2639	5	0	1.78E7
0	7797	2639	5	0	1.7801E7
0	7797	2639	5	0	1.7802E7
0	7797	2639	5	0	1.7803E7
0	7797	2639	5	0	1.7804E7
0	7797	2639	5	0	1.7805E7
0	7797	2639	5	0	1.7806E7
0	7797	2639	5	0	1.7807E7
0	7797	2639	5	0	1.7808E7
0	7797	2639	5	0	1.7809E7
0	7797	2639	5	0	1.781E7
0	7797	2639	5	0	1.7811E7
0	7796	2639	5	2	1.7812E7
0	7793	2637	5	4	1.7813E7
0	7788	2635	5	6	1.7814E7
0	7782	2632	4	8	1.7815E7
0	7774	2628	4	9	1.7816E7
0	7764	2623	4	12	1.7817E7
0	7752	2617	4	14	1.7818E7
0	7740	2609	4	14	1.7819E7
0	7727	2601	4	14	1.782E7
0	7715	2592	4	14	1.7821E7
0	7703	2583	4	14	1.7822E7
0	7690	2577	4	14	1.7823E7
0	7676	2575	5	14	1.7824E7
0	7663	2582	6	14	1.7825E7
0	7654	2594	6	14	1.7826E7
0	7647	2607	6	14	1.7827E7
0	7639	2620	6	14	1.7828E7
0	7631	2632	6	14	1.7829E7
0	7625	2646	6	14	1.783E7
0	7620	2660	7	14	1.7831E7
0	7607	2666	5	14	1.7832E7
0	7593	2662	5	14	1.7833E7
0	7581	2654	4	14	1.7834E7
0	7570	2645	4	14	1.7835E7
0	7556	2638	4	14	1.7836E7
0	7544	2633	4	11	1.7837E7
0	7535	2629	4	8	1.7838E7
0	7528	2626	4	5	1.7839E7
0	7525	2623	4	3	1.784E7
0	7523	2622	4	0	1.7841E7
0	7523	2622	4	0	1.7842E7
0	7523	2622	4	0	1.7843E7
0	7523	2622	4	0	1.7844E7
0	7523	2622	4	0	1.7845E7
0	7523	2622	4	0	1.7846E7
0	7523	2622	4	0	1.7847E7
0	7523	2622	4	0	1.7848E7
0	7523	2622	4	0	1.7849E7
0	7523	2622	4	0	1.785E7
0	7523	2622	4	0	1.7851E7
0	7523	2622	4	0	1.7852E7
0	7523	2622	4	0	1.7853E7
0	7523	2622	4	0	1.7854E7
0	7523	2622	4	0	1.7855E7
0	7523	2622	4	0	1.7856E7
0	7523	2622	4	0	1.7857E7
0	7523	2622	4	0	1.7858E7
0	7523	2622	4	0	1.7859E7
0	7523	2622	4	0	1.786E7
0	7520	2624	4	0	1.7861E7
0	7518	2623	4	3	1.7862E7
0	7515	2620	4	5	1.7863E7
0	7510	2617	4	6	1.7864E7
0	7505	2611	4	8	1.7865E7
0	7499	2605	4	7	1.7866E7
0	7495	2601	4	4	1.7867E7
0	7492	2598	4	2	1.7868E7
0	7491	2597	4	1	1.7869E7
0	7491	2596	4	0	1.787E7
0	7490	2596	4	0	1.7871E7
0	7490	2596	4	0	1.7872E7
0	7490	2596	4	0	1.7873E7
0	7490	2596	4	0	1.7874E7
0	7490	2596	4	0	1.7875E7
0	7490	2596	4	0	1.7876E7
0	7490	2596	4	0	1.7877E7
0	7490	2596	4	0	1.7878E7
0	7490	2596	4	0	1.7879E7
0	7490	2596	4	0	1.788E7
0	7490	2596	4	0	1.7881E7
0	7490	2596	4	0	1.7882E7
0	7490	2596	4	0	1.7883E7
0	7490	2596	4	0	1.7884E7
0	7490	2596	4	0	1.7885E7
0	7490	2596	4	0	1.7886E7
0	7489	2595	4	2	1.7887E7
0	7487	2592	4	4	1.7888E7
0	7483	2588	4	6	1.7889E7
0	7476	2584	4	8	1.789E7
0	7467	2587	5	10	1.7891E7
0	7457	2591	6	12	1.7892E7
0	7445	2595	5	12	1.7893E7
0	7433	2598	5	12	1.7894E7
0	7421	2600	5	12	1.7895E7
0	7409	2602	5	12	1.7896E7
0	7397	2604	5	12	1.7897E7
0	7384	2603	5	12	1.7898E7
0	7371	2606	5	12	1.7899E7
0	7360	2613	6	12	1.79E7
0	7353	2624	6	12	1.7901E7
0	7345	2634	6	12	1.7902E7
0	7338	2644	6	12	1.7903E7
0	7330	2654	6	12	1.7904E7
0	7322	2664	6	12	1.7905E7
0	7315	2674	6	12	1.7906E7
0	7310	2685	6	12	1.7907E7
0	7305	2696	6	10	1.7908E7
0	7303	2705	7	7	1.7909E7
0	7302	2710	7	4	1.791E7
0	7302	2714	7	2	1.7911E7
0	7301	2714	7	0	1.7912E7
0	7301	2714	7	0	1.7913E7
0	7301	2714	7	0	1.7914E7
0	7301	2714	7	0	1.7915E7
0	7301	2714	7	0	1.7916E7
0	7301	2714	7	0	1.7917E7
0	7301	2714	7	0	1.7918E7
0	7301	2714	7	0	1.7919E7
0	7301	2714	7	0	1.792E7
0	7301	2714	7	0	1.7921E7
0	7301	2714	7	0	1.7922E7
0	7301	2714	7	0	1.7923E7
0	7301	2714	7	0	1.7924E7
0	7301	2714	7	0	1.7925E7
0	7301	2714	7	0	1.7926E7
0	7301	2714	7	0	1.7927E7
0	7301	2714	7	0	1.7928E7
0	7301	2714	7	0	1.7929E7
0	7301	2714	7	0	1.793E7
0	7301	2714	7	0	1.7931E7
0	7301	2716	7	2	1.7932E7
0	7301	2719	7	3	1.7933E7
0	7301	2724	7	6	1.7934E7
0	7301	2731	7	8	1.7935E7
0	7301	2740	7	9	1.7936E7
0	7301	2751	7	11	1.7937E7
0	7301	2763	7	12	1.7938E7
0	7301	2776	7	12	1.7939E7
0	7301	2788	7	12	1.794E7
0	7301	2801	7	12	1.7941E7
0	7301	2813	7	12	1.7942E7
0	7301	2825	7	12	1.7943E7
0	7302	2838	7	12	1.7944E7
0	7303	2850	7	12	1.7945E7
0	7305	2863	7	12	1.7946E7
0	7306	2875	7	12	1.7947E7
0	7307	2887	7	12	1.7948E7
0	7309	2899	7	12	1.7949E7
0	7310	2912	7	12	1.795E7
0	7312	2924	7	12	1.7951E7
0	7313	2936	7	12	1.7952E7
0	7315	2948	7	12	1.7953E7
0	7316	2961	7	12	1.7954E7
0	7317	2973	7	12	1.7955E7
0	7317	2985	7	12	1.7956E7
0	7318	2997	7	12	1.7957E7
0	7319	3010	7	12	1.7958E7
0	7319	3022	7	12	1.7959E7
0	7320	3034	7	12	1.796E7
0	7320	3047	7	12	1.7961E7
0	7320	3059	7	12	1.7962E7
0	7320	3071	7	12	1.7963E7
0	7320	3084	7	12	1.7964E7
0	7320	3096	7	12	1.7965E7
0	7320	3108	7	12	1.7966E7
0	7320	3121	7	12	1.7967E7
0	7320	3133	7	12	1.7968E7
0	7320	3145	7	12	1.7969E7
0	7319	3158	7	12	1.797E7
0	7319	3170	7	12	1.7971E7
0	7318	3182	7	12	1.7972E7
0	7317	3195	7	12	1.7973E7
0	7317	3207	7	12	1.7974E7
0	7316	3219	7	12	1.7975E7
0	7316	3231	7	10	1.7976E7
0	7316	3240	7	7	1.7977E7
0	7316	3246	7	5	1.7978E7
0	7316	3250	7	2	1.7979E7
0	7316	3251	7	0	1.798E7
0	7316	3251	7	0	1.7981E7
0	7316	3251	7	0	1.7982E7
0	7316	3251	7	0	1.7983E7
0	7316	3251	7	0	1.7984E7
0	7316	3251	7	0	1.7985E7
0	7316	3251	7	0	1.7986E7
0	7316	3251	7	0	1.7987E7
0	7316	3251	7	0	1.7988E7
0	7316	3251	7	0	1.7989E7
0	7316	3251	7	0	1.799E7
0	7316	3251	7	0	1.7991E7
0	7316	3251	7	0	1.7992E7
0	7316	3251	7	0	1.7993E7
0	7316	3251	7	0	1.7994E7
0	7316	3251	7	0	1.7995E7
0	7316	3251	7	0	1.7996E7
0	7316	3251	7	0	1.7997E7
0	7316	3251	7	0	1.7998E7
0	7316	3251	7	0	1.7999E7
0	7316	3252	7	1	1.8E7
0	7316	3255	7	3	1.8001E7
0	7315	3259	7	5	1.8002E7
0	7315	3266	7	7	1.8003E7
0	7315	3275	7	9	1.8004E7
0	7314	3285	7	11	1.8005E7
0	7314	3297	7	12	1.8006E7
0	7313	3310	7	12	1.8007E7
0	7313	3322	7	12	1.8008E7
0	7312	3334	7	12	1.8009E7
0	7312	3347	7	12	1.801E7
0	7311	3359	7	12	1.8011E7
0	7311	3371	7	12	1.8012E7
0	7310	3383	7	12	1.8013E7
0	7310	3396	7	12	1.8014E7
0	7309	3408	7	12	1.8015E7
0	7309	3420	7	12	1.8016E7
0	7308	3433	7	12	1.8017E7
0	7308	3445	7	12	1.8018E7
0	7308	3457	7	12	1.8019E7
0	7307	3470	7	12	1.802E7
0	7307	3482	7	12	1.8021E7
0	7307	3494	7	12	1.8022E7
0	7307	3507	7	12	1.8023E7
0	7306	3519	7	12	1.8024E7
0	7304	3531	7	12	1.8025E7
0	7302	3543	7	12	1.8026E7
0	7301	3556	7	12	1.8027E7
0	7295	3567	6	12	1.8028E7
0	7292	3580	7	12	1.8029E7
0	7291	3592	7	12	1.803E7
0	7289	3604	7	12	1.8031E7
0	7287	3616	7	12	1.8032E7
0	7285	3629	7	12	1.8033E7
0	7283	3641	7	11	1.8034E7
0	7282	3650	7	7	1.8035E7
0	7281	3656	7	5	1.8036E7
0	7280	3660	7	3	1.8037E7
0	7280	3661	7	0	1.8038E7
0	7280	3661	7	0	1.8039E7
0	7280	3661	7	0	1.804E7
0	7280	3661	7	0	1.8041E7
0	7280	3661	7	0	1.8042E7
0	7280	3661	7	0	1.8043E7
0	7280	3661	7	0	1.8044E7
0	7280	3661	7	0	1.8045E7
0	7280	3661	7	0	1.8046E7
0	7280	3661	7	0	1.8047E7
0	7280	3661	7	0	1.8048E7
0	7280	3661	7	0	1.8049E7
0	7280	3661	7	0	1.805E7
0	7280	3661	7	0	1.8051E7
0	7280	3661	7	0	1.8052E7
0	7280	3661	7	0	1.8053E7
0	7280	3661	7	0	1.8054E7
0	7280	3661	7	0	1.8055E7
0	7280	3661	7	0	1.8056E7
0	7280	3661	7	0	1.8057E7
0	7280	3662	7	1	1.8058E7
0	7280	3665	7	3	1.8059E7
0	7279	3669	7	5	1.806E7
0	7278	3676	7	7	1.8061E7
0	7277	3684	7	9	1.8062E7
0	7275	3695	7	11	1.8063E7
0	7274	3707	7	12	1.8064E7
0	7272	3719	7	12	1.8065E7
0	7270	3731	7	12	1.8066E7
0	7268	3744	7	12	1.8067E7
0	7266	3756	7	12	1.8068E7
0	7265	3768	7	12	1.8069E7
0	7263	3780	7	12	1.807E7
0	7261	3793	7	12	1.8071E7
0	7259	3805	7	12	1.8072E7
0	7257	3817	7	12	1.8073E7
0	7256	3829	7	12	1.8074E7
0	7254	3841	7	12	1.8075E7
0	7252	3854	7	12	1.8076E7
0	7250	3866	7	12	1.8077E7
0	7248	3878	7	12	1.8078E7
0	7246	3890	7	12	1.8079E7
0	7245	3903	7	12	1.808E7
0	7242	3915	7	12	1.8081E7
0	7240	3927	7	12	1.8082E7
0	7238	3940	7	12	1.8083E7
0	7237	3952	7	12	1.8084E7
0	7237	3964	7	12	1.8085E7
0	7238	3977	7	12	1.8086E7
0	7239	3989	7	12	1.8087E7
0	7241	4001	7	12	1.8088E7
0	7243	4014	7	12	1.8089E7
0	7247	4026	7	12	1.809E7
0	7251	4038	7	12	1.8091E7
0	7254	4049	7	12	1.8092E7
0	7258	4061	7	12	1.8093E7
0	7262	4073	7	12	1.8094E7
0	7266	4085	7	12	1.8095E7
0	7270	4097	7	12	1.8096E7
0	7274	4108	7	12	1.8097E7
0	7278	4120	7	12	1.8098E7
0	7280	4132	7	12	1.8099E7
0	7269	4141	6	12	1.81E7
0	7258	4145	6	12	1.8101E7
0	7247	4151	6	12	1.8102E7
0	7236	4156	6	12	1.8103E7
0	7225	4162	6	12	1.8104E7
0	7215	4167	6	11	1.8105E7
0	7206	4171	6	8	1.8106E7
0	7200	4174	6	5	1.8107E7
0	7196	4176	6	3	1.8108E7
0	7193	4180	6	6	1.8109E7
0	7193	4187	7	7	1.811E7
0	7195	4196	7	10	1.8111E7
0	7198	4207	7	11	1.8112E7
0	7201	4218	7	12	1.8113E7
0	7204	4229	7	9	1.8114E7
0	7206	4236	7	6	1.8115E7
0	7208	4240	7	3	1.8116E7
0	7209	4244	7	5	1.8117E7
0	7206	4249	7	7	1.8118E7
0	7198	4251	5	9	1.8119E7
0	7188	4254	5	11	1.812E7
0	7177	4257	5	9	1.8121E7
0	7170	4259	5	6	1.8122E7
0	7165	4261	5	4	1.8123E7
0	7162	4261	5	1	1.8124E7
0	7162	4261	5	0	1.8125E7
0	7162	4261	5	0	1.8126E7
0	7162	4261	5	0	1.8127E7
0	7162	4261	5	0	1.8128E7
0	7162	4261	5	0	1.8129E7
0	7162	4261	5	0	1.813E7
0	7162	4261	5	0	1.8131E7
0	7162	4261	5	0	1.8132E7
0	7162	4261	5	0	1.8133E7
0	7162	4261	5	0	1.8134E7
0	7162	4261	5	0	1.8135E7
0	7162	4261	5	0	1.8136E7
0	7162	4261	5	0	1.8137E7
0	7162	4261	5	0	1.8138E7
0	7162	4261	5	0	1.8139E7
0	7162	4261	5	0	1.814E7
0	7162	4261	5	0	1.8141E7
0	7162	4261	5	0	1.8142E7
0	7162	4261	5	0	1.8143E7
0	7162	4261	5	0	1.8144E7
0	7160	4262	5	2	1.8145E7
0	7156	4263	5	4	1.8146E7
0	7151	4264	5	6	1.8147E7
0	7144	4267	5	8	1.8148E7
0	7135	4269	5	10	1.8149E7
0	7124	4272	5	12	1.815E7
0	7112	4276	5	12	1.8151E7
0	7100	4279	5	12	1.8152E7
0	7088	4283	5	12	1.8153E7
0	7076	4286	5	12	1.8154E7
0	7064	4289	5	12	1.8155E7
0	7052	4292	5	12	1.8156E7
0	7040	4296	5	12	1.8157E7
0	7028	4299	5	12	1.8158E7
0	7019	4307	6	12	1.8159E7
0	7014	4318	6	12	1.816E7
0	7014	4330	7	12	1.8161E7
0	7015	4343	7	12	1.8162E7
0	7015	4355	7	12	1.8163E7
0	7016	4368	7	12	1.8164E7
0	7016	4380	7	12	1.8165E7
0	7017	4393	7	12	1.8166E7
0	7017	4405	7	12	1.8167E7
0	7017	4417	7	12	1.8168E7
0	7018	4430	7	12	1.8169E7
0	7018	4442	7	12	1.817E7
0	7019	4454	7	12	1.8171E7
0	7019	4466	7	12	1.8172E7
0	7020	4479	7	12	1.8173E7
0	7021	4491	7	12	1.8174E7
0	7022	4503	7	12	1.8175E7
0	7023	4515	7	11	1.8176E7
0	7023	4525	7	8	1.8177E7
0	7023	4531	7	5	1.8178E7
0	7023	4535	7	3	1.8179E7
0	7023	4537	7	0	1.818E7
0	7023	4537	7	0	1.8181E7
0	7023	4537	7	0	1.8182E7
0	7023	4537	7	0	1.8183E7
0	7023	4537	7	0	1.8184E7
0	7023	4537	7	0	1.8185E7
0	7023	4537	7	0	1.8186E7
0	7023	4537	7	0	1.8187E7
0	7023	4537	7	0	1.8188E7
0	7023	4537	7	0	1.8189E7
0	7023	4537	7	0	1.819E7
0	7023	4537	7	0	1.8191E7
0	7023	4537	7	0	1.8192E7
0	7023	4537	7	0	1.8193E7
0	7023	4537	7	0	1.8194E7
0	7023	4537	7	0	1.8195E7
0	7023	4537	7	0	1.8196E7
0	7023	4537	7	0	1.8197E7
0	7023	4537	7	0	1.8198E7
0	7023	4537	7	0	1.8199E7
0	7023	4537	7	1	1.82E7
0	7024	4540	7	3	1.8201E7
0	7024	4544	7	5	1.8202E7
0	7024	4550	7	7	1.8203E7
