1.4783001908030458E7
1.4783001908038478E7
1.4783006E7
1.4783016E7
1.4783026E7
1.4783036E7
1.4783046E7
1.4783056E7
1.4783066E7
1.4783076E7
1.4783086E7
1.4783096E7
1.4783106E7
1.4783116E7
1.4783126E7
1.4783136E7
1.4783146E7
1.4783156E7
1.4783166E7
1.4783176E7
1.4783186E7
1.4783196E7
1.4783206E7
1.4783216E7
1.4783226E7
1.4783236E7
1.4783246E7
1.4783256E7
1.4783266E7
1.4783276E7
1.4783286E7
1.4783296E7
1.4783306E7
1.4783316E7
1.4783326E7
1.4783336E7
1.4783346E7
1.4783356E7
1.4783366E7
1.4783376E7
1.4783386E7
1.4783396E7
1.4783406E7
1.4783416E7
1.4783426E7
1.4783436E7
1.4783446E7
1.4783456E7
1.4783466E7
1.4783476E7
1.4783486E7
1.4783496E7
1.4783506E7
1.4783516E7
1.4783526E7
1.4783536E7
1.4783546E7
1.4783556E7
1.4783566E7
1.4783576E7
1.4783586E7
1.4783596E7
1.4783606E7
1.4783616E7
1.4783626E7
1.4783636E7
1.4783646E7
1.4783656E7
1.4783666E7
1.4783676E7
1.4783686E7
1.4783696E7
1.4783706E7
1.4783716E7
1.4783726E7
1.4783736E7
1.4783746E7
1.4783756E7
1.4783766E7
1.4783776E7
1.4783786E7
1.4783796E7
1.4996005369280893E7
1.4996005369288914E7
1.4996005767982192E7
1.4996005767990213E7
1.4996006E7
1.4996016E7
1.4996026E7
1.4996036E7
1.4996045369280893E7
1.4996045369288914E7
1.4996045767982192E7
1.4996045767990213E7
1.4996046E7
1.4996056E7
1.4996065369280893E7
1.4996065369288914E7
1.4996066E7
1.4996075369280893E7
1.4996075369288914E7
1.4996076E7
1.4996085369280893E7
1.4996085369288914E7
1.4996085767982192E7
1.4996085767990213E7
1.4996086E7
1.4996095767982192E7
1.4996095767990213E7
1.4996096E7
1.4996105767982192E7
1.4996105767990213E7
1.4996106E7
1.4996116E7
1.4996125369280893E7
1.4996125369288914E7
1.4996126E7
1.4996135369280893E7
1.4996135369288914E7
1.4996136E7
1.4996146E7
1.4996155369280893E7
1.4996155369288914E7
1.4996155767982192E7
1.4996155767990213E7
1.4996156E7
1.4996166E7
1.4996175369280893E7
1.4996175369288914E7
1.4996175767982192E7
1.4996175767990213E7
1.4996176E7
1.4996185767982192E7
1.4996185767990213E7
1.4996186E7
1.4996195767982192E7
1.4996195767990213E7
1.4996196E7
1.4996205767982192E7
1.4996205767990213E7
1.4996206E7
1.4996216E7
1.4996225369280893E7
1.4996225369288914E7
1.4996226E7
1.4996235369280893E7
1.4996235369288914E7
1.4996236E7
1.4996245369280893E7
1.4996245369288914E7
1.4996246E7
1.4996255369280893E7
1.4996255369288914E7
1.4996256E7
1.4996265369280893E7
1.4996265369288914E7
1.4996265767982192E7
1.4996265767990213E7
1.4996266E7
1.4996275767982192E7
1.4996275767990213E7
1.4996276E7
1.4996286E7
1.4996295369280893E7
1.4996295369288914E7
1.4996295767982192E7
1.4996295767990213E7
1.4996296E7
1.4996305767982192E7
1.4996305767990213E7
1.4996306E7
1.4996315767982192E7
1.4996315767990213E7
1.4996316E7
1.4996326E7
1.4996335767982192E7
1.4996335767990213E7
1.4996336E7
1.4996345767982192E7
1.4996345767990213E7
1.4996346E7
1.4996355767982192E7
1.4996355767990213E7
1.4996356E7
1.4996365767982192E7
1.4996365767990213E7
1.4996366E7
1.4996375767982192E7
1.4996375767990213E7
1.4996376E7
1.4996386E7
1.4996395767982192E7
1.4996395767990213E7
1.4996396E7
1.4996405767982192E7
1.4996405767990213E7
1.4996406E7
1.4996415767982192E7
1.4996415767990213E7
1.4996416E7
1.4996425767982192E7
1.4996425767990213E7
1.4996426E7
1.4996435767982192E7
1.4996435767990213E7
1.4996436E7
1.4996445767982192E7
1.4996445767990213E7
1.4996446E7
1.4996455767982192E7
1.4996455767990213E7
1.4996456E7
1.4996465767982192E7
1.4996465767990213E7
1.4996466E7
1.4996475767982192E7
1.4996475767990213E7
1.4996476E7
1.4996485767982192E7
1.4996485767990213E7
1.4996486E7
1.4996495767982192E7
1.4996495767990213E7
1.4996496E7
1.4996505767982192E7
1.4996505767990213E7
1.4996506E7
1.4996515767982192E7
1.4996515767990213E7
1.4996516E7
1.4996525767982192E7
1.4996525767990213E7
1.4996526E7
1.4996535767982192E7
1.4996535767990213E7
1.4996536E7
1.4996546E7
1.4996555767982192E7
1.4996555767990213E7
1.4996556E7
1.4996565767982192E7
1.4996565767990213E7
1.4996566E7
1.4996575767982192E7
1.4996575767990213E7
1.4996576E7
1.4996585767982192E7
1.4996585767990213E7
1.4996586E7
1.4996595767982192E7
1.4996595767990213E7
1.4996596E7
1.4996605767982192E7
1.4996605767990213E7
1.4996606E7
1.4996615767982192E7
1.4996615767990213E7
1.4996616E7
1.4996626E7
1.4996635767982192E7
1.4996635767990213E7
1.4996636E7
1.4996645767982192E7
1.4996645767990213E7
1.4996646E7
1.4996655767982192E7
1.4996655767990213E7
1.4996656E7
1.4996665767982192E7
1.4996665767990213E7
1.4996666E7
1.4996675767982192E7
1.4996675767990213E7
1.4996676E7
1.4996685767982192E7
1.4996685767990213E7
1.4996686E7
1.4996695767982192E7
1.4996695767990213E7
1.4996696E7
1.4996705767982192E7
1.4996705767990213E7
1.4996706E7
1.4996715767982192E7
1.4996715767990213E7
1.4996716E7
1.4996725767982192E7
1.4996725767990213E7
1.4996726E7
1.5015003094764419E7
1.501500309477244E7
1.5015006E7
1.5015013094764419E7
1.501501309477244E7
1.5015016E7
1.5015023094764419E7
1.501502309477244E7
1.5015026E7
1.5015033094764419E7
1.501503309477244E7
1.5015036E7
1.5015043094764419E7
1.501504309477244E7
1.5015046E7
1.5015053094764419E7
1.501505309477244E7
1.5015056E7
1.5015063094764419E7
1.501506309477244E7
1.5015066E7
1.5015073094764419E7
1.501507309477244E7
1.5015076E7
1.5015083094764419E7
1.501508309477244E7
1.5015086E7
1.5015093094764419E7
1.501509309477244E7
1.5015096E7
1.5015103094764419E7
1.501510309477244E7
1.5015106E7
1.5015113094764419E7
1.501511309477244E7
1.5015116E7
1.5015126E7
1.5015133094764419E7
1.501513309477244E7
1.5015136E7
1.5015143094764419E7
1.501514309477244E7
1.5015146E7
1.5015153094764419E7
1.501515309477244E7
1.5015156E7
1.5015163094764419E7
1.501516309477244E7
1.5015166E7
1.5015173094764419E7
1.501517309477244E7
1.5015176E7
1.5015183094764419E7
1.501518309477244E7
1.5015186E7
1.5015193094764419E7
1.501519309477244E7
1.5015196E7
1.5015203094764419E7
1.501520309477244E7
1.5015206E7
1.5015213094764419E7
1.501521309477244E7
1.5015216E7
1.5015223094764419E7
1.501522309477244E7
1.5015226E7
1.5015236E7
1.5015243094764419E7
1.501524309477244E7
1.5015246E7
1.5015253094764419E7
1.501525309477244E7
1.5015256E7
1.5015263094764419E7
1.501526309477244E7
1.5015266E7
1.5015273094764419E7
1.501527309477244E7
1.5015276E7
1.5015283094764419E7
1.501528309477244E7
1.5015286E7
1.5015293094764419E7
1.501529309477244E7
1.5015296E7
1.5015303094764419E7
1.501530309477244E7
1.5015306E7
1.5015313094764419E7
1.501531309477244E7
1.5015316E7
1.5015323094764419E7
1.501532309477244E7
1.5015326E7
1.5015333094764419E7
1.501533309477244E7
1.5015336E7
1.5015343094764419E7
1.501534309477244E7
1.5015346E7
1.5015353094764419E7
1.501535309477244E7
1.5015356E7
1.5015363094764419E7
1.501536309477244E7
1.5015366E7
1.5015373094764419E7
1.501537309477244E7
1.5015376E7
1.5015383094764419E7
1.501538309477244E7
1.5015386E7
1.5015393094764419E7
1.501539309477244E7
1.5015396E7
1.5015403094764419E7
1.501540309477244E7
1.5015406E7
1.5015413094764419E7
1.501541309477244E7
1.5015416E7
1.5015423094764419E7
1.501542309477244E7
1.5015426E7
1.5015433094764419E7
1.501543309477244E7
1.5015436E7
1.5015443094764419E7
1.501544309477244E7
1.5015446E7
1.5015453094764419E7
1.501545309477244E7
1.5015456E7
1.5015463094764419E7
1.501546309477244E7
1.5015466E7
1.5015473094764419E7
1.501547309477244E7
1.5015476E7
1.5015483094764419E7
1.501548309477244E7
1.5015486E7
1.5015493094764419E7
1.501549309477244E7
1.5015496E7
1.5015503094764419E7
1.501550309477244E7
1.5015506E7
1.5015513094764419E7
1.501551309477244E7
1.5015516E7
1.5015523094764419E7
1.501552309477244E7
1.5015526E7
1.5015533094764419E7
1.501553309477244E7
1.5015536E7
1.5015543094764419E7
1.501554309477244E7
1.5015546E7
1.5015553094764419E7
1.501555309477244E7
1.5015556E7
1.5015563094764419E7
1.501556309477244E7
1.5015566E7
1.5015573094764419E7
1.501557309477244E7
1.5015576E7
1.5015583094764419E7
1.501558309477244E7
1.5015586E7
1.5015593094764419E7
1.501559309477244E7
1.5015596E7
1.5015603094764419E7
1.501560309477244E7
1.5015606E7
1.5015613094764419E7
1.501561309477244E7
1.5015616E7
1.5015626E7
1.5015636E7
1.5015646E7
1.5015656E7
1.5015666E7
1.5015676E7
1.5015686E7
1.5015696E7
1.5015706E7
1.5015716E7
1.5015726E7
1.5015736E7
1.5015746E7
1.5015756E7
1.5015766E7
1.5015776E7
1.5015786E7
1.5181006E7
1.5181007213912673E7
1.5181007213920694E7
1.5181016E7
1.5181017213912673E7
1.5181017213920694E7
1.5181026E7
1.5181027213912673E7
1.5181027213920694E7
1.5181036E7
1.5181037213912673E7
1.5181037213920694E7
1.5181046E7
1.5181047213912673E7
1.5181047213920694E7
1.5181056E7
1.5181057213912673E7
1.5181057213920694E7
1.5181066E7
1.5181067213912673E7
1.5181067213920694E7
1.5181076E7
1.5181077213912673E7
1.5181077213920694E7
1.5181086E7
1.5181087213912673E7
1.5181087213920694E7
1.5181096E7
1.5181097213912673E7
1.5181097213920694E7
1.5181106E7
1.5181107213912673E7
1.5181107213920694E7
1.5181116E7
1.5181117213912673E7
1.5181117213920694E7
1.5181126E7
1.5181127213912673E7
1.5181127213920694E7
1.5181136E7
1.5181146E7
1.5181156E7
1.5181166E7
1.5181176E7
1.5181186E7
1.5181196E7
1.5181206E7
1.5181216E7
1.5181226E7
1.5181236E7
1.5181246E7
1.5181256E7
1.5181266E7
1.5181276E7
1.5181286E7
1.5181296E7
1.5181306E7
1.5181316E7
1.5181326E7
1.5181336E7
1.5181346E7
1.5181356E7
1.5181366E7
1.5181376E7
1.5181386E7
1.5181396E7
1.5181406E7
1.5181416E7
1.5181426E7
1.5181436E7
1.5181446E7
1.5181456E7
1.5181466E7
1.5181476E7
1.5181486E7
1.5181496E7
1.5181506E7
1.5181516E7
1.5181526E7
1.5181536E7
1.5181546E7
1.5181556E7
1.5181566E7
1.5181576E7
1.5181586E7
1.5181596E7
1.5181606E7
1.5181616E7
1.5181626E7
1.5181636E7
1.5181646E7
1.5181656E7
1.5181666E7
1.5181676E7
1.5181686E7
1.5181696E7
1.5181706E7
1.5181716E7
1.5181726E7
1.5181736E7
1.5181746E7
1.5181756E7
1.5181766E7
1.5181776E7
1.5181786E7
1.5181796E7
1.5181806E7
1.5181816E7
1.5181826E7
1.5181836E7
1.5181846E7
1.5181856E7
1.5181866E7
1.5181876E7
1.5181886E7
1.5181896E7
1.5181906E7
1.5181916E7
1.5181926E7
1.5181936E7
1.5181946E7
1.5181956E7
1.5181966E7
1.5181976E7
1.5181986E7
1.5181996E7
1.5182006E7
1.5182016E7
1.5182026E7
1.5182036E7
1.5182046E7
1.5182056E7
1.5182066E7
1.5182076E7
1.5182086E7
1.5182096E7
1.5182106E7
1.5182116E7
1.5182126E7
1.5182136E7
1.5182146E7
1.5182156E7
1.5182166E7
1.5182176E7
1.5182186E7
1.5182196E7
1.5593006E7
1.5593007662818689E7
1.5593016E7
1.5593026E7
1.5593027662818689E7
1.5593036E7
1.5593037662818689E7
1.5593046E7
1.5593047662818689E7
1.5593056E7
1.5593057662818689E7
1.5593066E7
1.5593067662818689E7
1.5593076E7
1.5593077662818689E7
1.5593086E7
1.5593087662818689E7
1.5593096E7
1.5593097662818689E7
1.5593106E7
1.5593107662818689E7
1.5593116E7
1.5593117662818689E7
1.5593126E7
1.5593127662818689E7
1.5593136E7
1.5593137662818689E7
1.5593146E7
1.5593147662818689E7
1.5593156E7
1.5593157662818689E7
1.5593166E7
1.5593167662818689E7
1.5593176E7
1.5593177662818689E7
1.5593186E7
1.5593196E7
1.5593197662818689E7
1.5593206E7
1.5593207662818689E7
1.5593216E7
1.5593217662818689E7
1.5593226E7
1.5593227662818689E7
1.5593236E7
1.5593237662818689E7
1.5593246E7
1.5593256E7
1.5593257662818689E7
1.5593266E7
1.5593267662818689E7
1.5593276E7
1.5593277662818689E7
1.5593286E7
1.5593287662818689E7
1.5593296E7
1.5593297662818689E7
1.5593306E7
1.5593307662818689E7
1.5593316E7
1.5593317662818689E7
1.5593326E7
1.5593327662818689E7
1.5593336E7
1.5593337662818689E7
1.5593346E7
1.5593347662818689E7
1.5593356E7
1.5593357662818689E7
1.5593366E7
1.5593376E7
1.5593377662818689E7
1.5593386E7
1.5593387662818689E7
1.5593396E7
1.5593397662818689E7
1.5593406E7
1.5593407662818689E7
1.5593416E7
1.5593417662818689E7
1.5593426E7
1.5593427662818689E7
1.5593436E7
1.5593446E7
1.5593447662818689E7
1.5593456E7
1.5593457662818689E7
1.5593466E7
1.5593467662818689E7
1.5593476E7
1.5593477662818689E7
1.5593486E7
1.5593487662818689E7
1.5593496E7
1.5593497662818689E7
1.5593506E7
1.5593507662818689E7
1.5593516E7
1.5593517662818689E7
1.5593526E7
1.5593527662818689E7
1.5593536E7
1.5593537662818689E7
1.5593546E7
1.5593547662818689E7
1.5593556E7
1.5593557662818689E7
1.5593566E7
1.5593567662818689E7
1.5593576E7
1.5593577662818689E7
1.5593586E7
1.5593587662818689E7
1.5593596E7
1.5593597662818689E7
1.5593606E7
1.5593607662818689E7
1.5593616E7
1.5593626E7
1.5593627662818689E7
1.5593636E7
1.5593637662818689E7
1.5593646E7
1.5593647662818689E7
1.5593656E7
1.5593657662818689E7
1.5593666E7
1.5593667662818689E7
1.5593676E7
1.5593677662818689E7
1.5593686E7
1.5593687662818689E7
1.5593696E7
1.5593697662818689E7
1.5593706E7
1.5593716E7
1.5593717662818689E7
1.5593726E7
1.5593727662818689E7
1.5593736E7
1.5593737662818689E7
1.5593746E7
1.5593747662818689E7
1.5593756E7
1.5593766E7
1.5593767662818689E7
1.5593776E7
1.5593777662818689E7
1.5593786E7
1.5593787662818689E7
1.5593796E7
1.5593797662818689E7
1.5593806E7
1.5593807662818689E7
1.5593816E7
1.5593817662818689E7
1.5593826E7
1.5593827662818689E7
1.5593836E7
1.5593846E7
1.5593847662818689E7
1.5593856E7
1.5593866E7
1.5593876E7
1.5593886E7
1.6021006E7
1.6021008007789392E7
1.6021016E7
1.6021018007789392E7
1.6021026E7
1.6021028007789392E7
1.6021036E7
1.6021038007789392E7
1.6021046E7
1.6021048007789392E7
1.6021056E7
1.6021058007789392E7
1.6021066E7
1.6021068007789392E7
1.6021076E7
1.6021086E7
1.6021088007789392E7
1.6021096E7
1.6021098007789392E7
1.6021106E7
1.6021108007789392E7
1.6021116E7
1.6021118007789392E7
1.6021126E7
1.6021128007789392E7
1.6021136E7
1.6021138007789392E7
1.6021146E7
1.6021148007789392E7
1.6021156E7
1.6021158007789392E7
1.6021166E7
1.6021168007789392E7
1.6021176E7
1.6021178007789392E7
1.6021186E7
1.6021188007789392E7
1.6021196E7
1.6021198007789392E7
1.6021206E7
1.6021208007789392E7
1.6021216E7
1.6021218007789392E7
1.6021226E7
1.6021228007789392E7
1.6021236E7
1.6021238007789392E7
1.6021246E7
1.6021248007789392E7
1.6021256E7
1.6021258007789392E7
1.6021266E7
1.6021268007789392E7
1.6021276E7
1.6021278007789392E7
1.6021286E7
1.6021288007789392E7
1.6021296E7
1.6021298007789392E7
1.6021306E7
1.6021308007789392E7
1.6021316E7
1.6021318007789392E7
1.6021326E7
1.6021328007789392E7
1.6021336E7
1.6021338007789392E7
1.6021346E7
1.6021348007789392E7
1.6021356E7
1.6021358007789392E7
1.6021366E7
1.6021368007789392E7
1.6021376E7
1.6021378007789392E7
1.6021386E7
1.6021388007789392E7
1.6021396E7
1.6021398007789392E7
1.6021406E7
1.6021408007789392E7
1.6021416E7
1.6021418007789392E7
1.6021426E7
1.6021428007789392E7
1.6021436E7
1.6021438007789392E7
1.6021446E7
1.6021448007789392E7
1.6021456E7
1.6021458007789392E7
1.6021466E7
1.6021468007789392E7
1.6021476E7
1.6021478007789392E7
1.6021486E7
1.6021496E7
1.6021498007789392E7
1.6021506E7
1.6021508007789392E7
1.6021516E7
1.6021518007789392E7
1.6021526E7
1.6021536E7
1.6021538007789392E7
1.6021546E7
1.6021548007789392E7
1.6021556E7
1.6021558007789392E7
1.6021566E7
1.6021576E7
1.6021578007789392E7
1.6021586E7
1.6021596E7
1.6021598007789392E7
1.6021606E7
1.6021608007789392E7
1.6021616E7
1.6021618007789392E7
1.6021626E7
1.6021628007789392E7
1.6021636E7
1.6021638007789392E7
1.6021646E7
1.6021648007789392E7
1.6021656E7
1.6021658007789392E7
1.6021666E7
1.6021668007789392E7
1.6021676E7
1.6021678007789392E7
1.6021686E7
1.6021688007789392E7
1.6021696E7
1.6021698007789392E7
1.6021706E7
1.6021708007789392E7
1.6021716E7
1.6021726E7
1.6021728007789392E7
