1.4804002839804864E7
1.4804002839805998E7
1.4804006E7
1.4804016E7
1.4804026E7
1.4804036E7
1.4804046E7
1.4804056E7
1.4804066E7
1.4804076E7
1.4804086E7
1.4804096E7
1.4804106E7
1.4804116E7
1.4804126E7
1.4804136E7
1.4804146E7
1.4804156E7
1.4804166E7
1.4804176E7
1.4804186E7
1.4804196E7
1.4804206E7
1.4804216E7
1.4804226E7
1.4804236E7
1.4804246E7
1.4804256E7
1.4804266E7
1.4804276E7
1.4804286E7
1.4804296E7
1.4804306E7
1.4804316E7
1.4804326E7
1.4804336E7
1.480434116014687E7
1.4804341160148004E7
1.4804346E7
1.4804356E7
1.4804366E7
1.4804376E7
1.4804386E7
1.4804396E7
1.4804406E7
1.4804416E7
1.4804426E7
1.4804436E7
1.4804446E7
1.4804456E7
1.4804466E7
1.4804476E7
1.4804486E7
1.4804496E7
1.4804506E7
1.4804516E7
1.4804526E7
1.4804536E7
1.4804546E7
1.4804556E7
1.4804566E7
1.4804576E7
1.4804586E7
1.4804596E7
1.4804606E7
1.4804616E7
1.4804626E7
1.4804636E7
1.4804646E7
1.4804656E7
1.4804666E7
1.4804676E7
1.4804686E7
1.4804696E7
1.4804706E7
1.4804716E7
1.4804726E7
1.480473316014687E7
1.4804733160148004E7
1.4804736E7
1.4804746E7
1.4804756E7
1.4804766E7
1.4804776E7
1.4804786E7
1.4804796E7
1.4804806E7
1.4804816E7
1.4804826E7
1.4804836E7
1.4804846E7
1.4804856E7
1.4804866E7
1.4804876E7
1.4804886E7
1.4804896E7
1.4804906E7
1.4804916E7
1.4804926E7
1.5119002601094935E7
1.5119006E7
1.5119016E7
1.5119026E7
1.5119036E7
1.5119046E7
1.5119056E7
1.5119066E7
1.5119076E7
1.5119086E7
1.511908841641449E7
1.5119096E7
1.5119106E7
1.5119116E7
1.5119126E7
1.5119136E7
1.5119146E7
1.5119156E7
1.5119166E7
1.5119176E7
1.5119186E7
1.5119196E7
1.5119206E7
1.5119216E7
1.5119226E7
1.5119236E7
1.5119246E7
1.5119256E7
1.5119266E7
1.5119276E7
1.5119286E7
1.5119296E7
1.5119306E7
1.5119316E7
1.5119326E7
1.5119336E7
1.5119346E7
1.5119356E7
1.5119366E7
1.5119376E7
1.5119386E7
1.5119396E7
1.5119406E7
1.5119416E7
1.5119426E7
1.5119436E7
1.5119446E7
1.5119456E7
1.5119466E7
1.5119476E7
1.5119486E7
1.5119496E7
1.5119506E7
1.5119516E7
1.5119526E7
1.5119536E7
1.5119546E7
1.5119556E7
1.5119566E7
1.5119576E7
1.5119586E7
1.5119596E7
1.5119606E7
1.5119616E7
1.5119626E7
1.5119636E7
1.5119646E7
1.5119656E7
1.5119666E7
1.5119676E7
1.5119686E7
1.5119696E7
1.5119706E7
1.5119716E7
1.5119726E7
1.5119736E7
1.5119746E7
1.5119756E7
1.5119766E7
1.5119776E7
1.5119786E7
1.5119796E7
1.5119806E7
1.5119816E7
1.5119826E7
1.5119836E7
1.5119846E7
1.5119856E7
1.5119866E7
1.5119876E7
1.5119886E7
1.5119896E7
1.5119906E7
1.5119916E7
1.5119926E7
1.5119936E7
1.5119946E7
1.5119956E7
1.5119966E7
1.5119976E7
1.5119986E7
1.5119996E7
1.5120006E7
1.5120016E7
1.5120026E7
1.5120036E7
1.5120046E7
1.5120056E7
1.5120066E7
1.5120076E7
1.5120086E7
1.5120096E7
1.5120106E7
1.5120116E7
1.5120126E7
1.5120136E7
1.5120146E7
1.5120156E7
1.5120166E7
1.5948001740987394E7
1.5948006E7
1.5948016E7
1.5948026E7
1.5948036E7
1.5948046E7
1.5948056E7
1.5948066E7
1.5948076E7
1.5948086E7
1.5948096E7
1.5948106E7
1.5948116E7
1.5948126E7
1.5948136E7
1.5948146E7
1.5948156E7
1.5948166E7
1.5948176E7
1.5948186E7
1.5948196E7
1.5948206E7
1.5948216E7
1.5948226E7
1.5948236E7
1.5948246E7
1.5948256E7
1.5948266E7
1.5948276E7
1.5948286E7
1.5948296E7
1.5948306E7
1.5948316E7
1.5948326E7
1.5948336E7
1.5948346E7
1.594834798636072E7
1.5948356E7
1.5948366E7
1.5948376E7
1.5948386E7
1.5948396E7
1.5948406E7
1.5948416E7
1.5948426E7
1.5948436E7
1.5948446E7
1.5948456E7
1.5948466E7
1.5948476E7
1.5948486E7
1.5948496E7
1.5948506E7
1.5948516E7
1.5948526E7
1.5948536E7
1.5948546E7
1.5948556E7
1.5948566E7
1.5948576E7
1.5948586E7
1.5948596E7
1.5948606E7
1.5948616E7
1.5948626E7
1.5948636E7
1.5948646E7
1.5948656E7
1.5948666E7
1.5948676E7
1.5948686E7
1.5948696E7
1.5948706E7
1.5948716E7
1.5948726E7
1.5948736E7
1.5948746E7
1.5948756E7
1.5948766E7
1.5948776E7
1.5948786E7
1.5948796E7
1.5948806E7
1.5948816E7
1.5948826E7
1.5948836E7
