0	6413	2040	7	0	0.0
0	6413	2040	7	0	1.443E7
0	6413	2041	7	2	1.4431E7
0	6413	2044	7	4	1.4432E7
0	6413	2050	7	5	1.4433E7
0	6414	2056	7	7	1.4434E7
0	6415	2065	7	9	1.4435E7
0	6416	2076	7	11	1.4436E7
0	6417	2085	7	8	1.4437E7
0	6418	2092	7	5	1.4438E7
0	6418	2096	7	3	1.4439E7
0	6418	2098	7	0	1.444E7
0	6418	2098	7	0	1.4441E7
0	6418	2098	7	0	1.4442E7
0	6418	2098	7	0	1.4443E7
0	6418	2098	7	0	1.4444E7
0	6418	2098	7	0	1.4445E7
0	6418	2098	7	0	1.4446E7
0	6418	2098	7	0	1.4447E7
0	6418	2098	7	0	1.4448E7
0	6418	2098	7	0	1.4449E7
0	6418	2098	7	0	1.445E7
0	6418	2098	7	0	1.4451E7
0	6418	2098	7	0	1.4452E7
0	6418	2098	7	0	1.4453E7
0	6418	2098	7	0	1.4454E7
0	6418	2098	7	0	1.4455E7
0	6418	2098	7	0	1.4456E7
0	6418	2098	7	0	1.4457E7
0	6418	2098	7	0	1.4458E7
0	6418	2098	7	0	1.4459E7
0	6418	2098	7	1	1.446E7
0	6419	2101	7	3	1.4461E7
0	6419	2105	7	5	1.4462E7
0	6420	2112	7	7	1.4463E7
0	6421	2120	7	8	1.4464E7
0	6422	2130	7	10	1.4465E7
0	6422	2142	7	12	1.4466E7
0	6424	2155	7	14	1.4467E7
0	6425	2170	7	14	1.4468E7
0	6427	2185	7	14	1.4469E7
0	6429	2200	7	14	1.447E7
0	6432	2214	7	15	1.4471E7
0	6435	2228	7	12	1.4472E7
0	6438	2238	7	9	1.4473E7
0	6439	2246	7	6	1.4474E7
0	6440	2251	7	3	1.4475E7
0	6440	2253	7	0	1.4476E7
0	6440	2253	7	0	1.4477E7
0	6440	2253	7	0	1.4478E7
0	6440	2253	7	0	1.4479E7
0	6440	2253	7	0	1.448E7
0	6440	2253	7	0	1.4481E7
0	6440	2253	7	0	1.4482E7
0	6440	2253	7	0	1.4483E7
0	6440	2253	7	0	1.4484E7
0	6440	2253	7	0	1.4485E7
0	6440	2253	7	0	1.4486E7
0	6440	2253	7	0	1.4487E7
0	6440	2253	7	0	1.4488E7
0	6440	2253	7	0	1.4489E7
0	6440	2253	7	0	1.449E7
0	6440	2253	7	0	1.4491E7
0	6440	2253	7	0	1.4492E7
0	6440	2253	7	0	1.4493E7
0	6440	2253	7	0	1.4494E7
0	6440	2253	7	0	1.4495E7
0	6440	2253	7	0	1.4496E7
0	6440	2255	7	2	1.4497E7
0	6441	2259	7	4	1.4498E7
0	6442	2265	7	6	1.4499E7
0	6443	2273	7	8	1.45E7
0	6444	2283	7	10	1.4501E7
0	6445	2294	7	12	1.4502E7
0	6446	2308	7	14	1.4503E7
0	6446	2323	7	15	1.4504E7
0	6447	2338	7	14	1.4505E7
0	6448	2350	7	10	1.4506E7
0	6449	2357	7	5	1.4507E7
0	6449	2360	7	1	1.4508E7
0	6449	2360	7	0	1.4509E7
0	6449	2360	7	0	1.451E7
0	6449	2360	7	0	1.4511E7
0	6449	2360	7	0	1.4512E7
0	6449	2360	7	0	1.4513E7
0	6449	2360	7	0	1.4514E7
0	6449	2360	7	0	1.4515E7
0	6449	2360	7	0	1.4516E7
0	6449	2360	7	0	1.4517E7
0	6449	2360	7	0	1.4518E7
0	6449	2360	7	0	1.4519E7
0	6449	2360	7	0	1.452E7
0	6449	2360	7	0	1.4521E7
0	6449	2360	7	0	1.4522E7
0	6449	2360	7	0	1.4523E7
0	6449	2360	7	0	1.4524E7
0	6449	2360	7	0	1.4525E7
0	6449	2360	7	0	1.4526E7
0	6449	2360	7	0	1.4527E7
0	6449	2360	7	0	1.4528E7
0	6449	2360	7	0	1.4529E7
0	6449	2360	7	0	1.453E7
0	6449	2360	7	0	1.4531E7
0	6449	2360	7	0	1.4532E7
0	6449	2360	7	0	1.4533E7
0	6449	2360	7	0	1.4534E7
0	6449	2360	7	0	1.4535E7
0	6449	2362	7	2	1.4536E7
0	6449	2366	7	4	1.4537E7
0	6450	2371	7	6	1.4538E7
0	6450	2379	7	8	1.4539E7
0	6450	2388	7	10	1.454E7
0	6451	2399	7	12	1.4541E7
0	6448	2412	7	14	1.4542E7
0	6446	2426	7	11	1.4543E7
0	6445	2436	7	8	1.4544E7
0	6445	2443	7	5	1.4545E7
0	6445	2447	7	3	1.4546E7
0	6445	2452	7	6	1.4547E7
0	6441	2457	7	7	1.4548E7
0	6432	2459	5	9	1.4549E7
0	6421	2462	5	11	1.455E7
0	6409	2466	5	13	1.4551E7
0	6395	2471	5	14	1.4552E7
0	6381	2475	5	15	1.4553E7
0	6366	2479	5	14	1.4554E7
0	6352	2484	5	15	1.4555E7
0	6338	2488	5	14	1.4556E7
0	6323	2492	5	14	1.4557E7
0	6309	2496	5	14	1.4558E7
0	6294	2500	5	14	1.4559E7
0	6280	2504	5	14	1.456E7
0	6265	2508	5	15	1.4561E7
0	6251	2513	5	15	1.4562E7
0	6237	2517	5	15	1.4563E7
0	6222	2521	5	14	1.4564E7
0	6208	2525	5	14	1.4565E7
0	6193	2529	5	14	1.4566E7
0	6182	2533	5	10	1.4567E7
0	6173	2535	5	7	1.4568E7
0	6167	2537	5	4	1.4569E7
0	6164	2538	5	2	1.457E7
0	6162	2539	5	1	1.4571E7
0	6161	2539	5	0	1.4572E7
0	6161	2539	5	0	1.4573E7
0	6161	2539	5	0	1.4574E7
0	6160	2539	5	0	1.4575E7
0	6160	2539	5	0	1.4576E7
0	6160	2539	5	0	1.4577E7
0	6160	2539	5	0	1.4578E7
0	6160	2539	5	0	1.4579E7
0	6160	2539	5	0	1.458E7
0	6160	2539	5	0	1.4581E7
0	6159	2540	5	2	1.4582E7
0	6155	2541	5	4	1.4583E7
0	6150	2542	5	6	1.4584E7
0	6143	2544	5	8	1.4585E7
0	6134	2547	5	10	1.4586E7
0	6122	2550	5	12	1.4587E7
0	6109	2554	5	14	1.4588E7
0	6096	2558	5	13	1.4589E7
0	6085	2561	5	9	1.459E7
0	6077	2564	5	6	1.4591E7
0	6072	2565	5	4	1.4592E7
0	6069	2566	5	1	1.4593E7
0	6069	2566	5	0	1.4594E7
0	6069	2566	5	0	1.4595E7
0	6069	2566	5	0	1.4596E7
0	6069	2566	5	0	1.4597E7
0	6069	2566	5	0	1.4598E7
0	6069	2566	5	0	1.4599E7
0	6069	2566	5	0	1.46E7
0	6069	2566	5	0	1.4601E7
0	6069	2566	5	0	1.4602E7
0	6069	2566	5	0	1.4603E7
0	6069	2566	5	0	1.4604E7
0	6069	2566	5	0	1.4605E7
0	6069	2566	5	0	1.4606E7
0	6069	2566	5	0	1.4607E7
0	6069	2566	5	0	1.4608E7
0	6069	2566	5	0	1.4609E7
0	6069	2566	5	0	1.461E7
0	6069	2566	5	0	1.4611E7
0	6069	2566	5	0	1.4612E7
0	6069	2566	5	0	1.4613E7
0	6068	2567	5	2	1.4614E7
0	6064	2568	5	4	1.4615E7
0	6059	2569	5	6	1.4616E7
0	6052	2571	5	8	1.4617E7
0	6044	2573	5	10	1.4618E7
0	6033	2576	5	12	1.4619E7
0	6020	2578	5	14	1.462E7
0	6005	2579	5	14	1.4621E7
0	5990	2580	5	14	1.4622E7
0	5975	2580	5	15	1.4623E7
0	5960	2578	5	14	1.4624E7
0	5946	2576	5	14	1.4625E7
0	5931	2574	5	14	1.4626E7
0	5916	2571	5	14	1.4627E7
0	5901	2568	5	14	1.4628E7
0	5886	2565	5	14	1.4629E7
0	5872	2562	5	14	1.463E7
0	5857	2560	5	15	1.4631E7
0	5842	2558	5	15	1.4632E7
0	5827	2555	5	14	1.4633E7
0	5812	2552	5	14	1.4634E7
0	5798	2549	5	15	1.4635E7
0	5783	2548	5	14	1.4636E7
0	5768	2548	5	14	1.4637E7
0	5753	2548	5	15	1.4638E7
0	5738	2549	5	15	1.4639E7
0	5723	2551	5	15	1.464E7
0	5708	2552	5	15	1.4641E7
0	5693	2554	5	15	1.4642E7
0	5678	2555	5	14	1.4643E7
0	5663	2556	5	15	1.4644E7
0	5648	2557	5	15	1.4645E7
0	5633	2558	5	13	1.4646E7
0	5621	2560	5	10	1.4647E7
0	5613	2561	5	7	1.4648E7
0	5607	2562	5	4	1.4649E7
0	5604	2562	5	2	1.465E7
0	5604	2562	5	0	1.4651E7
0	5604	2562	5	0	1.4652E7
0	5604	2562	5	0	1.4653E7
0	5604	2562	5	0	1.4654E7
0	5604	2562	5	0	1.4655E7
0	5604	2562	5	0	1.4656E7
0	5604	2562	5	0	1.4657E7
0	5604	2562	5	0	1.4658E7
0	5604	2562	5	0	1.4659E7
0	5604	2562	5	0	1.466E7
0	5604	2562	5	0	1.4661E7
0	5604	2562	5	0	1.4662E7
0	5604	2562	5	0	1.4663E7
0	5604	2562	5	0	1.4664E7
0	5604	2562	5	0	1.4665E7
0	5604	2562	5	0	1.4666E7
0	5604	2562	5	0	1.4667E7
0	5604	2562	5	0	1.4668E7
0	5604	2562	5	0	1.4669E7
0	5604	2562	5	0	1.467E7
0	5602	2562	5	2	1.4671E7
0	5599	2563	5	4	1.4672E7
0	5594	2564	5	6	1.4673E7
0	5587	2565	5	7	1.4674E7
0	5578	2567	5	10	1.4675E7
0	5570	2569	5	7	1.4676E7
0	5564	2571	5	4	1.4677E7
0	5561	2571	5	2	1.4678E7
0	5559	2572	5	1	1.4679E7
0	5558	2572	5	0	1.468E7
0	5558	2572	5	0	1.4681E7
0	5558	2572	5	0	1.4682E7
0	5558	2572	5	0	1.4683E7
0	5558	2572	5	0	1.4684E7
0	5558	2572	5	0	1.4685E7
0	5558	2572	5	0	1.4686E7
0	5558	2572	5	0	1.4687E7
0	5558	2572	5	0	1.4688E7
0	5558	2572	5	0	1.4689E7
0	5558	2572	5	0	1.469E7
0	5558	2572	5	0	1.4691E7
0	5558	2572	5	0	1.4692E7
0	5558	2572	5	0	1.4693E7
0	5558	2572	5	0	1.4694E7
0	5558	2572	5	0	1.4695E7
0	5558	2572	5	0	1.4696E7
0	5558	2572	5	0	1.4697E7
0	5558	2572	5	0	1.4698E7
0	5558	2572	5	0	1.4699E7
0	5558	2572	5	0	1.47E7
0	5558	2572	5	0	1.4701E7
0	5558	2572	5	0	1.4702E7
0	5558	2572	5	0	1.4703E7
0	5558	2572	5	0	1.4704E7
0	5558	2572	5	0	1.4705E7
0	5558	2572	5	0	1.4706E7
0	5558	2572	5	0	1.4707E7
0	5558	2572	5	0	1.4708E7
0	5558	2572	5	0	1.4709E7
0	5558	2572	5	0	1.471E7
0	5558	2572	5	0	1.4711E7
0	5558	2572	5	0	1.4712E7
0	5558	2572	5	0	1.4713E7
0	5558	2572	5	0	1.4714E7
0	5558	2572	5	0	1.4715E7
0	5558	2572	5	0	1.4716E7
0	5558	2572	5	0	1.4717E7
0	5558	2572	5	0	1.4718E7
0	5558	2572	5	0	1.4719E7
0	5558	2572	5	0	1.472E7
0	5558	2572	5	0	1.4721E7
0	5556	2573	5	2	1.4722E7
0	5553	2574	5	4	1.4723E7
0	5548	2575	5	6	1.4724E7
0	5541	2579	6	7	1.4725E7
0	5533	2582	6	9	1.4726E7
0	5523	2588	6	11	1.4727E7
0	5511	2594	6	13	1.4728E7
0	5499	2602	6	15	1.4729E7
0	5487	2612	6	14	1.473E7
0	5476	2622	6	15	1.4731E7
0	5466	2634	6	14	1.4732E7
0	5457	2646	6	15	1.4733E7
0	5451	2660	6	15	1.4734E7
0	5445	2674	7	15	1.4735E7
0	5441	2689	7	15	1.4736E7
0	5438	2704	7	14	1.4737E7
0	5436	2719	7	14	1.4738E7
0	5433	2734	7	15	1.4739E7
0	5431	2749	7	15	1.474E7
0	5428	2764	7	14	1.4741E7
0	5426	2779	7	15	1.4742E7
0	5423	2794	7	14	1.4743E7
0	5421	2809	7	15	1.4744E7
0	5421	2824	7	15	1.4745E7
0	5420	2839	7	15	1.4746E7
0	5421	2854	7	15	1.4747E7
0	5422	2869	7	15	1.4748E7
0	5425	2884	7	15	1.4749E7
0	5430	2898	7	15	1.475E7
0	5436	2912	8	14	1.4751E7
0	5443	2925	8	14	1.4752E7
0	5451	2935	8	11	1.4753E7
0	5457	2942	8	7	1.4754E7
0	5462	2947	8	5	1.4755E7
0	5465	2949	8	2	1.4756E7
0	5466	2950	8	0	1.4757E7
0	5466	2950	8	0	1.4758E7
0	5466	2950	8	0	1.4759E7
0	5466	2950	8	0	1.476E7
0	5466	2950	8	0	1.4761E7
0	5466	2950	8	0	1.4762E7
0	5466	2950	8	0	1.4763E7
0	5466	2950	8	0	1.4764E7
0	5466	2950	8	0	1.4765E7
0	5466	2950	8	0	1.4766E7
0	5466	2950	8	0	1.4767E7
0	5466	2950	8	0	1.4768E7
0	5466	2950	8	0	1.4769E7
0	5466	2950	8	0	1.477E7
0	5466	2950	8	0	1.4771E7
0	5466	2950	8	0	1.4772E7
0	5466	2950	8	0	1.4773E7
0	5466	2950	8	0	1.4774E7
0	5466	2950	8	0	1.4775E7
0	5466	2950	8	0	1.4776E7
0	5466	2951	8	1	1.4777E7
0	5468	2953	8	3	1.4778E7
0	5472	2956	8	5	1.4779E7
0	5477	2960	8	7	1.478E7
0	5484	2966	8	9	1.4781E7
0	5492	2973	8	11	1.4782E7
0	5498	2980	8	8	1.4783E7
0	5503	2985	8	5	1.4784E7
0	5506	2989	8	3	1.4785E7
0	5507	2990	8	1	1.4786E7
0	5508	2991	8	0	1.4787E7
0	5508	2991	8	0	1.4788E7
0	5508	2992	8	0	1.4789E7
0	5508	2992	8	0	1.479E7
0	5508	2992	8	0	1.4791E7
0	5508	2992	8	0	1.4792E7
0	5508	2992	8	0	1.4793E7
0	5508	2992	8	0	1.4794E7
0	5508	2992	8	0	1.4795E7
0	5508	2992	8	0	1.4796E7
0	5508	2992	8	0	1.4797E7
0	5508	2992	8	0	1.4798E7
0	5508	2992	8	0	1.4799E7
0	5508	2992	8	0	1.48E7
0	5509	2992	8	0	1.4801E7
0	5509	2993	8	2	1.4802E7
0	5511	2995	8	4	1.4803E7
0	5514	3000	8	6	1.4804E7
0	5517	3006	8	7	1.4805E7
0	5521	3014	8	10	1.4806E7
0	5526	3024	8	12	1.4807E7
0	5531	3037	7	14	1.4808E7
0	5535	3051	7	15	1.4809E7
0	5539	3065	7	14	1.481E7
0	5542	3080	7	14	1.4811E7
0	5544	3094	7	15	1.4812E7
0	5544	3109	7	15	1.4813E7
0	5543	3124	7	15	1.4814E7
0	5543	3139	7	15	1.4815E7
0	5542	3154	7	14	1.4816E7
0	5542	3169	7	14	1.4817E7
0	5541	3184	7	14	1.4818E7
0	5541	3199	7	15	1.4819E7
0	5540	3214	7	14	1.482E7
0	5540	3229	7	14	1.4821E7
0	5539	3244	7	14	1.4822E7
0	5539	3256	7	10	1.4823E7
0	5538	3265	7	7	1.4824E7
0	5538	3271	7	4	1.4825E7
0	5538	3275	7	2	1.4826E7
0	5538	3275	7	0	1.4827E7
0	5538	3275	7	0	1.4828E7
0	5538	3275	7	0	1.4829E7
0	5538	3275	7	0	1.483E7
0	5538	3275	7	0	1.4831E7
0	5538	3275	7	0	1.4832E7
0	5538	3275	7	0	1.4833E7
0	5538	3275	7	0	1.4834E7
0	5538	3275	7	0	1.4835E7
0	5538	3275	7	0	1.4836E7
0	5538	3275	7	0	1.4837E7
0	5538	3275	7	0	1.4838E7
0	5538	3275	7	0	1.4839E7
0	5538	3275	7	0	1.484E7
0	5538	3275	7	0	1.4841E7
0	5538	3275	7	0	1.4842E7
0	5538	3275	7	0	1.4843E7
0	5538	3275	7	0	1.4844E7
0	5538	3275	7	0	1.4845E7
0	5538	3275	7	0	1.4846E7
0	5538	3276	7	1	1.4847E7
0	5538	3279	7	3	1.4848E7
0	5537	3284	7	5	1.4849E7
0	5537	3291	7	7	1.485E7
0	5537	3299	7	9	1.4851E7
0	5537	3310	7	11	1.4852E7
0	5537	3322	7	13	1.4853E7
0	5536	3336	7	14	1.4854E7
0	5536	3351	7	13	1.4855E7
0	5536	3362	7	9	1.4856E7
0	5535	3370	7	6	1.4857E7
0	5535	3376	7	4	1.4858E7
0	5535	3379	7	2	1.4859E7
0	5535	3381	7	1	1.486E7
0	5535	3382	7	0	1.4861E7
0	5535	3382	7	0	1.4862E7
0	5535	3382	7	0	1.4863E7
0	5535	3382	7	0	1.4864E7
0	5535	3382	7	0	1.4865E7
0	5535	3382	7	0	1.4866E7
0	5535	3382	7	0	1.4867E7
0	5535	3382	7	0	1.4868E7
0	5535	3382	7	0	1.4869E7
0	5535	3382	7	0	1.487E7
0	5535	3382	7	0	1.4871E7
0	5535	3382	7	0	1.4872E7
0	5535	3382	7	0	1.4873E7
0	5535	3382	7	0	1.4874E7
0	5535	3382	7	0	1.4875E7
0	5535	3382	7	0	1.4876E7
0	5535	3382	7	0	1.4877E7
0	5535	3382	7	0	1.4878E7
0	5535	3382	7	0	1.4879E7
0	5535	3382	7	0	1.488E7
0	5535	3382	7	0	1.4881E7
0	5535	3383	7	2	1.4882E7
0	5535	3387	7	4	1.4883E7
0	5535	3392	7	6	1.4884E7
0	5535	3400	7	8	1.4885E7
0	5536	3410	7	10	1.4886E7
0	5536	3421	7	12	1.4887E7
0	5538	3434	7	14	1.4888E7
0	5542	3449	7	14	1.4889E7
0	5546	3464	7	15	1.489E7
0	5552	3477	8	15	1.4891E7
0	5561	3490	8	14	1.4892E7
0	5570	3502	8	14	1.4893E7
0	5579	3515	8	14	1.4894E7
0	5588	3526	8	15	1.4895E7
0	5598	3538	8	14	1.4896E7
0	5609	3549	8	14	1.4897E7
0	5621	3558	8	15	1.4898E7
0	5633	3567	8	14	1.4899E7
0	5647	3574	8	14	1.49E7
0	5660	3581	8	14	1.4901E7
0	5675	3585	1	14	1.4902E7
0	5688	3588	1	12	1.4903E7
0	5699	3590	1	9	1.4904E7
0	5707	3591	1	6	1.4905E7
0	5712	3592	1	3	1.4906E7
0	5714	3592	1	1	1.4907E7
0	5714	3592	1	0	1.4908E7
0	5714	3592	1	0	1.4909E7
0	5714	3592	1	0	1.491E7
0	5714	3592	1	0	1.4911E7
0	5714	3592	1	0	1.4912E7
0	5714	3592	1	0	1.4913E7
0	5714	3592	1	0	1.4914E7
0	5714	3592	1	0	1.4915E7
0	5714	3592	1	0	1.4916E7
0	5714	3592	1	0	1.4917E7
0	5714	3592	1	0	1.4918E7
0	5714	3592	1	0	1.4919E7
0	5714	3592	1	0	1.492E7
0	5714	3592	1	0	1.4921E7
0	5714	3592	1	0	1.4922E7
0	5714	3592	1	0	1.4923E7
0	5714	3592	1	0	1.4924E7
0	5714	3592	1	0	1.4925E7
0	5714	3592	1	0	1.4926E7
0	5715	3592	1	0	1.4927E7
0	5716	3592	1	2	1.4928E7
0	5720	3593	1	4	1.4929E7
0	5726	3594	1	6	1.493E7
0	5734	3595	1	8	1.4931E7
0	5743	3596	1	10	1.4932E7
0	5755	3597	1	12	1.4933E7
0	5768	3599	1	14	1.4934E7
0	5783	3601	1	14	1.4935E7
0	5798	3603	1	15	1.4936E7
0	5812	3608	1	15	1.4937E7
0	5824	3617	8	15	1.4938E7
0	5834	3628	8	14	1.4939E7
0	5844	3640	8	14	1.494E7
0	5853	3651	8	14	1.4941E7
0	5863	3663	8	15	1.4942E7
0	5873	3674	8	14	1.4943E7
0	5883	3685	8	15	1.4944E7
0	5893	3697	8	15	1.4945E7
0	5902	3708	8	14	1.4946E7
0	5911	3718	8	11	1.4947E7
0	5917	3725	8	8	1.4948E7
0	5921	3731	8	5	1.4949E7
0	5924	3734	8	3	1.495E7
0	5925	3735	8	0	1.4951E7
0	5925	3735	8	0	1.4952E7
0	5925	3735	8	0	1.4953E7
0	5925	3735	8	0	1.4954E7
0	5925	3735	8	0	1.4955E7
0	5925	3735	8	0	1.4956E7
0	5925	3735	8	0	1.4957E7
0	5925	3735	8	0	1.4958E7
0	5925	3735	8	0	1.4959E7
0	5925	3735	8	0	1.496E7
0	5925	3735	8	0	1.4961E7
0	5925	3735	8	0	1.4962E7
0	5925	3735	8	0	1.4963E7
0	5925	3735	8	0	1.4964E7
0	5925	3735	8	0	1.4965E7
0	5925	3735	8	0	1.4966E7
0	5925	3735	8	0	1.4967E7
0	5925	3735	8	0	1.4968E7
0	5925	3735	8	0	1.4969E7
0	5925	3735	8	0	1.497E7
0	5925	3735	8	1	1.4971E7
0	5927	3737	8	3	1.4972E7
0	5930	3741	8	5	1.4973E7
0	5934	3746	8	7	1.4974E7
0	5940	3753	8	9	1.4975E7
0	5948	3759	8	11	1.4976E7
0	5958	3768	8	13	1.4977E7
0	5970	3775	8	15	1.4978E7
0	5984	3781	1	14	1.4979E7
0	5998	3785	1	14	1.498E7
0	6013	3788	1	15	1.4981E7
0	6028	3791	1	14	1.4982E7
0	6043	3794	1	15	1.4983E7
0	6057	3797	1	15	1.4984E7
0	6072	3800	1	14	1.4985E7
0	6085	3802	1	11	1.4986E7
0	6094	3804	1	8	1.4987E7
0	6101	3805	1	5	1.4988E7
0	6105	3806	1	3	1.4989E7
0	6106	3806	1	0	1.499E7
0	6106	3806	1	0	1.4991E7
0	6106	3806	1	0	1.4992E7
0	6106	3806	1	0	1.4993E7
0	6106	3806	1	0	1.4994E7
0	6106	3806	1	0	1.4995E7
0	6106	3806	1	0	1.4996E7
0	6106	3806	1	0	1.4997E7
0	6106	3806	1	0	1.4998E7
0	6106	3806	1	0	1.4999E7
0	6106	3806	1	0	1.5E7
0	6106	3806	1	0	1.5001E7
0	6106	3806	1	0	1.5002E7
0	6106	3806	1	0	1.5003E7
0	6106	3806	1	0	1.5004E7
0	6106	3806	1	0	1.5005E7
0	6106	3806	1	0	1.5006E7
0	6106	3806	1	0	1.5007E7
0	6106	3806	1	0	1.5008E7
0	6106	3806	1	0	1.5009E7
0	6107	3806	1	1	1.501E7
0	6109	3807	1	3	1.5011E7
0	6114	3807	1	5	1.5012E7
0	6120	3809	1	7	1.5013E7
0	6129	3810	1	9	1.5014E7
0	6139	3812	1	11	1.5015E7
0	6152	3815	1	13	1.5016E7
0	6165	3818	1	14	1.5017E7
0	6178	3824	8	15	1.5018E7
0	6189	3834	8	14	1.5019E7
0	6196	3847	8	14	1.502E7
0	6200	3861	7	14	1.5021E7
0	6201	3876	7	14	1.5022E7
0	6199	3890	7	14	1.5023E7
0	6197	3905	7	15	1.5024E7
0	6196	3920	7	15	1.5025E7
0	6197	3935	7	14	1.5026E7
0	6199	3950	7	14	1.5027E7
0	6203	3964	7	15	1.5028E7
0	6208	3978	8	14	1.5029E7
0	6214	3992	8	15	1.503E7
0	6221	4004	8	14	1.5031E7
0	6230	4017	8	15	1.5032E7
0	6239	4028	8	14	1.5033E7
0	6251	4037	8	14	1.5034E7
0	6262	4043	8	11	1.5035E7
0	6271	4046	8	8	1.5036E7
0	6278	4048	1	5	1.5037E7
0	6282	4049	1	3	1.5038E7
0	6283	4049	1	0	1.5039E7
0	6283	4049	1	0	1.504E7
0	6283	4049	1	0	1.5041E7
0	6283	4049	1	0	1.5042E7
0	6283	4049	1	0	1.5043E7
0	6283	4049	1	0	1.5044E7
0	6283	4049	1	0	1.5045E7
0	6283	4049	1	0	1.5046E7
0	6283	4049	1	0	1.5047E7
0	6283	4049	1	0	1.5048E7
0	6283	4049	1	0	1.5049E7
0	6283	4049	1	0	1.505E7
0	6283	4049	1	0	1.5051E7
0	6283	4049	1	0	1.5052E7
0	6283	4049	1	0	1.5053E7
0	6283	4049	1	0	1.5054E7
0	6283	4049	1	0	1.5055E7
0	6283	4049	1	0	1.5056E7
0	6283	4049	1	0	1.5057E7
0	6283	4049	1	0	1.5058E7
0	6283	4050	1	1	1.5059E7
0	6286	4050	1	3	1.506E7
0	6291	4051	1	5	1.5061E7
0	6301	4050	1	7	1.5062E7
0	6309	4052	1	9	1.5063E7
0	6318	4057	8	11	1.5064E7
0	6329	4063	8	13	1.5065E7
0	6340	4071	8	14	1.5066E7
0	6350	4083	8	14	1.5067E7
0	6358	4095	8	15	1.5068E7
0	6361	4110	7	15	1.5069E7
0	6365	4124	7	14	1.507E7
0	6365	4139	7	14	1.5071E7
0	6364	4155	7	15	1.5072E7
0	6361	4168	7	12	1.5073E7
0	6359	4179	7	9	1.5074E7
0	6357	4187	7	6	1.5075E7
0	6355	4192	7	4	1.5076E7
0	6354	4197	7	6	1.5077E7
0	6353	4203	7	4	1.5078E7
0	6354	4206	7	4	1.5079E7
0	6357	4211	7	6	1.508E7
0	6365	4214	8	8	1.5081E7
0	6374	4216	1	10	1.5082E7
0	6385	4223	1	12	1.5083E7
0	6398	4226	1	14	1.5084E7
0	6412	4230	1	14	1.5085E7
0	6427	4234	1	14	1.5086E7
0	6441	4237	1	14	1.5087E7
0	6456	4241	1	14	1.5088E7
0	6470	4245	1	14	1.5089E7
0	6484	4248	1	12	1.509E7
0	6494	4251	1	9	1.5091E7
0	6502	4253	1	6	1.5092E7
0	6507	4254	1	3	1.5093E7
0	6510	4255	1	2	1.5094E7
0	6511	4256	1	0	1.5095E7
0	6512	4256	1	0	1.5096E7
0	6512	4256	1	0	1.5097E7
0	6512	4256	1	0	1.5098E7
0	6512	4256	1	0	1.5099E7
0	6512	4256	1	0	1.51E7
0	6512	4256	1	0	1.5101E7
0	6512	4256	1	0	1.5102E7
0	6512	4256	1	0	1.5103E7
0	6512	4256	1	0	1.5104E7
0	6512	4256	1	0	1.5105E7
0	6512	4256	1	0	1.5106E7
0	6512	4256	1	0	1.5107E7
0	6512	4256	1	0	1.5108E7
0	6512	4256	1	0	1.5109E7
0	6512	4256	1	0	1.511E7
0	6512	4256	1	0	1.5111E7
0	6512	4256	1	0	1.5112E7
0	6512	4256	1	0	1.5113E7
0	6512	4256	1	0	1.5114E7
0	6512	4256	1	0	1.5115E7
0	6512	4256	1	0	1.5116E7
0	6512	4256	1	0	1.5117E7
0	6512	4256	1	0	1.5118E7
0	6512	4256	1	0	1.5119E7
0	6512	4256	1	0	1.512E7
0	6512	4256	1	0	1.5121E7
0	6512	4256	1	0	1.5122E7
0	6512	4256	1	0	1.5123E7
0	6512	4256	1	0	1.5124E7
0	6512	4256	1	0	1.5125E7
0	6512	4256	1	0	1.5126E7
0	6513	4256	1	2	1.5127E7
0	6517	4258	1	4	1.5128E7
0	6522	4260	1	6	1.5129E7
0	6529	4262	1	8	1.513E7
0	6538	4266	1	10	1.5131E7
0	6546	4275	8	12	1.5132E7
0	6558	4282	8	14	1.5133E7
0	6571	4290	8	16	1.5134E7
0	6586	4299	8	18	1.5135E7
0	6602	4308	8	18	1.5136E7
0	6618	4317	8	17	1.5137E7
0	6634	4325	8	18	1.5138E7
0	6649	4334	8	17	1.5139E7
0	6664	4342	8	14	1.514E7
0	6676	4348	8	11	1.5141E7
0	6685	4351	1	8	1.5142E7
0	6691	4353	1	5	1.5143E7
0	6695	4354	1	3	1.5144E7
0	6696	4355	1	0	1.5145E7
0	6696	4355	1	0	1.5146E7
0	6696	4355	1	0	1.5147E7
0	6696	4355	1	0	1.5148E7
0	6696	4355	1	0	1.5149E7
0	6696	4355	1	0	1.515E7
0	6696	4355	1	0	1.5151E7
0	6696	4355	1	0	1.5152E7
0	6696	4355	1	0	1.5153E7
0	6696	4355	1	0	1.5154E7
0	6696	4355	1	0	1.5155E7
0	6696	4355	1	0	1.5156E7
0	6696	4355	1	0	1.5157E7
0	6696	4355	1	0	1.5158E7
0	6696	4355	1	0	1.5159E7
0	6696	4355	1	0	1.516E7
0	6696	4355	1	0	1.5161E7
0	6696	4355	1	0	1.5162E7
0	6696	4355	1	0	1.5163E7
0	6696	4355	1	0	1.5164E7
0	6697	4355	1	1	1.5165E7
0	6699	4356	1	3	1.5166E7
0	6704	4357	1	5	1.5167E7
0	6710	4359	1	7	1.5168E7
0	6719	4358	1	9	1.5169E7
0	6730	4360	1	11	1.517E7
0	6742	4362	1	13	1.5171E7
0	6757	4364	1	15	1.5172E7
0	6773	4366	1	17	1.5173E7
0	6790	4369	1	15	1.5174E7
0	6803	4370	1	12	1.5175E7
0	6814	4372	1	8	1.5176E7
0	6821	4373	1	6	1.5177E7
0	6825	4374	1	3	1.5178E7
0	6828	4374	1	1	1.5179E7
0	6829	4374	1	0	1.518E7
0	6830	4374	1	0	1.5181E7
0	6830	4374	1	0	1.5182E7
0	6830	4374	1	0	1.5183E7
0	6830	4374	1	0	1.5184E7
0	6830	4374	1	0	1.5185E7
0	6830	4374	1	0	1.5186E7
0	6830	4374	1	0	1.5187E7
0	6830	4374	1	0	1.5188E7
0	6830	4374	1	0	1.5189E7
0	6830	4374	1	0	1.519E7
0	6830	4374	1	0	1.5191E7
0	6830	4374	1	0	1.5192E7
0	6830	4374	1	0	1.5193E7
0	6830	4374	1	0	1.5194E7
0	6830	4374	1	0	1.5195E7
0	6830	4374	1	0	1.5196E7
0	6830	4374	1	0	1.5197E7
0	6830	4374	1	0	1.5198E7
0	6830	4374	1	0	1.5199E7
0	6830	4374	1	0	1.52E7
0	6830	4374	1	0	1.5201E7
0	6832	4374	1	2	1.5202E7
0	6835	4375	1	4	1.5203E7
0	6841	4376	1	6	1.5204E7
0	6848	4377	1	8	1.5205E7
0	6858	4378	1	10	1.5206E7
0	6869	4380	1	12	1.5207E7
0	6882	4382	1	14	1.5208E7
0	6897	4384	1	16	1.5209E7
0	6912	4386	1	13	1.521E7
0	6923	4387	1	10	1.5211E7
0	6931	4389	1	7	1.5212E7
0	6937	4389	1	4	1.5213E7
0	6940	4390	1	2	1.5214E7
0	6942	4390	1	1	1.5215E7
0	6943	4390	1	0	1.5216E7
0	6943	4390	1	0	1.5217E7
0	6943	4390	1	0	1.5218E7
0	6943	4390	1	0	1.5219E7
0	6943	4390	1	0	1.522E7
0	6943	4390	1	0	1.5221E7
0	6943	4390	1	0	1.5222E7
0	6943	4390	1	0	1.5223E7
0	6943	4390	1	0	1.5224E7
0	6943	4390	1	0	1.5225E7
0	6943	4390	1	0	1.5226E7
0	6943	4390	1	0	1.5227E7
0	6943	4390	1	0	1.5228E7
0	6943	4390	1	0	1.5229E7
0	6943	4390	1	0	1.523E7
0	6943	4390	1	0	1.5231E7
0	6943	4390	1	0	1.5232E7
0	6943	4390	1	0	1.5233E7
0	6943	4390	1	0	1.5234E7
0	6943	4390	1	0	1.5235E7
0	6943	4390	1	0	1.5236E7
0	6943	4390	1	0	1.5237E7
0	6943	4390	1	0	1.5238E7
0	6943	4390	1	0	1.5239E7
0	6943	4390	1	0	1.524E7
0	6943	4390	1	0	1.5241E7
0	6943	4390	1	0	1.5242E7
0	6943	4390	1	0	1.5243E7
0	6943	4390	1	0	1.5244E7
0	6943	4390	1	0	1.5245E7
0	6943	4390	1	0	1.5246E7
0	6943	4390	1	0	1.5247E7
0	6943	4390	1	0	1.5248E7
0	6943	4390	1	0	1.5249E7
0	6943	4390	1	0	1.525E7
0	6943	4390	1	0	1.5251E7
0	6943	4390	1	0	1.5252E7
0	6943	4390	1	0	1.5253E7
0	6943	4390	1	0	1.5254E7
0	6943	4390	1	0	1.5255E7
0	6943	4390	1	0	1.5256E7
0	6944	4390	1	2	1.5257E7
0	6948	4391	1	4	1.5258E7
0	6954	4391	1	6	1.5259E7
0	6961	4390	1	8	1.526E7
0	6970	4394	1	10	1.5261E7
0	6981	4396	1	12	1.5262E7
0	6994	4397	1	14	1.5263E7
0	7009	4400	1	14	1.5264E7
0	7017	4409	8	15	1.5265E7
0	7018	4423	7	15	1.5266E7
0	7018	4438	7	15	1.5267E7
0	7019	4453	7	14	1.5268E7
0	7019	4468	7	15	1.5269E7
0	7021	4483	7	14	1.527E7
0	7022	4498	7	15	1.5271E7
0	7023	4512	7	12	1.5272E7
0	7023	4522	7	9	1.5273E7
0	7023	4529	7	6	1.5274E7
0	7023	4534	7	3	1.5275E7
0	7023	4537	7	0	1.5276E7
0	7023	4537	7	0	1.5277E7
0	7023	4537	7	0	1.5278E7
0	7023	4537	7	0	1.5279E7
0	7023	4537	7	0	1.528E7
0	7023	4537	7	0	1.5281E7
0	7023	4537	7	0	1.5282E7
0	7023	4537	7	0	1.5283E7
0	7023	4537	7	0	1.5284E7
0	7023	4537	7	0	1.5285E7
0	7023	4537	7	0	1.5286E7
0	7023	4537	7	0	1.5287E7
0	7023	4537	7	0	1.5288E7
0	7023	4537	7	0	1.5289E7
0	7023	4537	7	0	1.529E7
0	7023	4537	7	0	1.5291E7
0	7023	4537	7	0	1.5292E7
0	7023	4537	7	0	1.5293E7
0	7023	4537	7	0	1.5294E7
0	7023	4537	7	0	1.5295E7
0	7023	4537	7	0	1.5296E7
0	7027	4540	7	2	1.5297E7
0	7027	4544	7	4	1.5298E7
0	7027	4550	7	7	1.5299E7
0	7025	4558	7	8	1.53E7
0	7017	4565	6	11	1.5301E7
0	7006	4570	5	11	1.5302E7
0	6996	4571	5	8	1.5303E7
0	6989	4572	5	5	1.5304E7
0	6984	4573	5	3	1.5305E7
0	6982	4573	5	1	1.5306E7
0	6980	4573	5	0	1.5307E7
0	6980	4573	5	0	1.5308E7
0	6980	4573	5	0	1.5309E7
0	6980	4573	5	0	1.531E7
0	6980	4573	5	0	1.5311E7
0	6980	4573	5	0	1.5312E7
0	6980	4573	5	0	1.5313E7
0	6980	4573	5	0	1.5314E7
0	6980	4573	5	0	1.5315E7
0	6980	4573	5	0	1.5316E7
0	6980	4573	5	0	1.5317E7
0	6980	4573	5	0	1.5318E7
0	6980	4573	5	0	1.5319E7
0	6980	4573	5	0	1.532E7
0	6980	4573	5	0	1.5321E7
0	6980	4573	5	0	1.5322E7
0	6980	4573	5	0	1.5323E7
0	6980	4573	5	0	1.5324E7
0	6980	4573	5	0	1.5325E7
0	6980	4573	5	0	1.5326E7
0	6980	4573	5	0	1.5327E7
0	6980	4573	5	0	1.5328E7
0	6980	4573	5	0	1.5329E7
0	6980	4573	5	0	1.533E7
0	6980	4573	5	0	1.5331E7
0	6980	4573	5	0	1.5332E7
0	6980	4573	5	0	1.5333E7
0	6980	4573	5	0	1.5334E7
0	6980	4573	5	0	1.5335E7
0	6980	4573	5	0	1.5336E7
0	6980	4573	5	0	1.5337E7
0	6980	4573	5	0	1.5338E7
0	6980	4573	5	0	1.5339E7
0	6980	4573	5	0	1.534E7
0	6980	4573	5	0	1.5341E7
0	6980	4573	5	0	1.5342E7
0	6980	4573	5	0	1.5343E7
0	6980	4573	5	0	1.5344E7
0	6980	4573	5	0	1.5345E7
0	6980	4573	5	0	1.5346E7
0	6978	4574	5	2	1.5347E7
0	6975	4575	5	4	1.5348E7
0	6971	4576	5	4	1.5349E7
0	6968	4581	6	6	1.535E7
0	6966	4589	7	9	1.5351E7
0	6966	4599	7	10	1.5352E7
0	6967	4610	7	12	1.5353E7
0	6968	4624	7	14	1.5354E7
0	6968	4639	7	14	1.5355E7
0	6966	4653	7	13	1.5356E7
0	6968	4665	7	10	1.5357E7
0	6969	4673	7	7	1.5358E7
0	6970	4679	7	4	1.5359E7
0	6971	4682	7	2	1.536E7
0	6971	4684	7	1	1.5361E7
0	6971	4684	7	0	1.5362E7
0	6971	4685	7	0	1.5363E7
0	6971	4685	7	0	1.5364E7
0	6971	4685	7	0	1.5365E7
0	6971	4685	7	0	1.5366E7
0	6971	4685	7	0	1.5367E7
0	6971	4685	7	0	1.5368E7
0	6971	4685	7	0	1.5369E7
0	6971	4685	7	0	1.537E7
0	6971	4685	7	0	1.5371E7
0	6971	4685	7	0	1.5372E7
0	6971	4685	7	0	1.5373E7
0	6971	4685	7	0	1.5374E7
0	6971	4685	7	0	1.5375E7
0	6971	4685	7	0	1.5376E7
0	6971	4685	7	0	1.5377E7
0	6971	4685	7	0	1.5378E7
0	6971	4685	7	0	1.5379E7
0	6971	4685	7	0	1.538E7
0	6971	4685	7	0	1.5381E7
0	6971	4685	7	0	1.5382E7
0	6971	4685	7	0	1.5383E7
0	6971	4685	7	0	1.5384E7
0	6971	4685	7	0	1.5385E7
0	6971	4685	7	0	1.5386E7
0	6971	4685	7	0	1.5387E7
0	6971	4685	7	0	1.5388E7
0	6971	4685	7	0	1.5389E7
0	6971	4685	7	0	1.539E7
0	6971	4685	7	0	1.5391E7
0	6971	4686	7	2	1.5392E7
0	6972	4690	7	4	1.5393E7
0	6973	4696	7	6	1.5394E7
0	6976	4703	7	8	1.5395E7
0	6979	4711	7	10	1.5396E7
0	6984	4722	7	12	1.5397E7
0	6989	4735	7	14	1.5398E7
0	6994	4748	7	15	1.5399E7
0	7000	4762	7	15	1.54E7
0	7005	4776	7	15	1.5401E7
0	7011	4790	7	14	1.5402E7
0	7017	4804	7	14	1.5403E7
0	7022	4818	7	14	1.5404E7
0	7028	4832	7	15	1.5405E7
0	7031	4847	7	14	1.5406E7
0	7036	4861	7	14	1.5407E7
0	7042	4875	7	14	1.5408E7
0	7048	4888	7	15	1.5409E7
0	7053	4902	7	13	1.541E7
0	7057	4913	7	10	1.5411E7
0	7061	4921	7	7	1.5412E7
0	7063	4926	7	4	1.5413E7
0	7064	4929	7	2	1.5414E7
0	7065	4931	7	1	1.5415E7
0	7065	4931	7	0	1.5416E7
0	7065	4932	7	0	1.5417E7
0	7065	4932	7	0	1.5418E7
0	7065	4932	7	0	1.5419E7
0	7065	4932	7	0	1.542E7
0	7065	4932	7	0	1.5421E7
0	7065	4932	7	0	1.5422E7
0	7065	4932	7	0	1.5423E7
0	7065	4932	7	0	1.5424E7
0	7065	4932	7	0	1.5425E7
0	7065	4932	7	0	1.5426E7
0	7065	4932	7	0	1.5427E7
0	7065	4932	7	0	1.5428E7
0	7065	4932	7	0	1.5429E7
0	7065	4932	7	0	1.543E7
0	7065	4932	7	0	1.5431E7
0	7065	4932	7	0	1.5432E7
0	7065	4932	7	0	1.5433E7
0	7065	4932	7	0	1.5434E7
0	7065	4932	7	0	1.5435E7
0	7065	4932	7	0	1.5436E7
0	7065	4932	7	0	1.5437E7
0	7065	4932	7	0	1.5438E7
0	7065	4932	7	0	1.5439E7
0	7065	4932	7	0	1.544E7
0	7065	4932	7	0	1.5441E7
0	7066	4933	7	2	1.5442E7
0	7067	4936	8	4	1.5443E7
0	7069	4940	8	4	1.5444E7
0	7071	4944	8	3	1.5445E7
0	7073	4948	8	5	1.5446E7
0	7076	4954	8	7	1.5447E7
0	7080	4961	8	9	1.5448E7
0	7085	4970	8	11	1.5449E7
0	7091	4981	8	12	1.545E7
0	7097	4992	8	12	1.5451E7
0	7103	5003	8	13	1.5452E7
0	7109	5015	8	13	1.5453E7
0	7114	5025	8	10	1.5454E7
0	7119	5034	8	8	1.5455E7
0	7122	5040	8	6	1.5456E7
0	7125	5045	8	4	1.5457E7
0	7126	5048	8	3	1.5458E7
0	7128	5051	8	2	1.5459E7
0	7128	5052	8	1	1.546E7
0	7129	5053	8	0	1.5461E7
0	7129	5053	8	0	1.5462E7
0	7129	5053	8	0	1.5463E7
0	7129	5053	8	0	1.5464E7
0	7129	5053	8	0	1.5465E7
0	7129	5053	8	0	1.5466E7
0	7129	5053	8	0	1.5467E7
0	7129	5053	8	0	1.5468E7
0	7129	5053	8	0	1.5469E7
0	7129	5053	8	0	1.547E7
0	7129	5053	8	0	1.5471E7
0	7129	5053	8	0	1.5472E7
0	7129	5053	8	0	1.5473E7
0	7129	5054	8	0	1.5474E7
0	7130	5055	8	2	1.5475E7
0	7131	5058	8	3	1.5476E7
0	7133	5062	8	3	1.5477E7
0	7134	5064	8	2	1.5478E7
0	7135	5066	8	1	1.5479E7
0	7135	5066	8	0	1.548E7
0	7136	5067	8	0	1.5481E7
0	7136	5067	8	0	1.5482E7
0	7136	5067	8	0	1.5483E7
0	7136	5067	8	0	1.5484E7
0	7136	5067	8	0	1.5485E7
0	7136	5067	8	0	1.5486E7
0	7136	5067	8	0	1.5487E7
0	7136	5067	8	0	1.5488E7
0	7136	5067	8	0	1.5489E7
0	7136	5067	8	0	1.549E7
0	7136	5067	8	0	1.5491E7
0	7136	5067	8	0	1.5492E7
0	7136	5067	8	0	1.5493E7
0	7136	5067	8	0	1.5494E7
0	7136	5067	8	0	1.5495E7
0	7136	5067	8	0	1.5496E7
0	7136	5067	8	0	1.5497E7
0	7136	5067	8	0	1.5498E7
0	7136	5068	8	1	1.5499E7
0	7137	5070	8	3	1.55E7
0	7139	5074	8	4	1.5501E7
0	7141	5078	8	4	1.5502E7
0	7143	5081	8	1	1.5503E7
0	7143	5081	8	0	1.5504E7
0	7143	5081	8	0	1.5505E7
0	7143	5081	8	0	1.5506E7
0	7143	5081	8	0	1.5507E7
0	7143	5081	8	0	1.5508E7
0	7143	5081	8	0	1.5509E7
0	7143	5081	8	0	1.551E7
0	7143	5081	8	0	1.5511E7
0	7143	5081	8	0	1.5512E7
0	7143	5081	8	0	1.5513E7
0	7143	5081	8	0	1.5514E7
0	7143	5081	8	0	1.5515E7
0	7143	5081	8	0	1.5516E7
0	7143	5081	8	0	1.5517E7
0	7143	5081	8	0	1.5518E7
0	7143	5081	8	0	1.5519E7
0	7143	5081	8	0	1.552E7
0	7143	5081	8	0	1.5521E7
0	7143	5081	8	0	1.5522E7
0	7143	5081	8	0	1.5523E7
0	7144	5082	8	2	1.5524E7
0	7145	5086	8	4	1.5525E7
0	7148	5090	8	6	1.5526E7
0	7151	5097	8	8	1.5527E7
0	7155	5105	8	10	1.5528E7
0	7160	5115	8	12	1.5529E7
0	7166	5127	8	13	1.553E7
0	7173	5140	8	14	1.5531E7
0	7180	5154	8	14	1.5532E7
0	7187	5167	8	15	1.5533E7
0	7193	5180	8	14	1.5534E7
0	7200	5194	8	14	1.5535E7
0	7207	5207	8	14	1.5536E7
0	7214	5221	8	15	1.5537E7
0	7220	5234	8	14	1.5538E7
0	7227	5247	8	15	1.5539E7
0	7234	5261	8	14	1.554E7
0	7241	5274	8	14	1.5541E7
0	7247	5288	8	14	1.5542E7
0	7254	5301	8	13	1.5543E7
0	7259	5311	8	10	1.5544E7
0	7262	5319	8	7	1.5545E7
0	7265	5324	8	4	1.5546E7
0	7266	5327	8	2	1.5547E7
0	7267	5328	8	1	1.5548E7
0	7267	5329	8	0	1.5549E7
0	7268	5329	8	0	1.555E7
0	7268	5330	8	2	1.5551E7
0	7269	5333	8	3	1.5552E7
0	7271	5337	8	4	1.5553E7
0	7273	5340	8	2	1.5554E7
0	7274	5342	8	1	1.5555E7
0	7274	5342	8	0	1.5556E7
0	7274	5343	8	0	1.5557E7
0	7274	5343	8	0	1.5558E7
0	7274	5343	8	0	1.5559E7
0	7274	5343	8	0	1.556E7
0	7274	5343	8	0	1.5561E7
0	7274	5343	8	0	1.5562E7
0	7274	5343	8	0	1.5563E7
0	7274	5343	8	0	1.5564E7
0	7274	5343	8	0	1.5565E7
0	7274	5343	8	0	1.5566E7
0	7274	5343	8	0	1.5567E7
0	7274	5343	8	0	1.5568E7
0	7274	5343	8	0	1.5569E7
0	7274	5343	8	0	1.557E7
0	7274	5343	8	0	1.5571E7
0	7274	5343	8	0	1.5572E7
0	7274	5343	8	0	1.5573E7
0	7274	5343	8	0	1.5574E7
0	7274	5343	8	0	1.5575E7
0	7274	5343	8	0	1.5576E7
0	7274	5343	8	0	1.5577E7
0	7274	5343	8	0	1.5578E7
0	7274	5343	8	0	1.5579E7
0	7274	5343	8	0	1.558E7
0	7274	5343	8	0	1.5581E7
0	7274	5343	8	0	1.5582E7
0	7274	5343	8	0	1.5583E7
0	7274	5343	8	0	1.5584E7
0	7274	5343	8	0	1.5585E7
0	7274	5343	8	0	1.5586E7
0	7274	5343	8	0	1.5587E7
0	7274	5343	8	0	1.5588E7
0	7274	5343	8	0	1.5589E7
0	7274	5343	8	0	1.559E7
0	7274	5343	8	0	1.5591E7
0	7274	5343	8	0	1.5592E7
0	7274	5343	8	0	1.5593E7
0	7274	5343	8	0	1.5594E7
0	7274	5343	8	0	1.5595E7
0	7274	5343	8	0	1.5596E7
0	7274	5343	8	0	1.5597E7
0	7274	5343	8	0	1.5598E7
0	7274	5343	8	0	1.5599E7
0	7274	5343	8	0	1.56E7
0	7274	5343	8	0	1.5601E7
0	7274	5343	8	0	1.5602E7
0	7275	5344	8	2	1.5603E7
0	7277	5348	8	4	1.5604E7
0	7279	5352	8	4	1.5605E7
0	7280	5355	8	2	1.5606E7
0	7281	5356	8	1	1.5607E7
0	7281	5357	8	0	1.5608E7
0	7281	5357	8	0	1.5609E7
0	7281	5357	8	0	1.561E7
0	7281	5357	8	0	1.5611E7
0	7281	5357	8	0	1.5612E7
0	7281	5357	8	0	1.5613E7
0	7281	5357	8	0	1.5614E7
0	7281	5357	8	0	1.5615E7
0	7281	5357	8	0	1.5616E7
0	7281	5357	8	0	1.5617E7
0	7281	5357	8	0	1.5618E7
0	7281	5357	8	0	1.5619E7
0	7281	5357	8	0	1.562E7
0	7281	5357	8	0	1.5621E7
0	7281	5357	8	0	1.5622E7
0	7281	5357	8	0	1.5623E7
0	7281	5358	8	0	1.5624E7
0	7282	5359	8	1	1.5625E7
0	7283	5361	8	3	1.5626E7
0	7285	5365	8	4	1.5627E7
0	7286	5368	8	2	1.5628E7
0	7287	5370	8	1	1.5629E7
0	7288	5370	8	0	1.563E7
0	7288	5371	8	0	1.5631E7
0	7288	5371	8	0	1.5632E7
0	7288	5371	8	0	1.5633E7
0	7288	5371	8	0	1.5634E7
0	7288	5371	8	0	1.5635E7
0	7288	5371	8	0	1.5636E7
0	7288	5371	8	0	1.5637E7
0	7288	5371	8	0	1.5638E7
0	7288	5371	8	0	1.5639E7
0	7288	5371	8	0	1.564E7
0	7288	5371	8	0	1.5641E7
0	7288	5371	8	0	1.5642E7
0	7288	5371	8	0	1.5643E7
0	7288	5371	8	0	1.5644E7
0	7288	5371	8	0	1.5645E7
0	7288	5371	8	0	1.5646E7
0	7288	5371	8	0	1.5647E7
0	7288	5371	8	0	1.5648E7
0	7288	5372	8	1	1.5649E7
0	7289	5374	8	3	1.565E7
0	7291	5377	8	2	1.5651E7
0	7292	5379	8	2	1.5652E7
0	7292	5381	8	1	1.5653E7
0	7293	5382	8	0	1.5654E7
0	7293	5382	8	0	1.5655E7
0	7293	5383	8	0	1.5656E7
0	7293	5383	8	0	1.5657E7
0	7293	5383	8	0	1.5658E7
0	7293	5383	8	0	1.5659E7
0	7293	5383	8	0	1.566E7
0	7293	5383	8	0	1.5661E7
0	7293	5383	8	0	1.5662E7
0	7293	5383	8	0	1.5663E7
0	7293	5383	8	0	1.5664E7
0	7293	5383	8	0	1.5665E7
0	7293	5383	8	0	1.5666E7
0	7293	5383	8	0	1.5667E7
0	7293	5383	8	0	1.5668E7
0	7293	5383	8	0	1.5669E7
0	7293	5383	8	0	1.567E7
0	7293	5383	8	0	1.5671E7
0	7293	5383	8	0	1.5672E7
0	7293	5383	8	0	1.5673E7
0	7293	5383	8	0	1.5674E7
0	7293	5383	8	0	1.5675E7
0	7293	5383	8	0	1.5676E7
0	7293	5383	8	0	1.5677E7
0	7293	5383	8	0	1.5678E7
0	7293	5383	8	0	1.5679E7
0	7293	5383	8	0	1.568E7
0	7293	5383	8	0	1.5681E7
0	7294	5383	8	1	1.5682E7
0	7294	5385	8	1	1.5683E7
0	7295	5385	8	0	1.5684E7
0	7295	5385	8	0	1.5685E7
0	7295	5385	8	0	1.5686E7
0	7295	5385	8	0	1.5687E7
0	7295	5385	8	0	1.5688E7
0	7295	5385	8	0	1.5689E7
0	7295	5385	8	0	1.569E7
0	7295	5385	8	0	1.5691E7
0	7295	5385	8	0	1.5692E7
0	7295	5385	8	0	1.5693E7
0	7295	5385	8	0	1.5694E7
0	7295	5385	8	0	1.5695E7
0	7295	5385	8	0	1.5696E7
0	7295	5385	8	0	1.5697E7
0	7295	5385	8	0	1.5698E7
0	7295	5385	8	0	1.5699E7
0	7295	5385	8	0	1.57E7
0	7295	5385	8	0	1.5701E7
0	7295	5385	8	0	1.5702E7
0	7295	5385	8	0	1.5703E7
0	7295	5387	8	2	1.5704E7
0	7297	5390	8	4	1.5705E7
0	7299	5395	8	6	1.5706E7
