0	5781	5705	1	0	0.0
0	5781	5705	1	0	1.4408E7
0	5782	5705	1	2	1.4409E7
0	5786	5705	1	4	1.441E7
0	5791	5705	1	6	1.4411E7
0	5798	5706	1	8	1.4412E7
0	5808	5707	1	10	1.4413E7
0	5819	5707	1	12	1.4414E7
0	5832	5708	1	13	1.4415E7
0	5844	5709	1	10	1.4416E7
0	5852	5710	1	7	1.4417E7
0	5858	5711	1	4	1.4418E7
0	5861	5711	1	2	1.4419E7
0	5861	5711	1	0	1.442E7
0	5861	5711	1	0	1.4421E7
0	5861	5711	1	0	1.4422E7
0	5861	5711	1	0	1.4423E7
0	5861	5711	1	0	1.4424E7
0	5861	5711	1	0	1.4425E7
0	5861	5711	1	0	1.4426E7
0	5861	5711	1	0	1.4427E7
0	5861	5711	1	0	1.4428E7
0	5861	5711	1	0	1.4429E7
0	5861	5711	1	0	1.443E7
0	5861	5711	1	0	1.4431E7
0	5861	5711	1	0	1.4432E7
0	5861	5711	1	0	1.4433E7
0	5861	5711	1	0	1.4434E7
0	5861	5711	1	0	1.4435E7
0	5861	5711	1	0	1.4436E7
0	5861	5711	1	0	1.4437E7
0	5861	5711	1	0	1.4438E7
0	5861	5711	1	0	1.4439E7
0	5863	5711	1	2	1.444E7
0	5866	5711	1	4	1.4441E7
0	5871	5712	1	5	1.4442E7
0	5878	5713	1	7	1.4443E7
0	5887	5714	1	9	1.4444E7
0	5897	5715	1	11	1.4445E7
0	5910	5717	1	13	1.4446E7
0	5923	5719	1	13	1.4447E7
0	5937	5720	1	13	1.4448E7
0	5950	5722	1	13	1.4449E7
0	5964	5724	1	13	1.445E7
0	5977	5725	1	13	1.4451E7
0	5991	5726	1	13	1.4452E7
0	6004	5727	1	13	1.4453E7
0	6018	5728	1	13	1.4454E7
0	6031	5729	1	13	1.4455E7
0	6045	5731	1	13	1.4456E7
0	6058	5732	1	12	1.4457E7
0	6069	5733	1	9	1.4458E7
0	6076	5733	1	6	1.4459E7
0	6081	5734	1	3	1.446E7
0	6083	5734	1	1	1.4461E7
0	6084	5734	1	0	1.4462E7
0	6085	5734	1	0	1.4463E7
0	6085	5734	1	0	1.4464E7
0	6085	5734	1	0	1.4465E7
0	6085	5734	1	0	1.4466E7
0	6085	5734	1	0	1.4467E7
0	6085	5734	1	0	1.4468E7
0	6085	5734	1	0	1.4469E7
0	6085	5734	1	0	1.447E7
0	6085	5734	1	0	1.4471E7
0	6085	5734	1	0	1.4472E7
0	6085	5734	1	0	1.4473E7
0	6085	5734	1	0	1.4474E7
0	6085	5734	1	0	1.4475E7
0	6085	5734	1	0	1.4476E7
0	6085	5734	1	0	1.4477E7
0	6085	5734	1	0	1.4478E7
0	6085	5734	1	0	1.4479E7
0	6085	5734	1	0	1.448E7
0	6085	5734	1	0	1.4481E7
0	6085	5734	1	0	1.4482E7
0	6085	5734	1	0	1.4483E7
0	6085	5734	1	0	1.4484E7
0	6085	5734	1	0	1.4485E7
0	6085	5734	1	0	1.4486E7
0	6085	5734	1	0	1.4487E7
0	6085	5734	1	0	1.4488E7
0	6085	5734	1	0	1.4489E7
0	6085	5734	1	0	1.449E7
0	6085	5734	1	0	1.4491E7
0	6087	5734	1	2	1.4492E7
0	6090	5734	1	4	1.4493E7
0	6096	5735	1	6	1.4494E7
0	6103	5735	1	8	1.4495E7
0	6113	5736	1	10	1.4496E7
0	6124	5736	1	12	1.4497E7
0	6137	5737	1	13	1.4498E7
0	6151	5738	1	13	1.4499E7
0	6164	5738	1	13	1.45E7
0	6178	5739	1	13	1.4501E7
0	6191	5740	1	13	1.4502E7
0	6205	5741	1	13	1.4503E7
0	6218	5741	1	13	1.4504E7
0	6232	5742	1	13	1.4505E7
0	6245	5743	1	13	1.4506E7
0	6259	5744	1	13	1.4507E7
0	6272	5745	1	13	1.4508E7
0	6285	5746	1	11	1.4509E7
0	6295	5747	1	8	1.451E7
0	6302	5747	1	5	1.4511E7
0	6306	5748	1	3	1.4512E7
0	6308	5748	1	0	1.4513E7
0	6308	5748	1	0	1.4514E7
0	6308	5748	1	0	1.4515E7
0	6308	5748	1	0	1.4516E7
0	6308	5748	1	0	1.4517E7
0	6308	5748	1	0	1.4518E7
0	6308	5748	1	0	1.4519E7
0	6308	5748	1	0	1.452E7
0	6308	5748	1	0	1.4521E7
0	6308	5748	1	0	1.4522E7
0	6308	5748	1	0	1.4523E7
0	6308	5748	1	0	1.4524E7
0	6308	5748	1	0	1.4525E7
0	6308	5748	1	0	1.4526E7
0	6308	5748	1	0	1.4527E7
0	6308	5748	1	0	1.4528E7
0	6308	5748	1	0	1.4529E7
0	6308	5748	1	0	1.453E7
0	6308	5748	1	0	1.4531E7
0	6308	5748	1	0	1.4532E7
0	6308	5748	1	1	1.4533E7
0	6311	5748	1	3	1.4534E7
0	6315	5748	1	5	1.4535E7
0	6321	5749	1	7	1.4536E7
0	6330	5749	1	9	1.4537E7
0	6340	5750	1	11	1.4538E7
0	6351	5750	1	9	1.4539E7
0	6359	5751	1	6	1.454E7
0	6364	5751	1	4	1.4541E7
0	6367	5751	1	2	1.4542E7
0	6368	5751	1	1	1.4543E7
0	6369	5751	1	0	1.4544E7
0	6369	5751	1	0	1.4545E7
0	6369	5751	1	0	1.4546E7
0	6369	5751	1	0	1.4547E7
0	6369	5751	1	0	1.4548E7
0	6369	5751	1	0	1.4549E7
0	6369	5751	1	0	1.455E7
0	6369	5751	1	0	1.4551E7
0	6369	5751	1	0	1.4552E7
0	6369	5751	1	0	1.4553E7
0	6369	5751	1	0	1.4554E7
0	6369	5751	1	0	1.4555E7
0	6369	5751	1	0	1.4556E7
0	6369	5751	1	0	1.4557E7
0	6369	5751	1	0	1.4558E7
0	6369	5751	1	0	1.4559E7
0	6369	5751	1	0	1.456E7
0	6369	5751	1	0	1.4561E7
0	6369	5751	1	0	1.4562E7
0	6369	5751	1	0	1.4563E7
0	6369	5751	1	0	1.4564E7
0	6369	5751	1	0	1.4565E7
0	6369	5751	1	0	1.4566E7
0	6369	5751	1	0	1.4567E7
0	6369	5751	1	0	1.4568E7
0	6369	5751	1	0	1.4569E7
0	6369	5751	1	0	1.457E7
0	6369	5751	1	0	1.4571E7
0	6369	5751	1	0	1.4572E7
0	6369	5751	1	0	1.4573E7
0	6369	5751	1	0	1.4574E7
0	6369	5751	1	0	1.4575E7
0	6369	5751	1	0	1.4576E7
0	6369	5751	1	0	1.4577E7
0	6369	5751	1	0	1.4578E7
0	6369	5751	1	0	1.4579E7
0	6369	5751	1	0	1.458E7
0	6369	5751	1	0	1.4581E7
0	6371	5752	1	2	1.4582E7
0	6374	5752	1	4	1.4583E7
0	6379	5752	1	6	1.4584E7
0	6386	5753	1	8	1.4585E7
0	6396	5754	1	10	1.4586E7
0	6407	5755	1	11	1.4587E7
0	6419	5757	1	13	1.4588E7
0	6433	5758	1	13	1.4589E7
0	6446	5760	1	13	1.459E7
0	6460	5761	1	13	1.4591E7
0	6473	5761	1	13	1.4592E7
0	6486	5762	1	13	1.4593E7
0	6500	5762	1	13	1.4594E7
0	6513	5762	1	13	1.4595E7
0	6527	5762	1	13	1.4596E7
0	6540	5761	1	13	1.4597E7
0	6554	5761	1	13	1.4598E7
0	6567	5760	1	13	1.4599E7
0	6581	5759	1	13	1.46E7
0	6594	5760	1	13	1.4601E7
0	6607	5763	1	12	1.4602E7
0	6616	5766	1	8	1.4603E7
0	6622	5770	8	5	1.4604E7
0	6626	5772	8	3	1.4605E7
0	6628	5774	8	1	1.4606E7
0	6629	5774	8	0	1.4607E7
0	6629	5775	8	0	1.4608E7
0	6629	5775	8	0	1.4609E7
0	6630	5775	8	0	1.461E7
0	6630	5775	8	0	1.4611E7
0	6630	5775	8	0	1.4612E7
0	6630	5775	8	0	1.4613E7
0	6630	5775	8	0	1.4614E7
0	6630	5775	8	0	1.4615E7
0	6630	5775	8	0	1.4616E7
0	6630	5775	8	0	1.4617E7
0	6630	5775	8	0	1.4618E7
0	6630	5775	8	0	1.4619E7
0	6630	5775	8	0	1.462E7
0	6630	5775	8	0	1.4621E7
0	6630	5775	8	0	1.4622E7
0	6630	5775	8	0	1.4623E7
0	6630	5775	8	0	1.4624E7
0	6630	5775	8	0	1.4625E7
0	6630	5775	8	0	1.4626E7
0	6630	5775	8	0	1.4627E7
0	6630	5775	8	0	1.4628E7
0	6630	5775	8	0	1.4629E7
0	6630	5775	8	0	1.463E7
0	6630	5775	8	0	1.4631E7
0	6630	5775	8	0	1.4632E7
0	6630	5775	8	0	1.4633E7
0	6630	5775	8	0	1.4634E7
0	6630	5775	8	0	1.4635E7
0	6630	5775	8	0	1.4636E7
0	6630	5775	8	0	1.4637E7
0	6630	5775	8	0	1.4638E7
0	6630	5775	8	0	1.4639E7
0	6630	5775	8	0	1.464E7
0	6630	5775	8	0	1.4641E7
0	6631	5776	8	2	1.4642E7
0	6633	5778	8	4	1.4643E7
0	6634	5783	8	6	1.4644E7
0	6637	5790	7	8	1.4645E7
0	6640	5799	7	10	1.4646E7
0	6644	5810	7	12	1.4647E7
0	6648	5822	7	13	1.4648E7
0	6653	5835	7	13	1.4649E7
0	6657	5847	7	13	1.465E7
0	6665	5859	8	13	1.4651E7
0	6677	5865	8	12	1.4652E7
0	6687	5868	1	9	1.4653E7
0	6695	5870	1	6	1.4654E7
0	6700	5870	1	3	1.4655E7
0	6702	5871	1	0	1.4656E7
0	6702	5871	1	0	1.4657E7
0	6702	5871	1	0	1.4658E7
0	6702	5871	1	0	1.4659E7
0	6702	5871	1	0	1.466E7
0	6702	5871	1	0	1.4661E7
0	6702	5871	1	0	1.4662E7
0	6702	5871	1	0	1.4663E7
0	6702	5871	1	0	1.4664E7
0	6702	5871	1	0	1.4665E7
0	6702	5871	1	0	1.4666E7
0	6702	5871	1	0	1.4667E7
0	6702	5871	1	0	1.4668E7
0	6702	5871	1	0	1.4669E7
0	6702	5871	1	0	1.467E7
0	6702	5871	1	0	1.4671E7
0	6702	5871	1	0	1.4672E7
0	6702	5871	1	0	1.4673E7
0	6702	5871	1	0	1.4674E7
0	6702	5871	1	0	1.4675E7
0	6703	5871	1	0	1.4676E7
0	6705	5871	1	2	1.4677E7
0	6709	5872	1	4	1.4678E7
0	6715	5873	1	6	1.4679E7
0	6723	5874	1	8	1.468E7
0	6732	5876	1	10	1.4681E7
0	6744	5879	1	12	1.4682E7
0	6758	5881	1	13	1.4683E7
0	6771	5883	1	13	1.4684E7
0	6785	5886	1	13	1.4685E7
0	6799	5888	1	13	1.4686E7
0	6812	5891	1	13	1.4687E7
0	6826	5893	1	13	1.4688E7
0	6839	5896	1	13	1.4689E7
0	6850	5899	1	10	1.469E7
0	6859	5900	1	7	1.4691E7
0	6864	5901	1	4	1.4692E7
0	6867	5902	1	2	1.4693E7
0	6869	5902	1	1	1.4694E7
0	6870	5903	1	0	1.4695E7
0	6870	5903	1	0	1.4696E7
0	6870	5903	1	0	1.4697E7
0	6870	5903	1	0	1.4698E7
0	6870	5903	1	0	1.4699E7
0	6870	5903	1	0	1.47E7
0	6870	5903	1	0	1.4701E7
0	6871	5903	1	1	1.4702E7
0	6873	5903	1	2	1.4703E7
0	6877	5904	1	4	1.4704E7
0	6882	5905	1	4	1.4705E7
0	6885	5906	1	2	1.4706E7
0	6886	5906	1	0	1.4707E7
0	6886	5906	1	0	1.4708E7
0	6886	5906	1	0	1.4709E7
0	6886	5906	1	0	1.471E7
0	6886	5906	1	0	1.4711E7
0	6886	5906	1	0	1.4712E7
0	6886	5906	1	0	1.4713E7
0	6886	5906	1	0	1.4714E7
0	6886	5906	1	0	1.4715E7
0	6886	5906	1	0	1.4716E7
0	6886	5906	1	0	1.4717E7
0	6886	5906	1	0	1.4718E7
0	6886	5906	1	0	1.4719E7
0	6886	5906	1	0	1.472E7
0	6886	5906	1	0	1.4721E7
0	6886	5906	1	0	1.4722E7
0	6886	5906	1	0	1.4723E7
0	6886	5906	1	0	1.4724E7
0	6886	5906	1	0	1.4725E7
0	6886	5906	1	0	1.4726E7
0	6887	5906	1	2	1.4727E7
0	6890	5907	1	4	1.4728E7
0	6896	5908	1	6	1.4729E7
0	6903	5909	1	8	1.473E7
0	6912	5911	1	10	1.4731E7
0	6923	5914	1	12	1.4732E7
0	6936	5916	1	13	1.4733E7
0	6949	5919	1	13	1.4734E7
0	6962	5922	1	13	1.4735E7
0	6976	5924	1	13	1.4736E7
0	6989	5927	1	13	1.4737E7
0	7002	5930	1	13	1.4738E7
0	7016	5929	1	13	1.4739E7
0	7030	5932	1	13	1.474E7
0	7043	5935	1	13	1.4741E7
0	7056	5937	1	13	1.4742E7
0	7069	5940	1	13	1.4743E7
0	7083	5943	1	13	1.4744E7
0	7096	5946	1	13	1.4745E7
0	7109	5948	1	13	1.4746E7
0	7123	5951	1	13	1.4747E7
0	7136	5954	1	13	1.4748E7
0	7149	5956	1	13	1.4749E7
0	7162	5959	1	13	1.475E7
0	7176	5962	1	13	1.4751E7
0	7189	5965	1	13	1.4752E7
0	7202	5968	1	13	1.4753E7
0	7215	5970	1	13	1.4754E7
0	7228	5973	1	11	1.4755E7
0	7238	5974	1	8	1.4756E7
0	7244	5976	1	5	1.4757E7
0	7249	5976	1	3	1.4758E7
0	7251	5977	1	1	1.4759E7
0	7252	5977	1	0	1.476E7
0	7252	5977	1	0	1.4761E7
0	7252	5977	1	0	1.4762E7
0	7252	5977	1	0	1.4763E7
0	7252	5977	1	0	1.4764E7
0	7252	5977	1	0	1.4765E7
0	7252	5977	1	0	1.4766E7
0	7252	5977	1	0	1.4767E7
0	7252	5977	1	0	1.4768E7
0	7252	5977	1	0	1.4769E7
0	7252	5977	1	0	1.477E7
0	7252	5977	1	0	1.4771E7
0	7252	5977	1	0	1.4772E7
0	7252	5977	1	0	1.4773E7
0	7252	5977	1	0	1.4774E7
0	7252	5977	1	0	1.4775E7
0	7252	5977	1	0	1.4776E7
0	7252	5977	1	0	1.4777E7
0	7252	5977	1	0	1.4778E7
0	7252	5977	1	0	1.4779E7
0	7252	5977	1	0	1.478E7
0	7252	5977	1	0	1.4781E7
0	7252	5977	1	0	1.4782E7
0	7252	5977	1	0	1.4783E7
0	7252	5977	1	0	1.4784E7
0	7252	5977	1	0	1.4785E7
0	7252	5977	1	0	1.4786E7
0	7252	5977	1	0	1.4787E7
0	7252	5977	1	0	1.4788E7
0	7252	5977	1	0	1.4789E7
0	7252	5977	1	0	1.479E7
0	7252	5977	1	0	1.4791E7
0	7252	5977	1	0	1.4792E7
0	7252	5977	1	0	1.4793E7
0	7252	5977	1	0	1.4794E7
0	7252	5977	1	0	1.4795E7
0	7252	5977	1	0	1.4796E7
0	7252	5977	1	0	1.4797E7
0	7252	5977	1	0	1.4798E7
0	7252	5977	1	0	1.4799E7
0	7252	5977	1	0	1.48E7
0	7253	5977	1	0	1.4801E7
0	7254	5977	1	2	1.4802E7
0	7258	5977	1	4	1.4803E7
0	7263	5978	1	6	1.4804E7
0	7270	5979	1	8	1.4805E7
0	7279	5980	1	9	1.4806E7
0	7290	5981	1	11	1.4807E7
0	7303	5981	1	13	1.4808E7
0	7317	5980	1	13	1.4809E7
0	7328	5978	1	10	1.481E7
0	7337	5976	1	7	1.4811E7
0	7342	5975	1	4	1.4812E7
0	7346	5974	1	2	1.4813E7
0	7347	5974	1	1	1.4814E7
0	7348	5974	1	0	1.4815E7
0	7348	5974	1	0	1.4816E7
0	7348	5974	1	0	1.4817E7
0	7348	5974	1	0	1.4818E7
0	7348	5974	1	0	1.4819E7
0	7348	5974	1	0	1.482E7
0	7348	5974	1	0	1.4821E7
0	7348	5974	1	0	1.4822E7
0	7348	5974	1	0	1.4823E7
0	7348	5974	1	0	1.4824E7
0	7348	5974	1	0	1.4825E7
0	7348	5974	1	0	1.4826E7
0	7348	5974	1	0	1.4827E7
0	7348	5974	1	0	1.4828E7
0	7348	5974	1	0	1.4829E7
0	7348	5974	1	0	1.483E7
0	7348	5974	1	0	1.4831E7
0	7348	5974	1	0	1.4832E7
0	7348	5974	1	0	1.4833E7
0	7348	5974	1	0	1.4834E7
0	7348	5974	1	0	1.4835E7
0	7348	5974	1	0	1.4836E7
0	7348	5974	1	0	1.4837E7
0	7348	5974	1	0	1.4838E7
0	7348	5974	1	0	1.4839E7
0	7348	5974	1	0	1.484E7
0	7348	5974	1	0	1.4841E7
0	7348	5974	1	0	1.4842E7
0	7348	5974	1	0	1.4843E7
0	7348	5974	1	0	1.4844E7
0	7348	5974	1	0	1.4845E7
0	7348	5974	1	0	1.4846E7
0	7350	5973	1	2	1.4847E7
0	7354	5972	1	4	1.4848E7
0	7359	5970	1	6	1.4849E7
0	7366	5967	2	8	1.485E7
0	7372	5959	2	10	1.4851E7
0	7376	5948	3	12	1.4852E7
0	7381	5935	3	13	1.4853E7
0	7386	5923	3	13	1.4854E7
0	7390	5910	3	13	1.4855E7
0	7395	5897	3	13	1.4856E7
0	7400	5885	3	13	1.4857E7
0	7405	5872	3	13	1.4858E7
0	7410	5860	3	11	1.4859E7
0	7414	5850	3	8	1.486E7
0	7417	5844	3	5	1.4861E7
0	7421	5841	3	3	1.4862E7
0	7422	5838	3	1	1.4863E7
0	7423	5837	3	0	1.4864E7
0	7423	5837	3	0	1.4865E7
0	7423	5837	3	0	1.4866E7
0	7423	5837	3	0	1.4867E7
0	7423	5837	3	0	1.4868E7
0	7423	5837	3	0	1.4869E7
0	7424	5835	3	2	1.487E7
0	7425	5832	3	4	1.4871E7
0	7427	5826	3	6	1.4872E7
0	7430	5819	3	8	1.4873E7
0	7434	5810	3	10	1.4874E7
0	7439	5799	3	12	1.4875E7
0	7444	5787	3	12	1.4876E7
0	7448	5777	3	9	1.4877E7
0	7451	5769	3	6	1.4878E7
0	7453	5765	3	3	1.4879E7
0	7454	5762	3	2	1.488E7
0	7454	5760	3	1	1.4881E7
0	7455	5758	3	3	1.4882E7
0	7457	5754	3	5	1.4883E7
0	7459	5747	3	7	1.4884E7
0	7460	5739	3	9	1.4885E7
0	7463	5728	3	11	1.4886E7
0	7463	5716	3	12	1.4887E7
0	7462	5702	3	13	1.4888E7
0	7460	5689	3	13	1.4889E7
0	7456	5676	3	13	1.489E7
0	7450	5663	3	13	1.4891E7
0	7444	5651	4	13	1.4892E7
0	7438	5638	4	13	1.4893E7
0	7432	5626	4	12	1.4894E7
0	7427	5617	4	9	1.4895E7
0	7423	5610	4	6	1.4896E7
0	7421	5605	4	3	1.4897E7
0	7420	5603	4	2	1.4898E7
0	7419	5601	4	0	1.4899E7
0	7419	5601	4	0	1.49E7
0	7419	5601	4	0	1.4901E7
0	7419	5601	4	0	1.4902E7
0	7419	5601	4	0	1.4903E7
0	7419	5601	4	0	1.4904E7
0	7419	5601	4	0	1.4905E7
0	7419	5601	4	0	1.4906E7
0	7419	5601	4	0	1.4907E7
0	7419	5601	4	0	1.4908E7
0	7419	5601	4	0	1.4909E7
0	7419	5601	4	0	1.491E7
0	7419	5601	4	0	1.4911E7
0	7419	5601	4	0	1.4912E7
0	7419	5601	4	0	1.4913E7
0	7419	5601	4	0	1.4914E7
0	7419	5601	4	0	1.4915E7
0	7419	5601	4	0	1.4916E7
0	7419	5601	4	0	1.4917E7
0	7419	5601	4	0	1.4918E7
0	7419	5601	4	0	1.4919E7
0	7419	5601	4	0	1.492E7
0	7419	5601	4	0	1.4921E7
0	7419	5601	4	0	1.4922E7
0	7419	5601	4	0	1.4923E7
0	7419	5601	4	0	1.4924E7
0	7419	5601	4	0	1.4925E7
0	7419	5601	4	0	1.4926E7
0	7419	5601	4	0	1.4927E7
0	7419	5601	4	0	1.4928E7
0	7419	5601	4	0	1.4929E7
0	7419	5601	4	0	1.493E7
0	7419	5601	4	0	1.4931E7
0	7419	5601	4	0	1.4932E7
0	7419	5601	4	0	1.4933E7
0	7419	5601	4	0	1.4934E7
0	7419	5601	4	0	1.4935E7
0	7419	5601	4	0	1.4936E7
0	7419	5601	4	0	1.4937E7
0	7419	5601	4	0	1.4938E7
0	7419	5601	4	0	1.4939E7
0	7419	5601	4	0	1.494E7
0	7419	5600	4	0	1.4941E7
0	7418	5599	4	2	1.4942E7
0	7416	5596	4	4	1.4943E7
0	7414	5591	4	6	1.4944E7
0	7411	5584	4	8	1.4945E7
0	7407	5576	4	10	1.4946E7
0	7402	5566	4	12	1.4947E7
0	7396	5554	4	13	1.4948E7
0	7390	5542	4	13	1.4949E7
0	7384	5530	4	13	1.495E7
0	7378	5517	4	13	1.4951E7
0	7372	5506	4	11	1.4952E7
0	7368	5498	4	7	1.4953E7
0	7366	5492	4	5	1.4954E7
0	7364	5489	4	3	1.4955E7
0	7363	5487	4	1	1.4956E7
0	7362	5486	4	0	1.4957E7
0	7362	5485	4	0	1.4958E7
0	7362	5485	4	0	1.4959E7
0	7362	5485	4	0	1.496E7
0	7362	5485	4	0	1.4961E7
0	7362	5485	4	0	1.4962E7
0	7362	5485	4	0	1.4963E7
0	7362	5485	4	0	1.4964E7
0	7362	5485	4	0	1.4965E7
0	7362	5485	4	0	1.4966E7
0	7362	5485	4	0	1.4967E7
0	7362	5485	4	0	1.4968E7
0	7362	5485	4	0	1.4969E7
0	7362	5485	4	0	1.497E7
0	7362	5485	4	0	1.4971E7
0	7362	5485	4	0	1.4972E7
0	7362	5485	4	0	1.4973E7
0	7362	5485	4	0	1.4974E7
0	7362	5485	4	0	1.4975E7
0	7362	5485	4	0	1.4976E7
0	7362	5485	4	0	1.4977E7
0	7362	5485	4	0	1.4978E7
0	7362	5485	4	0	1.4979E7
0	7362	5485	4	0	1.498E7
0	7362	5485	4	0	1.4981E7
0	7361	5484	4	2	1.4982E7
0	7360	5481	4	4	1.4983E7
0	7357	5476	4	5	1.4984E7
0	7355	5471	4	4	1.4985E7
0	7354	5468	4	3	1.4986E7
0	7351	5464	4	5	1.4987E7
0	7350	5460	4	4	1.4988E7
0	7347	5454	4	6	1.4989E7
0	7343	5447	4	8	1.499E7
0	7339	5439	4	10	1.4991E7
0	7335	5429	4	9	1.4992E7
0	7331	5423	4	6	1.4993E7
0	7329	5418	4	3	1.4994E7
0	7328	5416	4	2	1.4995E7
0	7327	5415	4	0	1.4996E7
0	7327	5414	4	0	1.4997E7
0	7327	5414	4	0	1.4998E7
0	7327	5414	4	0	1.4999E7
0	7327	5414	4	0	1.5E7
0	7327	5414	4	0	1.5001E7
0	7327	5414	4	0	1.5002E7
0	7327	5414	4	0	1.5003E7
0	7327	5414	4	0	1.5004E7
0	7327	5414	4	0	1.5005E7
0	7327	5414	4	0	1.5006E7
0	7327	5414	4	0	1.5007E7
0	7327	5414	4	0	1.5008E7
0	7327	5414	4	0	1.5009E7
0	7327	5414	4	0	1.501E7
0	7327	5414	4	0	1.5011E7
0	7327	5414	4	0	1.5012E7
0	7327	5414	4	0	1.5013E7
0	7327	5414	4	0	1.5014E7
0	7327	5414	4	0	1.5015E7
0	7327	5414	4	0	1.5016E7
0	7327	5414	4	0	1.5017E7
0	7327	5414	4	0	1.5018E7
0	7327	5414	4	0	1.5019E7
0	7327	5414	4	0	1.502E7
0	7327	5414	4	0	1.5021E7
0	7327	5414	4	0	1.5022E7
0	7327	5414	4	0	1.5023E7
0	7327	5414	4	0	1.5024E7
0	7327	5414	4	0	1.5025E7
0	7327	5414	4	0	1.5026E7
0	7327	5414	4	0	1.5027E7
0	7327	5414	4	0	1.5028E7
0	7327	5414	4	0	1.5029E7
0	7327	5414	4	0	1.503E7
0	7327	5414	4	0	1.5031E7
0	7327	5414	4	0	1.5032E7
0	7327	5414	4	0	1.5033E7
0	7327	5414	4	0	1.5034E7
0	7327	5414	4	0	1.5035E7
0	7327	5414	4	0	1.5036E7
0	7327	5414	4	0	1.5037E7
0	7327	5414	4	0	1.5038E7
0	7327	5414	4	0	1.5039E7
0	7327	5414	4	0	1.504E7
0	7327	5414	4	0	1.5041E7
0	7326	5413	4	2	1.5042E7
0	7325	5410	4	4	1.5043E7
0	7322	5405	4	6	1.5044E7
0	7319	5398	4	8	1.5045E7
0	7315	5390	4	9	1.5046E7
0	7311	5380	4	11	1.5047E7
0	7306	5370	4	9	1.5048E7
0	7302	5363	4	6	1.5049E7
0	7300	5359	4	4	1.505E7
0	7299	5356	4	1	1.5051E7
0	7299	5356	4	0	1.5052E7
0	7299	5356	4	0	1.5053E7
0	7299	5356	4	0	1.5054E7
0	7299	5356	4	0	1.5055E7
0	7299	5356	4	0	1.5056E7
0	7299	5356	4	0	1.5057E7
0	7299	5356	4	0	1.5058E7
0	7299	5356	4	0	1.5059E7
0	7299	5356	4	0	1.506E7
0	7299	5356	4	0	1.5061E7
0	7299	5356	4	0	1.5062E7
0	7299	5356	4	0	1.5063E7
0	7299	5356	4	0	1.5064E7
0	7299	5356	4	0	1.5065E7
0	7299	5356	4	0	1.5066E7
0	7299	5356	4	0	1.5067E7
0	7299	5356	4	0	1.5068E7
0	7299	5356	4	0	1.5069E7
0	7299	5356	4	0	1.507E7
0	7299	5356	4	0	1.5071E7
0	7298	5354	4	2	1.5072E7
0	7296	5351	4	4	1.5073E7
0	7295	5348	4	2	1.5074E7
0	7295	5347	4	1	1.5075E7
0	7294	5346	4	0	1.5076E7
0	7294	5346	4	0	1.5077E7
0	7294	5346	4	0	1.5078E7
0	7294	5346	4	0	1.5079E7
0	7294	5346	4	0	1.508E7
0	7294	5346	4	0	1.5081E7
0	7294	5346	4	0	1.5082E7
0	7294	5346	4	0	1.5083E7
0	7294	5346	4	0	1.5084E7
0	7294	5346	4	0	1.5085E7
0	7294	5346	4	0	1.5086E7
0	7294	5346	4	0	1.5087E7
0	7294	5346	4	0	1.5088E7
0	7294	5346	4	0	1.5089E7
0	7294	5346	4	0	1.509E7
0	7294	5346	4	0	1.5091E7
0	7294	5346	4	0	1.5092E7
0	7294	5346	4	0	1.5093E7
0	7294	5346	4	0	1.5094E7
0	7294	5346	4	0	1.5095E7
0	7294	5346	4	0	1.5096E7
0	7294	5346	4	0	1.5097E7
0	7294	5346	4	0	1.5098E7
0	7294	5346	4	0	1.5099E7
0	7294	5346	4	0	1.51E7
0	7294	5346	4	0	1.5101E7
0	7294	5346	4	0	1.5102E7
0	7294	5346	4	0	1.5103E7
0	7294	5346	4	0	1.5104E7
0	7294	5346	4	0	1.5105E7
0	7294	5346	4	0	1.5106E7
0	7294	5346	4	0	1.5107E7
0	7294	5346	4	0	1.5108E7
0	7294	5346	4	0	1.5109E7
0	7294	5346	4	0	1.511E7
0	7294	5346	4	0	1.5111E7
0	7294	5346	4	0	1.5112E7
0	7294	5346	4	0	1.5113E7
0	7294	5346	4	0	1.5114E7
0	7294	5346	4	0	1.5115E7
0	7294	5346	4	0	1.5116E7
0	7294	5346	4	0	1.5117E7
0	7294	5346	4	0	1.5118E7
0	7294	5346	4	0	1.5119E7
0	7294	5346	4	0	1.512E7
0	7294	5346	4	0	1.5121E7
0	7293	5345	4	2	1.5122E7
0	7292	5341	4	4	1.5123E7
0	7290	5337	4	6	1.5124E7
0	7286	5330	4	8	1.5125E7
0	7282	5322	4	9	1.5126E7
0	7278	5312	4	11	1.5127E7
0	7272	5301	4	13	1.5128E7
0	7266	5288	4	13	1.5129E7
0	7260	5276	4	13	1.513E7
0	7254	5264	4	13	1.5131E7
0	7248	5252	4	13	1.5132E7
0	7242	5240	4	13	1.5133E7
0	7236	5228	4	13	1.5134E7
0	7229	5215	4	13	1.5135E7
0	7223	5203	4	13	1.5136E7
0	7217	5191	4	13	1.5137E7
0	7211	5179	4	13	1.5138E7
0	7205	5167	4	13	1.5139E7
0	7199	5155	4	13	1.514E7
0	7193	5143	4	13	1.5141E7
0	7187	5131	4	13	1.5142E7
0	7180	5119	4	13	1.5143E7
0	7174	5107	4	13	1.5144E7
0	7168	5094	4	13	1.5145E7
0	7162	5083	4	12	1.5146E7
0	7157	5073	4	8	1.5147E7
0	7154	5067	4	6	1.5148E7
0	7152	5062	4	3	1.5149E7
0	7151	5060	4	0	1.515E7
0	7151	5060	4	0	1.5151E7
0	7151	5060	4	0	1.5152E7
0	7151	5060	4	0	1.5153E7
0	7151	5060	4	0	1.5154E7
0	7151	5060	4	0	1.5155E7
0	7151	5060	4	0	1.5156E7
0	7151	5060	4	0	1.5157E7
0	7151	5060	4	0	1.5158E7
0	7151	5060	4	0	1.5159E7
0	7151	5060	4	0	1.516E7
0	7151	5060	4	0	1.5161E7
0	7151	5060	4	0	1.5162E7
0	7151	5060	4	0	1.5163E7
0	7151	5060	4	0	1.5164E7
0	7151	5060	4	0	1.5165E7
0	7151	5060	4	0	1.5166E7
0	7151	5060	4	0	1.5167E7
0	7151	5060	4	0	1.5168E7
0	7151	5060	4	0	1.5169E7
0	7151	5060	4	0	1.517E7
0	7150	5058	4	3	1.5171E7
0	7148	5055	4	5	1.5172E7
0	7145	5049	4	6	1.5173E7
0	7142	5042	4	8	1.5174E7
0	7137	5033	4	11	1.5175E7
0	7131	5022	4	13	1.5176E7
0	7125	5010	4	13	1.5177E7
0	7119	4998	4	13	1.5178E7
0	7112	4986	4	13	1.5179E7
0	7106	4974	4	12	1.518E7
0	7101	4964	4	9	1.5181E7
0	7097	4957	4	6	1.5182E7
0	7094	4953	4	4	1.5183E7
0	7093	4950	4	2	1.5184E7
0	7092	4949	4	1	1.5185E7
0	7092	4948	4	0	1.5186E7
0	7092	4948	4	0	1.5187E7
0	7092	4948	4	0	1.5188E7
0	7092	4948	4	0	1.5189E7
0	7092	4948	4	0	1.519E7
0	7092	4948	4	0	1.5191E7
0	7092	4948	4	0	1.5192E7
0	7092	4948	4	0	1.5193E7
0	7092	4948	4	0	1.5194E7
0	7092	4948	4	0	1.5195E7
0	7092	4948	4	0	1.5196E7
0	7092	4948	4	0	1.5197E7
0	7092	4948	4	0	1.5198E7
0	7092	4948	4	0	1.5199E7
0	7092	4948	4	0	1.52E7
0	7092	4948	4	0	1.5201E7
0	7091	4947	4	2	1.5202E7
0	7089	4943	4	4	1.5203E7
0	7087	4938	4	6	1.5204E7
0	7083	4932	4	8	1.5205E7
0	7080	4923	4	10	1.5206E7
0	7075	4913	3	12	1.5207E7
0	7070	4901	3	13	1.5208E7
0	7065	4888	3	13	1.5209E7
0	7060	4875	3	13	1.521E7
0	7055	4863	3	13	1.5211E7
0	7050	4850	3	13	1.5212E7
0	7045	4838	3	13	1.5213E7
0	7040	4825	3	13	1.5214E7
0	7034	4813	3	13	1.5215E7
0	7029	4800	3	13	1.5216E7
0	7024	4787	3	13	1.5217E7
0	7019	4775	3	13	1.5218E7
0	7014	4762	3	13	1.5219E7
0	7009	4750	3	13	1.522E7
0	7004	4737	3	13	1.5221E7
0	6999	4725	3	13	1.5222E7
0	6994	4712	3	13	1.5223E7
0	6989	4700	3	13	1.5224E7
0	6985	4687	3	13	1.5225E7
0	6983	4674	3	13	1.5226E7
0	6980	4660	3	13	1.5227E7
0	6979	4647	3	13	1.5228E7
0	6978	4634	3	13	1.5229E7
0	6977	4620	3	13	1.523E7
0	6977	4607	3	13	1.5231E7
0	6976	4593	3	13	1.5232E7
0	6975	4580	3	13	1.5233E7
0	6975	4566	3	13	1.5234E7
0	6974	4553	3	13	1.5235E7
0	6973	4539	3	13	1.5236E7
0	6972	4525	3	13	1.5237E7
0	6972	4512	3	13	1.5238E7
0	6971	4498	3	13	1.5239E7
0	6970	4485	3	13	1.524E7
0	6969	4471	3	13	1.5241E7
0	6969	4458	3	13	1.5242E7
0	6968	4446	3	10	1.5243E7
0	6968	4438	3	6	1.5244E7
0	6967	4433	3	4	1.5245E7
0	6967	4429	3	2	1.5246E7
0	6967	4429	3	0	1.5247E7
0	6967	4429	3	0	1.5248E7
0	6967	4429	3	0	1.5249E7
0	6967	4429	3	0	1.525E7
0	6967	4429	3	0	1.5251E7
0	6967	4429	3	0	1.5252E7
0	6967	4429	3	0	1.5253E7
0	6967	4429	3	0	1.5254E7
0	6967	4429	3	0	1.5255E7
0	6967	4429	3	0	1.5256E7
0	6967	4429	3	0	1.5257E7
0	6967	4429	3	0	1.5258E7
0	6967	4429	3	0	1.5259E7
0	6967	4429	3	0	1.526E7
0	6967	4429	3	0	1.5261E7
0	6967	4429	3	0	1.5262E7
0	6967	4429	3	0	1.5263E7
0	6967	4429	3	0	1.5264E7
0	6967	4429	3	0	1.5265E7
0	6967	4429	3	0	1.5266E7
0	6967	4428	3	2	1.5267E7
0	6967	4424	3	4	1.5268E7
0	6967	4419	3	6	1.5269E7
0	6966	4412	3	7	1.527E7
0	6966	4406	3	5	1.5271E7
0	6966	4402	3	2	1.5272E7
0	6965	4399	3	1	1.5273E7
0	6965	4398	3	0	1.5274E7
0	6965	4398	3	0	1.5275E7
0	6965	4398	3	0	1.5276E7
0	6965	4398	3	0	1.5277E7
0	6965	4398	3	0	1.5278E7
0	6965	4398	3	0	1.5279E7
0	6965	4398	3	0	1.528E7
0	6965	4398	3	0	1.5281E7
0	6965	4398	3	0	1.5282E7
0	6965	4398	3	0	1.5283E7
0	6965	4398	3	0	1.5284E7
0	6965	4398	3	0	1.5285E7
0	6965	4398	3	0	1.5286E7
0	6965	4398	3	0	1.5287E7
0	6965	4398	3	0	1.5288E7
0	6965	4398	3	0	1.5289E7
0	6965	4398	3	0	1.529E7
0	6965	4398	3	0	1.5291E7
0	6965	4398	3	0	1.5292E7
0	6965	4398	3	0	1.5293E7
0	6965	4398	3	0	1.5294E7
0	6965	4398	3	0	1.5295E7
0	6965	4398	3	0	1.5296E7
0	6965	4398	3	0	1.5297E7
0	6965	4398	3	0	1.5298E7
0	6965	4398	3	0	1.5299E7
0	6965	4398	3	0	1.53E7
0	6965	4398	3	0	1.5301E7
0	6965	4396	3	2	1.5302E7
0	6965	4393	3	4	1.5303E7
0	6965	4387	3	6	1.5304E7
0	6966	4380	3	8	1.5305E7
0	6966	4371	3	10	1.5306E7
0	6967	4359	3	12	1.5307E7
0	6968	4345	3	13	1.5308E7
0	6969	4332	3	13	1.5309E7
0	6970	4319	3	13	1.531E7
0	6968	4304	3	13	1.5311E7
0	6969	4291	3	13	1.5312E7
0	6972	4278	3	13	1.5313E7
0	6979	4265	2	13	1.5314E7
0	6992	4260	1	13	1.5315E7
0	7005	4256	1	13	1.5316E7
0	7018	4253	1	13	1.5317E7
0	7031	4249	1	13	1.5318E7
0	7044	4245	1	13	1.5319E7
0	7057	4240	1	13	1.532E7
0	7070	4235	1	12	1.5321E7
0	7080	4232	1	9	1.5322E7
0	7087	4229	1	6	1.5323E7
0	7092	4227	1	4	1.5324E7
0	7095	4225	2	5	1.5325E7
0	7098	4219	2	7	1.5326E7
0	7098	4210	3	9	1.5327E7
0	7098	4199	3	11	1.5328E7
0	7095	4187	3	13	1.5329E7
0	7091	4173	3	14	1.533E7
0	7087	4162	3	10	1.5331E7
0	7085	4153	3	7	1.5332E7
0	7083	4147	3	4	1.5333E7
0	7082	4144	3	2	1.5334E7
0	7082	4142	3	1	1.5335E7
0	7081	4141	3	0	1.5336E7
0	7081	4141	3	0	1.5337E7
0	7081	4141	3	0	1.5338E7
0	7081	4141	3	0	1.5339E7
0	7081	4141	3	0	1.534E7
0	7081	4141	3	0	1.5341E7
0	7081	4141	3	0	1.5342E7
0	7081	4141	3	0	1.5343E7
0	7081	4141	3	0	1.5344E7
0	7081	4141	3	0	1.5345E7
0	7081	4141	3	0	1.5346E7
0	7081	4141	3	0	1.5347E7
0	7081	4141	3	0	1.5348E7
0	7081	4141	3	0	1.5349E7
0	7081	4141	3	0	1.535E7
0	7081	4141	3	0	1.5351E7
0	7081	4141	3	0	1.5352E7
0	7081	4141	3	0	1.5353E7
0	7081	4141	3	0	1.5354E7
0	7081	4141	3	0	1.5355E7
0	7081	4141	3	0	1.5356E7
0	7081	4141	3	0	1.5357E7
0	7081	4141	3	0	1.5358E7
0	7081	4141	3	0	1.5359E7
0	7081	4141	3	0	1.536E7
0	7081	4141	3	0	1.5361E7
0	7081	4139	3	2	1.5362E7
0	7080	4136	3	4	1.5363E7
0	7078	4131	3	6	1.5364E7
0	7076	4124	3	8	1.5365E7
0	7074	4115	3	10	1.5366E7
0	7071	4106	3	9	1.5367E7
0	7069	4098	3	8	1.5368E7
0	7069	4088	3	10	1.5369E7
0	7066	4077	3	12	1.537E7
0	7062	4064	3	14	1.5371E7
0	7058	4049	3	16	1.5372E7
0	7053	4033	3	16	1.5373E7
0	7049	4019	3	13	1.5374E7
0	7046	4008	3	10	1.5375E7
0	7043	3998	3	8	1.5376E7
0	7041	3991	3	6	1.5377E7
0	7039	3986	3	3	1.5378E7
0	7038	3984	3	2	1.5379E7
0	7038	3982	3	0	1.538E7
0	7038	3982	3	0	1.5381E7
0	7038	3982	3	0	1.5382E7
0	7038	3981	3	0	1.5383E7
0	7038	3981	3	0	1.5384E7
0	7038	3981	3	0	1.5385E7
0	7038	3981	3	0	1.5386E7
0	7038	3981	3	0	1.5387E7
0	7038	3981	3	0	1.5388E7
0	7038	3981	3	0	1.5389E7
0	7038	3981	3	0	1.539E7
0	7038	3981	3	0	1.5391E7
0	7038	3981	3	0	1.5392E7
0	7038	3981	3	0	1.5393E7
0	7038	3981	3	0	1.5394E7
0	7038	3981	3	0	1.5395E7
0	7038	3981	3	0	1.5396E7
0	7038	3981	3	0	1.5397E7
0	7038	3981	3	0	1.5398E7
0	7037	3980	3	2	1.5399E7
0	7036	3977	3	3	1.54E7
0	7035	3972	3	5	1.5401E7
0	7034	3968	3	3	1.5402E7
0	7033	3966	3	0	1.5403E7
0	7033	3966	3	0	1.5404E7
0	7033	3966	3	0	1.5405E7
0	7033	3966	3	0	1.5406E7
0	7033	3966	3	0	1.5407E7
0	7033	3966	3	0	1.5408E7
0	7033	3966	3	0	1.5409E7
0	7033	3966	3	0	1.541E7
0	7033	3966	3	0	1.5411E7
0	7033	3966	3	0	1.5412E7
0	7033	3966	3	0	1.5413E7
0	7033	3966	3	0	1.5414E7
0	7033	3966	3	0	1.5415E7
0	7033	3966	3	0	1.5416E7
0	7033	3966	3	0	1.5417E7
0	7033	3966	3	0	1.5418E7
0	7033	3966	3	0	1.5419E7
0	7033	3966	3	0	1.542E7
0	7033	3966	3	0	1.5421E7
0	7033	3966	3	0	1.5422E7
0	7033	3966	3	1	1.5423E7
0	7032	3964	3	3	1.5424E7
0	7031	3959	3	5	1.5425E7
0	7029	3953	3	7	1.5426E7
0	7027	3945	3	9	1.5427E7
0	7024	3935	3	11	1.5428E7
0	7021	3924	3	11	1.5429E7
0	7019	3915	3	8	1.543E7
0	7018	3908	3	5	1.5431E7
0	7017	3904	3	3	1.5432E7
0	7016	3902	3	1	1.5433E7
0	7016	3901	3	0	1.5434E7
0	7016	3901	3	0	1.5435E7
0	7016	3901	3	0	1.5436E7
0	7016	3900	3	1	1.5437E7
0	7015	3898	3	3	1.5438E7
0	7014	3894	3	5	1.5439E7
0	7012	3888	3	6	1.544E7
0	7012	3882	3	8	1.5441E7
0	7022	3879	1	10	1.5442E7
0	7033	3876	1	12	1.5443E7
0	7046	3873	1	13	1.5444E7
0	7060	3870	1	13	1.5445E7
0	7073	3866	1	13	1.5446E7
0	7086	3864	1	13	1.5447E7
0	7099	3861	1	13	1.5448E7
0	7113	3859	1	13	1.5449E7
0	7126	3857	1	13	1.545E7
0	7139	3854	1	13	1.5451E7
0	7153	3852	1	13	1.5452E7
0	7166	3849	1	13	1.5453E7
0	7179	3847	1	13	1.5454E7
0	7193	3845	1	13	1.5455E7
0	7206	3842	1	13	1.5456E7
0	7219	3840	1	13	1.5457E7
0	7233	3837	1	13	1.5458E7
0	7246	3835	1	13	1.5459E7
0	7260	3833	1	13	1.546E7
0	7273	3830	1	13	1.5461E7
0	7286	3828	1	13	1.5462E7
0	7300	3825	1	13	1.5463E7
0	7313	3823	1	13	1.5464E7
0	7326	3820	1	13	1.5465E7
0	7340	3818	1	13	1.5466E7
0	7353	3815	1	13	1.5467E7
0	7366	3813	1	13	1.5468E7
0	7380	3811	1	13	1.5469E7
0	7393	3808	1	13	1.547E7
0	7406	3806	1	13	1.5471E7
0	7420	3803	1	13	1.5472E7
0	7433	3801	1	13	1.5473E7
0	7446	3798	1	13	1.5474E7
0	7460	3796	1	13	1.5475E7
0	7473	3793	1	13	1.5476E7
0	7486	3791	1	13	1.5477E7
0	7500	3788	1	13	1.5478E7
0	7513	3786	1	13	1.5479E7
0	7526	3783	1	13	1.548E7
0	7540	3781	1	13	1.5481E7
0	7553	3778	1	13	1.5482E7
0	7566	3776	1	13	1.5483E7
0	7580	3773	1	13	1.5484E7
0	7593	3771	1	13	1.5485E7
0	7606	3768	1	13	1.5486E7
0	7620	3766	1	13	1.5487E7
0	7633	3763	1	13	1.5488E7
0	7646	3761	1	13	1.5489E7
0	7660	3758	1	13	1.549E7
0	7673	3756	1	13	1.5491E7
0	7686	3753	1	13	1.5492E7
0	7700	3750	1	13	1.5493E7
0	7713	3748	1	13	1.5494E7
0	7726	3745	1	13	1.5495E7
0	7739	3742	1	13	1.5496E7
0	7753	3740	1	13	1.5497E7
0	7766	3737	1	13	1.5498E7
0	7779	3734	1	13	1.5499E7
0	7793	3732	1	13	1.55E7
0	7806	3729	1	13	1.5501E7
0	7819	3726	1	13	1.5502E7
0	7832	3723	1	13	1.5503E7
0	7846	3720	1	13	1.5504E7
0	7859	3717	1	12	1.5505E7
0	7869	3715	1	8	1.5506E7
0	7876	3713	1	6	1.5507E7
0	7880	3712	1	3	1.5508E7
0	7883	3712	1	1	1.5509E7
0	7884	3711	1	0	1.551E7
0	7885	3711	1	0	1.5511E7
0	7885	3711	1	0	1.5512E7
0	7885	3711	1	0	1.5513E7
0	7885	3711	1	0	1.5514E7
0	7885	3708	1	1	1.5515E7
0	7887	3707	1	3	1.5516E7
0	7891	3706	1	5	1.5517E7
0	7895	3705	1	3	1.5518E7
0	7897	3705	1	1	1.5519E7
0	7898	3705	1	0	1.552E7
0	7899	3705	1	0	1.5521E7
0	7900	3704	1	2	1.5522E7
0	7904	3704	1	4	1.5523E7
0	7910	3705	1	6	1.5524E7
0	7918	3704	1	8	1.5525E7
0	7927	3702	1	10	1.5526E7
0	7938	3700	1	12	1.5527E7
0	7951	3698	1	13	1.5528E7
0	7964	3695	1	13	1.5529E7
0	7978	3692	1	13	1.553E7
0	7991	3690	1	13	1.5531E7
0	8004	3688	1	13	1.5532E7
0	8018	3686	1	13	1.5533E7
0	8031	3684	1	13	1.5534E7
0	8045	3682	1	13	1.5535E7
0	8057	3682	1	11	1.5536E7
0	8069	3679	1	12	1.5537E7
0	8081	3676	1	13	1.5538E7
0	8094	3672	1	13	1.5539E7
0	8107	3669	1	13	1.554E7
0	8121	3666	1	13	1.5541E7
0	8134	3664	1	13	1.5542E7
0	8147	3661	1	13	1.5543E7
0	8161	3659	1	13	1.5544E7
0	8174	3656	1	13	1.5545E7
0	8186	3654	1	10	1.5546E7
0	8195	3652	1	8	1.5547E7
0	8202	3651	1	6	1.5548E7
0	8207	3650	1	3	1.5549E7
0	8210	3649	1	1	1.555E7
0	8211	3649	1	0	1.5551E7
0	8212	3649	1	0	1.5552E7
0	8212	3649	1	0	1.5553E7
0	8212	3649	1	0	1.5554E7
0	8212	3649	1	0	1.5555E7
0	8212	3649	1	0	1.5556E7
0	8212	3649	1	0	1.5557E7
0	8212	3649	1	0	1.5558E7
0	8212	3649	1	0	1.5559E7
0	8212	3649	1	0	1.556E7
0	8212	3649	1	0	1.5561E7
0	8212	3649	1	0	1.5562E7
0	8212	3649	1	0	1.5563E7
0	8212	3649	1	0	1.5564E7
0	8212	3649	1	0	1.5565E7
0	8212	3649	1	0	1.5566E7
0	8212	3649	1	0	1.5567E7
0	8212	3649	1	0	1.5568E7
0	8213	3649	1	1	1.5569E7
0	8214	3649	1	2	1.557E7
0	8217	3648	1	3	1.5571E7
0	8222	3647	1	5	1.5572E7
0	8226	3646	1	3	1.5573E7
0	8228	3646	1	0	1.5574E7
0	8228	3646	1	0	1.5575E7
0	8228	3646	1	0	1.5576E7
0	8228	3646	1	0	1.5577E7
0	8228	3646	1	0	1.5578E7
0	8228	3646	1	0	1.5579E7
0	8228	3646	1	0	1.558E7
0	8228	3646	1	0	1.5581E7
0	8228	3646	1	0	1.5582E7
0	8228	3646	1	0	1.5583E7
0	8228	3646	1	0	1.5584E7
0	8228	3646	1	0	1.5585E7
0	8228	3646	1	0	1.5586E7
0	8228	3646	1	0	1.5587E7
0	8228	3646	1	0	1.5588E7
0	8228	3646	1	0	1.5589E7
0	8228	3646	1	0	1.559E7
0	8228	3646	1	0	1.5591E7
0	8228	3646	1	0	1.5592E7
0	8228	3646	1	0	1.5593E7
0	8228	3646	1	1	1.5594E7
0	8231	3645	1	3	1.5595E7
0	8235	3644	1	5	1.5596E7
0	8242	3643	1	7	1.5597E7
0	8250	3640	1	9	1.5598E7
0	8260	3638	1	11	1.5599E7
0	8271	3635	1	13	1.56E7
0	8285	3631	1	13	1.5601E7
0	8298	3628	1	13	1.5602E7
0	8311	3625	1	13	1.5603E7
0	8324	3621	1	13	1.5604E7
0	8337	3618	1	13	1.5605E7
0	8350	3614	1	13	1.5606E7
0	8363	3611	1	13	1.5607E7
0	8377	3607	1	13	1.5608E7
0	8390	3603	1	13	1.5609E7
0	8403	3600	1	13	1.561E7
0	8416	3596	1	13	1.5611E7
0	8429	3592	1	13	1.5612E7
0	8442	3588	1	13	1.5613E7
0	8455	3584	1	13	1.5614E7
0	8468	3580	1	13	1.5615E7
0	8481	3576	1	13	1.5616E7
0	8494	3572	1	13	1.5617E7
0	8507	3568	1	13	1.5618E7
0	8520	3564	1	13	1.5619E7
0	8532	3560	1	13	1.562E7
0	8544	3556	1	11	1.5621E7
0	8553	3553	1	7	1.5622E7
0	8559	3551	1	5	1.5623E7
0	8563	3550	1	2	1.5624E7
0	8564	3549	1	0	1.5625E7
0	8564	3549	1	0	1.5626E7
0	8564	3549	1	0	1.5627E7
0	8564	3549	1	0	1.5628E7
0	8564	3549	1	0	1.5629E7
0	8564	3549	1	0	1.563E7
0	8564	3549	1	0	1.5631E7
0	8564	3549	1	0	1.5632E7
0	8564	3549	1	0	1.5633E7
0	8564	3549	1	0	1.5634E7
0	8564	3549	1	0	1.5635E7
0	8564	3549	1	0	1.5636E7
0	8564	3549	1	0	1.5637E7
0	8564	3549	1	0	1.5638E7
0	8564	3549	1	0	1.5639E7
0	8564	3549	1	0	1.564E7
0	8564	3549	1	0	1.5641E7
0	8564	3549	1	0	1.5642E7
0	8564	3549	1	0	1.5643E7
0	8564	3549	1	0	1.5644E7
0	8564	3549	1	1	1.5645E7
0	8567	3548	1	3	1.5646E7
0	8572	3546	1	5	1.5647E7
0	8578	3544	1	7	1.5648E7
0	8587	3541	1	9	1.5649E7
0	8597	3537	1	11	1.565E7
0	8609	3533	1	13	1.5651E7
0	8622	3529	1	13	1.5652E7
0	8635	3524	1	13	1.5653E7
0	8647	3519	1	13	1.5654E7
0	8660	3514	1	13	1.5655E7
0	8673	3509	1	13	1.5656E7
0	8685	3504	1	13	1.5657E7
0	8698	3499	1	13	1.5658E7
0	8711	3494	1	13	1.5659E7
0	8723	3490	1	13	1.566E7
0	8736	3485	1	13	1.5661E7
0	8749	3479	1	13	1.5662E7
0	8761	3474	2	13	1.5663E7
0	8773	3468	2	13	1.5664E7
0	8786	3463	2	13	1.5665E7
0	8798	3457	2	13	1.5666E7
0	8811	3452	2	13	1.5667E7
0	8823	3446	2	13	1.5668E7
0	8835	3440	2	13	1.5669E7
0	8848	3435	2	13	1.567E7
0	8860	3429	2	13	1.5671E7
0	8872	3423	2	13	1.5672E7
0	8884	3417	2	13	1.5673E7
0	8896	3412	2	13	1.5674E7
0	8908	3406	2	13	1.5675E7
0	8921	3400	2	13	1.5676E7
0	8933	3394	2	13	1.5677E7
0	8945	3388	2	13	1.5678E7
0	8957	3382	2	13	1.5679E7
0	8969	3376	2	13	1.568E7
0	8981	3369	2	13	1.5681E7
0	8991	3364	2	9	1.5682E7
0	8999	3360	2	6	1.5683E7
0	9004	3358	2	4	1.5684E7
0	9006	3356	2	2	1.5685E7
0	9008	3355	2	1	1.5686E7
0	9008	3355	2	0	1.5687E7
0	9009	3355	2	0	1.5688E7
0	9009	3355	2	0	1.5689E7
0	9009	3355	2	0	1.569E7
0	9009	3355	2	0	1.5691E7
0	9009	3355	2	0	1.5692E7
0	9009	3355	2	0	1.5693E7
0	9009	3355	2	0	1.5694E7
0	9009	3355	2	0	1.5695E7
0	9009	3355	2	0	1.5696E7
0	9009	3355	2	0	1.5697E7
0	9009	3355	2	0	1.5698E7
0	9009	3355	2	1	1.5699E7
0	9011	3354	2	2	1.57E7
0	9014	3352	2	4	1.5701E7
0	9018	3350	2	5	1.5702E7
0	9022	3348	2	3	1.5703E7
0	9023	3347	2	0	1.5704E7
0	9023	3347	2	0	1.5705E7
0	9023	3347	2	0	1.5706E7
0	9023	3347	2	0	1.5707E7
0	9023	3347	2	0	1.5708E7
0	9023	3347	2	0	1.5709E7
0	9023	3347	2	0	1.571E7
0	9023	3347	2	0	1.5711E7
0	9023	3347	2	0	1.5712E7
0	9023	3347	2	0	1.5713E7
0	9023	3347	2	0	1.5714E7
0	9023	3347	2	0	1.5715E7
0	9023	3347	2	0	1.5716E7
0	9023	3347	2	0	1.5717E7
0	9023	3347	2	0	1.5718E7
0	9023	3347	2	0	1.5719E7
0	9023	3347	2	0	1.572E7
0	9023	3347	2	0	1.5721E7
0	9023	3347	2	0	1.5722E7
0	9023	3347	2	0	1.5723E7
0	9023	3347	2	1	1.5724E7
0	9026	3345	2	3	1.5725E7
0	9030	3343	2	5	1.5726E7
0	9036	3339	2	7	1.5727E7
0	9044	3335	2	10	1.5728E7
0	9054	3330	2	11	1.5729E7
0	9065	3324	2	13	1.573E7
0	9077	3317	2	13	1.5731E7
0	9089	3310	2	13	1.5732E7
0	9101	3304	2	13	1.5733E7
0	9112	3297	2	13	1.5734E7
0	9124	3290	2	13	1.5735E7
0	9136	3283	2	13	1.5736E7
0	9147	3276	2	13	1.5737E7
0	9159	3269	2	13	1.5738E7
0	9171	3261	2	13	1.5739E7
0	9182	3254	2	13	1.574E7
0	9194	3247	2	13	1.5741E7
0	9205	3240	2	13	1.5742E7
0	9217	3233	2	13	1.5743E7
0	9228	3226	2	13	1.5744E7
0	9240	3218	2	13	1.5745E7
0	9251	3210	2	13	1.5746E7
0	9262	3202	2	13	1.5747E7
0	9273	3194	2	13	1.5748E7
0	9284	3186	2	13	1.5749E7
0	9295	3179	2	13	1.575E7
0	9306	3171	2	13	1.5751E7
0	9317	3163	2	13	1.5752E7
0	9328	3155	2	13	1.5753E7
0	9339	3147	2	13	1.5754E7
0	9350	3139	2	13	1.5755E7
0	9361	3131	2	13	1.5756E7
0	9372	3123	2	13	1.5757E7
0	9383	3115	2	13	1.5758E7
0	9394	3107	2	13	1.5759E7
0	9404	3098	2	13	1.576E7
0	9415	3090	2	13	1.5761E7
0	9426	3082	2	13	1.5762E7
0	9437	3073	2	13	1.5763E7
0	9447	3065	2	13	1.5764E7
0	9458	3056	2	13	1.5765E7
0	9468	3048	2	13	1.5766E7
0	9479	3039	2	13	1.5767E7
0	9489	3030	2	13	1.5768E7
0	9500	3022	2	13	1.5769E7
0	9510	3013	2	13	1.577E7
0	9521	3004	2	13	1.5771E7
0	9531	2996	2	13	1.5772E7
0	9540	2988	2	9	1.5773E7
0	9546	2983	2	6	1.5774E7
0	9550	2979	2	4	1.5775E7
0	9552	2977	2	1	1.5776E7
0	9552	2977	2	0	1.5777E7
0	9552	2977	2	0	1.5778E7
0	9552	2977	2	0	1.5779E7
0	9552	2977	2	0	1.578E7
0	9552	2977	2	0	1.5781E7
0	9552	2977	2	0	1.5782E7
0	9552	2977	2	0	1.5783E7
0	9552	2977	2	0	1.5784E7
0	9552	2977	2	0	1.5785E7
0	9552	2977	2	0	1.5786E7
0	9552	2977	2	0	1.5787E7
0	9552	2977	2	0	1.5788E7
0	9552	2977	2	0	1.5789E7
0	9552	2977	2	0	1.579E7
0	9552	2977	2	0	1.5791E7
0	9552	2977	2	0	1.5792E7
0	9552	2977	2	0	1.5793E7
0	9552	2977	2	0	1.5794E7
0	9552	2977	2	0	1.5795E7
0	9552	2977	2	0	1.5796E7
0	9554	2976	2	2	1.5797E7
0	9556	2974	2	4	1.5798E7
0	9560	2970	2	6	1.5799E7
0	9566	2966	2	8	1.58E7
0	9573	2960	2	8	1.5801E7
0	9578	2955	2	5	1.5802E7
0	9581	2953	2	3	1.5803E7
0	9582	2951	2	1	1.5804E7
0	9583	2950	2	0	1.5805E7
0	9583	2950	2	0	1.5806E7
0	9583	2950	2	0	1.5807E7
0	9583	2950	2	0	1.5808E7
0	9583	2950	2	0	1.5809E7
0	9583	2950	2	0	1.581E7
0	9583	2950	2	0	1.5811E7
0	9583	2950	2	0	1.5812E7
0	9583	2950	2	0	1.5813E7
0	9583	2950	2	0	1.5814E7
0	9583	2950	2	0	1.5815E7
0	9583	2950	2	0	1.5816E7
0	9583	2950	2	0	1.5817E7
0	9583	2950	2	0	1.5818E7
0	9583	2950	2	0	1.5819E7
0	9583	2950	2	0	1.582E7
0	9583	2950	2	0	1.5821E7
0	9583	2950	2	0	1.5822E7
0	9583	2950	2	0	1.5823E7
0	9583	2950	2	0	1.5824E7
0	9583	2950	2	0	1.5825E7
0	9583	2950	2	0	1.5826E7
0	9583	2950	2	0	1.5827E7
0	9583	2950	2	0	1.5828E7
0	9583	2950	2	0	1.5829E7
0	9583	2950	2	0	1.583E7
0	9583	2950	2	0	1.5831E7
0	9583	2950	2	0	1.5832E7
0	9583	2950	2	0	1.5833E7
0	9583	2950	2	0	1.5834E7
0	9583	2950	2	0	1.5835E7
0	9583	2950	2	0	1.5836E7
0	9583	2950	2	0	1.5837E7
0	9583	2950	2	0	1.5838E7
0	9583	2950	2	0	1.5839E7
0	9583	2950	2	0	1.584E7
0	9583	2950	2	0	1.5841E7
0	9584	2949	2	2	1.5842E7
0	9587	2947	2	4	1.5843E7
0	9591	2943	2	6	1.5844E7
0	9597	2938	2	8	1.5845E7
0	9605	2931	2	10	1.5846E7
0	9614	2923	2	12	1.5847E7
0	9624	2915	2	13	1.5848E7
0	9634	2906	2	13	1.5849E7
0	9644	2897	2	13	1.585E7
0	9654	2888	2	13	1.5851E7
0	9665	2879	2	13	1.5852E7
0	9675	2870	2	13	1.5853E7
0	9685	2861	2	13	1.5854E7
0	9695	2851	2	13	1.5855E7
0	9705	2843	2	13	1.5856E7
0	9716	2834	2	13	1.5857E7
0	9726	2826	2	13	1.5858E7
0	9737	2817	2	13	1.5859E7
0	9747	2808	2	13	1.586E7
0	9757	2799	2	13	1.5861E7
0	9767	2790	2	13	1.5862E7
0	9778	2781	2	13	1.5863E7
0	9788	2772	2	13	1.5864E7
0	9798	2764	2	13	1.5865E7
0	9809	2755	2	13	1.5866E7
0	9819	2746	2	13	1.5867E7
0	9829	2737	2	13	1.5868E7
0	9839	2728	2	13	1.5869E7
0	9850	2719	2	13	1.587E7
0	9860	2710	2	13	1.5871E7
0	9870	2702	2	13	1.5872E7
0	9881	2693	2	13	1.5873E7
0	9891	2684	2	13	1.5874E7
0	9901	2675	2	13	1.5875E7
0	9911	2666	2	13	1.5876E7
0	9921	2657	2	11	1.5877E7
0	9929	2651	2	8	1.5878E7
0	9934	2646	2	5	1.5879E7
0	9937	2643	2	3	1.588E7
0	9939	2642	2	0	1.5881E7
0	9939	2642	2	0	1.5882E7
0	9939	2642	2	0	1.5883E7
0	9939	2642	2	0	1.5884E7
0	9939	2642	2	0	1.5885E7
0	9939	2642	2	0	1.5886E7
0	9939	2642	2	0	1.5887E7
0	9939	2642	2	0	1.5888E7
0	9939	2642	2	0	1.5889E7
0	9939	2642	2	0	1.589E7
0	9939	2642	2	0	1.5891E7
0	9939	2642	2	0	1.5892E7
0	9939	2642	2	0	1.5893E7
0	9939	2642	2	0	1.5894E7
0	9939	2642	2	0	1.5895E7
0	9939	2642	2	0	1.5896E7
0	9939	2642	2	0	1.5897E7
0	9939	2642	2	0	1.5898E7
0	9939	2642	2	0	1.5899E7
0	9939	2642	2	0	1.59E7
0	9939	2642	2	1	1.5901E7
0	9941	2640	2	3	1.5902E7
0	9944	2637	2	5	1.5903E7
0	9949	2633	2	7	1.5904E7
0	9955	2627	2	8	1.5905E7
0	9962	2621	2	10	1.5906E7
0	9971	2613	2	13	1.5907E7
0	9980	2605	2	10	1.5908E7
0	9987	2599	2	7	1.5909E7
0	9991	2595	2	4	1.591E7
0	9994	2592	2	2	1.5911E7
0	9995	2591	2	1	1.5912E7
0	9996	2591	2	0	1.5913E7
0	9996	2590	2	0	1.5914E7
0	9996	2590	2	0	1.5915E7
0	9996	2590	2	0	1.5916E7
0	9996	2590	2	0	1.5917E7
0	9996	2590	2	0	1.5918E7
0	9997	2590	2	0	1.5919E7
0	9997	2590	2	0	1.592E7
0	9997	2590	2	0	1.5921E7
0	9997	2590	2	0	1.5922E7
0	9997	2590	2	0	1.5923E7
0	9997	2590	2	0	1.5924E7
0	9997	2590	2	0	1.5925E7
0	9997	2590	2	0	1.5926E7
0	9997	2590	2	0	1.5927E7
0	9997	2590	2	0	1.5928E7
0	9997	2590	2	0	1.5929E7
0	9997	2590	2	0	1.593E7
0	9997	2590	2	0	1.5931E7
0	9998	2589	2	2	1.5932E7
0	10000	2587	2	4	1.5933E7
0	10004	2583	2	6	1.5934E7
0	10009	2578	2	7	1.5935E7
0	10016	2572	2	10	1.5936E7
0	10024	2565	2	12	1.5937E7
0	10034	2556	2	13	1.5938E7
0	10045	2548	2	13	1.5939E7
0	10055	2539	2	13	1.594E7
0	10065	2530	2	13	1.5941E7
0	10075	2521	2	13	1.5942E7
0	10086	2512	2	13	1.5943E7
0	10096	2503	2	13	1.5944E7
0	10106	2494	2	13	1.5945E7
0	10116	2485	2	13	1.5946E7
0	10127	2476	2	13	1.5947E7
0	10137	2467	2	13	1.5948E7
0	10147	2459	2	13	1.5949E7
0	10157	2450	2	13	1.595E7
0	10168	2441	2	13	1.5951E7
0	10178	2432	2	13	1.5952E7
0	10188	2423	2	13	1.5953E7
0	10198	2414	2	13	1.5954E7
0	10209	2405	2	13	1.5955E7
0	10219	2397	2	13	1.5956E7
0	10229	2388	2	13	1.5957E7
0	10239	2379	2	13	1.5958E7
0	10250	2370	2	13	1.5959E7
0	10260	2361	2	13	1.596E7
0	10270	2352	2	13	1.5961E7
0	10280	2343	2	13	1.5962E7
0	10291	2335	2	13	1.5963E7
0	10301	2325	2	13	1.5964E7
0	10311	2316	2	13	1.5965E7
0	10320	2307	2	11	1.5966E7
0	10327	2301	2	7	1.5967E7
0	10332	2297	2	5	1.5968E7
0	10335	2294	2	3	1.5969E7
0	10336	2294	2	0	1.597E7
0	10336	2294	2	0	1.5971E7
0	10336	2294	2	0	1.5972E7
0	10336	2294	2	0	1.5973E7
0	10336	2294	2	0	1.5974E7
0	10336	2294	2	0	1.5975E7
0	10336	2294	2	0	1.5976E7
0	10336	2294	2	0	1.5977E7
0	10336	2294	2	0	1.5978E7
0	10336	2294	2	0	1.5979E7
0	10336	2294	2	0	1.598E7
0	10336	2294	2	0	1.5981E7
0	10336	2294	2	0	1.5982E7
0	10336	2294	2	0	1.5983E7
0	10336	2294	2	0	1.5984E7
0	10336	2294	2	0	1.5985E7
0	10336	2294	2	0	1.5986E7
0	10336	2294	2	0	1.5987E7
0	10336	2294	2	0	1.5988E7
0	10336	2294	2	0	1.5989E7
0	10332	2288	2	1	1.599E7
0	10332	2284	2	3	1.5991E7
0	10335	2281	2	5	1.5992E7
0	10341	2276	2	8	1.5993E7
0	10347	2270	2	9	1.5994E7
0	10356	2263	2	11	1.5995E7
0	10365	2255	2	11	1.5996E7
0	10372	2249	2	8	1.5997E7
0	10377	2245	2	5	1.5998E7
0	10379	2242	2	3	1.5999E7
0	10381	2237	2	5	1.6E7
0	10379	2231	3	8	1.6001E7
0	10374	2223	4	9	1.6002E7
0	10367	2215	4	11	1.6003E7
0	10358	2206	4	13	1.6004E7
0	10349	2196	4	13	1.6005E7
0	10340	2185	4	13	1.6006E7
0	10331	2175	4	13	1.6007E7
0	10322	2165	4	13	1.6008E7
0	10313	2155	4	13	1.6009E7
0	10304	2145	4	13	1.601E7
0	10295	2135	4	13	1.6011E7
0	10286	2125	4	13	1.6012E7
0	10278	2115	4	11	1.6013E7
0	10271	2108	4	8	1.6014E7
0	10267	2103	4	5	1.6015E7
0	10264	2099	4	3	1.6016E7
0	10263	2098	4	0	1.6017E7
0	10263	2098	4	0	1.6018E7
0	10263	2098	4	0	1.6019E7
0	10263	2098	4	0	1.602E7
0	10263	2098	4	0	1.6021E7
0	10263	2098	4	0	1.6022E7
0	10263	2098	4	0	1.6023E7
0	10263	2098	4	0	1.6024E7
0	10263	2098	4	0	1.6025E7
0	10263	2098	4	0	1.6026E7
0	10263	2098	4	0	1.6027E7
0	10263	2098	4	0	1.6028E7
0	10263	2098	4	0	1.6029E7
0	10263	2098	4	0	1.603E7
0	10263	2098	4	0	1.6031E7
0	10263	2098	4	0	1.6032E7
0	10263	2098	4	0	1.6033E7
0	10263	2098	4	0	1.6034E7
0	10263	2098	4	0	1.6035E7
0	10263	2098	4	0	1.6036E7
0	10262	2098	4	1	1.6037E7
0	10261	2096	4	3	1.6038E7
0	10258	2092	4	5	1.6039E7
0	10254	2088	4	7	1.604E7
0	10248	2081	4	9	1.6041E7
0	10242	2074	4	10	1.6042E7
0	10234	2065	4	12	1.6043E7
0	10225	2055	4	13	1.6044E7
0	10216	2045	4	13	1.6045E7
0	10207	2035	4	13	1.6046E7
0	10198	2024	4	13	1.6047E7
0	10189	2014	4	13	1.6048E7
0	10180	2004	4	13	1.6049E7
0	10171	1994	4	13	1.605E7
0	10162	1984	4	13	1.6051E7
0	10153	1974	4	12	1.6052E7
0	10146	1966	4	8	1.6053E7
0	10141	1961	4	6	1.6054E7
0	10138	1957	4	3	1.6055E7
0	10136	1954	4	5	1.6056E7
0	10137	1948	3	7	1.6057E7
0	10143	1943	2	9	1.6058E7
0	10151	1935	2	11	1.6059E7
0	10158	1929	2	8	1.606E7
0	10164	1924	2	5	1.6061E7
0	10167	1921	2	3	1.6062E7
0	10168	1920	2	0	1.6063E7
0	10168	1920	2	0	1.6064E7
0	10168	1920	2	0	1.6065E7
0	10168	1920	2	0	1.6066E7
0	10168	1920	2	0	1.6067E7
0	10168	1920	2	0	1.6068E7
0	10168	1920	2	0	1.6069E7
0	10168	1920	2	0	1.607E7
0	10168	1920	2	0	1.6071E7
0	10168	1920	2	0	1.6072E7
0	10168	1920	2	0	1.6073E7
0	10168	1920	2	0	1.6074E7
0	10168	1920	2	0	1.6075E7
0	10168	1920	2	0	1.6076E7
0	10168	1920	2	0	1.6077E7
0	10168	1920	2	0	1.6078E7
0	10168	1920	2	0	1.6079E7
0	10168	1920	2	0	1.608E7
0	10168	1920	2	0	1.6081E7
0	10168	1920	2	0	1.6082E7
0	10169	1920	2	1	1.6083E7
0	10170	1918	2	3	1.6084E7
0	10173	1915	2	5	1.6085E7
0	10178	1911	2	7	1.6086E7
0	10184	1905	2	9	1.6087E7
0	10192	1898	2	11	1.6088E7
0	10201	1890	2	13	1.6089E7
0	10211	1881	2	13	1.609E7
0	10221	1872	2	13	1.6091E7
0	10231	1862	2	13	1.6092E7
0	10241	1853	2	13	1.6093E7
0	10251	1844	2	13	1.6094E7
0	10261	1835	2	13	1.6095E7
0	10271	1826	2	13	1.6096E7
0	10281	1816	2	13	1.6097E7
0	10291	1807	2	13	1.6098E7
0	10301	1798	2	13	1.6099E7
0	10311	1789	2	13	1.61E7
0	10321	1780	2	13	1.6101E7
0	10331	1771	2	13	1.6102E7
0	10341	1762	2	13	1.6103E7
0	10351	1754	2	13	1.6104E7
0	10361	1745	2	13	1.6105E7
0	10372	1736	2	13	1.6106E7
0	10383	1729	2	13	1.6107E7
0	10395	1724	1	13	1.6108E7
0	10408	1724	1	13	1.6109E7
0	10422	1724	1	13	1.611E7
0	10435	1728	1	13	1.6111E7
0	10448	1732	1	13	1.6112E7
0	10460	1737	1	13	1.6113E7
0	10472	1742	1	13	1.6114E7
0	10485	1747	1	13	1.6115E7
