0	7315	5390	4	0	0.0
0	7315	5390	4	0	1.8024E7
0	7315	5389	4	2	1.8025E7
0	7313	5386	4	4	1.8026E7
0	7311	5381	4	5	1.8027E7
0	7308	5375	4	7	1.8028E7
0	7304	5367	4	8	1.8029E7
0	7301	5361	4	5	1.803E7
0	7300	5357	4	3	1.8031E7
0	7299	5356	4	0	1.8032E7
0	7299	5356	4	0	1.8033E7
0	7299	5356	4	0	1.8034E7
0	7299	5356	4	0	1.8035E7
0	7299	5356	4	0	1.8036E7
0	7299	5356	4	0	1.8037E7
0	7299	5356	4	0	1.8038E7
0	7299	5356	4	0	1.8039E7
0	7299	5356	4	0	1.804E7
0	7299	5356	4	0	1.8041E7
0	7299	5356	4	0	1.8042E7
0	7299	5356	4	0	1.8043E7
0	7299	5356	4	0	1.8044E7
0	7299	5356	4	0	1.8045E7
0	7299	5356	4	0	1.8046E7
0	7299	5356	4	0	1.8047E7
0	7299	5356	4	0	1.8048E7
0	7299	5356	4	0	1.8049E7
0	7299	5356	4	0	1.805E7
0	7299	5356	4	0	1.8051E7
0	7299	5356	4	1	1.8052E7
0	7298	5353	4	3	1.8053E7
0	7296	5350	4	3	1.8054E7
0	7295	5348	4	1	1.8055E7
0	7294	5347	4	0	1.8056E7
0	7294	5346	4	0	1.8057E7
0	7294	5346	4	0	1.8058E7
0	7294	5346	4	0	1.8059E7
0	7294	5346	4	0	1.806E7
0	7294	5346	4	0	1.8061E7
0	7294	5346	4	0	1.8062E7
0	7294	5346	4	0	1.8063E7
0	7294	5346	4	0	1.8064E7
0	7294	5346	4	0	1.8065E7
0	7294	5346	4	0	1.8066E7
0	7294	5346	4	0	1.8067E7
0	7294	5346	4	0	1.8068E7
0	7294	5346	4	0	1.8069E7
0	7294	5346	4	0	1.807E7
0	7294	5346	4	0	1.8071E7
0	7294	5346	4	0	1.8072E7
0	7294	5346	4	0	1.8073E7
0	7294	5346	4	0	1.8074E7
0	7294	5346	4	0	1.8075E7
0	7294	5346	4	0	1.8076E7
0	7294	5346	4	0	1.8077E7
0	7294	5346	4	0	1.8078E7
0	7294	5346	4	0	1.8079E7
0	7294	5346	4	0	1.808E7
0	7294	5346	4	0	1.8081E7
0	7293	5345	4	2	1.8082E7
0	7292	5341	4	4	1.8083E7
0	7289	5336	4	6	1.8084E7
0	7286	5329	4	8	1.8085E7
0	7282	5321	4	10	1.8086E7
0	7277	5310	4	12	1.8087E7
0	7271	5299	4	13	1.8088E7
0	7265	5287	4	13	1.8089E7
0	7259	5275	4	13	1.809E7
0	7253	5263	4	13	1.8091E7
0	7247	5251	4	13	1.8092E7
0	7242	5239	4	13	1.8093E7
0	7236	5228	4	13	1.8094E7
0	7230	5216	4	13	1.8095E7
0	7224	5204	4	13	1.8096E7
0	7218	5192	4	13	1.8097E7
0	7212	5180	4	13	1.8098E7
0	7206	5168	4	13	1.8099E7
0	7200	5157	4	13	1.81E7
0	7194	5145	4	13	1.8101E7
0	7188	5133	4	13	1.8102E7
0	7182	5121	4	13	1.8103E7
0	7176	5109	4	13	1.8104E7
0	7170	5097	4	13	1.8105E7
0	7164	5086	4	13	1.8106E7
0	7159	5076	4	9	1.8107E7
0	7155	5068	4	6	1.8108E7
0	7152	5063	4	4	1.8109E7
0	7151	5061	4	1	1.811E7
0	7151	5060	4	0	1.8111E7
0	7151	5060	4	0	1.8112E7
0	7151	5060	4	0	1.8113E7
0	7151	5060	4	0	1.8114E7
0	7151	5060	4	0	1.8115E7
0	7151	5060	4	0	1.8116E7
0	7151	5060	4	0	1.8117E7
0	7151	5060	4	0	1.8118E7
0	7151	5060	4	0	1.8119E7
0	7151	5060	4	0	1.812E7
0	7151	5060	4	0	1.8121E7
0	7151	5060	4	0	1.8122E7
0	7151	5060	4	0	1.8123E7
0	7151	5060	4	0	1.8124E7
0	7151	5060	4	0	1.8125E7
0	7151	5060	4	0	1.8126E7
0	7151	5060	4	0	1.8127E7
0	7151	5060	4	0	1.8128E7
0	7151	5060	4	0	1.8129E7
0	7151	5060	4	0	1.813E7
0	7150	5059	4	2	1.8131E7
0	7149	5056	4	4	1.8132E7
0	7146	5051	4	5	1.8133E7
0	7143	5045	4	8	1.8134E7
0	7139	5037	4	10	1.8135E7
0	7134	5027	4	12	1.8136E7
0	7128	5015	4	13	1.8137E7
0	7121	5003	4	13	1.8138E7
0	7115	4992	4	13	1.8139E7
0	7109	4980	4	13	1.814E7
0	7103	4969	4	11	1.8141E7
0	7099	4960	4	8	1.8142E7
0	7096	4955	4	5	1.8143E7
0	7094	4951	4	3	1.8144E7
0	7092	4949	4	1	1.8145E7
0	7092	4948	4	0	1.8146E7
0	7092	4948	4	0	1.8147E7
0	7092	4948	4	0	1.8148E7
0	7092	4948	4	0	1.8149E7
0	7092	4948	4	0	1.815E7
0	7092	4948	4	0	1.8151E7
0	7092	4948	4	0	1.8152E7
0	7092	4948	4	0	1.8153E7
0	7092	4948	4	0	1.8154E7
0	7092	4948	4	0	1.8155E7
0	7092	4948	4	0	1.8156E7
0	7092	4948	4	0	1.8157E7
0	7092	4948	4	0	1.8158E7
0	7092	4948	4	0	1.8159E7
0	7092	4948	4	0	1.816E7
0	7092	4948	4	0	1.8161E7
0	7091	4947	4	2	1.8162E7
0	7089	4944	4	4	1.8163E7
0	7087	4939	4	6	1.8164E7
0	7084	4933	4	8	1.8165E7
0	7080	4925	4	10	1.8166E7
0	7076	4914	3	11	1.8167E7
0	7071	4902	3	13	1.8168E7
0	7066	4890	3	13	1.8169E7
0	7061	4878	3	13	1.817E7
0	7056	4866	3	13	1.8171E7
0	7051	4853	3	13	1.8172E7
0	7046	4841	3	13	1.8173E7
0	7041	4829	3	13	1.8174E7
0	7036	4816	3	13	1.8175E7
0	7031	4804	3	13	1.8176E7
0	7026	4792	3	13	1.8177E7
0	7021	4780	3	13	1.8178E7
0	7016	4767	3	13	1.8179E7
0	7011	4755	3	13	1.818E7
0	7006	4743	3	13	1.8181E7
0	7001	4730	3	13	1.8182E7
0	6996	4718	3	13	1.8183E7
0	6991	4706	3	13	1.8184E7
0	6987	4694	3	13	1.8185E7
0	6984	4681	3	13	1.8186E7
0	6982	4668	3	13	1.8187E7
0	6980	4655	3	13	1.8188E7
0	6978	4642	3	13	1.8189E7
0	6978	4629	3	13	1.819E7
0	6977	4616	3	13	1.8191E7
0	6976	4603	3	13	1.8192E7
0	6976	4589	3	13	1.8193E7
0	6982	4580	2	13	1.8194E7
0	6995	4578	1	13	1.8195E7
0	7009	4576	1	13	1.8196E7
0	7021	4571	2	13	1.8197E7
0	7031	4561	2	13	1.8198E7
0	7034	4549	3	12	1.8199E7
0	7033	4538	3	8	1.82E7
0	7033	4531	3	6	1.8201E7
0	7033	4526	3	3	1.8202E7
0	7033	4524	3	0	1.8203E7
0	7033	4524	3	0	1.8204E7
0	7033	4524	3	0	1.8205E7
0	7033	4524	3	0	1.8206E7
0	7033	4524	3	0	1.8207E7
0	7033	4524	3	0	1.8208E7
0	7033	4524	3	0	1.8209E7
0	7033	4524	3	0	1.821E7
0	7033	4524	3	0	1.8211E7
0	7033	4524	3	0	1.8212E7
0	7033	4524	3	0	1.8213E7
0	7033	4524	3	0	1.8214E7
0	7033	4524	3	0	1.8215E7
0	7033	4524	3	0	1.8216E7
0	7033	4524	3	0	1.8217E7
0	7033	4524	3	0	1.8218E7
0	7033	4524	3	0	1.8219E7
0	7033	4524	3	0	1.822E7
0	7033	4524	3	0	1.8221E7
0	7033	4524	3	0	1.8222E7
0	7033	4524	3	0	1.8223E7
0	7033	4522	3	3	1.8224E7
0	7029	4517	3	5	1.8225E7
0	7029	4510	3	7	1.8226E7
0	7029	4502	3	9	1.8227E7
0	7028	4492	3	11	1.8228E7
0	7027	4479	3	13	1.8229E7
0	7026	4466	3	13	1.823E7
0	7025	4453	3	13	1.8231E7
0	7025	4440	3	13	1.8232E7
0	7024	4428	3	11	1.8233E7
0	7024	4418	3	7	1.8234E7
0	7024	4412	3	5	1.8235E7
0	7024	4408	3	3	1.8236E7
0	7024	4406	3	1	1.8237E7
0	7024	4405	3	0	1.8238E7
0	7024	4405	3	0	1.8239E7
0	7024	4404	3	0	1.824E7
0	7024	4404	3	0	1.8241E7
0	7023	4403	3	2	1.8242E7
0	7023	4399	3	4	1.8243E7
0	7018	4395	4	6	1.8244E7
0	7011	4393	4	8	1.8245E7
0	7001	4392	5	10	1.8246E7
0	6989	4390	5	12	1.8247E7
0	6976	4388	5	13	1.8248E7
0	6963	4386	5	14	1.8249E7
0	6949	4381	5	15	1.825E7
0	6932	4379	5	17	1.8251E7
0	6915	4373	5	18	1.8252E7
0	6896	4370	5	18	1.8253E7
0	6878	4368	5	18	1.8254E7
0	6860	4365	5	18	1.8255E7
0	6842	4363	5	17	1.8256E7
0	6825	4360	5	15	1.8257E7
0	6810	4358	5	15	1.8258E7
0	6794	4356	5	15	1.8259E7
0	6778	4354	5	15	1.826E7
0	6763	4351	5	15	1.8261E7
0	6747	4349	5	15	1.8262E7
0	6731	4347	5	15	1.8263E7
0	6717	4344	5	13	1.8264E7
0	6706	4341	5	10	1.8265E7
0	6698	4338	5	7	1.8266E7
0	6692	4336	5	4	1.8267E7
0	6689	4335	5	2	1.8268E7
0	6689	4335	5	0	1.8269E7
0	6689	4335	5	0	1.827E7
0	6689	4335	5	0	1.8271E7
0	6689	4335	5	0	1.8272E7
0	6689	4335	5	0	1.8273E7
0	6689	4335	5	0	1.8274E7
0	6689	4335	5	0	1.8275E7
0	6689	4335	5	0	1.8276E7
0	6689	4335	5	0	1.8277E7
0	6689	4335	5	0	1.8278E7
0	6689	4335	5	0	1.8279E7
0	6689	4335	5	0	1.828E7
0	6689	4335	5	0	1.8281E7
0	6689	4335	5	0	1.8282E7
0	6689	4335	5	0	1.8283E7
0	6689	4335	5	0	1.8284E7
0	6689	4335	5	0	1.8285E7
0	6689	4335	5	0	1.8286E7
0	6689	4335	5	0	1.8287E7
0	6689	4335	5	0	1.8288E7
0	6687	4335	5	2	1.8289E7
0	6684	4334	5	4	1.829E7
0	6678	4334	5	6	1.8291E7
0	6671	4331	4	8	1.8292E7
0	6662	4326	4	10	1.8293E7
0	6651	4324	4	12	1.8294E7
0	6639	4317	4	14	1.8295E7
0	6628	4311	4	11	1.8296E7
0	6619	4306	4	8	1.8297E7
0	6613	4302	4	5	1.8298E7
0	6609	4300	4	3	1.8299E7
0	6607	4299	4	1	1.83E7
0	6606	4298	4	0	1.8301E7
0	6605	4298	4	0	1.8302E7
0	6605	4298	4	0	1.8303E7
0	6605	4298	4	0	1.8304E7
0	6605	4298	4	0	1.8305E7
0	6605	4298	4	0	1.8306E7
0	6605	4298	4	0	1.8307E7
0	6605	4298	4	0	1.8308E7
0	6605	4298	4	0	1.8309E7
0	6605	4298	4	0	1.831E7
0	6605	4298	4	0	1.8311E7
0	6605	4298	4	0	1.8312E7
0	6605	4298	4	0	1.8313E7
0	6605	4298	4	0	1.8314E7
0	6605	4298	4	0	1.8315E7
0	6605	4298	4	0	1.8316E7
0	6605	4298	4	0	1.8317E7
0	6605	4298	4	0	1.8318E7
0	6605	4298	4	0	1.8319E7
0	6605	4298	4	0	1.832E7
0	6605	4298	4	0	1.8321E7
0	6604	4297	4	2	1.8322E7
0	6601	4295	4	4	1.8323E7
0	6596	4293	4	6	1.8324E7
0	6589	4289	4	8	1.8325E7
0	6581	4284	4	10	1.8326E7
0	6572	4278	4	12	1.8327E7
0	6561	4272	4	11	1.8328E7
0	6553	4267	4	8	1.8329E7
0	6548	4264	4	5	1.833E7
0	6544	4262	4	3	1.8331E7
0	6542	4261	4	1	1.8332E7
0	6541	4260	4	0	1.8333E7
0	6541	4260	4	0	1.8334E7
0	6541	4260	4	0	1.8335E7
0	6541	4260	4	0	1.8336E7
0	6541	4260	4	0	1.8337E7
0	6541	4260	4	0	1.8338E7
0	6541	4260	4	0	1.8339E7
0	6541	4260	4	0	1.834E7
0	6541	4260	4	0	1.8341E7
0	6541	4260	4	0	1.8342E7
0	6541	4260	4	0	1.8343E7
0	6541	4260	4	0	1.8344E7
0	6541	4260	4	0	1.8345E7
0	6541	4260	4	0	1.8346E7
0	6541	4260	4	0	1.8347E7
0	6541	4260	4	0	1.8348E7
0	6541	4260	4	0	1.8349E7
0	6541	4260	4	0	1.835E7
0	6541	4260	4	0	1.8351E7
0	6541	4260	4	0	1.8352E7
0	6541	4260	4	0	1.8353E7
0	6541	4260	4	0	1.8354E7
0	6542	4257	4	0	1.8355E7
0	6542	4257	4	0	1.8356E7
0	6542	4257	4	0	1.8357E7
0	6542	4257	4	0	1.8358E7
0	6542	4257	4	0	1.8359E7
0	6542	4257	4	0	1.836E7
0	6542	4257	4	0	1.8361E7
0	6542	4257	4	0	1.8362E7
0	6542	4257	4	0	1.8363E7
0	6542	4257	4	0	1.8364E7
0	6542	4257	4	0	1.8365E7
0	6542	4257	4	0	1.8366E7
0	6542	4257	4	0	1.8367E7
0	6542	4257	4	0	1.8368E7
0	6542	4257	4	0	1.8369E7
0	6542	4257	4	0	1.837E7
0	6542	4257	4	0	1.8371E7
0	6542	4257	4	0	1.8372E7
0	6542	4257	4	0	1.8373E7
0	6542	4257	4	0	1.8374E7
0	6542	4257	4	0	1.8375E7
0	6542	4257	4	0	1.8376E7
0	6541	4256	4	2	1.8377E7
0	6538	4255	4	4	1.8378E7
0	6531	4255	4	6	1.8379E7
0	6525	4253	4	8	1.838E7
0	6516	4250	5	10	1.8381E7
0	6506	4247	5	12	1.8382E7
0	6493	4244	5	13	1.8383E7
0	6480	4241	5	13	1.8384E7
0	6467	4237	5	13	1.8385E7
0	6455	4234	5	13	1.8386E7
0	6442	4231	5	13	1.8387E7
0	6429	4227	5	13	1.8388E7
0	6416	4224	5	13	1.8389E7
0	6403	4221	5	13	1.839E7
0	6391	4217	5	13	1.8391E7
0	6379	4214	5	10	1.8392E7
0	6370	4212	5	7	1.8393E7
0	6364	4210	5	5	1.8394E7
0	6360	4210	5	3	1.8395E7
0	6355	4211	5	6	1.8396E7
0	6350	4215	6	8	1.8397E7
0	6347	4224	6	10	1.8398E7
0	6344	4235	7	12	1.8399E7
0	6342	4248	7	13	1.84E7
0	6335	4259	6	13	1.8401E7
0	6324	4265	6	13	1.8402E7
0	6311	4263	5	13	1.8403E7
0	6299	4260	5	13	1.8404E7
0	6286	4257	5	13	1.8405E7
0	6273	4254	5	13	1.8406E7
0	6260	4252	5	12	1.8407E7
0	6249	4251	5	9	1.8408E7
0	6241	4251	5	6	1.8409E7
0	6235	4252	5	4	1.841E7
0	6233	4252	5	1	1.8411E7
0	6232	4252	5	0	1.8412E7
0	6232	4252	5	0	1.8413E7
0	6232	4252	5	0	1.8414E7
0	6232	4252	5	0	1.8415E7
0	6232	4252	5	0	1.8416E7
0	6232	4252	5	0	1.8417E7
0	6232	4252	5	0	1.8418E7
0	6232	4252	5	0	1.8419E7
0	6232	4252	5	0	1.842E7
0	6232	4252	5	0	1.8421E7
0	6232	4252	5	0	1.8422E7
0	6232	4252	5	0	1.8423E7
0	6232	4252	5	0	1.8424E7
0	6232	4252	5	0	1.8425E7
0	6232	4252	5	0	1.8426E7
0	6232	4252	5	0	1.8427E7
0	6232	4252	5	0	1.8428E7
0	6232	4252	5	0	1.8429E7
0	6232	4252	5	0	1.843E7
0	6232	4252	5	0	1.8431E7
0	6231	4252	5	2	1.8432E7
0	6227	4252	5	4	1.8433E7
0	6221	4253	5	6	1.8434E7
0	6214	4253	5	8	1.8435E7
0	6204	4254	5	10	1.8436E7
0	6192	4255	5	12	1.8437E7
0	6179	4256	5	13	1.8438E7
0	6166	4257	5	13	1.8439E7
0	6153	4258	5	13	1.844E7
0	6140	4259	5	13	1.8441E7
0	6126	4260	5	13	1.8442E7
0	6115	4261	5	10	1.8443E7
0	6107	4262	5	7	1.8444E7
0	6101	4262	5	4	1.8445E7
0	6097	4263	5	4	1.8446E7
0	6092	4261	5	6	1.8447E7
0	6086	4254	4	9	1.8448E7
0	6076	4251	5	10	1.8449E7
0	6064	4257	6	12	1.845E7
0	6061	4271	7	13	1.8451E7
0	6071	4281	8	13	1.8452E7
0	6072	4294	7	13	1.8453E7
0	6064	4305	6	13	1.8454E7
0	6054	4312	6	13	1.8455E7
0	6041	4315	5	13	1.8456E7
0	6028	4316	5	12	1.8457E7
0	6017	4316	5	9	1.8458E7
0	6010	4316	5	6	1.8459E7
0	6005	4316	5	3	1.846E7
0	6002	4316	5	0	1.8461E7
0	6002	4316	5	0	1.8462E7
0	6002	4316	5	0	1.8463E7
0	6002	4316	5	0	1.8464E7
0	6002	4316	5	0	1.8465E7
0	6002	4316	5	0	1.8466E7
0	6002	4316	5	0	1.8467E7
0	6002	4316	5	0	1.8468E7
0	6002	4316	5	0	1.8469E7
0	6002	4316	5	0	1.847E7
0	6002	4316	5	0	1.8471E7
0	6002	4316	5	0	1.8472E7
0	6002	4316	5	0	1.8473E7
0	6002	4316	5	0	1.8474E7
0	6002	4316	5	0	1.8475E7
0	6002	4316	5	0	1.8476E7
0	6002	4316	5	0	1.8477E7
0	6002	4316	5	0	1.8478E7
0	6002	4316	5	0	1.8479E7
0	6002	4316	5	0	1.848E7
0	6002	4316	5	0	1.8481E7
0	6000	4316	5	2	1.8482E7
0	5996	4316	5	4	1.8483E7
0	5990	4316	5	6	1.8484E7
0	5982	4315	5	8	1.8485E7
0	5973	4315	5	10	1.8486E7
0	5961	4315	5	12	1.8487E7
0	5948	4316	5	13	1.8488E7
0	5935	4316	5	13	1.8489E7
0	5922	4316	5	13	1.849E7
0	5908	4317	5	13	1.8491E7
0	5895	4317	5	13	1.8492E7
0	5882	4318	5	13	1.8493E7
0	5869	4319	5	13	1.8494E7
0	5856	4321	5	13	1.8495E7
0	5843	4323	5	13	1.8496E7
0	5829	4325	5	13	1.8497E7
0	5816	4326	5	13	1.8498E7
0	5803	4328	5	13	1.8499E7
0	5790	4330	5	13	1.85E7
0	5777	4332	5	13	1.8501E7
0	5764	4334	5	13	1.8502E7
0	5751	4335	5	13	1.8503E7
0	5738	4337	5	13	1.8504E7
0	5724	4339	5	12	1.8505E7
0	5713	4340	5	9	1.8506E7
0	5706	4341	5	6	1.8507E7
0	5701	4341	5	4	1.8508E7
0	5698	4342	5	1	1.8509E7
0	5698	4342	5	0	1.851E7
0	5698	4342	5	0	1.8511E7
0	5698	4342	5	0	1.8512E7
0	5698	4342	5	0	1.8513E7
0	5698	4342	5	0	1.8514E7
0	5698	4342	5	0	1.8515E7
0	5698	4342	5	0	1.8516E7
0	5698	4342	5	0	1.8517E7
0	5698	4342	5	0	1.8518E7
0	5698	4342	5	0	1.8519E7
0	5698	4342	5	0	1.852E7
0	5698	4342	5	0	1.8521E7
0	5698	4342	5	0	1.8522E7
0	5698	4342	5	0	1.8523E7
0	5698	4342	5	0	1.8524E7
0	5698	4342	5	0	1.8525E7
0	5698	4342	5	0	1.8526E7
0	5698	4342	5	0	1.8527E7
0	5698	4342	5	0	1.8528E7
0	5698	4342	5	0	1.8529E7
0	5696	4342	5	2	1.853E7
0	5692	4342	5	4	1.8531E7
0	5686	4343	5	6	1.8532E7
0	5679	4344	5	8	1.8533E7
0	5669	4345	5	10	1.8534E7
0	5657	4347	5	12	1.8535E7
0	5645	4348	5	10	1.8536E7
0	5636	4349	5	7	1.8537E7
0	5629	4350	5	5	1.8538E7
0	5625	4350	5	4	1.8539E7
0	5620	4351	5	6	1.854E7
0	5616	4358	6	8	1.8541E7
0	5617	4368	7	10	1.8542E7
0	5618	4379	7	12	1.8543E7
0	5620	4392	7	13	1.8544E7
0	5621	4406	7	13	1.8545E7
0	5622	4419	7	13	1.8546E7
0	5623	4432	7	13	1.8547E7
0	5625	4445	7	13	1.8548E7
0	5626	4458	7	11	1.8549E7
0	5627	4467	7	8	1.855E7
0	5628	4474	7	5	1.8551E7
0	5628	4479	7	3	1.8552E7
0	5628	4484	7	6	1.8553E7
0	5629	4491	7	8	1.8554E7
0	5630	4500	7	10	1.8555E7
0	5630	4512	7	12	1.8556E7
0	5631	4523	7	10	1.8557E7
0	5632	4531	7	7	1.8558E7
0	5632	4537	7	4	1.8559E7
0	5632	4541	7	4	1.856E7
0	5631	4547	7	6	1.8561E7
0	5624	4549	6	8	1.8562E7
0	5614	4552	5	10	1.8563E7
0	5605	4554	5	7	1.8564E7
0	5599	4556	5	5	1.8565E7
0	5596	4558	5	2	1.8566E7
0	5594	4558	5	0	1.8567E7
0	5594	4558	5	0	1.8568E7
0	5594	4558	5	0	1.8569E7
0	5594	4558	5	0	1.857E7
0	5594	4558	5	0	1.8571E7
0	5594	4558	5	0	1.8572E7
0	5594	4558	5	0	1.8573E7
0	5594	4558	5	0	1.8574E7
0	5594	4558	5	0	1.8575E7
0	5594	4558	5	0	1.8576E7
0	5594	4558	5	0	1.8577E7
0	5594	4558	5	0	1.8578E7
0	5594	4558	5	0	1.8579E7
0	5594	4558	5	0	1.858E7
0	5594	4558	5	0	1.8581E7
0	5594	4558	5	0	1.8582E7
0	5594	4558	5	0	1.8583E7
0	5594	4558	5	0	1.8584E7
0	5594	4558	5	0	1.8585E7
0	5594	4558	5	0	1.8586E7
0	5594	4558	5	1	1.8587E7
0	5591	4559	5	3	1.8588E7
0	5587	4561	5	5	1.8589E7
0	5581	4563	5	7	1.859E7
0	5573	4566	6	9	1.8591E7
0	5564	4570	6	11	1.8592E7
0	5553	4576	6	13	1.8593E7
0	5542	4583	6	13	1.8594E7
0	5530	4590	6	13	1.8595E7
0	5519	4596	6	13	1.8596E7
0	5507	4603	6	13	1.8597E7
0	5496	4611	6	13	1.8598E7
0	5485	4617	6	13	1.8599E7
0	5473	4622	6	13	1.86E7
0	5460	4626	5	13	1.8601E7
0	5448	4630	5	12	1.8602E7
0	5437	4631	5	9	1.8603E7
0	5430	4632	5	6	1.8604E7
0	5425	4632	5	3	1.8605E7
0	5422	4632	5	0	1.8606E7
0	5422	4632	5	0	1.8607E7
0	5422	4632	5	0	1.8608E7
0	5422	4632	5	0	1.8609E7
0	5422	4632	5	0	1.861E7
0	5422	4632	5	0	1.8611E7
0	5422	4632	5	0	1.8612E7
0	5422	4632	5	0	1.8613E7
0	5422	4632	5	0	1.8614E7
0	5422	4632	5	0	1.8615E7
0	5422	4632	5	0	1.8616E7
0	5422	4632	5	0	1.8617E7
0	5422	4632	5	0	1.8618E7
0	5422	4632	5	0	1.8619E7
0	5422	4632	5	0	1.862E7
0	5422	4632	5	0	1.8621E7
0	5422	4632	5	0	1.8622E7
0	5422	4632	5	0	1.8623E7
0	5422	4632	5	0	1.8624E7
0	5422	4632	5	0	1.8625E7
0	5422	4632	5	0	1.8626E7
0	5420	4632	5	2	1.8627E7
0	5416	4632	5	4	1.8628E7
0	5411	4631	5	6	1.8629E7
0	5403	4630	5	8	1.863E7
0	5394	4629	5	10	1.8631E7
0	5383	4627	5	12	1.8632E7
0	5370	4624	5	13	1.8633E7
0	5357	4621	5	13	1.8634E7
0	5344	4619	5	13	1.8635E7
0	5331	4616	5	13	1.8636E7
0	5318	4613	5	13	1.8637E7
0	5305	4610	5	13	1.8638E7
0	5292	4608	5	13	1.8639E7
0	5279	4605	5	13	1.864E7
0	5266	4602	5	13	1.8641E7
0	5253	4599	5	13	1.8642E7
0	5240	4597	5	13	1.8643E7
0	5227	4594	5	13	1.8644E7
0	5214	4591	5	13	1.8645E7
0	5201	4588	5	13	1.8646E7
0	5188	4586	5	13	1.8647E7
0	5175	4583	5	13	1.8648E7
0	5162	4580	5	13	1.8649E7
0	5149	4578	5	13	1.865E7
0	5136	4575	5	13	1.8651E7
0	5123	4572	5	13	1.8652E7
0	5110	4572	5	13	1.8653E7
0	5097	4573	5	13	1.8654E7
0	5083	4574	5	13	1.8655E7
0	5070	4575	5	12	1.8656E7
0	5059	4576	5	9	1.8657E7
0	5051	4577	5	6	1.8658E7
0	5046	4577	5	4	1.8659E7
0	5043	4578	5	1	1.866E7
0	5043	4578	5	0	1.8661E7
0	5043	4578	5	0	1.8662E7
0	5043	4578	5	0	1.8663E7
0	5043	4578	5	0	1.8664E7
0	5043	4578	5	0	1.8665E7
0	5043	4578	5	0	1.8666E7
0	5043	4578	5	0	1.8667E7
0	5043	4578	5	0	1.8668E7
0	5043	4578	5	0	1.8669E7
0	5043	4578	5	0	1.867E7
0	5043	4578	5	0	1.8671E7
0	5043	4578	5	0	1.8672E7
0	5043	4578	5	0	1.8673E7
0	5043	4578	5	0	1.8674E7
0	5043	4578	5	0	1.8675E7
0	5043	4578	5	0	1.8676E7
0	5043	4578	5	0	1.8677E7
0	5043	4578	5	0	1.8678E7
0	5043	4578	5	0	1.8679E7
0	5043	4578	5	0	1.868E7
0	5041	4578	5	2	1.8681E7
0	5038	4578	5	4	1.8682E7
0	5033	4579	5	6	1.8683E7
0	5025	4580	5	8	1.8684E7
0	5016	4581	5	10	1.8685E7
0	5005	4582	5	12	1.8686E7
0	4992	4583	5	13	1.8687E7
0	4979	4585	5	13	1.8688E7
0	4966	4586	5	13	1.8689E7
0	4953	4588	5	13	1.869E7
0	4939	4589	5	13	1.8691E7
0	4926	4591	5	13	1.8692E7
0	4913	4592	5	13	1.8693E7
0	4900	4594	5	13	1.8694E7
0	4897	4583	3	13	1.8695E7
0	4898	4570	3	13	1.8696E7
0	4900	4556	3	13	1.8697E7
0	4901	4543	3	13	1.8698E7
0	4902	4530	3	13	1.8699E7
0	4904	4517	3	13	1.87E7
0	4905	4504	3	13	1.8701E7
0	4906	4491	3	13	1.8702E7
0	4907	4477	3	13	1.8703E7
0	4909	4464	3	13	1.8704E7
0	4910	4451	3	13	1.8705E7
0	4911	4438	3	13	1.8706E7
0	4913	4425	3	13	1.8707E7
0	4914	4412	3	13	1.8708E7
0	4915	4398	3	13	1.8709E7
0	4916	4385	3	13	1.871E7
0	4917	4372	3	13	1.8711E7
0	4917	4359	3	12	1.8712E7
0	4918	4348	3	9	1.8713E7
0	4919	4341	3	6	1.8714E7
0	4919	4336	3	3	1.8715E7
0	4919	4333	3	0	1.8716E7
0	4919	4333	3	0	1.8717E7
0	4919	4333	3	0	1.8718E7
0	4919	4333	3	0	1.8719E7
0	4919	4333	3	0	1.872E7
0	4919	4333	3	0	1.8721E7
0	4919	4333	3	0	1.8722E7
0	4919	4333	3	0	1.8723E7
0	4919	4333	3	0	1.8724E7
0	4919	4333	3	0	1.8725E7
0	4919	4333	3	0	1.8726E7
0	4919	4333	3	0	1.8727E7
0	4919	4333	3	0	1.8728E7
0	4919	4333	3	0	1.8729E7
0	4919	4333	3	0	1.873E7
0	4919	4333	3	0	1.8731E7
0	4919	4333	3	0	1.8732E7
0	4919	4333	3	0	1.8733E7
0	4919	4333	3	0	1.8734E7
0	4919	4333	3	0	1.8735E7
0	4919	4333	3	0	1.8736E7
0	4919	4331	3	2	1.8737E7
0	4919	4327	3	4	1.8738E7
0	4920	4321	3	6	1.8739E7
0	4920	4314	3	8	1.874E7
0	4921	4304	3	10	1.8741E7
0	4921	4292	3	12	1.8742E7
0	4923	4279	3	13	1.8743E7
0	4924	4266	3	13	1.8744E7
0	4925	4253	3	13	1.8745E7
0	4926	4240	3	13	1.8746E7
0	4927	4227	3	13	1.8747E7
0	4928	4213	3	13	1.8748E7
0	4929	4200	3	13	1.8749E7
0	4930	4187	3	13	1.875E7
0	4931	4174	3	13	1.8751E7
0	4932	4161	3	13	1.8752E7
0	4933	4147	3	13	1.8753E7
0	4934	4134	3	13	1.8754E7
0	4936	4121	3	13	1.8755E7
0	4938	4108	3	13	1.8756E7
0	4940	4095	3	13	1.8757E7
0	4943	4082	3	13	1.8758E7
0	4947	4070	3	13	1.8759E7
0	4951	4057	3	13	1.876E7
0	4955	4044	3	13	1.8761E7
0	4959	4031	3	13	1.8762E7
0	4963	4019	3	13	1.8763E7
0	4966	4006	3	13	1.8764E7
0	4970	3993	3	13	1.8765E7
0	4974	3981	3	13	1.8766E7
0	4978	3968	3	13	1.8767E7
0	4981	3955	3	13	1.8768E7
0	4984	3944	3	10	1.8769E7
0	4985	3935	3	7	1.877E7
0	4986	3930	3	4	1.8771E7
0	4987	3927	3	2	1.8772E7
0	4987	3926	3	0	1.8773E7
0	4987	3926	3	0	1.8774E7
0	4987	3926	3	0	1.8775E7
0	4987	3926	3	0	1.8776E7
0	4987	3926	3	0	1.8777E7
0	4987	3926	3	0	1.8778E7
0	4987	3926	3	0	1.8779E7
0	4987	3926	3	0	1.878E7
0	4987	3926	3	0	1.8781E7
0	4987	3926	3	0	1.8782E7
0	4987	3926	3	0	1.8783E7
0	4987	3926	3	0	1.8784E7
0	4987	3926	3	0	1.8785E7
0	4987	3926	3	0	1.8786E7
0	4987	3926	3	0	1.8787E7
0	4987	3926	3	0	1.8788E7
0	4987	3926	3	0	1.8789E7
0	4987	3926	3	0	1.879E7
0	4987	3926	3	0	1.8791E7
0	4987	3926	3	0	1.8792E7
0	4984	3925	3	2	1.8793E7
0	4984	3921	3	4	1.8794E7
0	4985	3916	3	6	1.8795E7
0	4986	3908	3	8	1.8796E7
0	4987	3899	3	10	1.8797E7
0	4988	3888	3	12	1.8798E7
0	4989	3875	3	11	1.8799E7
0	4989	3865	3	8	1.88E7
0	4990	3858	3	5	1.8801E7
0	4989	3851	3	7	1.8802E7
0	4983	3844	4	9	1.8803E7
0	4974	3840	4	11	1.8804E7
0	4962	3836	5	13	1.8805E7
0	4949	3832	5	13	1.8806E7
0	4936	3829	5	13	1.8807E7
0	4924	3825	5	13	1.8808E7
0	4911	3822	5	13	1.8809E7
0	4898	3819	5	13	1.881E7
0	4885	3815	5	13	1.8811E7
0	4872	3812	5	13	1.8812E7
0	4859	3808	5	13	1.8813E7
0	4847	3805	5	13	1.8814E7
0	4834	3802	5	13	1.8815E7
0	4822	3795	5	13	1.8816E7
0	4809	3792	5	13	1.8817E7
0	4796	3788	5	13	1.8818E7
0	4783	3785	5	13	1.8819E7
0	4771	3782	5	13	1.882E7
0	4758	3778	5	13	1.8821E7
0	4745	3775	5	13	1.8822E7
0	4732	3772	5	13	1.8823E7
0	4719	3768	5	13	1.8824E7
0	4707	3765	5	13	1.8825E7
0	4694	3762	5	13	1.8826E7
0	4681	3758	5	13	1.8827E7
0	4668	3755	5	13	1.8828E7
0	4656	3749	5	13	1.8829E7
0	4643	3745	5	13	1.883E7
0	4630	3742	5	13	1.8831E7
0	4617	3739	5	13	1.8832E7
0	4605	3736	5	13	1.8833E7
0	4592	3732	5	13	1.8834E7
0	4579	3729	5	13	1.8835E7
0	4566	3726	5	13	1.8836E7
0	4553	3722	5	13	1.8837E7
0	4540	3719	5	13	1.8838E7
0	4528	3715	5	12	1.8839E7
0	4517	3713	5	9	1.884E7
0	4509	3711	5	6	1.8841E7
0	4504	3710	5	4	1.8842E7
0	4502	3709	5	1	1.8843E7
0	4501	3709	5	0	1.8844E7
0	4501	3709	5	0	1.8845E7
0	4501	3709	5	0	1.8846E7
0	4501	3709	5	0	1.8847E7
0	4501	3709	5	0	1.8848E7
0	4501	3709	5	0	1.8849E7
0	4501	3709	5	0	1.885E7
0	4501	3709	5	0	1.8851E7
0	4501	3709	5	0	1.8852E7
0	4501	3709	5	0	1.8853E7
0	4501	3709	5	0	1.8854E7
0	4501	3709	5	0	1.8855E7
0	4501	3709	5	0	1.8856E7
0	4501	3709	5	0	1.8857E7
0	4501	3709	5	0	1.8858E7
0	4501	3709	5	0	1.8859E7
0	4501	3709	5	0	1.886E7
0	4501	3709	5	0	1.8861E7
0	4501	3709	5	0	1.8862E7
0	4501	3709	5	0	1.8863E7
0	4500	3709	5	2	1.8864E7
0	4496	3708	5	4	1.8865E7
0	4491	3707	5	6	1.8866E7
0	4483	3705	5	8	1.8867E7
0	4474	3702	5	10	1.8868E7
0	4463	3700	5	12	1.8869E7
0	4450	3697	5	13	1.887E7
0	4437	3693	5	13	1.8871E7
0	4424	3690	5	13	1.8872E7
0	4411	3687	5	13	1.8873E7
0	4398	3684	5	13	1.8874E7
0	4385	3681	5	13	1.8875E7
0	4372	3678	5	13	1.8876E7
0	4359	3675	5	13	1.8877E7
0	4347	3672	5	13	1.8878E7
0	4334	3669	5	13	1.8879E7
0	4321	3665	5	13	1.888E7
0	4308	3662	5	13	1.8881E7
0	4295	3659	5	13	1.8882E7
0	4282	3656	5	13	1.8883E7
0	4269	3653	5	13	1.8884E7
0	4257	3649	5	13	1.8885E7
0	4244	3646	5	13	1.8886E7
0	4231	3642	5	13	1.8887E7
0	4218	3639	5	13	1.8888E7
0	4206	3635	5	13	1.8889E7
0	4193	3632	5	13	1.889E7
0	4180	3628	5	13	1.8891E7
0	4167	3625	5	13	1.8892E7
0	4155	3621	5	13	1.8893E7
0	4142	3617	5	13	1.8894E7
0	4129	3614	5	13	1.8895E7
0	4116	3610	5	13	1.8896E7
0	4103	3607	5	13	1.8897E7
0	4091	3603	5	13	1.8898E7
0	4078	3600	5	13	1.8899E7
0	4065	3596	5	13	1.89E7
0	4052	3593	5	13	1.8901E7
0	4040	3589	5	13	1.8902E7
0	4031	3584	4	13	1.8903E7
0	4027	3570	3	13	1.8904E7
0	4018	3560	4	13	1.8905E7
0	4005	3554	4	13	1.8906E7
0	3992	3553	5	13	1.8907E7
0	3979	3558	5	13	1.8908E7
0	3969	3568	6	13	1.8909E7
0	3956	3567	5	13	1.891E7
0	3943	3564	5	13	1.8911E7
0	3930	3561	5	13	1.8912E7
0	3917	3558	5	13	1.8913E7
0	3904	3555	5	13	1.8914E7
0	3891	3551	5	13	1.8915E7
0	3879	3548	5	13	1.8916E7
0	3866	3545	5	13	1.8917E7
0	3853	3542	5	12	1.8918E7
0	3846	3538	4	9	1.8919E7
0	3846	3530	3	6	1.892E7
0	3845	3525	3	4	1.8921E7
0	3843	3520	3	5	1.8922E7
0	3840	3514	4	7	1.8923E7
0	3834	3508	4	8	1.8924E7
0	3826	3503	4	8	1.8925E7
0	3818	3500	4	6	1.8926E7
0	3814	3500	5	3	1.8927E7
0	3809	3500	5	5	1.8928E7
0	3802	3501	5	7	1.8929E7
0	3793	3504	5	9	1.893E7
0	3784	3511	6	11	1.8931E7
0	3778	3518	6	13	1.8932E7
0	3766	3516	5	13	1.8933E7
0	3753	3513	5	12	1.8934E7
0	3743	3511	5	9	1.8935E7
0	3735	3509	5	6	1.8936E7
0	3730	3508	5	4	1.8937E7
0	3727	3508	5	1	1.8938E7
0	3727	3507	5	0	1.8939E7
0	3727	3507	5	0	1.894E7
0	3727	3507	5	0	1.8941E7
0	3727	3507	5	0	1.8942E7
0	3727	3507	5	0	1.8943E7
0	3727	3507	5	0	1.8944E7
0	3727	3507	5	0	1.8945E7
0	3727	3507	5	0	1.8946E7
0	3727	3507	5	0	1.8947E7
0	3727	3507	5	0	1.8948E7
0	3727	3507	5	0	1.8949E7
0	3727	3507	5	0	1.895E7
0	3727	3507	5	0	1.8951E7
0	3727	3507	5	0	1.8952E7
0	3727	3507	5	0	1.8953E7
0	3727	3507	5	0	1.8954E7
0	3727	3507	5	0	1.8955E7
0	3727	3507	5	0	1.8956E7
0	3727	3507	5	0	1.8957E7
0	3727	3507	5	0	1.8958E7
0	3725	3507	5	2	1.8959E7
0	3721	3506	5	4	1.896E7
0	3716	3505	5	6	1.8961E7
0	3708	3503	5	8	1.8962E7
0	3699	3500	5	10	1.8963E7
0	3688	3497	5	12	1.8964E7
0	3675	3493	5	13	1.8965E7
0	3662	3490	5	13	1.8966E7
0	3650	3486	5	13	1.8967E7
0	3637	3482	5	13	1.8968E7
0	3624	3479	5	13	1.8969E7
0	3611	3475	5	13	1.897E7
0	3599	3472	5	13	1.8971E7
0	3586	3468	5	13	1.8972E7
0	3573	3465	5	13	1.8973E7
0	3560	3461	5	13	1.8974E7
0	3548	3458	5	13	1.8975E7
0	3535	3454	5	13	1.8976E7
0	3522	3451	5	13	1.8977E7
0	3509	3448	5	13	1.8978E7
0	3496	3445	5	13	1.8979E7
0	3483	3441	5	13	1.898E7
0	3470	3438	5	13	1.8981E7
0	3458	3435	5	13	1.8982E7
0	3445	3432	5	12	1.8983E7
0	3434	3429	5	9	1.8984E7
0	3426	3427	5	6	1.8985E7
0	3421	3426	5	4	1.8986E7
0	3419	3425	5	1	1.8987E7
0	3418	3425	5	0	1.8988E7
0	3418	3425	5	0	1.8989E7
0	3418	3425	5	0	1.899E7
0	3418	3425	5	0	1.8991E7
0	3418	3425	5	0	1.8992E7
0	3418	3425	5	0	1.8993E7
0	3418	3425	5	0	1.8994E7
0	3418	3425	5	0	1.8995E7
0	3418	3425	5	0	1.8996E7
0	3418	3425	5	0	1.8997E7
0	3418	3425	5	0	1.8998E7
0	3418	3425	5	0	1.8999E7
0	3418	3425	5	0	1.9E7
0	3418	3425	5	0	1.9001E7
0	3418	3425	5	0	1.9002E7
0	3418	3425	5	0	1.9003E7
0	3418	3425	5	0	1.9004E7
0	3418	3425	5	0	1.9005E7
0	3418	3425	5	0	1.9006E7
0	3418	3425	5	0	1.9007E7
0	3417	3425	5	2	1.9008E7
0	3413	3424	5	4	1.9009E7
0	3408	3422	5	6	1.901E7
0	3401	3420	5	8	1.9011E7
0	3392	3418	5	10	1.9012E7
0	3380	3415	5	12	1.9013E7
0	3368	3412	5	13	1.9014E7
0	3355	3409	5	13	1.9015E7
0	3342	3406	5	13	1.9016E7
0	3329	3402	5	13	1.9017E7
0	3317	3399	5	13	1.9018E7
0	3304	3395	5	13	1.9019E7
0	3291	3392	5	13	1.902E7
0	3278	3389	5	12	1.9021E7
0	3267	3386	5	9	1.9022E7
0	3260	3384	5	6	1.9023E7
0	3255	3383	5	4	1.9024E7
0	3252	3382	5	2	1.9025E7
0	3250	3382	5	0	1.9026E7
0	3250	3382	5	0	1.9027E7
0	3249	3382	5	0	1.9028E7
0	3249	3382	5	0	1.9029E7
0	3249	3382	5	0	1.903E7
0	3249	3382	5	0	1.9031E7
0	3249	3382	5	0	1.9032E7
0	3249	3382	5	0	1.9033E7
0	3249	3382	5	0	1.9034E7
0	3249	3382	5	0	1.9035E7
0	3249	3382	5	0	1.9036E7
0	3249	3382	5	0	1.9037E7
0	3249	3382	5	0	1.9038E7
0	3249	3382	5	0	1.9039E7
0	3249	3382	5	0	1.904E7
0	3249	3382	5	0	1.9041E7
0	3248	3381	5	2	1.9042E7
0	3245	3380	5	4	1.9043E7
0	3239	3379	5	6	1.9044E7
0	3232	3377	5	8	1.9045E7
0	3223	3375	5	10	1.9046E7
0	3212	3372	5	12	1.9047E7
0	3200	3368	5	13	1.9048E7
0	3187	3365	5	13	1.9049E7
0	3174	3361	5	13	1.905E7
0	3162	3358	5	13	1.9051E7
0	3149	3354	5	13	1.9052E7
0	3136	3350	5	13	1.9053E7
0	3123	3347	5	13	1.9054E7
0	3112	3343	5	10	1.9055E7
0	3104	3341	5	7	1.9056E7
0	3098	3340	5	4	1.9057E7
0	3095	3339	5	2	1.9058E7
0	3095	3339	5	0	1.9059E7
0	3095	3339	5	0	1.906E7
0	3095	3339	5	0	1.9061E7
0	3095	3339	5	0	1.9062E7
0	3095	3339	5	0	1.9063E7
0	3095	3339	5	0	1.9064E7
0	3095	3339	5	0	1.9065E7
0	3095	3339	5	0	1.9066E7
0	3095	3339	5	0	1.9067E7
0	3095	3339	5	0	1.9068E7
0	3095	3339	5	0	1.9069E7
0	3095	3339	5	0	1.907E7
0	3095	3339	5	0	1.9071E7
0	3095	3339	5	0	1.9072E7
0	3095	3339	5	0	1.9073E7
0	3095	3339	5	0	1.9074E7
0	3095	3339	5	0	1.9075E7
0	3095	3339	5	0	1.9076E7
0	3095	3339	5	0	1.9077E7
0	3095	3339	5	0	1.9078E7
0	3093	3338	5	2	1.9079E7
0	3090	3338	5	4	1.908E7
0	3085	3336	5	6	1.9081E7
0	3077	3335	5	8	1.9082E7
0	3068	3333	5	10	1.9083E7
0	3057	3330	5	12	1.9084E7
0	3044	3327	5	13	1.9085E7
0	3031	3324	5	13	1.9086E7
0	3018	3321	5	13	1.9087E7
0	3006	3318	5	13	1.9088E7
0	2993	3315	5	13	1.9089E7
0	2980	3312	5	13	1.909E7
0	2967	3308	5	13	1.9091E7
0	2954	3305	5	13	1.9092E7
0	2941	3302	5	13	1.9093E7
0	2929	3298	5	13	1.9094E7
0	2916	3295	5	13	1.9095E7
0	2903	3292	5	13	1.9096E7
0	2890	3288	5	13	1.9097E7
0	2877	3285	5	13	1.9098E7
0	2865	3282	5	13	1.9099E7
0	2852	3278	5	13	1.91E7
0	2839	3275	5	13	1.9101E7
0	2826	3272	5	13	1.9102E7
0	2813	3269	5	13	1.9103E7
0	2800	3265	5	13	1.9104E7
0	2788	3262	5	13	1.9105E7
0	2775	3259	5	13	1.9106E7
0	2762	3255	5	13	1.9107E7
0	2749	3252	5	12	1.9108E7
0	2739	3250	5	9	1.9109E7
0	2731	3248	5	6	1.911E7
0	2727	3247	5	3	1.9111E7
0	2724	3246	5	0	1.9112E7
0	2724	3246	5	0	1.9113E7
0	2724	3246	5	0	1.9114E7
0	2724	3246	5	0	1.9115E7
0	2724	3246	5	0	1.9116E7
0	2724	3246	5	0	1.9117E7
0	2724	3246	5	0	1.9118E7
0	2724	3246	5	0	1.9119E7
0	2724	3246	5	0	1.912E7
0	2724	3246	5	0	1.9121E7
0	2724	3246	5	0	1.9122E7
0	2724	3246	5	0	1.9123E7
0	2724	3246	5	0	1.9124E7
0	2724	3246	5	0	1.9125E7
0	2724	3246	5	0	1.9126E7
0	2724	3246	5	0	1.9127E7
0	2724	3246	5	0	1.9128E7
0	2724	3246	5	0	1.9129E7
0	2724	3246	5	0	1.913E7
0	2724	3246	5	0	1.9131E7
0	2724	3246	5	0	1.9132E7
0	2722	3246	5	2	1.9133E7
0	2719	3245	5	4	1.9134E7
0	2713	3243	5	6	1.9135E7
0	2706	3241	5	8	1.9136E7
0	2696	3239	5	10	1.9137E7
0	2685	3236	5	12	1.9138E7
0	2673	3232	5	13	1.9139E7
0	2660	3229	5	13	1.914E7
0	2647	3226	5	13	1.9141E7
0	2634	3222	5	13	1.9142E7
0	2621	3219	5	13	1.9143E7
0	2610	3216	5	10	1.9144E7
0	2601	3214	5	7	1.9145E7
0	2595	3212	5	4	1.9146E7
0	2592	3212	5	2	1.9147E7
0	2590	3211	5	1	1.9148E7
0	2589	3211	5	0	1.9149E7
0	2589	3211	5	0	1.915E7
0	2589	3211	5	0	1.9151E7
0	2589	3211	5	0	1.9152E7
0	2589	3211	5	0	1.9153E7
0	2589	3211	5	0	1.9154E7
0	2589	3211	5	0	1.9155E7
0	2589	3211	5	0	1.9156E7
0	2589	3211	5	0	1.9157E7
0	2589	3211	5	0	1.9158E7
0	2589	3211	5	0	1.9159E7
0	2589	3211	5	0	1.916E7
0	2589	3211	5	0	1.9161E7
0	2589	3211	5	0	1.9162E7
0	2589	3211	5	0	1.9163E7
0	2589	3211	5	0	1.9164E7
0	2589	3211	5	0	1.9165E7
0	2589	3211	5	0	1.9166E7
0	2589	3211	5	0	1.9167E7
0	2589	3211	5	0	1.9168E7
0	2589	3211	5	0	1.9169E7
0	2589	3211	5	0	1.917E7
0	2589	3211	5	0	1.9171E7
0	2587	3210	5	2	1.9172E7
0	2584	3210	5	4	1.9173E7
0	2579	3208	5	5	1.9174E7
0	2572	3207	5	8	1.9175E7
0	2563	3204	5	9	1.9176E7
0	2553	3202	5	11	1.9177E7
0	2540	3199	5	13	1.9178E7
0	2527	3195	5	13	1.9179E7
0	2514	3192	5	13	1.918E7
0	2502	3189	5	13	1.9181E7
0	2489	3185	5	13	1.9182E7
0	2476	3182	5	13	1.9183E7
0	2463	3178	5	13	1.9184E7
0	2450	3175	5	13	1.9185E7
0	2438	3171	5	13	1.9186E7
0	2426	3168	5	11	1.9187E7
0	2416	3165	5	8	1.9188E7
0	2410	3163	5	5	1.9189E7
0	2406	3162	5	3	1.919E7
0	2404	3162	5	0	1.9191E7
0	2404	3162	5	0	1.9192E7
0	2404	3162	5	0	1.9193E7
0	2404	3162	5	0	1.9194E7
0	2404	3162	5	0	1.9195E7
0	2404	3162	5	0	1.9196E7
0	2404	3162	5	0	1.9197E7
0	2404	3162	5	0	1.9198E7
0	2404	3162	5	0	1.9199E7
0	2404	3162	5	0	1.92E7
0	2404	3162	5	0	1.9201E7
0	2404	3162	5	0	1.9202E7
0	2404	3162	5	0	1.9203E7
0	2404	3162	5	0	1.9204E7
0	2404	3162	5	0	1.9205E7
0	2404	3162	5	0	1.9206E7
0	2404	3162	5	0	1.9207E7
0	2404	3162	5	0	1.9208E7
0	2404	3162	5	0	1.9209E7
0	2404	3162	5	0	1.921E7
0	2404	3162	5	1	1.9211E7
0	2401	3161	5	3	1.9212E7
0	2397	3160	5	5	1.9213E7
0	2390	3158	5	7	1.9214E7
0	2382	3156	5	9	1.9215E7
0	2372	3154	5	11	1.9216E7
0	2360	3151	5	13	1.9217E7
0	2347	3148	5	13	1.9218E7
0	2334	3145	5	13	1.9219E7
0	2321	3142	5	13	1.922E7
0	2308	3139	5	13	1.9221E7
0	2295	3135	5	13	1.9222E7
0	2283	3132	5	13	1.9223E7
0	2270	3129	5	13	1.9224E7
0	2257	3126	5	13	1.9225E7
0	2244	3122	5	13	1.9226E7
0	2231	3119	5	13	1.9227E7
0	2218	3116	5	13	1.9228E7
0	2205	3113	5	13	1.9229E7
0	2192	3110	5	13	1.923E7
0	2179	3107	5	13	1.9231E7
0	2166	3105	5	13	1.9232E7
0	2155	3103	5	9	1.9233E7
0	2148	3101	5	6	1.9234E7
0	2142	3100	5	4	1.9235E7
0	2139	3100	5	2	1.9236E7
0	2138	3099	5	1	1.9237E7
0	2137	3099	5	0	1.9238E7
0	2137	3099	5	0	1.9239E7
0	2137	3099	5	0	1.924E7
0	2137	3099	5	0	1.9241E7
0	2137	3099	5	0	1.9242E7
0	2137	3099	5	0	1.9243E7
0	2137	3099	5	0	1.9244E7
0	2137	3099	5	0	1.9245E7
0	2137	3099	5	0	1.9246E7
0	2137	3099	5	0	1.9247E7
0	2137	3099	5	0	1.9248E7
0	2137	3099	5	0	1.9249E7
0	2137	3099	5	0	1.925E7
0	2137	3099	5	0	1.9251E7
0	2137	3099	5	0	1.9252E7
0	2137	3099	5	0	1.9253E7
0	2137	3099	5	0	1.9254E7
0	2137	3099	5	0	1.9255E7
0	2137	3099	5	0	1.9256E7
0	2137	3099	5	0	1.9257E7
0	2137	3099	5	0	1.9258E7
0	2137	3099	5	0	1.9259E7
0	2137	3099	5	0	1.926E7
0	2137	3099	5	0	1.9261E7
0	2137	3099	5	0	1.9262E7
0	2137	3099	5	0	1.9263E7
0	2137	3099	5	0	1.9264E7
0	2137	3099	5	0	1.9265E7
0	2137	3099	5	0	1.9266E7
0	2137	3099	5	0	1.9267E7
0	2137	3099	5	0	1.9268E7
0	2137	3099	5	0	1.9269E7
0	2137	3099	5	0	1.927E7
0	2137	3099	5	0	1.9271E7
0	2137	3099	5	0	1.9272E7
0	2137	3099	5	0	1.9273E7
0	2137	3099	5	0	1.9274E7
0	2137	3099	5	0	1.9275E7
0	2137	3099	5	0	1.9276E7
0	2137	3099	5	0	1.9277E7
0	2137	3099	5	0	1.9278E7
0	2137	3099	5	0	1.9279E7
0	2137	3099	5	0	1.928E7
0	2137	3099	5	0	1.9281E7
0	2135	3099	5	2	1.9282E7
0	2132	3098	5	4	1.9283E7
0	2126	3098	5	6	1.9284E7
0	2119	3096	5	8	1.9285E7
0	2110	3095	5	10	1.9286E7
0	2099	3094	5	12	1.9287E7
0	2086	3092	5	13	1.9288E7
0	2073	3091	5	13	1.9289E7
0	2060	3090	5	13	1.929E7
0	2047	3089	5	12	1.9291E7
0	2036	3089	5	9	1.9292E7
0	2028	3088	5	6	1.9293E7
0	2023	3088	5	3	1.9294E7
0	2021	3088	5	0	1.9295E7
0	2021	3088	5	0	1.9296E7
0	2021	3088	5	0	1.9297E7
0	2021	3088	5	0	1.9298E7
0	2021	3088	5	0	1.9299E7
0	2021	3088	5	0	1.93E7
0	2021	3088	5	0	1.9301E7
0	2021	3088	5	0	1.9302E7
0	2021	3088	5	0	1.9303E7
0	2021	3088	5	0	1.9304E7
0	2021	3088	5	0	1.9305E7
0	2021	3088	5	0	1.9306E7
0	2021	3088	5	0	1.9307E7
0	2021	3088	5	0	1.9308E7
0	2021	3088	5	0	1.9309E7
0	2021	3088	5	0	1.931E7
0	2021	3088	5	0	1.9311E7
0	2021	3088	5	0	1.9312E7
0	2021	3088	5	0	1.9313E7
0	2021	3088	5	0	1.9314E7
0	2021	3088	5	0	1.9315E7
0	2019	3088	5	2	1.9316E7
0	2015	3088	5	4	1.9317E7
0	2009	3087	5	6	1.9318E7
0	2001	3087	5	8	1.9319E7
0	1992	3086	5	10	1.932E7
0	1980	3086	5	12	1.9321E7
0	1967	3086	5	13	1.9322E7
0	1954	3085	5	13	1.9323E7
0	1940	3085	5	13	1.9324E7
0	1927	3085	5	13	1.9325E7
0	1914	3084	5	13	1.9326E7
0	1901	3084	5	13	1.9327E7
0	1887	3084	5	13	1.9328E7
0	1874	3083	5	13	1.9329E7
0	1861	3083	5	13	1.933E7
0	1848	3083	5	13	1.9331E7
0	1834	3083	5	13	1.9332E7
0	1821	3083	5	13	1.9333E7
0	1808	3083	5	13	1.9334E7
0	1794	3083	5	13	1.9335E7
0	1781	3083	5	13	1.9336E7
0	1768	3083	5	13	1.9337E7
0	1755	3082	5	13	1.9338E7
0	1741	3082	5	13	1.9339E7
0	1728	3082	5	13	1.934E7
0	1715	3083	5	13	1.9341E7
0	1701	3085	5	13	1.9342E7
0	1688	3086	5	13	1.9343E7
0	1681	3084	5	13	1.9344E7
0	1672	3072	4	13	1.9345E7
0	1659	3066	4	13	1.9346E7
0	1644	3065	5	13	1.9347E7
0	1631	3071	6	13	1.9348E7
0	1621	3082	6	13	1.9349E7
0	1616	3093	6	13	1.935E7
0	1603	3094	5	15	1.9351E7
0	1587	3094	5	17	1.9352E7
0	1568	3094	5	18	1.9353E7
0	1549	3095	5	18	1.9354E7
0	1531	3096	5	18	1.9355E7
0	1512	3097	5	18	1.9356E7
0	1494	3098	5	18	1.9357E7
0	1476	3099	5	16	1.9358E7
0	1461	3100	5	13	1.9359E7
0	1450	3101	5	9	1.936E7
0	1442	3101	5	6	1.9361E7
0	1437	3101	5	4	1.9362E7
0	1434	3102	5	1	1.9363E7
0	1434	3102	5	0	1.9364E7
0	1434	3102	5	0	1.9365E7
0	1434	3102	5	0	1.9366E7
0	1434	3102	5	0	1.9367E7
0	1434	3102	5	0	1.9368E7
0	1434	3102	5	0	1.9369E7
0	1434	3102	5	0	1.937E7
0	1434	3102	5	0	1.9371E7
0	1434	3102	5	0	1.9372E7
0	1434	3102	5	0	1.9373E7
0	1434	3102	5	0	1.9374E7
0	1434	3102	5	0	1.9375E7
0	1434	3102	5	0	1.9376E7
0	1434	3102	5	0	1.9377E7
0	1434	3102	5	0	1.9378E7
0	1434	3102	5	0	1.9379E7
0	1434	3102	5	0	1.938E7
0	1434	3102	5	0	1.9381E7
0	1434	3102	5	0	1.9382E7
0	1434	3105	5	0	1.9383E7
0	1433	3108	5	2	1.9384E7
0	1429	3109	5	4	1.9385E7
0	1424	3109	5	6	1.9386E7
0	1417	3109	5	7	1.9387E7
0	1408	3110	5	9	1.9388E7
0	1397	3111	5	11	1.9389E7
0	1384	3111	5	11	1.939E7
0	1375	3112	5	8	1.9391E7
0	1368	3112	5	5	1.9392E7
0	1364	3113	5	3	1.9393E7
0	1360	3115	5	5	1.9394E7
0	1357	3121	6	7	1.9395E7
0	1354	3130	7	9	1.9396E7
0	1355	3141	7	11	1.9397E7
0	1357	3153	7	13	1.9398E7
0	1361	3167	7	13	1.9399E7
0	1363	3178	7	9	1.94E7
0	1365	3186	7	6	1.9401E7
0	1366	3191	7	4	1.9402E7
0	1366	3194	7	1	1.9403E7
0	1366	3194	7	0	1.9404E7
0	1366	3194	7	0	1.9405E7
0	1366	3194	7	0	1.9406E7
0	1366	3194	7	0	1.9407E7
0	1366	3194	7	0	1.9408E7
0	1366	3194	7	0	1.9409E7
0	1366	3194	7	0	1.941E7
0	1366	3194	7	0	1.9411E7
0	1366	3194	7	0	1.9412E7
0	1366	3194	7	0	1.9413E7
0	1366	3194	7	0	1.9414E7
0	1366	3194	7	0	1.9415E7
0	1366	3194	7	0	1.9416E7
0	1366	3194	7	0	1.9417E7
0	1366	3194	7	0	1.9418E7
0	1366	3194	7	0	1.9419E7
0	1366	3194	7	0	1.942E7
0	1366	3194	7	0	1.9421E7
0	1366	3194	7	0	1.9422E7
0	1366	3194	7	0	1.9423E7
0	1367	3195	7	2	1.9424E7
0	1367	3199	7	4	1.9425E7
0	1368	3204	7	6	1.9426E7
0	1368	3212	7	8	1.9427E7
0	1369	3221	7	8	1.9428E7
0	1369	3227	7	5	1.9429E7
0	1369	3232	7	3	1.943E7
0	1369	3234	7	1	1.9431E7
0	1369	3235	7	0	1.9432E7
0	1369	3235	7	0	1.9433E7
0	1369	3236	7	0	1.9434E7
0	1369	3236	7	0	1.9435E7
0	1369	3236	7	0	1.9436E7
0	1369	3236	7	0	1.9437E7
0	1369	3237	7	2	1.9438E7
0	1369	3241	7	4	1.9439E7
0	1369	3247	7	6	1.944E7
0	1369	3254	7	8	1.9441E7
0	1369	3264	7	10	1.9442E7
0	1369	3276	7	12	1.9443E7
0	1368	3289	7	14	1.9444E7
0	1368	3305	7	15	1.9445E7
0	1368	3321	7	15	1.9446E7
0	1367	3337	7	15	1.9447E7
0	1367	3353	7	15	1.9448E7
0	1367	3369	7	15	1.9449E7
0	1366	3384	7	15	1.945E7
0	1366	3400	7	15	1.9451E7
0	1366	3416	7	15	1.9452E7
0	1365	3432	7	15	1.9453E7
0	1365	3448	7	15	1.9454E7
0	1366	3461	7	11	1.9455E7
0	1366	3471	7	8	1.9456E7
0	1366	3478	7	5	1.9457E7
0	1366	3482	7	3	1.9458E7
0	1366	3484	7	0	1.9459E7
0	1366	3484	7	0	1.946E7
0	1366	3484	7	0	1.9461E7
0	1366	3484	7	0	1.9462E7
0	1366	3484	7	0	1.9463E7
0	1366	3484	7	0	1.9464E7
0	1366	3484	7	0	1.9465E7
0	1366	3484	7	0	1.9466E7
0	1366	3484	7	0	1.9467E7
0	1366	3484	7	0	1.9468E7
0	1366	3484	7	0	1.9469E7
0	1366	3484	7	0	1.947E7
0	1366	3484	7	0	1.9471E7
0	1366	3484	7	0	1.9472E7
0	1366	3484	7	0	1.9473E7
0	1366	3484	7	0	1.9474E7
0	1366	3484	7	0	1.9475E7
0	1366	3484	7	0	1.9476E7
0	1366	3484	7	0	1.9477E7
0	1366	3484	7	0	1.9478E7
0	1366	3484	7	1	1.9479E7
0	1366	3487	7	3	1.948E7
0	1369	3491	7	4	1.9481E7
0	1369	3497	7	6	1.9482E7
0	1369	3505	7	8	1.9483E7
0	1368	3515	7	10	1.9484E7
0	1368	3526	7	12	1.9485E7
0	1368	3540	7	14	1.9486E7
0	1368	3556	7	15	1.9487E7
0	1367	3569	7	11	1.9488E7
0	1367	3579	7	8	1.9489E7
0	1367	3586	7	5	1.949E7
0	1367	3590	7	3	1.9491E7
0	1367	3593	7	1	1.9492E7
0	1367	3594	7	0	1.9493E7
0	1367	3594	7	0	1.9494E7
0	1367	3595	7	0	1.9495E7
0	1367	3595	7	0	1.9496E7
0	1367	3595	7	0	1.9497E7
0	1367	3595	7	0	1.9498E7
0	1367	3595	7	0	1.9499E7
0	1367	3595	7	0	1.95E7
0	1367	3595	7	0	1.9501E7
0	1367	3595	7	0	1.9502E7
0	1367	3595	7	0	1.9503E7
0	1367	3596	7	2	1.9504E7
0	1369	3600	7	5	1.9505E7
0	1374	3602	8	7	1.9506E7
0	1383	3602	1	9	1.9507E7
0	1393	3603	1	10	1.9508E7
0	1405	3603	1	13	1.9509E7
0	1418	3603	1	13	1.951E7
0	1431	3603	1	13	1.9511E7
0	1445	3603	1	13	1.9512E7
0	1458	3603	1	13	1.9513E7
0	1471	3603	1	13	1.9514E7
0	1484	3603	1	13	1.9515E7
0	1498	3604	1	13	1.9516E7
0	1511	3604	1	13	1.9517E7
0	1524	3604	1	13	1.9518E7
0	1537	3604	1	13	1.9519E7
0	1551	3604	1	13	1.952E7
0	1564	3605	1	13	1.9521E7
0	1577	3605	1	13	1.9522E7
0	1590	3606	1	13	1.9523E7
0	1604	3606	1	13	1.9524E7
0	1617	3606	1	13	1.9525E7
0	1630	3606	1	13	1.9526E7
0	1643	3606	1	13	1.9527E7
0	1657	3606	1	13	1.9528E7
0	1670	3605	1	13	1.9529E7
0	1683	3603	1	13	1.953E7
0	1696	3602	1	13	1.9531E7
0	1709	3600	1	12	1.9532E7
0	1719	3599	1	9	1.9533E7
0	1727	3598	1	6	1.9534E7
0	1731	3597	1	3	1.9535E7
0	1734	3596	1	1	1.9536E7
0	1735	3596	1	0	1.9537E7
0	1736	3596	1	0	1.9538E7
0	1736	3596	1	0	1.9539E7
0	1736	3596	1	0	1.954E7
0	1736	3596	1	0	1.9541E7
0	1736	3596	1	0	1.9542E7
0	1736	3596	1	0	1.9543E7
0	1736	3596	1	0	1.9544E7
0	1736	3596	1	0	1.9545E7
0	1736	3596	1	0	1.9546E7
0	1736	3596	1	0	1.9547E7
0	1736	3596	1	0	1.9548E7
0	1736	3596	1	0	1.9549E7
0	1736	3596	1	0	1.955E7
0	1736	3596	1	0	1.9551E7
0	1736	3596	1	0	1.9552E7
0	1736	3596	1	0	1.9553E7
0	1736	3596	1	0	1.9554E7
0	1736	3596	1	0	1.9555E7
0	1736	3596	1	0	1.9556E7
0	1736	3596	1	0	1.9557E7
0	1736	3596	1	0	1.9558E7
0	1736	3596	1	0	1.9559E7
0	1736	3596	1	0	1.956E7
0	1736	3596	1	0	1.9561E7
0	1736	3596	1	0	1.9562E7
0	1736	3596	1	0	1.9563E7
0	1736	3596	1	0	1.9564E7
0	1736	3596	1	0	1.9565E7
0	1736	3596	1	0	1.9566E7
0	1736	3596	1	0	1.9567E7
0	1736	3596	1	0	1.9568E7
0	1736	3596	1	0	1.9569E7
0	1736	3596	1	0	1.957E7
0	1736	3596	1	0	1.9571E7
0	1736	3596	1	0	1.9572E7
0	1736	3596	1	0	1.9573E7
0	1736	3596	1	0	1.9574E7
0	1736	3596	1	0	1.9575E7
0	1736	3596	1	0	1.9576E7
0	1737	3595	1	2	1.9577E7
0	1741	3594	1	4	1.9578E7
0	1746	3593	1	5	1.9579E7
0	1752	3591	1	7	1.958E7
0	1761	3589	1	9	1.9581E7
0	1771	3587	1	11	1.9582E7
0	1784	3584	1	13	1.9583E7
0	1797	3582	1	13	1.9584E7
0	1810	3580	1	13	1.9585E7
0	1823	3577	1	13	1.9586E7
0	1836	3575	1	13	1.9587E7
0	1849	3573	1	13	1.9588E7
0	1862	3570	1	13	1.9589E7
0	1875	3568	1	13	1.959E7
0	1888	3567	1	13	1.9591E7
0	1902	3565	1	13	1.9592E7
0	1915	3563	1	13	1.9593E7
0	1928	3561	1	13	1.9594E7
0	1941	3559	1	13	1.9595E7
0	1954	3557	1	13	1.9596E7
0	1967	3555	1	13	1.9597E7
0	1980	3554	1	13	1.9598E7
0	1992	3552	1	10	1.9599E7
0	2001	3551	1	7	1.96E7
0	2006	3550	1	4	1.9601E7
0	2010	3549	1	2	1.9602E7
0	2011	3549	1	0	1.9603E7
0	2011	3549	1	0	1.9604E7
0	2011	3549	1	0	1.9605E7
0	2011	3549	1	0	1.9606E7
0	2011	3549	1	0	1.9607E7
0	2011	3549	1	0	1.9608E7
0	2011	3549	1	0	1.9609E7
0	2011	3549	1	0	1.961E7
0	2011	3549	1	0	1.9611E7
0	2011	3549	1	0	1.9612E7
0	2011	3549	1	0	1.9613E7
0	2011	3549	1	0	1.9614E7
0	2011	3549	1	0	1.9615E7
0	2011	3549	1	0	1.9616E7
0	2011	3549	1	0	1.9617E7
0	2011	3549	1	0	1.9618E7
0	2011	3549	1	0	1.9619E7
0	2011	3549	1	0	1.962E7
0	2011	3549	1	0	1.9621E7
0	2011	3549	1	0	1.9622E7
0	2012	3549	1	2	1.9623E7
0	2015	3549	1	3	1.9624E7
0	2019	3548	1	5	1.9625E7
0	2026	3547	1	7	1.9626E7
0	2035	3546	1	10	1.9627E7
0	2046	3545	1	11	1.9628E7
0	2059	3544	1	13	1.9629E7
0	2072	3543	1	13	1.963E7
0	2086	3541	1	13	1.9631E7
0	2099	3540	1	13	1.9632E7
0	2112	3538	1	13	1.9633E7
0	2125	3536	1	13	1.9634E7
0	2138	3534	1	13	1.9635E7
0	2151	3532	1	13	1.9636E7
0	2164	3530	1	13	1.9637E7
0	2177	3528	1	13	1.9638E7
0	2190	3526	1	13	1.9639E7
0	2204	3525	1	13	1.964E7
0	2217	3525	1	13	1.9641E7
0	2230	3525	1	13	1.9642E7
0	2243	3524	1	13	1.9643E7
0	2257	3524	1	13	1.9644E7
0	2270	3524	1	13	1.9645E7
0	2283	3523	1	13	1.9646E7
0	2296	3523	1	13	1.9647E7
0	2310	3523	1	13	1.9648E7
0	2323	3522	1	13	1.9649E7
0	2336	3522	1	13	1.965E7
0	2349	3522	1	13	1.9651E7
0	2363	3521	1	13	1.9652E7
0	2376	3521	1	13	1.9653E7
0	2389	3521	1	12	1.9654E7
0	2399	3520	1	8	1.9655E7
0	2407	3520	1	6	1.9656E7
0	2411	3521	1	3	1.9657E7
0	2415	3523	1	5	1.9658E7
0	2421	3525	1	7	1.9659E7
0	2431	3527	1	9	1.966E7
0	2441	3522	2	11	1.9661E7
0	2453	3520	1	13	1.9662E7
0	2466	3519	1	13	1.9663E7
0	2479	3518	1	11	1.9664E7
0	2489	3517	1	8	1.9665E7
0	2495	3517	1	5	1.9666E7
0	2500	3516	1	3	1.9667E7
0	2502	3516	1	1	1.9668E7
0	2503	3516	1	0	1.9669E7
0	2504	3516	1	0	1.967E7
0	2504	3516	1	0	1.9671E7
0	2504	3516	1	0	1.9672E7
0	2504	3516	1	0	1.9673E7
0	2504	3516	1	0	1.9674E7
0	2504	3516	1	0	1.9675E7
0	2504	3516	1	0	1.9676E7
0	2504	3516	1	0	1.9677E7
0	2504	3516	1	0	1.9678E7
0	2504	3516	1	0	1.9679E7
0	2504	3516	1	0	1.968E7
0	2504	3516	1	0	1.9681E7
0	2504	3516	1	0	1.9682E7
0	2504	3516	1	0	1.9683E7
0	2504	3516	1	0	1.9684E7
0	2504	3516	1	0	1.9685E7
0	2504	3516	1	0	1.9686E7
0	2504	3516	1	0	1.9687E7
0	2504	3516	1	0	1.9688E7
0	2504	3516	1	0	1.9689E7
0	2504	3516	1	0	1.969E7
0	2504	3516	1	0	1.9691E7
0	2504	3516	1	0	1.9692E7
0	2504	3516	1	0	1.9693E7
0	2504	3516	1	0	1.9694E7
0	2504	3516	1	0	1.9695E7
0	2506	3516	1	2	1.9696E7
0	2509	3516	1	4	1.9697E7
0	2515	3515	1	6	1.9698E7
0	2522	3515	1	8	1.9699E7
0	2532	3514	1	10	1.97E7
0	2542	3514	1	9	1.9701E7
0	2551	3513	1	6	1.9702E7
0	2556	3513	1	4	1.9703E7
0	2559	3512	1	1	1.9704E7
0	2559	3512	1	0	1.9705E7
0	2559	3512	1	0	1.9706E7
0	2559	3512	1	0	1.9707E7
0	2559	3512	1	0	1.9708E7
0	2559	3512	1	0	1.9709E7
0	2559	3512	1	0	1.971E7
0	2559	3512	1	0	1.9711E7
0	2559	3512	1	0	1.9712E7
0	2559	3512	1	0	1.9713E7
0	2559	3512	1	0	1.9714E7
0	2559	3512	1	0	1.9715E7
0	2559	3512	1	0	1.9716E7
0	2559	3512	1	0	1.9717E7
0	2559	3512	1	0	1.9718E7
0	2559	3512	1	0	1.9719E7
0	2559	3512	1	0	1.972E7
0	2559	3512	1	0	1.9721E7
0	2559	3512	1	0	1.9722E7
0	2559	3512	1	0	1.9723E7
0	2559	3512	1	0	1.9724E7
0	2561	3512	1	2	1.9725E7
0	2565	3511	1	4	1.9726E7
0	2570	3510	1	6	1.9727E7
0	2577	3507	1	8	1.9728E7
0	2586	3502	2	10	1.9729E7
0	2594	3494	2	12	1.973E7
0	2599	3482	2	13	1.9731E7
0	2599	3469	3	13	1.9732E7
0	2598	3455	3	13	1.9733E7
0	2596	3442	3	13	1.9734E7
0	2594	3429	3	13	1.9735E7
0	2592	3416	3	13	1.9736E7
0	2590	3403	3	13	1.9737E7
0	2589	3390	3	13	1.9738E7
0	2587	3376	3	13	1.9739E7
0	2585	3363	3	13	1.974E7
0	2583	3350	3	13	1.9741E7
0	2582	3337	3	13	1.9742E7
0	2580	3324	3	13	1.9743E7
0	2579	3310	3	13	1.9744E7
0	2578	3297	3	13	1.9745E7
0	2579	3284	3	13	1.9746E7
0	2579	3271	3	13	1.9747E7
0	2579	3258	3	12	1.9748E7
0	2580	3247	3	8	1.9749E7
0	2580	3240	3	6	1.975E7
0	2580	3235	3	3	1.9751E7
0	2580	3232	3	1	1.9752E7
0	2580	3231	3	0	1.9753E7
0	2580	3230	3	0	1.9754E7
0	2580	3230	3	0	1.9755E7
0	2580	3230	3	0	1.9756E7
0	2580	3229	3	2	1.9757E7
0	2582	3226	3	4	1.9758E7
0	2588	3228	2	6	1.9759E7
0	2595	3229	1	8	1.976E7
0	2604	3232	1	10	1.9761E7
0	2615	3235	1	12	1.9762E7
0	2628	3238	1	13	1.9763E7
0	2641	3241	1	13	1.9764E7
0	2654	3245	1	13	1.9765E7
0	2667	3248	1	13	1.9766E7
0	2679	3251	1	13	1.9767E7
0	2692	3255	1	13	1.9768E7
0	2705	3258	1	13	1.9769E7
0	2718	3261	1	13	1.977E7
0	2731	3265	1	13	1.9771E7
0	2744	3268	1	13	1.9772E7
0	2756	3271	1	13	1.9773E7
0	2769	3274	1	13	1.9774E7
0	2782	3278	1	13	1.9775E7
0	2795	3281	1	13	1.9776E7
0	2808	3284	1	13	1.9777E7
0	2821	3287	1	13	1.9778E7
0	2834	3291	1	13	1.9779E7
0	2846	3294	1	13	1.978E7
0	2859	3297	1	13	1.9781E7
0	2872	3301	1	13	1.9782E7
0	2885	3304	1	13	1.9783E7
0	2898	3307	1	13	1.9784E7
0	2911	3311	1	13	1.9785E7
0	2923	3314	1	13	1.9786E7
0	2936	3317	1	13	1.9787E7
0	2948	3320	1	10	1.9788E7
0	2957	3323	1	7	1.9789E7
0	2963	3324	1	4	1.979E7
0	2966	3325	1	2	1.9791E7
0	2968	3326	1	1	1.9792E7
0	2969	3326	1	0	1.9793E7
0	2969	3326	1	0	1.9794E7
0	2969	3326	1	0	1.9795E7
0	2969	3326	1	0	1.9796E7
0	2969	3326	1	0	1.9797E7
0	2969	3326	1	0	1.9798E7
0	2969	3326	1	0	1.9799E7
0	2969	3326	1	0	1.98E7
0	2969	3326	1	0	1.9801E7
0	2971	3326	1	2	1.9802E7
0	2974	3328	1	4	1.9803E7
0	2978	3331	8	6	1.9804E7
0	2978	3339	7	8	1.9805E7
0	2978	3349	7	10	1.9806E7
0	2977	3361	7	12	1.9807E7
0	2976	3374	7	13	1.9808E7
0	2975	3387	7	13	1.9809E7
0	2974	3400	7	13	1.981E7
0	2973	3413	7	13	1.9811E7
0	2972	3427	7	13	1.9812E7
0	2971	3440	7	13	1.9813E7
0	2970	3451	7	9	1.9814E7
0	2969	3459	7	6	1.9815E7
0	2969	3465	7	4	1.9816E7
0	2968	3469	7	4	1.9817E7
0	2969	3475	7	6	1.9818E7
0	2975	3477	8	8	1.9819E7
0	2985	3477	1	10	1.982E7
0	2996	3478	1	12	1.9821E7
0	3009	3478	1	13	1.9822E7
0	3022	3478	1	13	1.9823E7
0	3036	3479	1	13	1.9824E7
0	3049	3480	1	13	1.9825E7
0	3062	3481	1	13	1.9826E7
0	3075	3482	1	13	1.9827E7
0	3088	3483	1	13	1.9828E7
0	3102	3484	1	13	1.9829E7
0	3113	3485	1	10	1.983E7
0	3121	3485	1	6	1.9831E7
0	3127	3486	1	4	1.9832E7
0	3130	3486	1	2	1.9833E7
0	3130	3486	1	0	1.9834E7
0	3130	3486	1	0	1.9835E7
0	3130	3486	1	0	1.9836E7
0	3130	3486	1	0	1.9837E7
0	3130	3486	1	0	1.9838E7
0	3130	3486	1	0	1.9839E7
0	3130	3486	1	0	1.984E7
0	3130	3486	1	0	1.9841E7
0	3130	3486	1	0	1.9842E7
0	3130	3486	1	0	1.9843E7
0	3130	3486	1	0	1.9844E7
0	3130	3486	1	0	1.9845E7
0	3130	3486	1	0	1.9846E7
0	3130	3486	1	0	1.9847E7
0	3130	3486	1	0	1.9848E7
0	3130	3486	1	0	1.9849E7
0	3130	3486	1	0	1.985E7
0	3130	3486	1	0	1.9851E7
0	3130	3486	1	0	1.9852E7
0	3130	3486	1	0	1.9853E7
0	3132	3486	1	2	1.9854E7
0	3135	3486	1	4	1.9855E7
0	3140	3486	1	6	1.9856E7
0	3147	3486	1	8	1.9857E7
0	3156	3487	1	9	1.9858E7
0	3168	3487	1	11	1.9859E7
0	3180	3489	1	13	1.986E7
0	3193	3490	1	13	1.9861E7
0	3207	3492	1	13	1.9862E7
0	3220	3494	1	13	1.9863E7
0	3233	3496	1	13	1.9864E7
0	3246	3499	1	13	1.9865E7
0	3259	3501	1	13	1.9866E7
0	3272	3504	1	13	1.9867E7
0	3285	3506	1	13	1.9868E7
0	3298	3509	1	13	1.9869E7
0	3311	3511	1	13	1.987E7
0	3324	3514	1	13	1.9871E7
0	3337	3516	1	13	1.9872E7
0	3350	3519	1	13	1.9873E7
0	3363	3521	1	13	1.9874E7
0	3376	3524	1	13	1.9875E7
0	3389	3525	1	13	1.9876E7
0	3402	3527	1	13	1.9877E7
0	3415	3528	1	13	1.9878E7
0	3428	3529	1	13	1.9879E7
0	3442	3531	1	13	1.988E7
0	3453	3532	1	10	1.9881E7
0	3462	3535	1	7	1.9882E7
0	3467	3536	1	4	1.9883E7
0	3471	3537	1	4	1.9884E7
0	3476	3539	1	6	1.9885E7
0	3484	3541	1	8	1.9886E7
0	3493	3543	1	10	1.9887E7
0	3504	3547	1	12	1.9888E7
0	3516	3551	1	13	1.9889E7
0	3529	3555	1	13	1.989E7
0	3541	3559	1	13	1.9891E7
0	3554	3563	1	13	1.9892E7
0	3567	3567	1	12	1.9893E7
0	3577	3570	1	9	1.9894E7
0	3584	3572	1	6	1.9895E7
0	3589	3573	1	3	1.9896E7
0	3591	3574	1	0	1.9897E7
0	3591	3574	1	0	1.9898E7
0	3591	3574	1	0	1.9899E7
0	3591	3574	1	0	1.99E7
0	3591	3574	1	0	1.9901E7
0	3591	3574	1	0	1.9902E7
0	3591	3574	1	0	1.9903E7
0	3591	3574	1	0	1.9904E7
0	3591	3574	1	0	1.9905E7
0	3591	3574	1	0	1.9906E7
0	3591	3574	1	0	1.9907E7
0	3591	3574	1	0	1.9908E7
0	3591	3574	1	0	1.9909E7
0	3591	3574	1	0	1.991E7
0	3591	3574	1	0	1.9911E7
0	3591	3574	1	0	1.9912E7
0	3591	3574	1	0	1.9913E7
0	3591	3574	1	0	1.9914E7
0	3591	3574	1	0	1.9915E7
0	3591	3574	1	0	1.9916E7
0	3591	3574	1	0	1.9917E7
0	3593	3575	1	2	1.9918E7
0	3597	3576	1	5	1.9919E7
0	3603	3578	1	7	1.992E7
0	3611	3580	1	9	1.9921E7
0	3621	3583	1	11	1.9922E7
0	3633	3587	1	13	1.9923E7
0	3646	3590	1	13	1.9924E7
0	3659	3593	1	13	1.9925E7
0	3672	3597	1	13	1.9926E7
0	3684	3601	1	13	1.9927E7
0	3697	3604	1	13	1.9928E7
0	3710	3608	1	13	1.9929E7
0	3722	3612	1	13	1.993E7
0	3735	3616	1	13	1.9931E7
0	3747	3620	1	11	1.9932E7
0	3757	3624	1	8	1.9933E7
0	3763	3626	1	5	1.9934E7
0	3768	3628	1	3	1.9935E7
0	3769	3628	1	0	1.9936E7
0	3769	3628	1	0	1.9937E7
0	3769	3628	1	0	1.9938E7
0	3769	3628	1	0	1.9939E7
0	3769	3628	1	0	1.994E7
0	3769	3628	1	0	1.9941E7
0	3769	3628	1	0	1.9942E7
0	3769	3628	1	0	1.9943E7
0	3769	3628	1	0	1.9944E7
0	3769	3628	1	0	1.9945E7
0	3769	3628	1	0	1.9946E7
0	3769	3628	1	0	1.9947E7
0	3769	3628	1	0	1.9948E7
0	3769	3628	1	0	1.9949E7
0	3769	3628	1	0	1.995E7
0	3769	3628	1	0	1.9951E7
0	3769	3628	1	0	1.9952E7
0	3769	3628	1	0	1.9953E7
0	3769	3628	1	0	1.9954E7
0	3769	3628	1	0	1.9955E7
0	3770	3628	1	1	1.9956E7
0	3772	3629	1	3	1.9957E7
0	3776	3631	1	5	1.9958E7
0	3782	3633	1	7	1.9959E7
0	3790	3636	1	9	1.996E7
0	3799	3640	1	11	1.9961E7
0	3810	3645	8	13	1.9962E7
0	3823	3650	8	13	1.9963E7
0	3835	3656	8	13	1.9964E7
0	3847	3661	8	13	1.9965E7
0	3859	3667	8	13	1.9966E7
0	3871	3672	8	13	1.9967E7
0	3883	3677	1	13	1.9968E7
0	3895	3682	8	13	1.9969E7
0	3907	3688	8	13	1.997E7
0	3919	3694	8	13	1.9971E7
0	3931	3699	8	13	1.9972E7
0	3943	3705	8	13	1.9973E7
0	3955	3710	8	13	1.9974E7
0	3968	3715	8	13	1.9975E7
0	3980	3720	8	13	1.9976E7
0	3992	3726	8	13	1.9977E7
0	4004	3731	8	13	1.9978E7
0	4016	3736	1	13	1.9979E7
0	4029	3740	1	13	1.998E7
0	4041	3745	1	13	1.9981E7
0	4054	3749	1	13	1.9982E7
0	4066	3754	1	13	1.9983E7
0	4079	3758	1	13	1.9984E7
0	4091	3762	1	13	1.9985E7
0	4104	3767	1	13	1.9986E7
0	4116	3771	1	13	1.9987E7
0	4129	3775	1	13	1.9988E7
0	4142	3779	1	13	1.9989E7
0	4153	3783	1	11	1.999E7
0	4162	3787	1	8	1.9991E7
0	4169	3789	1	5	1.9992E7
0	4172	3791	1	3	1.9993E7
0	4174	3791	1	0	1.9994E7
0	4174	3791	1	0	1.9995E7
0	4174	3791	1	0	1.9996E7
0	4174	3791	1	0	1.9997E7
0	4174	3791	1	0	1.9998E7
0	4174	3791	1	0	1.9999E7
0	4174	3791	1	0	2.0E7
0	4174	3791	1	0	2.0001E7
0	4174	3791	1	0	2.0002E7
0	4174	3791	1	0	2.0003E7
0	4174	3791	1	0	2.0004E7
0	4174	3791	1	0	2.0005E7
0	4174	3791	1	0	2.0006E7
0	4174	3791	1	0	2.0007E7
0	4174	3791	1	0	2.0008E7
0	4174	3791	1	0	2.0009E7
0	4174	3791	1	0	2.001E7
0	4174	3791	1	0	2.0011E7
0	4174	3791	1	0	2.0012E7
0	4174	3791	1	0	2.0013E7
0	4174	3791	1	1	2.0014E7
0	4177	3792	1	3	2.0015E7
0	4181	3794	1	5	2.0016E7
0	4187	3796	1	7	2.0017E7
0	4195	3799	1	9	2.0018E7
0	4205	3803	1	11	2.0019E7
0	4217	3808	1	13	2.002E7
0	4230	3813	1	13	2.0021E7
0	4242	3818	1	13	2.0022E7
0	4255	3822	1	13	2.0023E7
0	4267	3826	1	13	2.0024E7
0	4280	3830	1	13	2.0025E7
0	4292	3835	1	13	2.0026E7
0	4305	3839	1	13	2.0027E7
0	4317	3843	1	13	2.0028E7
0	4330	3847	1	13	2.0029E7
0	4343	3852	1	13	2.003E7
0	4355	3856	1	13	2.0031E7
0	4368	3860	1	13	2.0032E7
0	4380	3864	1	13	2.0033E7
0	4392	3868	1	11	2.0034E7
0	4402	3871	1	8	2.0035E7
0	4409	3874	1	5	2.0036E7
0	4413	3875	1	3	2.0037E7
0	4415	3876	1	0	2.0038E7
0	4415	3876	1	0	2.0039E7
0	4415	3876	1	0	2.004E7
0	4415	3876	1	0	2.0041E7
0	4415	3876	1	0	2.0042E7
0	4415	3876	1	0	2.0043E7
0	4415	3876	1	0	2.0044E7
0	4415	3876	1	0	2.0045E7
0	4415	3876	1	0	2.0046E7
0	4415	3876	1	0	2.0047E7
0	4415	3876	1	0	2.0048E7
0	4415	3876	1	0	2.0049E7
0	4415	3876	1	0	2.005E7
0	4415	3876	1	0	2.0051E7
0	4415	3876	1	0	2.0052E7
0	4415	3876	1	0	2.0053E7
0	4415	3876	1	0	2.0054E7
0	4415	3876	1	0	2.0055E7
0	4415	3876	1	0	2.0056E7
0	4415	3876	1	0	2.0057E7
0	4415	3876	1	0	2.0058E7
0	4418	3876	1	2	2.0059E7
0	4421	3878	1	5	2.006E7
0	4427	3879	1	7	2.0061E7
0	4435	3882	1	9	2.0062E7
0	4445	3885	1	10	2.0063E7
0	4456	3888	1	12	2.0064E7
0	4469	3892	1	13	2.0065E7
0	4482	3896	1	13	2.0066E7
0	4494	3900	1	13	2.0067E7
0	4507	3904	1	13	2.0068E7
0	4519	3908	1	13	2.0069E7
0	4532	3913	1	13	2.007E7
0	4545	3917	1	13	2.0071E7
0	4557	3921	1	13	2.0072E7
0	4570	3925	1	13	2.0073E7
0	4583	3928	1	13	2.0074E7
0	4595	3932	1	13	2.0075E7
0	4608	3935	1	13	2.0076E7
0	4621	3939	1	13	2.0077E7
0	4634	3942	1	13	2.0078E7
0	4646	3946	1	13	2.0079E7
0	4659	3950	1	13	2.008E7
0	4672	3955	1	13	2.0081E7
0	4684	3959	1	13	2.0082E7
0	4697	3963	1	13	2.0083E7
0	4709	3968	1	13	2.0084E7
0	4722	3972	1	13	2.0085E7
0	4734	3977	1	11	2.0086E7
0	4743	3981	8	8	2.0087E7
0	4750	3984	8	5	2.0088E7
0	4754	3986	8	3	2.0089E7
0	4755	3987	8	0	2.009E7
0	4755	3987	8	0	2.0091E7
0	4755	3987	8	0	2.0092E7
0	4755	3987	8	0	2.0093E7
0	4755	3987	8	0	2.0094E7
0	4755	3987	8	0	2.0095E7
0	4755	3987	8	0	2.0096E7
0	4755	3987	8	0	2.0097E7
0	4755	3987	8	0	2.0098E7
0	4755	3987	8	0	2.0099E7
0	4755	3987	8	0	2.01E7
0	4755	3987	8	0	2.0101E7
0	4755	3987	8	0	2.0102E7
0	4755	3987	8	0	2.0103E7
0	4755	3987	8	0	2.0104E7
0	4755	3987	8	0	2.0105E7
0	4755	3987	8	0	2.0106E7
0	4755	3987	8	0	2.0107E7
0	4755	3987	8	0	2.0108E7
0	4755	3987	8	0	2.0109E7
0	4756	3987	8	1	2.011E7
0	4758	3988	8	3	2.0111E7
0	4762	3989	8	5	2.0112E7
0	4767	3992	8	7	2.0113E7
0	4774	3996	8	9	2.0114E7
0	4783	4001	8	11	2.0115E7
0	4794	4007	8	13	2.0116E7
