1.6256002511660183E7
1.6256002511661306E7
1.6256006E7
1.6256016E7
1.6256026E7
1.6256036E7
1.6256046E7
1.6256056E7
1.6256066E7
1.6256076E7
1.6256086E7
1.6256096E7
1.6256106E7
1.6256116E7
1.6256126E7
1.6256136E7
1.6256146E7
1.6256156E7
1.6256166E7
1.6256176E7
1.6256186E7
1.6256196E7
1.6256206E7
1.6256216E7
1.6256226E7
1.6256236E7
1.6256246E7
1.6256256E7
1.6256266E7
1.6256276E7
1.6256286E7
1.6256296E7
1.6256306E7
1.6256316E7
1.6256326E7
1.6256336E7
1.6256346E7
1.6256356E7
1.6256366E7
1.6256376E7
1.6256386E7
1.6256396E7
1.6256406E7
1.6256416E7
1.6256426E7
1.6256436E7
1.6256446E7
1.6256456E7
1.6256466E7
1.6256476E7
1.6256486E7
1.6256496E7
1.6256506E7
1.6256516E7
1.6256526E7
1.6256536E7
1.6256546E7
1.6256556E7
1.6256566E7
1.6256576E7
1.6256586E7
1.6256596E7
1.6256606E7
1.6256616E7
1.6256626E7
1.6256636E7
1.6256646E7
1.6256656E7
1.6256660996074524E7
1.6256660996075647E7
1.6256666E7
1.6256676E7
1.6256686E7
1.6256696E7
1.6256706E7
1.6256716E7
1.6256726E7
1.6256736E7
1.6256746E7
1.6256756E7
1.6256766E7
1.6256776E7
1.6256786E7
1.6256796E7
1.6256806E7
1.6256816E7
1.6256826E7
1.6256836E7
1.6256846E7
1.6256856E7
1.6256866E7
1.6256876E7
1.6256886E7
1.6256896E7
1.6256906E7
1.6256916E7
1.6256926E7
1.6256936E7
1.6256946E7
1.6256956E7
1.6256966E7
1.6256976E7
1.6256986E7
1.6256996E7
1.6257006E7
1.6257016E7
1.6257026E7
1.6257036E7
1.6257046E7
1.6333003144847596E7
1.633300314484872E7
1.6333006E7
1.6333016E7
1.6333026E7
1.6333036E7
1.6333046E7
1.6333056E7
1.6333066E7
1.6333076E7
1.6333086E7
1.6333096E7
1.6333106E7
1.6333116E7
1.6333126E7
1.6333136E7
1.6333146E7
1.6333156E7
1.6333166E7
1.6333176E7
1.6333186E7
1.6333196E7
1.6333206E7
1.6333216E7
1.6333226E7
1.6333236E7
1.6333246E7
1.6333256E7
1.6333266E7
1.6333276E7
1.6333286E7
1.6333296E7
1.6333306E7
1.6333316E7
1.6333326E7
1.6333336E7
1.6333346E7
1.6333356E7
1.6333366E7
1.6333376E7
1.6333386E7
1.6333396E7
1.6333406E7
1.6333416E7
1.6333426E7
1.6333436E7
1.6333446E7
1.6333456E7
1.6333466E7
1.6333476E7
1.6333486E7
1.6333496E7
1.6333506E7
1.6333516E7
1.6333526E7
1.6333536E7
1.6333546E7
1.6333556E7
1.6333566E7
1.6333576E7
1.6333586E7
1.6333596E7
1.6333606E7
1.6333616E7
1.6333626E7
1.6333636E7
1.6333646E7
1.6333656E7
1.6333666E7
1.6333676E7
1.6333686E7
1.6333696E7
1.6333706E7
1.6333716E7
1.6333726E7
1.6333736E7
1.6333746E7
1.6333756E7
1.6333766E7
1.6333776E7
1.6333786E7
1.6333796E7
1.6333806E7
1.6333816E7
1.6333826E7
1.6333836E7
1.6333846E7
1.6333856E7
1.6333866E7
1.6333876E7
1.6333886E7
1.6333896E7
1.6333906E7
1.6333916E7
1.6333926E7
1.6333936E7
1.6333946E7
1.6333956E7
1.6333966E7
1.6333976E7
1.6333986E7
1.633398631266823E7
1.6333986312669354E7
1.6333996E7
1.6334006E7
1.6334016E7
1.6334026E7
1.6334036E7
1.6334046E7
1.6334056E7
1.6334066E7
1.6334076E7
1.6334086E7
1.6334096E7
1.6334106E7
1.6334116E7
1.6427002142591083E7
1.6427002142592207E7
1.6427006E7
1.6427016E7
1.6427026E7
1.6427036E7
1.6427046E7
1.6427056E7
1.6427066E7
1.6427076E7
1.6427086E7
1.6427096E7
1.6427106E7
1.6427116E7
1.6427126E7
1.6427136E7
1.6427146E7
1.6427156E7
1.6427166E7
1.6427176E7
1.6427186E7
1.6427196E7
1.6427206E7
1.6427216E7
1.6427226E7
1.6427236E7
1.6427246E7
1.6427256E7
1.6427266E7
1.6427276E7
1.6427286E7
1.6427296E7
1.6427306E7
1.6427316E7
1.6427326E7
1.6427336E7
1.6427346E7
1.6427356E7
1.6427366E7
1.6427376E7
1.6427386E7
1.6427390811539974E7
1.6427390811541097E7
1.6427396E7
1.6427406E7
1.6427416E7
1.6427426E7
1.6427436E7
1.6427446E7
1.6427456E7
1.6427466E7
1.6427476E7
1.6427486E7
1.6427496E7
1.6427506E7
1.6427516E7
1.6427526E7
1.6427536E7
1.6427546E7
1.6427556E7
1.6427566E7
1.6427576E7
1.6427586E7
1.6427596E7
1.6427606E7
1.6427616E7
1.6427626E7
1.6427636E7
1.6427646E7
1.6427656E7
1.6427666E7
1.6427676E7
1.6427686E7
1.6427696E7
1.6427706E7
1.6427716E7
1.6427726E7
1.6427736E7
1.6427746E7
1.6427756E7
1.6427766E7
1.6427776E7
1.6427786E7
1.6427796E7
1.6427806E7
1.6427816E7
1.6427826E7
1.6427836E7
1.6427846E7
1.6427856E7
1.6427866E7
1.6427876E7
1.6427886E7
1.6427896E7
1.6427906E7
1.6427916E7
1.6427926E7
1.6427936E7
1.6427946E7
1.6427956E7
1.6427966E7
1.6427976E7
1.6427986E7
1.6427996E7
1.6428006E7
1.6428016E7
1.6428026E7
1.6428036E7
1.6428046E7
1.6428056E7
1.6564002955619061E7
1.6564002955620185E7
1.6564006E7
1.6564016E7
1.6564026E7
1.6564036E7
1.6564046E7
1.6564056E7
1.6564066E7
1.6564076E7
1.6564086E7
1.6564096E7
1.6564106E7
1.6564116E7
1.6564126E7
1.6564136E7
1.6564146E7
1.6564156E7
1.6564166E7
1.6564176E7
1.6564186E7
1.6564196E7
1.6564206E7
1.6564216E7
1.6564226E7
1.6564236E7
1.6564246E7
1.6564256E7
1.6564266E7
1.6564276E7
1.6564286E7
1.6564296E7
1.6564306E7
1.6564316E7
1.6564326E7
1.6564336E7
1.6564346E7
1.6564356E7
1.6564366E7
1.6564376E7
1.6564386E7
1.6564396E7
1.6564406E7
1.6564416E7
1.6564426E7
1.6564436E7
1.6564446E7
1.6564456E7
1.6564466E7
1.6564476E7
1.6564486E7
1.6564496E7
1.6564506E7
1.6564516E7
1.6564526E7
1.6564536E7
1.6564546E7
1.6564556E7
1.6564566E7
1.6564576E7
1.6564586E7
1.6564596E7
1.6564606E7
1.6564616E7
1.6564626E7
1.6564636E7
1.6564646E7
1.6564656E7
1.6564666E7
1.6564676E7
1.6564686E7
1.6564696E7
1.6564706E7
1.6564716E7
1.6564726E7
1.6564736E7
1.6564746E7
1.6564756E7
1.6564766E7
1.6564776E7
1.6564786E7
1.6564796E7
1.6564806E7
1.6564816E7
1.6564826E7
1.6564836E7
1.6564846E7
1.6564856E7
1.6564866E7
1.6564876E7
1.6564886E7
1.6564896E7
1.6564906E7
1.6564916E7
1.6564926E7
1.6564936E7
1.6564946E7
1.6564956E7
1.6564966E7
1.6564976E7
1.6564986E7
1.6564996E7
1.6565006E7
1.6565016E7
1.6565026E7
1.6565036E7
1.6565046E7
1.6565056E7
1.6565066E7
1.6565076E7
1.6565086E7
1.6565096E7
1.6565106E7
1.6565116E7
1.6672006E7
1.6672008050281966E7
1.667200805028309E7
1.6672016E7
1.6672018050281966E7
1.667201805028309E7
1.6672026E7
1.6672028050281966E7
1.667202805028309E7
1.6672036E7
1.6672038050281966E7
1.667203805028309E7
1.6672046E7
1.6672056E7
1.6672066E7
1.6672076E7
1.6672086E7
1.6672096E7
1.6672106E7
1.6672116E7
1.6672126E7
1.6672136E7
1.6672146E7
1.6672156E7
1.6672166E7
1.6672176E7
1.6672186E7
1.6672196E7
1.6672206E7
1.6672216E7
1.6672226E7
1.6672236E7
1.6672246E7
1.6672256E7
1.6672266E7
1.6672276E7
1.6672286E7
1.6672296E7
1.6672306E7
1.6672316E7
1.6672326E7
1.6672336E7
1.6672346E7
1.6672356E7
1.6672366E7
1.6672376E7
1.6672386E7
1.6672396E7
1.6672406E7
1.6672416E7
1.6672426E7
1.6672436E7
1.6672446E7
1.6672456E7
1.6672466E7
1.6672476E7
1.6672486E7
1.6672496E7
1.6672506E7
1.6672516E7
1.6672526E7
1.6672536E7
1.6672546E7
1.6672556E7
1.6672566E7
1.6672576E7
1.6672586E7
1.6672596E7
1.6672606E7
1.6672616E7
1.6672626E7
1.6672636E7
1.6672646E7
1.6672656E7
1.6672666E7
1.6672676E7
1.6672686E7
1.6672696E7
1.6672706E7
1.6672716E7
1.6672726E7
1.6672736E7
1.6672746E7
1.6672756E7
1.6672766E7
1.6672776E7
1.6672786E7
1.6672796E7
1.6672806E7
1.6672816E7
1.6672826E7
1.6672836E7
1.6672846E7
1.6672856E7
1.6672866E7
1.6672876E7
1.6672886E7
1.6672896E7
1.6736004739670241E7
1.6736004739671364E7
1.6736006E7
1.6736014739670241E7
1.6736014739671364E7
1.6736016E7
1.6736026E7
1.6736034739670241E7
1.6736034739671364E7
1.6736036E7
1.6736044739670241E7
1.6736044739671364E7
1.6736046E7
1.6736056E7
1.6736066E7
1.6736076E7
1.6736086E7
1.6736096E7
1.6736106E7
1.6736116E7
1.6736126E7
1.6736136E7
1.6736146E7
1.6736156E7
1.6736166E7
1.6736176E7
1.6736186E7
1.6736196E7
1.6736206E7
1.6736216E7
1.6736226E7
1.6736236E7
1.6736246E7
1.6736256E7
1.6736266E7
1.6736276E7
1.6736286E7
1.6736296E7
1.6736306E7
1.6736316E7
1.6736326E7
1.6736336E7
1.6736346E7
1.6736356E7
1.6736366E7
1.6736376E7
1.6736386E7
1.6736396E7
1.6736406E7
1.6736416E7
1.6736426E7
1.6736436E7
1.6736442110079553E7
1.6736442110080676E7
1.6736446E7
1.6736456E7
1.6736466E7
1.6736476E7
1.6736486E7
1.6736496E7
1.6736506E7
1.6736516E7
1.6736526E7
1.6736536E7
1.6736546E7
1.6736556E7
1.6736566E7
1.6736576E7
1.6736586E7
1.6736596E7
1.6736606E7
1.6736616E7
1.6736626E7
1.6736636E7
1.6736646E7
1.6736656E7
1.6736666E7
1.6736676E7
1.6736686E7
1.6736696E7
1.6736706E7
1.6736716E7
1.6736726E7
1.6736736E7
1.6736746E7
1.6736756E7
1.6736766E7
1.6736776E7
1.6736786E7
1.6736796E7
1.6736806E7
1.6736816E7
1.6736826E7
1.6736836E7
1.6736846E7
1.6736856E7
1.6736866E7
1.6736876E7
1.6736886E7
1.6736896E7
1.6736906E7
1.6736916E7
1.6736926E7
1.6736936E7
1.6736946E7
