0	8499	8278	6	0	0.0
0	8499	8278	6	0	1.8031E7
0	8498	8279	6	2	1.8032E7
0	8495	8281	6	4	1.8033E7
0	8490	8283	6	6	1.8034E7
0	8483	8286	6	8	1.8035E7
0	8474	8290	6	10	1.8036E7
0	8464	8294	6	12	1.8037E7
0	8453	8299	6	12	1.8038E7
0	8440	8302	5	12	1.8039E7
0	8428	8298	5	12	1.804E7
0	8419	8290	4	12	1.8041E7
0	8414	8279	4	12	1.8042E7
0	8408	8267	4	12	1.8043E7
0	8403	8256	4	12	1.8044E7
0	8399	8246	3	9	1.8045E7
0	8396	8239	3	6	1.8046E7
0	8394	8235	4	3	1.8047E7
0	8393	8233	4	0	1.8048E7
0	8393	8233	4	0	1.8049E7
0	8393	8233	4	0	1.805E7
0	8393	8233	4	0	1.8051E7
0	8393	8233	4	0	1.8052E7
0	8393	8233	4	0	1.8053E7
0	8393	8233	4	0	1.8054E7
0	8393	8233	4	0	1.8055E7
0	8393	8233	4	0	1.8056E7
0	8393	8233	4	0	1.8057E7
0	8393	8233	4	0	1.8058E7
0	8393	8233	4	0	1.8059E7
0	8393	8233	4	0	1.806E7
0	8393	8233	4	0	1.8061E7
0	8393	8233	4	0	1.8062E7
0	8393	8233	4	0	1.8063E7
0	8393	8233	4	0	1.8064E7
0	8393	8233	4	0	1.8065E7
0	8393	8233	4	0	1.8066E7
0	8393	8233	4	0	1.8067E7
0	8393	8233	4	0	1.8068E7
0	8393	8231	4	2	1.8069E7
0	8391	8228	4	4	1.807E7
0	8389	8223	4	6	1.8071E7
0	8386	8216	4	8	1.8072E7
0	8382	8207	4	10	1.8073E7
0	8377	8197	4	11	1.8074E7
0	8372	8186	4	12	1.8075E7
0	8367	8174	4	12	1.8076E7
0	8362	8163	4	12	1.8077E7
0	8356	8151	4	12	1.8078E7
0	8351	8140	4	12	1.8079E7
0	8345	8128	4	12	1.808E7
0	8340	8117	4	12	1.8081E7
0	8334	8106	4	12	1.8082E7
0	8329	8094	4	12	1.8083E7
0	8323	8083	4	12	1.8084E7
0	8318	8071	4	12	1.8085E7
0	8312	8060	4	12	1.8086E7
0	8306	8049	4	12	1.8087E7
0	8301	8037	4	12	1.8088E7
0	8295	8026	4	12	1.8089E7
0	8290	8014	4	12	1.809E7
0	8284	8003	4	12	1.8091E7
0	8278	7992	4	11	1.8092E7
0	8274	7983	4	8	1.8093E7
0	8271	7978	4	5	1.8094E7
0	8269	7974	4	3	1.8095E7
0	8268	7973	4	0	1.8096E7
0	8268	7973	4	0	1.8097E7
0	8268	7973	4	0	1.8098E7
0	8268	7973	4	0	1.8099E7
0	8268	7973	4	0	1.81E7
0	8268	7973	4	0	1.8101E7
0	8268	7973	4	0	1.8102E7
0	8268	7973	4	0	1.8103E7
0	8268	7973	4	0	1.8104E7
0	8268	7973	4	0	1.8105E7
0	8268	7973	4	0	1.8106E7
0	8268	7973	4	0	1.8107E7
0	8268	7973	4	0	1.8108E7
0	8268	7973	4	0	1.8109E7
0	8268	7973	4	0	1.811E7
0	8268	7973	4	0	1.8111E7
0	8268	7973	4	0	1.8112E7
0	8268	7973	4	0	1.8113E7
0	8268	7973	4	0	1.8114E7
0	8268	7973	4	0	1.8115E7
0	8268	7972	4	1	1.8116E7
0	8267	7970	4	3	1.8117E7
0	8264	7966	4	5	1.8118E7
0	8261	7960	4	7	1.8119E7
0	8256	7953	4	9	1.812E7
0	8250	7945	4	11	1.8121E7
0	8243	7935	4	12	1.8122E7
0	8235	7925	4	12	1.8123E7
0	8227	7915	4	12	1.8124E7
0	8219	7905	4	12	1.8125E7
0	8211	7896	4	12	1.8126E7
0	8202	7886	4	12	1.8127E7
0	8193	7877	4	12	1.8128E7
0	8184	7868	4	12	1.8129E7
0	8175	7859	4	12	1.813E7
0	8166	7850	4	12	1.8131E7
0	8157	7841	4	12	1.8132E7
0	8148	7832	4	12	1.8133E7
0	8139	7823	4	12	1.8134E7
0	8130	7814	4	12	1.8135E7
0	8121	7805	4	12	1.8136E7
0	8113	7796	4	12	1.8137E7
0	8104	7787	4	12	1.8138E7
0	8095	7778	4	12	1.8139E7
0	8087	7768	4	12	1.814E7
0	8081	7757	4	12	1.8141E7
0	8075	7746	4	12	1.8142E7
0	8069	7735	4	12	1.8143E7
0	8062	7723	4	12	1.8144E7
0	8057	7712	4	12	1.8145E7
0	8051	7701	4	12	1.8146E7
0	8045	7690	4	12	1.8147E7
0	8039	7678	4	12	1.8148E7
0	8033	7667	4	12	1.8149E7
0	8028	7656	4	12	1.815E7
0	8022	7644	4	12	1.8151E7
0	8018	7634	4	9	1.8152E7
0	8015	7628	4	6	1.8153E7
0	8013	7623	4	3	1.8154E7
0	8011	7619	4	5	1.8155E7
0	8013	7614	3	7	1.8156E7
0	8021	7611	2	9	1.8157E7
0	8031	7607	1	11	1.8158E7
0	8042	7602	1	11	1.8159E7
0	8051	7599	1	8	1.816E7
0	8057	7596	1	5	1.8161E7
0	8061	7595	2	3	1.8162E7
0	8062	7594	2	0	1.8163E7
0	8062	7594	2	0	1.8164E7
0	8062	7594	2	0	1.8165E7
0	8062	7594	2	0	1.8166E7
0	8062	7594	2	0	1.8167E7
0	8062	7594	2	0	1.8168E7
0	8062	7594	2	0	1.8169E7
0	8062	7594	2	0	1.817E7
0	8062	7594	2	0	1.8171E7
0	8062	7594	2	0	1.8172E7
0	8062	7594	2	0	1.8173E7
0	8062	7594	2	0	1.8174E7
0	8062	7594	2	0	1.8175E7
0	8062	7594	2	0	1.8176E7
0	8062	7594	2	0	1.8177E7
0	8062	7594	2	0	1.8178E7
0	8062	7594	2	0	1.8179E7
0	8062	7594	2	0	1.818E7
0	8062	7594	2	0	1.8181E7
0	8062	7594	2	0	1.8182E7
0	8062	7594	2	1	1.8183E7
0	8065	7593	2	3	1.8184E7
0	8069	7591	2	5	1.8185E7
0	8075	7588	2	7	1.8186E7
0	8082	7585	2	9	1.8187E7
0	8092	7581	2	11	1.8188E7
0	8103	7576	2	12	1.8189E7
0	8115	7571	2	12	1.819E7
0	8127	7566	2	12	1.8191E7
0	8139	7561	2	12	1.8192E7
0	8150	7556	2	12	1.8193E7
0	8162	7551	2	12	1.8194E7
0	8174	7546	2	12	1.8195E7
0	8185	7541	2	12	1.8196E7
0	8197	7536	2	12	1.8197E7
0	8209	7531	2	12	1.8198E7
0	8220	7526	2	12	1.8199E7
0	8232	7522	2	11	1.82E7
0	8241	7518	2	8	1.8201E7
0	8248	7515	2	5	1.8202E7
0	8252	7513	2	3	1.8203E7
0	8256	7511	2	6	1.8204E7
0	8262	7508	2	7	1.8205E7
0	8264	7500	2	9	1.8206E7
0	8258	7490	4	11	1.8207E7
0	8250	7481	4	12	1.8208E7
0	8244	7469	4	12	1.8209E7
0	8236	7459	4	12	1.821E7
0	8229	7449	4	12	1.8211E7
0	8221	7439	4	12	1.8212E7
0	8213	7430	4	12	1.8213E7
0	8204	7420	4	12	1.8214E7
0	8196	7410	4	12	1.8215E7
0	8188	7401	4	12	1.8216E7
0	8180	7391	4	12	1.8217E7
0	8171	7381	4	12	1.8218E7
0	8163	7372	4	12	1.8219E7
0	8155	7362	4	12	1.822E7
0	8147	7352	4	12	1.8221E7
0	8142	7341	4	12	1.8222E7
0	8136	7330	4	11	1.8223E7
0	8133	7322	4	7	1.8224E7
0	8130	7316	4	5	1.8225E7
0	8128	7312	4	2	1.8226E7
0	8128	7311	4	0	1.8227E7
0	8128	7311	4	0	1.8228E7
0	8128	7311	4	0	1.8229E7
0	8128	7311	4	0	1.823E7
0	8128	7311	4	0	1.8231E7
0	8128	7311	4	0	1.8232E7
0	8128	7311	4	0	1.8233E7
0	8128	7311	4	0	1.8234E7
0	8128	7311	4	0	1.8235E7
0	8128	7311	4	0	1.8236E7
0	8128	7311	4	0	1.8237E7
0	8128	7311	4	0	1.8238E7
0	8128	7311	4	0	1.8239E7
0	8128	7311	4	0	1.824E7
0	8128	7311	4	0	1.8241E7
0	8128	7311	4	0	1.8242E7
0	8128	7311	4	0	1.8243E7
0	8128	7311	4	0	1.8244E7
0	8128	7311	4	0	1.8245E7
0	8128	7311	4	0	1.8246E7
0	8128	7311	4	1	1.8247E7
0	8127	7308	3	3	1.8248E7
0	8125	7304	3	5	1.8249E7
0	8123	7297	3	7	1.825E7
0	8119	7289	3	9	1.8251E7
0	8119	7279	3	11	1.8252E7
0	8130	7273	2	12	1.8253E7
0	8141	7267	2	12	1.8254E7
0	8152	7261	2	12	1.8255E7
0	8163	7255	2	12	1.8256E7
0	8175	7249	2	12	1.8257E7
0	8186	7243	2	12	1.8258E7
0	8197	7236	2	12	1.8259E7
0	8207	7229	2	12	1.826E7
0	8218	7222	2	12	1.8261E7
0	8228	7214	2	12	1.8262E7
0	8237	7206	2	12	1.8263E7
0	8247	7197	2	12	1.8264E7
0	8256	7189	2	12	1.8265E7
0	8266	7180	2	12	1.8266E7
0	8275	7172	2	12	1.8267E7
0	8285	7164	2	12	1.8268E7
0	8294	7155	2	12	1.8269E7
0	8304	7147	2	12	1.827E7
0	8313	7138	2	12	1.8271E7
0	8322	7129	2	12	1.8272E7
0	8332	7121	2	12	1.8273E7
0	8341	7112	2	12	1.8274E7
0	8350	7103	2	12	1.8275E7
0	8360	7095	2	12	1.8276E7
0	8369	7086	2	12	1.8277E7
0	8378	7077	2	12	1.8278E7
0	8388	7069	2	12	1.8279E7
0	8397	7060	2	12	1.828E7
0	8407	7052	2	12	1.8281E7
0	8416	7044	2	12	1.8282E7
0	8425	7036	2	10	1.8283E7
0	8431	7030	2	7	1.8284E7
0	8435	7026	2	4	1.8285E7
0	8438	7024	2	2	1.8286E7
0	8438	7024	2	0	1.8287E7
0	8438	7024	2	0	1.8288E7
0	8438	7024	2	0	1.8289E7
0	8438	7024	2	0	1.829E7
0	8438	7024	2	0	1.8291E7
0	8438	7024	2	0	1.8292E7
0	8438	7024	2	0	1.8293E7
0	8438	7024	2	0	1.8294E7
0	8438	7024	2	0	1.8295E7
0	8438	7024	2	0	1.8296E7
0	8438	7024	2	0	1.8297E7
0	8438	7024	2	0	1.8298E7
0	8438	7024	2	0	1.8299E7
0	8438	7024	2	0	1.83E7
0	8438	7024	2	0	1.8301E7
0	8438	7024	2	0	1.8302E7
0	8438	7024	2	0	1.8303E7
0	8438	7024	2	0	1.8304E7
0	8438	7024	2	0	1.8305E7
0	8438	7024	2	0	1.8306E7
0	8439	7023	2	2	1.8307E7
0	8442	7021	2	4	1.8308E7
0	8445	7018	2	5	1.8309E7
0	8449	7014	2	4	1.831E7
0	8452	7011	2	4	1.8311E7
0	8457	7008	2	6	1.8312E7
0	8466	7008	1	8	1.8313E7
0	8474	7000	2	10	1.8314E7
0	8472	6988	3	12	1.8315E7
0	8459	6983	5	12	1.8316E7
0	8450	6994	6	12	1.8317E7
0	8453	7007	7	12	1.8318E7
0	8443	7015	6	12	1.8319E7
0	8434	7024	6	12	1.832E7
0	8424	7032	6	12	1.8321E7
0	8415	7040	6	12	1.8322E7
0	8405	7049	6	12	1.8323E7
0	8396	7057	6	12	1.8324E7
0	8386	7066	6	12	1.8325E7
0	8377	7074	6	12	1.8326E7
0	8367	7083	6	12	1.8327E7
0	8358	7092	6	12	1.8328E7
0	8349	7100	6	12	1.8329E7
0	8340	7109	6	12	1.833E7
0	8330	7117	6	12	1.8331E7
0	8321	7126	6	12	1.8332E7
0	8312	7135	6	12	1.8333E7
0	8302	7143	6	12	1.8334E7
0	8293	7152	6	12	1.8335E7
0	8283	7160	6	12	1.8336E7
0	8274	7169	6	12	1.8337E7
0	8265	7177	6	12	1.8338E7
0	8255	7186	6	12	1.8339E7
0	8246	7194	6	12	1.834E7
0	8236	7203	6	12	1.8341E7
0	8226	7211	6	12	1.8342E7
0	8216	7219	6	12	1.8343E7
0	8206	7226	6	12	1.8344E7
0	8196	7233	6	12	1.8345E7
0	8185	7240	6	12	1.8346E7
0	8174	7246	6	12	1.8347E7
0	8162	7252	6	12	1.8348E7
0	8151	7258	6	12	1.8349E7
0	8140	7264	6	11	1.835E7
0	8132	7268	6	8	1.8351E7
0	8126	7272	6	5	1.8352E7
0	8122	7274	6	3	1.8353E7
0	8117	7276	6	6	1.8354E7
0	8113	7271	5	8	1.8355E7
0	8110	7262	3	10	1.8356E7
0	8107	7252	3	12	1.8357E7
0	8103	7240	3	12	1.8358E7
0	8099	7228	3	12	1.8359E7
0	8095	7216	3	12	1.836E7
0	8091	7204	3	12	1.8361E7
0	8087	7192	3	12	1.8362E7
0	8083	7180	3	12	1.8363E7
0	8079	7168	3	12	1.8364E7
0	8075	7156	3	12	1.8365E7
0	8070	7144	3	12	1.8366E7
0	8066	7131	3	12	1.8367E7
0	8062	7119	3	12	1.8368E7
0	8058	7107	3	12	1.8369E7
0	8054	7095	3	12	1.837E7
0	8050	7083	3	12	1.8371E7
0	8046	7071	3	12	1.8372E7
0	8042	7059	3	12	1.8373E7
0	8038	7047	3	12	1.8374E7
0	8034	7035	3	12	1.8375E7
0	8030	7023	3	12	1.8376E7
0	8026	7011	3	12	1.8377E7
0	8022	6999	3	12	1.8378E7
0	8018	6987	3	12	1.8379E7
0	8014	6975	3	12	1.838E7
0	8010	6963	3	12	1.8381E7
0	8006	6951	3	12	1.8382E7
0	8002	6939	3	12	1.8383E7
0	7998	6927	3	12	1.8384E7
0	7994	6915	3	12	1.8385E7
0	7990	6903	3	12	1.8386E7
0	7986	6891	3	12	1.8387E7
0	7982	6879	3	12	1.8388E7
0	7978	6867	3	12	1.8389E7
0	7974	6854	3	12	1.839E7
0	7979	6843	3	12	1.8391E7
0	7984	6831	2	12	1.8392E7
0	7989	6819	2	12	1.8393E7
0	7994	6807	2	12	1.8394E7
0	7998	6795	3	12	1.8395E7
0	8001	6785	3	9	1.8396E7
0	8003	6778	3	6	1.8397E7
0	8004	6773	3	3	1.8398E7
0	8005	6771	3	0	1.8399E7
0	8005	6770	3	0	1.84E7
0	8005	6770	3	0	1.8401E7
0	8005	6770	3	0	1.8402E7
0	8005	6770	3	0	1.8403E7
0	8005	6770	3	0	1.8404E7
0	8005	6770	3	0	1.8405E7
0	8005	6770	3	0	1.8406E7
0	8005	6770	3	0	1.8407E7
0	8005	6770	3	0	1.8408E7
0	8005	6770	3	0	1.8409E7
0	8005	6770	3	0	1.841E7
0	8005	6770	3	0	1.8411E7
0	8005	6770	3	0	1.8412E7
0	8005	6770	3	0	1.8413E7
0	8005	6770	3	0	1.8414E7
0	8005	6770	3	0	1.8415E7
0	8005	6770	3	0	1.8416E7
0	8005	6770	3	0	1.8417E7
0	8005	6770	3	0	1.8418E7
0	8005	6770	3	0	1.8419E7
0	8005	6768	3	2	1.842E7
0	8006	6764	3	4	1.8421E7
0	8007	6759	3	6	1.8422E7
0	8008	6751	3	8	1.8423E7
0	8008	6741	3	10	1.8424E7
0	8009	6729	3	12	1.8425E7
0	8010	6717	3	12	1.8426E7
0	8011	6704	3	12	1.8427E7
0	8011	6691	3	12	1.8428E7
0	8012	6678	3	12	1.8429E7
0	8012	6666	3	12	1.843E7
0	8011	6653	3	12	1.8431E7
0	8010	6640	3	12	1.8432E7
0	8009	6628	3	12	1.8433E7
0	8007	6615	3	12	1.8434E7
0	8004	6603	3	12	1.8435E7
0	8002	6590	3	12	1.8436E7
0	7998	6578	3	12	1.8437E7
0	7995	6565	3	12	1.8438E7
0	7992	6553	3	12	1.8439E7
0	7988	6541	3	12	1.844E7
0	7985	6529	3	12	1.8441E7
0	7981	6516	3	12	1.8442E7
0	7978	6504	3	12	1.8443E7
0	7974	6492	3	12	1.8444E7
0	7971	6481	3	9	1.8445E7
0	7969	6474	3	6	1.8446E7
0	7967	6469	3	4	1.8447E7
0	7967	6466	3	1	1.8448E7
0	7967	6466	3	0	1.8449E7
0	7967	6466	3	0	1.845E7
0	7967	6466	3	0	1.8451E7
0	7967	6466	3	0	1.8452E7
0	7967	6466	3	0	1.8453E7
0	7967	6466	3	0	1.8454E7
0	7967	6466	3	0	1.8455E7
0	7967	6466	3	0	1.8456E7
0	7967	6466	3	0	1.8457E7
0	7967	6466	3	0	1.8458E7
0	7967	6466	3	0	1.8459E7
0	7967	6466	3	0	1.846E7
0	7967	6466	3	0	1.8461E7
0	7967	6466	3	0	1.8462E7
0	7967	6466	3	0	1.8463E7
0	7967	6466	3	0	1.8464E7
0	7967	6466	3	0	1.8465E7
0	7967	6466	3	0	1.8466E7
0	7967	6466	3	0	1.8467E7
0	7967	6466	3	0	1.8468E7
0	7966	6464	3	2	1.8469E7
0	7965	6461	3	4	1.847E7
0	7964	6455	3	6	1.8471E7
0	7962	6448	3	8	1.8472E7
0	7959	6438	3	10	1.8473E7
0	7956	6427	3	12	1.8474E7
0	7953	6414	3	12	1.8475E7
0	7950	6402	3	12	1.8476E7
0	7943	6391	3	12	1.8477E7
0	7939	6379	3	12	1.8478E7
0	7935	6367	3	12	1.8479E7
0	7931	6355	3	12	1.848E7
0	7927	6343	3	12	1.8481E7
0	7923	6331	3	12	1.8482E7
0	7920	6320	3	9	1.8483E7
0	7917	6312	3	6	1.8484E7
0	7916	6307	3	4	1.8485E7
0	7915	6304	3	2	1.8486E7
0	7914	6303	3	1	1.8487E7
0	7914	6302	3	0	1.8488E7
0	7914	6302	3	0	1.8489E7
0	7914	6302	3	0	1.849E7
0	7914	6302	3	0	1.8491E7
0	7914	6302	3	0	1.8492E7
0	7914	6302	3	0	1.8493E7
0	7914	6302	3	0	1.8494E7
0	7914	6302	3	0	1.8495E7
0	7914	6302	3	0	1.8496E7
0	7914	6302	3	0	1.8497E7
0	7914	6302	3	0	1.8498E7
0	7914	6302	3	0	1.8499E7
0	7914	6302	3	0	1.85E7
0	7914	6302	3	0	1.8501E7
0	7914	6302	3	0	1.8502E7
0	7914	6302	3	0	1.8503E7
0	7914	6302	3	0	1.8504E7
0	7914	6302	3	0	1.8505E7
0	7914	6302	3	0	1.8506E7
0	7914	6302	3	0	1.8507E7
0	7914	6302	3	0	1.8508E7
0	7914	6302	3	0	1.8509E7
0	7914	6302	3	0	1.851E7
0	7914	6302	3	0	1.8511E7
0	7914	6302	3	0	1.8512E7
0	7914	6302	3	0	1.8513E7
0	7914	6302	3	0	1.8514E7
0	7914	6302	3	0	1.8515E7
0	7914	6302	3	0	1.8516E7
0	7914	6302	3	0	1.8517E7
0	7914	6302	3	0	1.8518E7
0	7914	6302	3	0	1.8519E7
0	7914	6302	3	0	1.852E7
0	7914	6302	3	0	1.8521E7
0	7914	6302	3	0	1.8522E7
0	7914	6302	3	0	1.8523E7
0	7914	6302	3	0	1.8524E7
0	7914	6302	3	0	1.8525E7
0	7914	6302	3	0	1.8526E7
0	7914	6302	3	0	1.8527E7
0	7914	6302	3	0	1.8528E7
0	7914	6302	3	0	1.8529E7
0	7914	6302	3	0	1.853E7
0	7914	6302	3	0	1.8531E7
0	7914	6302	3	0	1.8532E7
0	7914	6302	3	0	1.8533E7
0	7914	6302	3	0	1.8534E7
0	7917	6301	3	0	1.8535E7
0	7917	6301	3	0	1.8536E7
0	7917	6301	3	0	1.8537E7
0	7917	6301	3	0	1.8538E7
0	7917	6301	3	0	1.8539E7
0	7917	6301	3	0	1.854E7
0	7917	6301	3	0	1.8541E7
0	7917	6299	3	2	1.8542E7
0	7916	6296	3	4	1.8543E7
0	7913	6291	4	6	1.8544E7
0	7905	6287	4	8	1.8545E7
0	7899	6279	4	10	1.8546E7
0	7892	6270	4	12	1.8547E7
0	7884	6261	4	12	1.8548E7
0	7876	6251	4	12	1.8549E7
0	7867	6241	4	12	1.855E7
0	7859	6231	4	12	1.8551E7
0	7851	6222	4	12	1.8552E7
0	7843	6212	4	12	1.8553E7
0	7835	6202	4	12	1.8554E7
0	7828	6191	4	12	1.8555E7
0	7821	6180	4	12	1.8556E7
0	7814	6170	4	12	1.8557E7
0	7809	6158	4	12	1.8558E7
0	7804	6146	3	12	1.8559E7
0	7803	6133	3	12	1.856E7
0	7806	6120	3	12	1.8561E7
0	7801	6109	4	14	1.8562E7
0	7790	6099	4	15	1.8563E7
0	7779	6088	4	15	1.8564E7
0	7771	6075	4	15	1.8565E7
0	7766	6062	3	13	1.8566E7
0	7763	6051	3	10	1.8567E7
0	7760	6043	3	7	1.8568E7
0	7759	6038	3	4	1.8569E7
0	7758	6034	3	2	1.857E7
0	7758	6034	3	0	1.8571E7
0	7758	6034	3	0	1.8572E7
0	7758	6034	3	0	1.8573E7
0	7758	6034	3	0	1.8574E7
0	7758	6034	3	0	1.8575E7
0	7758	6034	3	0	1.8576E7
0	7758	6034	3	0	1.8577E7
0	7758	6034	3	0	1.8578E7
0	7758	6034	3	0	1.8579E7
0	7758	6034	3	0	1.858E7
0	7758	6034	3	0	1.8581E7
0	7758	6034	3	0	1.8582E7
0	7758	6034	3	0	1.8583E7
0	7758	6034	3	0	1.8584E7
0	7758	6034	3	0	1.8585E7
0	7758	6034	3	0	1.8586E7
0	7758	6034	3	0	1.8587E7
0	7758	6034	3	0	1.8588E7
0	7758	6034	3	0	1.8589E7
0	7758	6034	3	0	1.859E7
0	7757	6033	3	2	1.8591E7
0	7757	6030	3	3	1.8592E7
0	7756	6025	3	5	1.8593E7
0	7755	6018	3	7	1.8594E7
0	7751	6010	3	9	1.8595E7
0	7750	5999	3	11	1.8596E7
0	7752	5986	3	13	1.8597E7
0	7757	5972	3	13	1.8598E7
0	7770	5970	1	12	1.8599E7
0	7782	5964	2	12	1.86E7
0	7791	5956	2	12	1.8601E7
0	7801	5947	2	12	1.8602E7
0	7814	5950	1	12	1.8603E7
0	7826	5954	1	12	1.8604E7
0	7838	5955	1	12	1.8605E7
0	7851	5955	1	12	1.8606E7
0	7864	5955	1	12	1.8607E7
0	7876	5954	1	12	1.8608E7
0	7889	5954	1	11	1.8609E7
0	7898	5954	1	8	1.861E7
0	7905	5954	1	5	1.8611E7
0	7909	5954	1	3	1.8612E7
0	7911	5953	1	1	1.8613E7
0	7912	5953	1	0	1.8614E7
0	7913	5953	1	0	1.8615E7
0	7913	5953	1	0	1.8616E7
0	7913	5953	1	0	1.8617E7
0	7913	5953	1	0	1.8618E7
0	7913	5953	1	0	1.8619E7
0	7913	5953	1	0	1.862E7
0	7913	5953	1	0	1.8621E7
0	7914	5953	1	2	1.8622E7
0	7918	5953	1	4	1.8623E7
0	7922	5949	2	6	1.8624E7
0	7927	5941	2	8	1.8625E7
0	7927	5931	3	10	1.8626E7
0	7927	5920	3	12	1.8627E7
0	7928	5907	3	12	1.8628E7
0	7928	5894	3	12	1.8629E7
0	7929	5882	3	12	1.863E7
0	7934	5871	2	12	1.8631E7
0	7939	5859	2	12	1.8632E7
0	7944	5848	2	10	1.8633E7
0	7948	5840	2	7	1.8634E7
0	7950	5835	2	4	1.8635E7
0	7951	5832	2	2	1.8636E7
0	7952	5831	2	0	1.8637E7
0	7952	5831	2	0	1.8638E7
0	7952	5831	2	0	1.8639E7
0	7952	5831	2	0	1.864E7
0	7952	5831	2	0	1.8641E7
0	7952	5831	2	0	1.8642E7
0	7952	5831	2	0	1.8643E7
0	7952	5831	2	0	1.8644E7
0	7952	5831	2	0	1.8645E7
0	7952	5831	2	0	1.8646E7
0	7952	5831	2	0	1.8647E7
0	7952	5831	2	0	1.8648E7
0	7952	5831	2	0	1.8649E7
0	7952	5831	2	0	1.865E7
0	7952	5831	2	0	1.8651E7
0	7952	5831	2	0	1.8652E7
0	7952	5831	2	0	1.8653E7
0	7952	5831	2	0	1.8654E7
0	7952	5831	2	0	1.8655E7
0	7952	5831	2	0	1.8656E7
0	7952	5830	2	2	1.8657E7
0	7953	5827	2	4	1.8658E7
0	7956	5823	2	6	1.8659E7
0	7958	5816	2	7	1.866E7
0	7962	5808	2	9	1.8661E7
0	7967	5798	2	12	1.8662E7
0	7972	5786	3	12	1.8663E7
0	7974	5773	3	12	1.8664E7
0	7973	5761	3	11	1.8665E7
0	7971	5751	3	8	1.8666E7
0	7968	5745	3	5	1.8667E7
0	7966	5741	3	3	1.8668E7
0	7966	5738	3	1	1.8669E7
0	7965	5737	3	0	1.867E7
0	7965	5737	3	0	1.8671E7
0	7965	5737	3	0	1.8672E7
0	7965	5737	3	0	1.8673E7
0	7965	5737	3	0	1.8674E7
0	7965	5737	3	0	1.8675E7
0	7965	5737	3	0	1.8676E7
0	7965	5737	3	0	1.8677E7
0	7965	5737	3	0	1.8678E7
0	7965	5737	3	0	1.8679E7
0	7965	5737	3	0	1.868E7
0	7965	5737	3	0	1.8681E7
0	7965	5737	3	0	1.8682E7
0	7965	5737	3	0	1.8683E7
0	7965	5737	3	0	1.8684E7
0	7965	5737	3	0	1.8685E7
0	7965	5737	3	0	1.8686E7
0	7965	5737	3	0	1.8687E7
0	7965	5737	3	0	1.8688E7
0	7965	5737	3	0	1.8689E7
0	7965	5737	3	0	1.869E7
0	7965	5737	3	0	1.8691E7
0	7965	5737	3	0	1.8692E7
0	7965	5737	3	0	1.8693E7
0	7965	5737	3	0	1.8694E7
0	7965	5737	3	0	1.8695E7
0	7965	5737	3	0	1.8696E7
0	7965	5737	3	0	1.8697E7
0	7965	5737	3	0	1.8698E7
0	7965	5737	3	0	1.8699E7
0	7965	5737	3	0	1.87E7
0	7965	5737	3	0	1.8701E7
0	7965	5737	3	0	1.8702E7
0	7965	5737	3	0	1.8703E7
0	7965	5737	3	0	1.8704E7
0	7965	5737	3	0	1.8705E7
0	7965	5737	3	0	1.8706E7
0	7965	5737	3	0	1.8707E7
0	7965	5737	3	0	1.8708E7
0	7965	5737	3	0	1.8709E7
0	7965	5737	3	0	1.871E7
0	7965	5737	3	0	1.8711E7
0	7965	5737	3	0	1.8712E7
0	7965	5737	3	0	1.8713E7
0	7965	5737	3	0	1.8714E7
0	7965	5737	3	0	1.8715E7
0	7965	5737	3	0	1.8716E7
0	7965	5737	3	0	1.8717E7
0	7965	5737	3	0	1.8718E7
0	7965	5737	3	0	1.8719E7
0	7965	5737	3	0	1.872E7
0	7965	5737	3	0	1.8721E7
0	7964	5735	3	2	1.8722E7
0	7963	5732	3	4	1.8723E7
0	7961	5727	4	6	1.8724E7
0	7958	5720	4	8	1.8725E7
0	7954	5712	4	10	1.8726E7
0	7950	5701	4	12	1.8727E7
0	7945	5690	4	12	1.8728E7
0	7939	5678	4	12	1.8729E7
0	7934	5666	4	12	1.873E7
0	7929	5655	4	12	1.8731E7
0	7924	5643	4	12	1.8732E7
0	7918	5632	4	12	1.8733E7
0	7912	5621	4	12	1.8734E7
0	7906	5610	4	12	1.8735E7
0	7900	5598	4	12	1.8736E7
0	7894	5587	4	12	1.8737E7
0	7888	5576	4	12	1.8738E7
0	7882	5565	4	12	1.8739E7
0	7877	5556	4	8	1.874E7
0	7874	5550	4	5	1.8741E7
0	7872	5546	4	3	1.8742E7
0	7871	5544	4	0	1.8743E7
0	7871	5544	4	0	1.8744E7
0	7871	5544	4	0	1.8745E7
0	7871	5544	4	0	1.8746E7
0	7871	5544	4	0	1.8747E7
0	7871	5544	4	0	1.8748E7
0	7871	5544	4	0	1.8749E7
0	7871	5544	4	0	1.875E7
0	7871	5544	4	0	1.8751E7
0	7871	5544	4	0	1.8752E7
0	7871	5544	4	0	1.8753E7
0	7871	5544	4	0	1.8754E7
0	7871	5544	4	0	1.8755E7
0	7871	5544	4	0	1.8756E7
0	7871	5544	4	0	1.8757E7
0	7871	5544	4	0	1.8758E7
0	7871	5544	4	0	1.8759E7
0	7871	5544	4	0	1.876E7
0	7871	5544	4	0	1.8761E7
0	7871	5544	4	0	1.8762E7
0	7871	5544	4	0	1.8763E7
0	7870	5542	4	3	1.8764E7
0	7868	5538	4	5	1.8765E7
0	7865	5533	4	6	1.8766E7
0	7860	5526	4	8	1.8767E7
0	7855	5517	4	10	1.8768E7
0	7850	5507	4	12	1.8769E7
0	7843	5496	4	12	1.877E7
0	7837	5485	4	12	1.8771E7
0	7831	5474	4	12	1.8772E7
0	7825	5463	4	12	1.8773E7
0	7819	5451	4	12	1.8774E7
0	7812	5440	4	12	1.8775E7
0	7806	5429	4	12	1.8776E7
0	7799	5418	4	12	1.8777E7
0	7791	5409	4	12	1.8778E7
0	7781	5400	4	12	1.8779E7
0	7772	5392	4	11	1.878E7
0	7765	5384	4	8	1.8781E7
0	7760	5380	4	5	1.8782E7
0	7756	5378	4	3	1.8783E7
0	7755	5377	4	0	1.8784E7
0	7755	5377	4	0	1.8785E7
0	7755	5377	4	0	1.8786E7
0	7755	5377	4	0	1.8787E7
0	7755	5377	4	0	1.8788E7
0	7755	5377	4	0	1.8789E7
0	7755	5377	4	0	1.879E7
0	7755	5377	4	0	1.8791E7
0	7755	5377	4	0	1.8792E7
0	7755	5377	4	0	1.8793E7
0	7755	5377	4	0	1.8794E7
0	7755	5377	4	0	1.8795E7
0	7755	5377	4	0	1.8796E7
0	7755	5377	4	0	1.8797E7
0	7755	5377	4	0	1.8798E7
0	7755	5377	4	0	1.8799E7
0	7755	5377	4	0	1.88E7
0	7755	5377	4	0	1.8801E7
0	7755	5377	4	0	1.8802E7
0	7755	5377	4	0	1.8803E7
0	7753	5379	4	1	1.8804E7
0	7751	5378	4	3	1.8805E7
0	7748	5375	4	5	1.8806E7
0	7742	5372	4	7	1.8807E7
0	7735	5368	4	9	1.8808E7
0	7728	5364	4	6	1.8809E7
0	7724	5362	4	4	1.881E7
0	7721	5361	4	2	1.8811E7
0	7719	5361	4	1	1.8812E7
0	7719	5360	4	0	1.8813E7
0	7719	5360	4	0	1.8814E7
0	7719	5360	4	0	1.8815E7
0	7719	5360	4	0	1.8816E7
0	7719	5360	4	0	1.8817E7
0	7719	5360	4	0	1.8818E7
0	7719	5360	4	0	1.8819E7
0	7719	5360	4	0	1.882E7
0	7719	5360	4	0	1.8821E7
0	7719	5360	4	0	1.8822E7
0	7719	5360	4	0	1.8823E7
0	7719	5360	4	0	1.8824E7
0	7719	5360	4	0	1.8825E7
0	7719	5360	4	0	1.8826E7
0	7719	5360	4	0	1.8827E7
0	7719	5360	4	0	1.8828E7
0	7719	5360	4	0	1.8829E7
0	7719	5360	4	0	1.883E7
0	7719	5360	4	0	1.8831E7
0	7719	5360	4	0	1.8832E7
0	7719	5360	4	0	1.8833E7
0	7719	5360	4	0	1.8834E7
0	7719	5360	4	0	1.8835E7
0	7719	5360	4	0	1.8836E7
0	7719	5360	4	0	1.8837E7
0	7719	5360	4	0	1.8838E7
0	7719	5360	4	0	1.8839E7
0	7719	5360	4	0	1.884E7
0	7719	5360	4	0	1.8841E7
0	7719	5360	4	0	1.8842E7
0	7719	5360	4	0	1.8843E7
0	7719	5360	4	0	1.8844E7
0	7719	5360	4	0	1.8845E7
0	7719	5360	4	0	1.8846E7
0	7719	5360	4	0	1.8847E7
0	7719	5360	4	0	1.8848E7
0	7719	5360	4	0	1.8849E7
0	7719	5360	4	0	1.885E7
0	7719	5360	4	0	1.8851E7
0	7719	5360	4	0	1.8852E7
0	7719	5360	4	0	1.8853E7
0	7719	5360	4	0	1.8854E7
0	7719	5360	4	0	1.8855E7
0	7719	5360	4	0	1.8856E7
0	7719	5360	4	0	1.8857E7
0	7719	5360	4	0	1.8858E7
0	7719	5360	4	0	1.8859E7
0	7719	5360	4	0	1.886E7
0	7719	5360	4	0	1.8861E7
0	7719	5360	4	0	1.8862E7
0	7719	5360	4	0	1.8863E7
0	7719	5360	4	0	1.8864E7
0	7719	5360	4	0	1.8865E7
0	7719	5360	4	0	1.8866E7
0	7717	5360	4	2	1.8867E7
0	7714	5359	5	4	1.8868E7
0	7709	5357	5	6	1.8869E7
0	7702	5354	5	8	1.887E7
0	7693	5352	5	10	1.8871E7
0	7683	5345	5	11	1.8872E7
0	7671	5343	5	12	1.8873E7
0	7658	5343	5	12	1.8874E7
0	7645	5344	5	12	1.8875E7
0	7633	5347	5	12	1.8876E7
0	7620	5350	5	12	1.8877E7
0	7608	5356	6	12	1.8878E7
0	7598	5363	6	12	1.8879E7
0	7587	5370	6	12	1.888E7
0	7577	5377	6	12	1.8881E7
0	7566	5384	6	12	1.8882E7
0	7555	5391	6	12	1.8883E7
0	7545	5398	6	12	1.8884E7
0	7536	5404	6	8	1.8885E7
0	7530	5408	6	5	1.8886E7
0	7526	5410	6	3	1.8887E7
0	7525	5411	6	0	1.8888E7
0	7525	5411	6	0	1.8889E7
0	7525	5411	6	0	1.889E7
0	7525	5411	6	0	1.8891E7
0	7525	5411	6	0	1.8892E7
0	7525	5411	6	0	1.8893E7
0	7525	5411	6	0	1.8894E7
0	7525	5411	6	0	1.8895E7
0	7525	5411	6	0	1.8896E7
0	7525	5411	6	0	1.8897E7
0	7525	5411	6	0	1.8898E7
0	7525	5411	6	0	1.8899E7
0	7525	5411	6	0	1.89E7
0	7525	5411	6	0	1.8901E7
0	7525	5411	6	0	1.8902E7
0	7525	5411	6	0	1.8903E7
0	7525	5411	6	0	1.8904E7
0	7525	5411	6	0	1.8905E7
0	7525	5411	6	0	1.8906E7
0	7525	5411	6	0	1.8907E7
0	7525	5412	6	0	1.8908E7
0	7523	5413	6	3	1.8909E7
0	7519	5415	6	4	1.891E7
0	7515	5418	6	6	1.8911E7
0	7508	5424	6	8	1.8912E7
0	7501	5430	6	10	1.8913E7
0	7490	5431	5	12	1.8914E7
0	7477	5430	5	11	1.8915E7
0	7468	5430	5	8	1.8916E7
0	7461	5429	5	5	1.8917E7
0	7457	5429	5	3	1.8918E7
0	7455	5429	5	1	1.8919E7
0	7454	5429	5	0	1.892E7
0	7453	5429	5	0	1.8921E7
0	7453	5429	5	0	1.8922E7
0	7453	5429	5	0	1.8923E7
0	7453	5429	5	0	1.8924E7
0	7453	5429	5	0	1.8925E7
0	7453	5429	5	0	1.8926E7
0	7453	5429	5	0	1.8927E7
0	7453	5429	5	0	1.8928E7
0	7453	5429	5	0	1.8929E7
0	7453	5429	5	0	1.893E7
0	7453	5429	5	0	1.8931E7
0	7453	5429	5	0	1.8932E7
0	7453	5429	5	0	1.8933E7
0	7453	5429	5	0	1.8934E7
0	7453	5429	5	0	1.8935E7
0	7453	5429	5	0	1.8936E7
0	7453	5429	5	0	1.8937E7
0	7453	5429	5	0	1.8938E7
0	7453	5429	5	0	1.8939E7
0	7453	5429	5	0	1.894E7
0	7453	5429	5	0	1.8941E7
0	7453	5429	5	0	1.8942E7
0	7453	5429	5	0	1.8943E7
0	7453	5429	5	0	1.8944E7
0	7453	5429	5	0	1.8945E7
0	7453	5429	5	0	1.8946E7
0	7452	5429	5	2	1.8947E7
0	7448	5429	5	4	1.8948E7
0	7442	5430	5	7	1.8949E7
0	7434	5436	6	8	1.895E7
0	7429	5445	6	10	1.8951E7
0	7427	5457	7	12	1.8952E7
0	7425	5469	7	12	1.8953E7
0	7423	5482	7	12	1.8954E7
0	7421	5494	7	12	1.8955E7
0	7418	5507	7	12	1.8956E7
0	7416	5519	7	12	1.8957E7
0	7414	5532	7	12	1.8958E7
0	7412	5544	7	12	1.8959E7
0	7409	5557	7	12	1.896E7
0	7405	5569	7	12	1.8961E7
0	7398	5560	4	12	1.8962E7
0	7393	5548	4	12	1.8963E7
0	7387	5537	4	12	1.8964E7
0	7382	5525	4	12	1.8965E7
0	7376	5514	4	12	1.8966E7
0	7371	5503	4	10	1.8967E7
0	7367	5496	4	7	1.8968E7
0	7365	5491	4	4	1.8969E7
0	7363	5488	4	2	1.897E7
0	7363	5486	4	1	1.8971E7
0	7361	5484	4	3	1.8972E7
0	7359	5480	4	5	1.8973E7
0	7356	5474	4	7	1.8974E7
0	7353	5466	4	9	1.8975E7
0	7348	5457	4	9	1.8976E7
0	7345	5450	4	6	1.8977E7
0	7343	5446	4	3	1.8978E7
0	7341	5443	4	2	1.8979E7
0	7341	5442	4	0	1.898E7
0	7340	5441	4	0	1.8981E7
0	7340	5441	4	0	1.8982E7
0	7340	5441	4	0	1.8983E7
0	7340	5441	4	0	1.8984E7
0	7340	5440	4	1	1.8985E7
0	7339	5439	4	2	1.8986E7
0	7338	5436	4	4	1.8987E7
0	7335	5431	4	6	1.8988E7
0	7332	5424	4	7	1.8989E7
0	7330	5419	4	4	1.899E7
0	7328	5417	4	2	1.8991E7
0	7327	5415	4	1	1.8992E7
0	7327	5414	4	0	1.8993E7
0	7327	5414	4	0	1.8994E7
0	7327	5414	4	0	1.8995E7
0	7327	5414	4	0	1.8996E7
0	7327	5414	4	0	1.8997E7
0	7327	5414	4	0	1.8998E7
0	7327	5414	4	0	1.8999E7
0	7327	5414	4	0	1.9E7
0	7327	5414	4	0	1.9001E7
0	7327	5414	4	0	1.9002E7
0	7327	5414	4	0	1.9003E7
0	7327	5414	4	0	1.9004E7
0	7327	5414	4	0	1.9005E7
0	7327	5414	4	0	1.9006E7
0	7327	5414	4	0	1.9007E7
0	7327	5414	4	0	1.9008E7
0	7327	5414	4	0	1.9009E7
0	7327	5414	4	0	1.901E7
0	7327	5414	4	0	1.9011E7
0	7327	5414	4	0	1.9012E7
0	7327	5414	4	0	1.9013E7
0	7327	5414	4	0	1.9014E7
0	7327	5414	4	0	1.9015E7
0	7327	5414	4	0	1.9016E7
0	7327	5414	4	0	1.9017E7
0	7327	5414	4	0	1.9018E7
0	7327	5414	4	0	1.9019E7
0	7327	5414	4	0	1.902E7
0	7327	5414	4	0	1.9021E7
0	7327	5414	4	0	1.9022E7
0	7327	5414	4	0	1.9023E7
0	7327	5414	4	0	1.9024E7
0	7327	5414	4	0	1.9025E7
0	7327	5414	4	0	1.9026E7
0	7327	5414	4	0	1.9027E7
0	7327	5414	4	0	1.9028E7
0	7327	5414	4	0	1.9029E7
0	7327	5414	4	0	1.903E7
0	7327	5414	4	0	1.9031E7
0	7327	5414	4	0	1.9032E7
0	7327	5414	4	0	1.9033E7
0	7327	5414	4	0	1.9034E7
0	7327	5414	4	0	1.9035E7
0	7327	5414	4	0	1.9036E7
0	7327	5414	4	0	1.9037E7
0	7327	5414	4	0	1.9038E7
0	7327	5414	4	0	1.9039E7
0	7327	5414	4	0	1.904E7
0	7327	5414	4	0	1.9041E7
0	7327	5414	4	0	1.9042E7
0	7326	5412	4	2	1.9043E7
0	7324	5409	4	4	1.9044E7
0	7322	5404	4	6	1.9045E7
0	7319	5397	4	8	1.9046E7
0	7316	5391	4	5	1.9047E7
0	7314	5387	4	3	1.9048E7
0	7313	5385	4	1	1.9049E7
0	7312	5384	4	0	1.905E7
0	7312	5384	4	0	1.9051E7
0	7312	5384	4	0	1.9052E7
0	7312	5384	4	0	1.9053E7
0	7312	5384	4	0	1.9054E7
0	7312	5384	4	0	1.9055E7
0	7312	5384	4	0	1.9056E7
0	7312	5384	4	0	1.9057E7
0	7312	5384	4	0	1.9058E7
0	7312	5384	4	0	1.9059E7
0	7312	5384	4	0	1.906E7
0	7312	5384	4	0	1.9061E7
0	7312	5384	4	0	1.9062E7
0	7312	5384	4	0	1.9063E7
0	7312	5384	4	0	1.9064E7
0	7312	5383	4	1	1.9065E7
0	7311	5381	4	3	1.9066E7
0	7309	5377	4	4	1.9067E7
0	7307	5374	4	3	1.9068E7
0	7306	5372	4	1	1.9069E7
0	7306	5371	4	0	1.907E7
0	7306	5371	4	0	1.9071E7
0	7306	5371	4	0	1.9072E7
0	7306	5371	4	0	1.9073E7
0	7306	5370	4	0	1.9074E7
0	7306	5370	4	0	1.9075E7
0	7306	5370	4	0	1.9076E7
0	7306	5370	4	0	1.9077E7
0	7306	5370	4	0	1.9078E7
0	7306	5370	4	0	1.9079E7
0	7306	5370	4	0	1.908E7
0	7306	5370	4	0	1.9081E7
0	7306	5370	4	0	1.9082E7
0	7306	5370	4	0	1.9083E7
0	7306	5370	4	0	1.9084E7
0	7306	5370	4	0	1.9085E7
0	7306	5370	4	0	1.9086E7
0	7306	5370	4	0	1.9087E7
0	7306	5370	4	0	1.9088E7
0	7306	5370	4	1	1.9089E7
0	7305	5368	4	2	1.909E7
0	7303	5365	4	2	1.9091E7
0	7302	5363	4	2	1.9092E7
0	7302	5362	4	1	1.9093E7
0	7301	5361	4	0	1.9094E7
0	7301	5360	4	0	1.9095E7
0	7301	5360	4	0	1.9096E7
0	7301	5360	4	0	1.9097E7
0	7301	5360	4	0	1.9098E7
0	7301	5360	4	0	1.9099E7
0	7301	5360	4	0	1.91E7
0	7301	5360	4	0	1.9101E7
0	7301	5360	4	0	1.9102E7
0	7301	5360	4	0	1.9103E7
0	7301	5360	4	0	1.9104E7
0	7301	5360	4	0	1.9105E7
0	7301	5360	4	0	1.9106E7
0	7301	5360	4	0	1.9107E7
0	7301	5360	4	0	1.9108E7
0	7301	5360	4	0	1.9109E7
0	7301	5360	4	0	1.911E7
0	7301	5360	4	0	1.9111E7
0	7301	5360	4	0	1.9112E7
0	7301	5360	4	0	1.9113E7
0	7301	5360	4	0	1.9114E7
0	7301	5360	4	0	1.9115E7
0	7301	5360	4	0	1.9116E7
0	7301	5360	4	0	1.9117E7
0	7301	5360	4	0	1.9118E7
0	7301	5360	4	0	1.9119E7
0	7301	5360	4	0	1.912E7
0	7301	5360	4	0	1.9121E7
0	7300	5359	4	1	1.9122E7
0	7299	5357	4	2	1.9123E7
0	7299	5356	4	0	1.9124E7
0	7299	5356	4	0	1.9125E7
0	7299	5356	4	0	1.9126E7
0	7299	5356	4	0	1.9127E7
0	7299	5356	4	0	1.9128E7
0	7299	5356	4	0	1.9129E7
0	7299	5356	4	0	1.913E7
0	7299	5356	4	0	1.9131E7
0	7299	5356	4	0	1.9132E7
0	7299	5356	4	0	1.9133E7
0	7299	5356	4	0	1.9134E7
0	7299	5356	4	0	1.9135E7
0	7299	5356	4	0	1.9136E7
0	7299	5356	4	0	1.9137E7
0	7299	5356	4	0	1.9138E7
0	7299	5356	4	0	1.9139E7
0	7299	5356	4	0	1.914E7
0	7299	5356	4	0	1.9141E7
0	7299	5356	4	0	1.9142E7
0	7299	5356	4	0	1.9143E7
0	7299	5355	4	1	1.9144E7
0	7297	5353	4	3	1.9145E7
0	7295	5349	4	5	1.9146E7
0	7293	5343	4	7	1.9147E7
0	7289	5336	4	9	1.9148E7
0	7284	5326	4	11	1.9149E7
0	7279	5315	4	12	1.915E7
0	7273	5304	4	12	1.9151E7
0	7268	5292	4	12	1.9152E7
0	7264	5284	4	7	1.9153E7
0	7261	5279	4	4	1.9154E7
0	7260	5276	4	2	1.9155E7
0	7259	5274	4	1	1.9156E7
0	7259	5274	4	0	1.9157E7
0	7259	5274	4	0	1.9158E7
0	7259	5274	4	0	1.9159E7
0	7259	5274	4	0	1.916E7
0	7259	5274	4	0	1.9161E7
0	7259	5274	4	0	1.9162E7
0	7259	5274	4	0	1.9163E7
0	7259	5274	4	0	1.9164E7
0	7259	5274	4	0	1.9165E7
0	7259	5274	4	0	1.9166E7
0	7259	5274	4	0	1.9167E7
0	7259	5274	4	0	1.9168E7
0	7259	5274	4	0	1.9169E7
0	7259	5274	4	0	1.917E7
0	7259	5274	4	0	1.9171E7
0	7259	5274	4	0	1.9172E7
0	7259	5274	4	0	1.9173E7
0	7259	5274	4	0	1.9174E7
0	7259	5274	4	0	1.9175E7
0	7259	5274	4	0	1.9176E7
0	7259	5274	4	0	1.9177E7
0	7259	5274	4	0	1.9178E7
0	7259	5274	4	0	1.9179E7
0	7259	5274	4	0	1.918E7
0	7259	5274	4	0	1.9181E7
0	7259	5274	4	0	1.9182E7
0	7259	5274	4	0	1.9183E7
0	7259	5274	4	0	1.9184E7
0	7259	5274	4	0	1.9185E7
0	7259	5274	4	0	1.9186E7
0	7259	5274	4	0	1.9187E7
0	7259	5274	4	0	1.9188E7
0	7259	5274	4	0	1.9189E7
0	7259	5274	4	0	1.919E7
0	7259	5274	4	0	1.9191E7
0	7259	5274	4	0	1.9192E7
0	7259	5274	4	0	1.9193E7
0	7259	5274	4	0	1.9194E7
0	7259	5274	4	0	1.9195E7
0	7259	5274	4	0	1.9196E7
0	7259	5274	4	0	1.9197E7
0	7259	5274	4	0	1.9198E7
0	7259	5274	4	0	1.9199E7
0	7259	5274	4	0	1.92E7
0	7259	5273	4	0	1.9201E7
0	7258	5272	4	2	1.9202E7
0	7256	5269	4	4	1.9203E7
0	7254	5264	4	6	1.9204E7
0	7251	5257	4	8	1.9205E7
0	7246	5249	4	10	1.9206E7
0	7241	5239	4	12	1.9207E7
0	7236	5228	4	12	1.9208E7
0	7230	5216	4	12	1.9209E7
0	7224	5205	4	12	1.921E7
0	7218	5194	4	12	1.9211E7
0	7213	5182	4	12	1.9212E7
0	7207	5171	4	12	1.9213E7
0	7201	5160	4	12	1.9214E7
0	7195	5148	4	12	1.9215E7
0	7190	5137	4	12	1.9216E7
0	7184	5126	4	12	1.9217E7
0	7178	5114	4	12	1.9218E7
0	7172	5103	4	12	1.9219E7
0	7167	5092	4	12	1.922E7
0	7161	5080	4	11	1.9221E7
0	7157	5072	4	8	1.9222E7
0	7154	5066	4	5	1.9223E7
0	7152	5062	4	3	1.9224E7
0	7151	5061	4	0	1.9225E7
0	7151	5061	4	0	1.9226E7
0	7151	5061	4	0	1.9227E7
0	7151	5061	4	0	1.9228E7
0	7151	5061	4	0	1.9229E7
0	7151	5061	4	0	1.923E7
0	7151	5061	4	0	1.9231E7
0	7151	5061	4	0	1.9232E7
0	7151	5061	4	0	1.9233E7
0	7151	5061	4	0	1.9234E7
0	7151	5061	4	0	1.9235E7
0	7151	5061	4	0	1.9236E7
0	7151	5061	4	0	1.9237E7
0	7151	5061	4	0	1.9238E7
0	7151	5061	4	0	1.9239E7
0	7151	5061	4	0	1.924E7
0	7151	5061	4	0	1.9241E7
0	7151	5061	4	0	1.9242E7
0	7151	5061	4	0	1.9243E7
0	7151	5061	4	0	1.9244E7
0	7151	5060	4	1	1.9245E7
0	7150	5058	4	3	1.9246E7
0	7148	5054	4	5	1.9247E7
0	7145	5049	4	6	1.9248E7
0	7141	5042	4	8	1.9249E7
0	7137	5033	4	10	1.925E7
0	7132	5022	4	12	1.9251E7
0	7126	5011	4	12	1.9252E7
0	7120	5000	4	12	1.9253E7
0	7114	4989	4	12	1.9254E7
0	7108	4977	4	12	1.9255E7
0	7102	4967	4	10	1.9256E7
0	7098	4959	4	7	1.9257E7
0	7095	4954	4	4	1.9258E7
0	7093	4951	4	2	1.9259E7
0	7092	4949	4	1	1.926E7
0	7092	4948	4	0	1.9261E7
0	7092	4948	4	0	1.9262E7
0	7092	4948	4	0	1.9263E7
0	7092	4948	4	0	1.9264E7
0	7092	4948	4	0	1.9265E7
0	7092	4948	4	0	1.9266E7
0	7092	4948	4	0	1.9267E7
0	7092	4948	4	0	1.9268E7
0	7092	4948	4	0	1.9269E7
0	7092	4948	4	0	1.927E7
0	7092	4948	4	0	1.9271E7
0	7092	4948	4	0	1.9272E7
0	7092	4948	4	0	1.9273E7
0	7092	4948	4	0	1.9274E7
0	7092	4948	4	0	1.9275E7
0	7092	4948	4	0	1.9276E7
0	7092	4948	4	0	1.9277E7
0	7092	4948	4	0	1.9278E7
0	7092	4948	4	0	1.9279E7
0	7092	4948	4	0	1.928E7
0	7092	4948	4	0	1.9281E7
0	7091	4947	4	2	1.9282E7
0	7089	4943	4	4	1.9283E7
0	7087	4938	4	6	1.9284E7
0	7083	4932	4	8	1.9285E7
0	7079	4923	4	10	1.9286E7
0	7075	4913	3	12	1.9287E7
0	7070	4901	3	12	1.9288E7
0	7066	4889	3	12	1.9289E7
0	7061	4877	3	12	1.929E7
0	7056	4866	3	12	1.9291E7
0	7051	4854	3	12	1.9292E7
0	7046	4842	3	12	1.9293E7
0	7042	4830	3	12	1.9294E7
0	7037	4818	3	12	1.9295E7
0	7032	4807	3	12	1.9296E7
0	7027	4795	3	12	1.9297E7
0	7023	4783	3	12	1.9298E7
0	7018	4771	3	12	1.9299E7
0	7013	4760	3	12	1.93E7
0	7008	4748	3	12	1.9301E7
0	7003	4736	3	12	1.9302E7
0	6999	4726	3	9	1.9303E7
0	6996	4718	3	6	1.9304E7
0	6994	4713	3	4	1.9305E7
0	6993	4710	3	2	1.9306E7
0	6992	4708	3	1	1.9307E7
0	6992	4708	3	0	1.9308E7
0	6992	4707	3	0	1.9309E7
0	6992	4707	3	0	1.931E7
0	6992	4707	3	0	1.9311E7
0	6992	4707	3	0	1.9312E7
0	6992	4707	3	0	1.9313E7
0	6992	4707	3	0	1.9314E7
0	6992	4707	3	0	1.9315E7
0	6992	4707	3	0	1.9316E7
0	6992	4707	3	0	1.9317E7
0	6992	4707	3	0	1.9318E7
0	6992	4707	3	0	1.9319E7
0	6992	4707	3	0	1.932E7
0	6992	4707	3	0	1.9321E7
0	6992	4707	3	0	1.9322E7
0	6992	4707	3	0	1.9323E7
0	6992	4707	3	0	1.9324E7
0	6992	4707	3	0	1.9325E7
0	6992	4707	3	0	1.9326E7
0	6992	4707	3	0	1.9327E7
0	6992	4707	3	0	1.9328E7
0	6992	4707	3	0	1.9329E7
0	6992	4707	3	0	1.933E7
0	6992	4707	3	0	1.9331E7
0	6992	4707	3	0	1.9332E7
0	6992	4707	3	0	1.9333E7
0	6992	4707	3	0	1.9334E7
0	6992	4707	3	0	1.9335E7
0	6992	4707	3	0	1.9336E7
0	6992	4707	3	0	1.9337E7
0	6992	4707	3	0	1.9338E7
0	6992	4707	3	0	1.9339E7
0	6992	4707	3	0	1.934E7
0	6992	4707	3	0	1.9341E7
0	6992	4707	3	0	1.9342E7
0	6992	4707	3	0	1.9343E7
0	6992	4707	3	0	1.9344E7
0	6992	4707	3	0	1.9345E7
0	6992	4707	3	0	1.9346E7
0	6992	4707	3	0	1.9347E7
0	6992	4707	3	0	1.9348E7
0	6992	4707	3	0	1.9349E7
0	6992	4707	3	0	1.935E7
0	6992	4707	3	0	1.9351E7
0	6991	4706	3	2	1.9352E7
0	6990	4703	3	2	1.9353E7
0	6990	4701	3	3	1.9354E7
0	6988	4697	3	5	1.9355E7
0	6987	4691	3	6	1.9356E7
0	6984	4684	3	8	1.9357E7
0	6983	4676	3	9	1.9358E7
0	6981	4666	3	9	1.9359E7
0	6980	4656	3	10	1.936E7
0	6978	4646	3	10	1.9361E7
0	6978	4635	3	10	1.9362E7
0	6977	4624	3	11	1.9363E7
0	6977	4613	3	11	1.9364E7
0	6976	4602	3	11	1.9365E7
0	6976	4590	3	11	1.9366E7
0	6979	4580	3	11	1.9367E7
0	6991	4578	1	11	1.9368E7
0	7002	4577	1	11	1.9369E7
0	7014	4575	1	11	1.937E7
0	7024	4569	2	11	1.9371E7
0	7031	4561	2	8	1.9372E7
0	7033	4553	3	6	1.9373E7
0	7034	4547	3	5	1.9374E7
0	7034	4544	3	2	1.9375E7
0	7034	4542	3	1	1.9376E7
0	7034	4541	3	0	1.9377E7
0	7033	4541	3	0	1.9378E7
0	7033	4540	3	0	1.9379E7
0	7033	4540	3	0	1.938E7
0	7033	4540	3	0	1.9381E7
0	7033	4540	3	0	1.9382E7
0	7033	4540	3	0	1.9383E7
0	7033	4540	3	0	1.9384E7
0	7033	4540	3	0	1.9385E7
0	7033	4540	3	0	1.9386E7
0	7033	4540	3	0	1.9387E7
0	7033	4540	3	0	1.9388E7
0	7033	4540	3	0	1.9389E7
0	7033	4540	3	0	1.939E7
0	7033	4540	3	0	1.9391E7
0	7033	4540	3	0	1.9392E7
0	7033	4540	3	0	1.9393E7
0	7033	4540	3	0	1.9394E7
0	7033	4540	3	1	1.9395E7
0	7033	4538	3	2	1.9396E7
0	7033	4534	3	4	1.9397E7
0	7033	4529	3	4	1.9398E7
0	7033	4525	3	2	1.9399E7
0	7033	4524	3	0	1.94E7
0	7033	4524	3	0	1.9401E7
0	7033	4524	3	0	1.9402E7
0	7033	4524	3	0	1.9403E7
0	7033	4524	3	0	1.9404E7
0	7033	4524	3	0	1.9405E7
0	7033	4524	3	0	1.9406E7
0	7033	4524	3	0	1.9407E7
0	7033	4524	3	0	1.9408E7
0	7033	4524	3	0	1.9409E7
0	7033	4524	3	0	1.941E7
0	7033	4524	3	0	1.9411E7
0	7033	4524	3	0	1.9412E7
0	7033	4524	3	0	1.9413E7
0	7033	4524	3	0	1.9414E7
0	7033	4524	3	0	1.9415E7
0	7033	4524	3	0	1.9416E7
0	7033	4524	3	0	1.9417E7
0	7033	4524	3	0	1.9418E7
0	7033	4524	3	0	1.9419E7
0	7033	4523	3	1	1.942E7
0	7033	4521	3	3	1.9421E7
0	7029	4514	3	5	1.9422E7
0	7029	4508	3	7	1.9423E7
0	7028	4499	3	9	1.9424E7
0	7028	4488	3	11	1.9425E7
0	7027	4476	3	12	1.9426E7
0	7026	4463	3	12	1.9427E7
0	7025	4451	3	12	1.9428E7
0	7025	4438	3	12	1.9429E7
0	7024	4426	3	10	1.943E7
0	7024	4417	3	7	1.9431E7
0	7024	4411	3	4	1.9432E7
0	7024	4408	3	2	1.9433E7
0	7024	4406	3	1	1.9434E7
0	7024	4405	3	0	1.9435E7
0	7024	4405	3	0	1.9436E7
0	7024	4404	3	0	1.9437E7
0	7024	4404	3	0	1.9438E7
0	7024	4404	3	0	1.9439E7
0	7024	4404	3	0	1.944E7
0	7024	4404	3	0	1.9441E7
0	7023	4403	3	2	1.9442E7
0	7023	4399	3	4	1.9443E7
0	7018	4395	4	6	1.9444E7
0	7011	4393	5	8	1.9445E7
0	7001	4392	5	10	1.9446E7
0	6990	4390	5	9	1.9447E7
0	6982	4389	5	6	1.9448E7
0	6976	4388	5	4	1.9449E7
0	6973	4388	5	2	1.945E7
0	6972	4388	5	1	1.9451E7
0	6971	4388	5	0	1.9452E7
0	6971	4387	5	0	1.9453E7
0	6971	4387	5	0	1.9454E7
0	6971	4387	5	0	1.9455E7
0	6971	4387	5	0	1.9456E7
0	6971	4387	5	0	1.9457E7
0	6971	4387	5	0	1.9458E7
0	6971	4387	5	0	1.9459E7
0	6971	4387	5	0	1.946E7
0	6971	4387	5	0	1.9461E7
0	6971	4387	5	0	1.9462E7
0	6971	4387	5	0	1.9463E7
0	6971	4387	5	0	1.9464E7
0	6971	4387	5	0	1.9465E7
0	6971	4387	5	0	1.9466E7
0	6971	4387	5	0	1.9467E7
0	6971	4387	5	0	1.9468E7
0	6971	4387	5	0	1.9469E7
0	6971	4387	5	0	1.947E7
0	6971	4387	5	0	1.9471E7
0	6971	4387	5	0	1.9472E7
0	6971	4387	5	0	1.9473E7
0	6971	4387	5	0	1.9474E7
0	6971	4387	5	0	1.9475E7
0	6971	4387	5	0	1.9476E7
0	6971	4387	5	0	1.9477E7
0	6971	4387	5	0	1.9478E7
0	6971	4387	5	0	1.9479E7
0	6971	4387	5	0	1.948E7
0	6971	4387	5	0	1.9481E7
0	6971	4387	5	0	1.9482E7
0	6971	4387	5	0	1.9483E7
0	6971	4387	5	0	1.9484E7
0	6971	4387	5	0	1.9485E7
0	6970	4387	5	0	1.9486E7
0	6969	4387	5	2	1.9487E7
0	6966	4386	5	4	1.9488E7
0	6961	4385	5	6	1.9489E7
0	6954	4382	5	8	1.949E7
0	6944	4380	5	10	1.9491E7
0	6933	4379	5	12	1.9492E7
0	6920	4377	5	14	1.9493E7
0	6904	4375	5	16	1.9494E7
0	6887	4369	5	16	1.9495E7
0	6873	4367	5	12	1.9496E7
0	6863	4365	5	9	1.9497E7
0	6855	4364	5	6	1.9498E7
0	6850	4364	5	4	1.9499E7
0	6847	4363	5	2	1.95E7
0	6846	4363	5	0	1.9501E7
0	6845	4363	5	0	1.9502E7
0	6845	4363	5	0	1.9503E7
0	6845	4363	5	0	1.9504E7
0	6845	4363	5	0	1.9505E7
0	6845	4363	5	0	1.9506E7
0	6845	4363	5	0	1.9507E7
0	6845	4363	5	0	1.9508E7
0	6845	4363	5	0	1.9509E7
0	6845	4363	5	0	1.951E7
0	6845	4363	5	0	1.9511E7
0	6845	4363	5	0	1.9512E7
0	6845	4363	5	0	1.9513E7
0	6845	4363	5	0	1.9514E7
0	6845	4363	5	0	1.9515E7
0	6845	4363	5	0	1.9516E7
0	6845	4363	5	0	1.9517E7
0	6845	4363	5	0	1.9518E7
0	6845	4363	5	0	1.9519E7
0	6845	4363	5	0	1.952E7
0	6845	4363	5	0	1.9521E7
0	6843	4363	5	2	1.9522E7
0	6840	4362	5	4	1.9523E7
0	6835	4362	5	6	1.9524E7
0	6827	4361	5	8	1.9525E7
0	6818	4359	5	10	1.9526E7
0	6807	4358	5	12	1.9527E7
0	6794	4356	5	14	1.9528E7
0	6779	4354	5	15	1.9529E7
0	6764	4352	5	15	1.953E7
0	6749	4350	5	15	1.9531E7
0	6734	4347	5	15	1.9532E7
0	6720	4345	5	14	1.9533E7
0	6708	4341	5	10	1.9534E7
0	6699	4338	5	7	1.9535E7
0	6693	4336	5	5	1.9536E7
0	6690	4335	5	2	1.9537E7
0	6689	4335	5	0	1.9538E7
0	6689	4335	5	0	1.9539E7
0	6689	4335	5	0	1.954E7
0	6689	4335	5	0	1.9541E7
0	6689	4335	5	0	1.9542E7
0	6689	4335	5	0	1.9543E7
0	6689	4335	5	0	1.9544E7
0	6689	4335	5	0	1.9545E7
0	6689	4335	5	0	1.9546E7
0	6689	4335	5	0	1.9547E7
0	6689	4335	5	0	1.9548E7
0	6689	4335	5	0	1.9549E7
0	6689	4335	5	0	1.955E7
0	6689	4335	5	0	1.9551E7
0	6689	4335	5	0	1.9552E7
0	6689	4335	5	0	1.9553E7
0	6689	4335	5	0	1.9554E7
0	6689	4335	5	0	1.9555E7
0	6689	4335	5	0	1.9556E7
0	6689	4335	5	0	1.9557E7
0	6688	4335	5	1	1.9558E7
0	6685	4334	5	3	1.9559E7
0	6680	4332	5	5	1.956E7
0	6674	4329	5	7	1.9561E7
0	6667	4325	4	9	1.9562E7
0	6657	4320	4	11	1.9563E7
0	6647	4314	4	13	1.9564E7
0	6635	4307	4	13	1.9565E7
0	6625	4302	4	9	1.9566E7
0	6618	4298	4	6	1.9567E7
0	6613	4295	4	4	1.9568E7
0	6611	4293	4	2	1.9569E7
0	6609	4293	4	1	1.957E7
0	6609	4292	4	0	1.9571E7
0	6609	4292	4	0	1.9572E7
0	6609	4292	4	0	1.9573E7
0	6609	4292	4	0	1.9574E7
0	6608	4292	4	0	1.9575E7
0	6608	4292	4	0	1.9576E7
0	6608	4292	4	0	1.9577E7
0	6608	4292	4	0	1.9578E7
0	6608	4292	4	0	1.9579E7
0	6608	4292	4	0	1.958E7
0	6608	4292	4	0	1.9581E7
0	6608	4292	4	0	1.9582E7
0	6608	4292	4	0	1.9583E7
0	6608	4292	4	0	1.9584E7
0	6608	4292	4	0	1.9585E7
0	6608	4292	4	0	1.9586E7
0	6608	4292	4	0	1.9587E7
0	6608	4292	4	0	1.9588E7
0	6608	4292	4	0	1.9589E7
0	6608	4292	4	0	1.959E7
0	6608	4292	4	0	1.9591E7
0	6608	4292	4	0	1.9592E7
0	6608	4292	4	0	1.9593E7
0	6608	4292	4	0	1.9594E7
0	6608	4292	4	0	1.9595E7
0	6608	4292	4	0	1.9596E7
0	6608	4292	4	0	1.9597E7
0	6608	4292	4	0	1.9598E7
0	6608	4292	4	0	1.9599E7
0	6608	4292	4	0	1.96E7
0	6608	4292	4	0	1.9601E7
0	6607	4291	4	2	1.9602E7
0	6605	4289	4	4	1.9603E7
0	6604	4284	4	6	1.9604E7
0	6607	4278	3	7	1.9605E7
0	6611	4270	2	9	1.9606E7
0	6612	4258	2	11	1.9607E7
0	6618	4247	2	13	1.9608E7
0	6624	4233	2	15	1.9609E7
0	6631	4219	2	15	1.961E7
0	6637	4205	2	15	1.9611E7
0	6643	4192	2	15	1.9612E7
0	6650	4178	2	15	1.9613E7
0	6654	4163	3	15	1.9614E7
0	6661	4149	2	15	1.9615E7
0	6667	4136	2	15	1.9616E7
0	6674	4122	2	15	1.9617E7
0	6679	4108	3	15	1.9618E7
0	6684	4094	3	15	1.9619E7
0	6690	4079	3	16	1.962E7
0	6696	4065	2	13	1.9621E7
0	6702	4054	2	10	1.9622E7
0	6705	4047	2	7	1.9623E7
0	6708	4041	2	4	1.9624E7
0	6710	4037	2	4	1.9625E7
0	6708	4033	3	6	1.9626E7
0	6699	4033	5	8	1.9627E7
0	6691	4038	5	10	1.9628E7
0	6680	4044	6	12	1.9629E7
0	6670	4047	5	12	1.963E7
0	6660	4040	4	12	1.9631E7
0	6651	4031	4	12	1.9632E7
0	6641	4022	4	12	1.9633E7
0	6632	4013	4	12	1.9634E7
0	6623	4005	4	12	1.9635E7
0	6614	3996	4	12	1.9636E7
0	6616	3988	3	12	1.9637E7
0	6625	3980	2	12	1.9638E7
0	6635	3971	2	12	1.9639E7
0	6642	3965	2	8	1.964E7
0	6648	3960	2	5	1.9641E7
0	6651	3957	2	3	1.9642E7
0	6653	3955	2	0	1.9643E7
0	6653	3955	2	0	1.9644E7
0	6653	3955	2	0	1.9645E7
0	6653	3955	2	0	1.9646E7
0	6653	3955	2	0	1.9647E7
0	6653	3955	2	0	1.9648E7
0	6653	3955	2	0	1.9649E7
0	6653	3955	2	0	1.965E7
0	6653	3955	2	0	1.9651E7
0	6653	3955	2	0	1.9652E7
0	6653	3955	2	0	1.9653E7
0	6653	3955	2	0	1.9654E7
0	6653	3955	2	0	1.9655E7
0	6653	3955	2	0	1.9656E7
0	6653	3955	2	0	1.9657E7
0	6653	3955	2	0	1.9658E7
0	6653	3955	2	0	1.9659E7
0	6653	3955	2	0	1.966E7
0	6653	3955	2	0	1.9661E7
0	6653	3955	2	0	1.9662E7
0	6649	3950	2	0	1.9663E7
0	6650	3949	2	2	1.9664E7
0	6653	3946	2	4	1.9665E7
0	6658	3942	2	7	1.9666E7
0	6663	3938	2	5	1.9667E7
0	6666	3935	2	3	1.9668E7
0	6669	3932	2	5	1.9669E7
0	6673	3926	2	7	1.967E7
0	6671	3918	3	9	1.9671E7
0	6664	3910	4	11	1.9672E7
0	6655	3901	4	13	1.9673E7
0	6645	3891	4	15	1.9674E7
0	6635	3879	4	15	1.9675E7
0	6625	3868	4	15	1.9676E7
0	6617	3855	4	15	1.9677E7
0	6607	3843	4	15	1.9678E7
0	6597	3832	4	15	1.9679E7
0	6586	3821	4	15	1.968E7
0	6576	3809	4	15	1.9681E7
0	6566	3798	4	15	1.9682E7
0	6555	3787	4	15	1.9683E7
0	6545	3776	4	15	1.9684E7
0	6535	3765	4	13	1.9685E7
0	6525	3755	4	15	1.9686E7
0	6515	3743	4	15	1.9687E7
0	6504	3733	4	15	1.9688E7
0	6495	3723	4	11	1.9689E7
0	6488	3716	4	8	1.969E7
0	6483	3712	4	5	1.9691E7
0	6480	3709	4	3	1.9692E7
0	6478	3707	4	0	1.9693E7
0	6478	3707	4	0	1.9694E7
0	6478	3707	4	0	1.9695E7
0	6478	3707	4	0	1.9696E7
0	6478	3707	4	0	1.9697E7
0	6478	3707	4	0	1.9698E7
0	6478	3707	4	0	1.9699E7
0	6478	3707	4	0	1.97E7
0	6478	3707	4	0	1.9701E7
0	6478	3707	4	0	1.9702E7
0	6478	3707	4	0	1.9703E7
0	6478	3707	4	0	1.9704E7
0	6478	3707	4	0	1.9705E7
0	6478	3707	4	0	1.9706E7
0	6478	3707	4	0	1.9707E7
0	6478	3707	4	0	1.9708E7
0	6478	3707	4	0	1.9709E7
0	6478	3707	4	0	1.971E7
0	6478	3707	4	0	1.9711E7
0	6478	3707	4	0	1.9712E7
0	6478	3707	4	1	1.9713E7
0	6476	3705	4	3	1.9714E7
0	6473	3702	4	5	1.9715E7
0	6468	3698	4	7	1.9716E7
0	6462	3692	4	9	1.9717E7
0	6455	3684	4	11	1.9718E7
0	6446	3676	4	13	1.9719E7
0	6435	3666	4	15	1.972E7
0	6424	3655	4	15	1.9721E7
0	6412	3645	4	15	1.9722E7
0	6402	3636	4	12	1.9723E7
0	6394	3629	4	9	1.9724E7
0	6388	3624	4	6	1.9725E7
0	6385	3621	4	3	1.9726E7
0	6383	3620	4	0	1.9727E7
0	6383	3620	4	0	1.9728E7
0	6383	3620	4	0	1.9729E7
0	6383	3620	4	0	1.973E7
0	6383	3620	4	0	1.9731E7
0	6383	3620	4	0	1.9732E7
0	6383	3620	4	0	1.9733E7
0	6383	3620	4	0	1.9734E7
0	6383	3620	4	0	1.9735E7
0	6383	3620	4	0	1.9736E7
0	6383	3620	4	0	1.9737E7
0	6383	3620	4	0	1.9738E7
0	6383	3620	4	0	1.9739E7
0	6383	3620	4	0	1.974E7
0	6383	3620	4	0	1.9741E7
0	6383	3620	4	0	1.9742E7
0	6383	3620	4	0	1.9743E7
0	6383	3620	4	0	1.9744E7
0	6383	3620	4	0	1.9745E7
0	6383	3620	4	0	1.9746E7
0	6383	3620	4	0	1.9747E7
0	6381	3618	4	2	1.9748E7
0	6378	3615	4	5	1.9749E7
0	6374	3611	4	6	1.975E7
0	6368	3606	4	7	1.9751E7
0	6364	3602	4	4	1.9752E7
0	6361	3600	4	2	1.9753E7
0	6359	3599	4	1	1.9754E7
0	6359	3598	4	0	1.9755E7
0	6358	3598	4	0	1.9756E7
0	6358	3598	4	0	1.9757E7
0	6358	3598	4	0	1.9758E7
0	6358	3598	4	0	1.9759E7
0	6357	3597	4	2	1.976E7
0	6354	3594	4	4	1.9761E7
0	6350	3591	4	6	1.9762E7
0	6345	3586	4	8	1.9763E7
0	6338	3580	4	10	1.9764E7
0	6330	3572	4	11	1.9765E7
0	6320	3564	4	13	1.9766E7
0	6309	3554	4	15	1.9767E7
0	6297	3544	4	15	1.9768E7
0	6286	3534	4	15	1.9769E7
0	6274	3524	4	15	1.977E7
0	6263	3514	4	15	1.9771E7
0	6252	3504	4	15	1.9772E7
0	6240	3494	4	15	1.9773E7
0	6229	3483	4	15	1.9774E7
0	6218	3473	4	15	1.9775E7
0	6206	3463	4	15	1.9776E7
0	6195	3452	4	15	1.9777E7
0	6185	3441	4	15	1.9778E7
0	6176	3430	4	12	1.9779E7
0	6169	3422	4	9	1.978E7
0	6164	3416	4	6	1.9781E7
0	6159	3410	4	8	1.9782E7
0	6159	3402	3	10	1.9783E7
0	6169	3396	2	12	1.9784E7
0	6179	3388	2	12	1.9785E7
0	6189	3381	2	12	1.9786E7
0	6199	3374	2	10	1.9787E7
0	6206	3368	2	7	1.9788E7
0	6211	3365	2	4	1.9789E7
0	6214	3362	2	2	1.979E7
0	6215	3362	2	0	1.9791E7
0	6215	3362	2	0	1.9792E7
0	6215	3362	2	0	1.9793E7
0	6215	3362	2	0	1.9794E7
0	6215	3362	2	0	1.9795E7
0	6215	3362	2	0	1.9796E7
0	6215	3362	2	0	1.9797E7
0	6215	3362	2	0	1.9798E7
0	6215	3362	2	0	1.9799E7
0	6215	3362	2	0	1.98E7
0	6215	3362	2	0	1.9801E7
0	6215	3362	2	0	1.9802E7
0	6215	3362	2	0	1.9803E7
0	6215	3362	2	0	1.9804E7
0	6215	3362	2	0	1.9805E7
0	6215	3362	2	0	1.9806E7
0	6215	3362	2	0	1.9807E7
0	6215	3362	2	0	1.9808E7
0	6215	3362	2	0	1.9809E7
0	6215	3362	2	0	1.981E7
0	6216	3361	2	1	1.9811E7
0	6218	3360	2	3	1.9812E7
0	6222	3357	2	5	1.9813E7
0	6227	3353	2	7	1.9814E7
0	6234	3348	2	9	1.9815E7
0	6242	3342	2	11	1.9816E7
0	6252	3334	2	12	1.9817E7
0	6262	3326	2	12	1.9818E7
0	6272	3319	2	12	1.9819E7
0	6282	3311	2	12	1.982E7
0	6292	3303	2	12	1.9821E7
0	6303	3296	2	12	1.9822E7
0	6313	3288	2	12	1.9823E7
0	6323	3280	2	12	1.9824E7
0	6333	3273	2	11	1.9825E7
0	6341	3267	2	8	1.9826E7
0	6347	3262	2	5	1.9827E7
0	6351	3260	2	3	1.9828E7
0	6354	3257	2	5	1.9829E7
0	6358	3252	2	7	1.983E7
0	6360	3242	3	9	1.9831E7
0	6354	3233	3	11	1.9832E7
0	6348	3224	4	9	1.9833E7
0	6344	3218	4	6	1.9834E7
0	6342	3214	4	3	1.9835E7
0	6340	3212	4	0	1.9836E7
0	6340	3212	4	0	1.9837E7
0	6340	3212	4	0	1.9838E7
0	6340	3212	4	0	1.9839E7
0	6340	3212	4	0	1.984E7
0	6340	3212	4	0	1.9841E7
0	6340	3212	4	0	1.9842E7
0	6340	3212	4	0	1.9843E7
0	6340	3212	4	0	1.9844E7
0	6340	3212	4	0	1.9845E7
0	6340	3212	4	0	1.9846E7
0	6340	3212	4	0	1.9847E7
0	6340	3212	4	0	1.9848E7
0	6340	3212	4	0	1.9849E7
0	6340	3212	4	0	1.985E7
0	6340	3212	4	0	1.9851E7
0	6340	3212	4	0	1.9852E7
0	6340	3212	4	0	1.9853E7
0	6340	3212	4	0	1.9854E7
0	6340	3212	4	0	1.9855E7
0	6340	3212	4	0	1.9856E7
0	6339	3210	4	2	1.9857E7
0	6337	3207	4	4	1.9858E7
0	6334	3202	4	6	1.9859E7
0	6330	3196	4	8	1.986E7
