0	6953	4571	6	0	0.0
0	6953	4571	6	0	1.4427E7
0	6952	4571	6	2	1.4428E7
0	6949	4571	6	4	1.4429E7
0	6944	4572	5	6	1.443E7
0	6936	4573	5	8	1.4431E7
0	6927	4575	5	9	1.4432E7
0	6917	4576	5	11	1.4433E7
0	6906	4578	5	9	1.4434E7
0	6898	4579	5	6	1.4435E7
0	6893	4580	5	3	1.4436E7
0	6890	4580	5	1	1.4437E7
0	6890	4580	5	0	1.4438E7
0	6890	4580	5	0	1.4439E7
0	6890	4580	5	0	1.444E7
0	6890	4580	5	0	1.4441E7
0	6890	4580	5	0	1.4442E7
0	6890	4580	5	0	1.4443E7
0	6890	4580	5	0	1.4444E7
0	6890	4580	5	0	1.4445E7
0	6890	4580	5	0	1.4446E7
0	6890	4580	5	0	1.4447E7
0	6890	4580	5	0	1.4448E7
0	6890	4580	5	0	1.4449E7
0	6890	4580	5	0	1.445E7
0	6890	4580	5	0	1.4451E7
0	6890	4580	5	0	1.4452E7
0	6890	4580	5	0	1.4453E7
0	6890	4580	5	0	1.4454E7
0	6890	4580	5	0	1.4455E7
0	6890	4580	5	0	1.4456E7
0	6890	4580	5	0	1.4457E7
0	6889	4581	5	2	1.4458E7
0	6885	4581	5	4	1.4459E7
0	6879	4582	5	6	1.446E7
0	6872	4586	5	8	1.4461E7
0	6863	4588	5	9	1.4462E7
0	6856	4589	5	6	1.4463E7
0	6851	4590	5	3	1.4464E7
0	6848	4590	5	1	1.4465E7
0	6847	4590	5	0	1.4466E7
0	6846	4590	5	0	1.4467E7
0	6846	4590	5	0	1.4468E7
0	6846	4590	5	0	1.4469E7
0	6846	4590	5	0	1.447E7
0	6846	4590	5	0	1.4471E7
0	6846	4590	5	0	1.4472E7
0	6846	4590	5	0	1.4473E7
0	6846	4590	5	0	1.4474E7
0	6846	4590	5	0	1.4475E7
0	6846	4590	5	0	1.4476E7
0	6846	4590	5	0	1.4477E7
0	6846	4590	5	0	1.4478E7
0	6846	4590	5	0	1.4479E7
0	6846	4590	5	0	1.448E7
0	6846	4590	5	0	1.4481E7
0	6844	4591	5	2	1.4482E7
0	6841	4591	5	4	1.4483E7
0	6836	4592	5	6	1.4484E7
0	6828	4593	5	8	1.4485E7
0	6819	4595	5	10	1.4486E7
0	6808	4597	5	12	1.4487E7
0	6795	4599	5	13	1.4488E7
0	6782	4605	5	13	1.4489E7
0	6769	4607	5	13	1.449E7
0	6756	4610	5	13	1.4491E7
0	6743	4612	5	13	1.4492E7
0	6730	4615	5	13	1.4493E7
0	6717	4617	5	13	1.4494E7
0	6704	4619	5	13	1.4495E7
0	6691	4622	5	13	1.4496E7
0	6678	4624	5	13	1.4497E7
0	6665	4626	5	13	1.4498E7
0	6652	4629	5	13	1.4499E7
0	6639	4631	5	13	1.45E7
0	6626	4633	5	13	1.4501E7
0	6613	4636	5	13	1.4502E7
0	6600	4638	5	13	1.4503E7
0	6587	4641	5	13	1.4504E7
0	6573	4643	5	13	1.4505E7
0	6561	4645	5	13	1.4506E7
0	6548	4649	5	13	1.4507E7
0	6535	4652	5	13	1.4508E7
0	6522	4655	5	13	1.4509E7
0	6509	4658	5	13	1.451E7
0	6498	4661	5	9	1.4511E7
0	6490	4663	5	6	1.4512E7
0	6485	4665	5	4	1.4513E7
0	6482	4666	5	4	1.4514E7
0	6478	4671	6	7	1.4515E7
0	6477	4679	7	9	1.4516E7
0	6479	4689	7	11	1.4517E7
0	6481	4702	7	13	1.4518E7
0	6483	4715	7	13	1.4519E7
0	6485	4728	7	13	1.452E7
0	6487	4741	7	13	1.4521E7
0	6489	4754	7	13	1.4522E7
0	6492	4767	7	13	1.4523E7
0	6494	4780	7	13	1.4524E7
0	6496	4793	7	13	1.4525E7
0	6498	4806	7	13	1.4526E7
0	6500	4819	7	13	1.4527E7
0	6502	4832	7	13	1.4528E7
0	6505	4846	7	13	1.4529E7
0	6507	4859	7	13	1.453E7
0	6509	4872	7	13	1.4531E7
0	6508	4885	7	13	1.4532E7
0	6507	4898	7	13	1.4533E7
0	6506	4912	7	13	1.4534E7
0	6505	4925	7	13	1.4535E7
0	6504	4938	7	13	1.4536E7
0	6503	4951	7	13	1.4537E7
0	6502	4964	7	12	1.4538E7
0	6501	4974	7	8	1.4539E7
0	6501	4982	7	5	1.454E7
0	6501	4986	7	3	1.4541E7
0	6500	4989	7	1	1.4542E7
0	6500	4990	7	0	1.4543E7
0	6500	4990	7	0	1.4544E7
0	6500	4990	7	0	1.4545E7
0	6500	4991	7	0	1.4546E7
0	6500	4991	7	0	1.4547E7
0	6500	4991	7	0	1.4548E7
0	6500	4991	7	0	1.4549E7
0	6500	4991	7	0	1.455E7
0	6500	4991	7	0	1.4551E7
0	6500	4991	7	0	1.4552E7
0	6500	4991	7	0	1.4553E7
0	6500	4991	7	0	1.4554E7
0	6500	4991	7	0	1.4555E7
0	6500	4991	7	0	1.4556E7
0	6500	4991	7	0	1.4557E7
0	6500	4991	7	0	1.4558E7
0	6500	4991	7	0	1.4559E7
0	6500	4991	7	0	1.456E7
0	6500	4991	7	0	1.4561E7
0	6500	4991	7	0	1.4562E7
0	6500	4991	7	0	1.4563E7
0	6500	4991	7	0	1.4564E7
0	6500	4991	7	0	1.4565E7
0	6500	4991	7	0	1.4566E7
0	6497	4990	7	0	1.4567E7
0	6497	4990	7	0	1.4568E7
0	6497	4990	7	0	1.4569E7
0	6497	4990	7	0	1.457E7
0	6497	4990	7	0	1.4571E7
0	6497	4990	7	0	1.4572E7
0	6497	4990	7	0	1.4573E7
0	6497	4990	7	0	1.4574E7
0	6497	4990	7	0	1.4575E7
0	6497	4990	7	0	1.4576E7
0	6497	4990	7	0	1.4577E7
0	6497	4990	7	0	1.4578E7
0	6497	4990	7	0	1.4579E7
0	6497	4990	7	0	1.458E7
0	6497	4990	7	0	1.4581E7
0	6497	4992	7	2	1.4582E7
0	6497	4995	7	4	1.4583E7
0	6496	5001	7	6	1.4584E7
0	6496	5008	7	8	1.4585E7
0	6495	5017	7	10	1.4586E7
0	6495	5028	7	11	1.4587E7
0	6495	5041	7	13	1.4588E7
0	6496	5054	7	13	1.4589E7
0	6496	5068	7	13	1.459E7
0	6496	5081	7	13	1.4591E7
0	6496	5094	7	13	1.4592E7
0	6496	5107	7	13	1.4593E7
0	6497	5121	7	13	1.4594E7
0	6499	5134	7	13	1.4595E7
0	6501	5147	7	13	1.4596E7
0	6504	5160	7	13	1.4597E7
0	6506	5173	7	13	1.4598E7
0	6510	5186	7	13	1.4599E7
0	6514	5198	7	13	1.46E7
0	6518	5211	7	13	1.4601E7
0	6521	5224	7	13	1.4602E7
0	6525	5236	7	13	1.4603E7
0	6529	5249	7	13	1.4604E7
0	6533	5262	7	13	1.4605E7
0	6536	5274	7	13	1.4606E7
0	6540	5287	7	13	1.4607E7
0	6543	5298	7	10	1.4608E7
0	6544	5307	7	7	1.4609E7
0	6544	5313	7	4	1.461E7
0	6545	5316	7	2	1.4611E7
0	6545	5318	7	1	1.4612E7
0	6545	5318	7	0	1.4613E7
0	6545	5319	7	0	1.4614E7
0	6545	5319	7	0	1.4615E7
0	6545	5319	7	0	1.4616E7
0	6542	5319	7	0	1.4617E7
0	6542	5319	7	0	1.4618E7
0	6542	5319	7	0	1.4619E7
0	6542	5319	7	0	1.462E7
0	6542	5319	7	0	1.4621E7
0	6542	5319	7	0	1.4622E7
0	6542	5319	7	0	1.4623E7
0	6542	5319	7	0	1.4624E7
0	6542	5319	7	0	1.4625E7
0	6542	5319	7	0	1.4626E7
0	6542	5319	7	0	1.4627E7
0	6542	5319	7	0	1.4628E7
0	6542	5319	7	0	1.4629E7
0	6542	5319	7	0	1.463E7
0	6542	5319	7	0	1.4631E7
0	6542	5319	7	0	1.4632E7
0	6542	5319	7	0	1.4633E7
0	6542	5319	7	0	1.4634E7
0	6542	5319	7	0	1.4635E7
0	6542	5319	7	0	1.4636E7
0	6542	5319	7	0	1.4637E7
0	6542	5319	7	0	1.4638E7
0	6542	5319	7	0	1.4639E7
0	6542	5319	7	0	1.464E7
0	6542	5319	7	0	1.4641E7
0	6542	5321	7	2	1.4642E7
0	6542	5324	7	4	1.4643E7
0	6543	5330	7	6	1.4644E7
0	6545	5338	7	8	1.4645E7
0	6546	5347	7	10	1.4646E7
0	6548	5358	7	12	1.4647E7
0	6547	5371	7	13	1.4648E7
0	6545	5383	7	13	1.4649E7
0	6541	5396	7	13	1.465E7
0	6537	5408	7	13	1.4651E7
0	6533	5421	7	13	1.4652E7
0	6528	5433	7	13	1.4653E7
0	6524	5446	7	13	1.4654E7
0	6520	5458	7	13	1.4655E7
0	6516	5471	7	13	1.4656E7
0	6511	5483	7	13	1.4657E7
0	6506	5495	7	13	1.4658E7
0	6502	5508	7	13	1.4659E7
0	6497	5520	7	13	1.466E7
0	6493	5533	7	13	1.4661E7
0	6488	5545	7	13	1.4662E7
0	6484	5556	7	10	1.4663E7
0	6480	5564	7	7	1.4664E7
0	6478	5570	7	4	1.4665E7
0	6477	5573	7	2	1.4666E7
0	6477	5574	7	0	1.4667E7
0	6477	5574	7	0	1.4668E7
0	6477	5574	7	0	1.4669E7
0	6477	5574	7	0	1.467E7
0	6477	5574	7	0	1.4671E7
0	6477	5574	7	0	1.4672E7
0	6477	5574	7	0	1.4673E7
0	6477	5574	7	0	1.4674E7
0	6477	5574	7	0	1.4675E7
0	6477	5574	7	0	1.4676E7
0	6477	5574	7	0	1.4677E7
0	6477	5574	7	0	1.4678E7
0	6477	5574	7	0	1.4679E7
0	6477	5574	7	0	1.468E7
0	6477	5574	7	0	1.4681E7
0	6477	5574	7	0	1.4682E7
0	6477	5574	7	0	1.4683E7
0	6477	5574	7	0	1.4684E7
0	6477	5574	7	0	1.4685E7
0	6477	5574	7	0	1.4686E7
0	6476	5575	7	2	1.4687E7
0	6475	5578	7	3	1.4688E7
0	6474	5582	7	5	1.4689E7
0	6471	5588	7	7	1.469E7
0	6468	5597	7	9	1.4691E7
0	6464	5607	7	11	1.4692E7
0	6460	5619	7	13	1.4693E7
0	6455	5631	7	13	1.4694E7
0	6450	5643	7	13	1.4695E7
0	6445	5655	7	13	1.4696E7
0	6440	5668	7	13	1.4697E7
0	6435	5680	7	13	1.4698E7
0	6430	5692	6	13	1.4699E7
0	6424	5703	6	13	1.47E7
0	6415	5711	6	10	1.4701E7
0	6409	5717	6	7	1.4702E7
0	6404	5720	6	4	1.4703E7
0	6401	5722	6	2	1.4704E7
0	6400	5723	6	1	1.4705E7
0	6399	5723	6	0	1.4706E7
0	6399	5723	6	0	1.4707E7
0	6399	5723	6	0	1.4708E7
0	6399	5724	6	0	1.4709E7
0	6399	5724	6	0	1.471E7
0	6399	5724	6	0	1.4711E7
0	6399	5724	6	0	1.4712E7
0	6399	5724	6	0	1.4713E7
0	6399	5724	6	0	1.4714E7
0	6399	5724	6	0	1.4715E7
0	6399	5724	6	0	1.4716E7
0	6398	5724	6	2	1.4717E7
0	6395	5727	6	4	1.4718E7
0	6391	5730	6	6	1.4719E7
0	6384	5733	6	8	1.472E7
0	6375	5735	5	10	1.4721E7
0	6363	5735	5	12	1.4722E7
0	6350	5734	5	13	1.4723E7
0	6337	5733	5	13	1.4724E7
0	6324	5732	5	13	1.4725E7
0	6311	5731	5	13	1.4726E7
0	6297	5731	5	13	1.4727E7
0	6284	5730	5	13	1.4728E7
0	6271	5728	5	13	1.4729E7
0	6258	5727	5	13	1.473E7
0	6245	5726	5	13	1.4731E7
0	6231	5725	5	13	1.4732E7
0	6218	5725	5	13	1.4733E7
0	6205	5724	5	13	1.4734E7
0	6192	5723	5	13	1.4735E7
0	6178	5723	5	13	1.4736E7
0	6165	5722	5	13	1.4737E7
0	6152	5721	5	13	1.4738E7
0	6139	5721	5	13	1.4739E7
0	6127	5720	5	10	1.474E7
0	6118	5720	5	7	1.4741E7
0	6112	5719	5	4	1.4742E7
0	6109	5719	5	2	1.4743E7
0	6107	5719	5	1	1.4744E7
0	6106	5719	5	0	1.4745E7
0	6106	5719	5	0	1.4746E7
0	6106	5719	5	0	1.4747E7
0	6106	5719	5	0	1.4748E7
0	6106	5719	5	0	1.4749E7
0	6106	5719	5	0	1.475E7
0	6106	5719	5	0	1.4751E7
0	6106	5719	5	0	1.4752E7
0	6106	5719	5	0	1.4753E7
0	6106	5719	5	0	1.4754E7
0	6106	5719	5	0	1.4755E7
0	6106	5719	5	0	1.4756E7
0	6106	5719	5	0	1.4757E7
0	6106	5719	5	0	1.4758E7
0	6106	5719	5	0	1.4759E7
0	6106	5719	5	0	1.476E7
0	6106	5719	5	0	1.4761E7
0	6104	5719	5	2	1.4762E7
0	6101	5719	5	4	1.4763E7
0	6095	5718	5	6	1.4764E7
0	6087	5718	5	8	1.4765E7
0	6078	5717	5	10	1.4766E7
0	6066	5716	5	12	1.4767E7
0	6053	5715	5	13	1.4768E7
0	6040	5714	5	13	1.4769E7
0	6027	5713	5	13	1.477E7
0	6014	5711	5	13	1.4771E7
0	6001	5710	5	13	1.4772E7
0	5987	5709	5	13	1.4773E7
0	5974	5708	5	13	1.4774E7
0	5961	5707	5	13	1.4775E7
0	5948	5705	5	13	1.4776E7
0	5935	5703	5	13	1.4777E7
0	5922	5702	5	13	1.4778E7
0	5908	5700	5	13	1.4779E7
0	5895	5698	5	13	1.478E7
0	5882	5697	5	13	1.4781E7
0	5870	5695	5	11	1.4782E7
0	5860	5694	5	7	1.4783E7
0	5854	5694	5	5	1.4784E7
0	5850	5693	5	3	1.4785E7
0	5849	5693	5	0	1.4786E7
0	5849	5693	5	0	1.4787E7
0	5849	5693	5	0	1.4788E7
0	5849	5693	5	0	1.4789E7
0	5849	5693	5	0	1.479E7
0	5849	5693	5	0	1.4791E7
0	5849	5693	5	0	1.4792E7
0	5849	5693	5	0	1.4793E7
0	5849	5693	5	0	1.4794E7
0	5849	5693	5	0	1.4795E7
0	5849	5693	5	0	1.4796E7
0	5849	5693	5	0	1.4797E7
0	5849	5693	5	0	1.4798E7
0	5849	5693	5	0	1.4799E7
0	5849	5693	5	0	1.48E7
0	5849	5693	5	0	1.4801E7
0	5849	5693	5	0	1.4802E7
0	5849	5693	5	0	1.4803E7
0	5849	5693	5	0	1.4804E7
0	5849	5693	5	0	1.4805E7
0	5848	5693	5	1	1.4806E7
0	5845	5693	5	3	1.4807E7
0	5841	5693	5	5	1.4808E7
0	5834	5692	5	7	1.4809E7
0	5825	5691	5	9	1.481E7
0	5815	5691	5	11	1.4811E7
0	5802	5690	5	13	1.4812E7
0	5789	5689	5	13	1.4813E7
