1.9904004826091986E7
1.9904004826099746E7
1.9904006E7
1.9904016E7
1.9904026E7
1.9904036E7
1.9904046E7
1.9904056E7
1.9904066E7
1.9904076E7
1.9904086E7
1.9904096E7
1.9904106E7
1.9904116E7
1.9904126E7
1.9904136E7
1.9904146E7
1.9904156E7
1.9904166E7
1.9904176E7
1.9904186E7
1.9904196E7
1.9904206E7
1.9904216E7
1.9904226E7
1.9904236E7
1.9904246E7
1.9904256E7
1.9904266E7
1.9904276E7
1.9904286E7
1.9904296E7
1.9904306E7
1.9904316E7
1.9904326E7
1.9904336E7
1.9904346E7
1.9904356E7
1.9904366E7
1.9904376E7
1.9904386E7
1.9904396E7
1.9904406E7
1.9904416E7
1.9904426E7
1.9904436E7
1.9904446E7
1.9904456E7
1.9904466E7
1.9904476E7
1.9904486E7
1.9904490729988087E7
1.9904490729995847E7
1.9904496E7
1.9904506E7
1.9904516E7
1.9904526E7
1.9904536E7
1.9904546E7
1.9904556E7
1.9904566E7
1.9904576E7
1.9904586E7
1.9904596E7
1.9904606E7
1.9904616E7
1.9904626E7
1.9904636E7
1.9904646E7
1.9904656E7
1.9904666E7
1.9904676E7
1.9904682729988087E7
1.9904682729995847E7
1.9904686E7
1.9904696E7
1.9904706E7
1.9904716E7
1.9904726E7
1.9904736E7
1.9904746E7
1.9904756E7
1.9904766E7
1.9904776E7
1.9904786E7
1.9904796E7
1.9904806E7
1.9904816E7
1.9904826E7
1.9904836E7
1.9904846E7
1.9904856E7
1.9904866E7
1.9904876E7
1.9904886E7
1.9904896E7
1.9904906E7
1.9904916E7
1.9975003854529787E7
1.9975003854537547E7
1.9975006E7
1.9975013854529787E7
1.9975013854537547E7
1.9975016E7
1.9975023854529787E7
1.9975023854537547E7
1.9975026E7
1.9975033854529787E7
1.9975033854537547E7
1.9975036E7
1.9975046E7
1.9975053854529787E7
1.9975053854537547E7
1.9975056E7
1.9975063854529787E7
1.9975063854537547E7
1.9975066E7
1.9975073854529787E7
1.9975073854537547E7
1.9975076E7
1.9975083854529787E7
1.9975083854537547E7
1.9975086E7
1.9975093854529787E7
1.9975093854537547E7
1.9975096E7
1.9975103854529787E7
1.9975103854537547E7
1.9975106E7
1.9975113854529787E7
1.9975113854537547E7
1.9975116E7
1.9975123854529787E7
1.9975123854537547E7
1.9975126E7
1.9975136E7
1.9975143854529787E7
1.9975143854537547E7
1.9975146E7
1.9975153854529787E7
1.9975153854537547E7
1.9975156E7
1.9975163854529787E7
1.9975163854537547E7
1.9975166E7
1.9975176E7
1.9975183854529787E7
1.9975183854537547E7
1.9975186E7
1.9975193854529787E7
1.9975193854537547E7
1.9975196E7
1.9975203854529787E7
1.9975203854537547E7
1.9975206E7
1.9975213854529787E7
1.9975213854537547E7
1.9975216E7
1.9975223854529787E7
1.9975223854537547E7
1.9975226E7
1.9975236E7
1.9975243854529787E7
1.9975243854537547E7
1.9975246E7
1.9975253854529787E7
1.9975253854537547E7
1.9975256E7
1.9975263854529787E7
1.9975263854537547E7
1.9975266E7
1.9975276E7
1.9975283854529787E7
1.9975283854537547E7
1.9975286E7
1.9975293854529787E7
1.9975293854537547E7
1.9975296E7
1.9975303854529787E7
1.9975303854537547E7
1.9975306E7
1.9975313854529787E7
1.9975313854537547E7
1.9975316E7
1.9975323854529787E7
1.9975323854537547E7
1.9975326E7
1.9975333854529787E7
1.9975333854537547E7
1.9975336E7
1.9975346E7
1.9975356E7
1.9975363854529787E7
1.9975363854537547E7
1.9975366E7
1.9975373854529787E7
1.9975373854537547E7
1.9975376E7
1.9975383854529787E7
1.9975383854537547E7
1.9975386E7
1.9975393854529787E7
1.9975393854537547E7
1.9975396E7
1.9975403854529787E7
1.9975403854537547E7
1.9975406E7
1.9975413854529787E7
1.9975413854537547E7
1.9975416E7
1.9975423854529787E7
1.9975423854537547E7
1.9975426E7
1.9975433854529787E7
1.9975433854537547E7
1.9975436E7
1.9975443854529787E7
1.9975443854537547E7
1.9975446E7
1.9975453854529787E7
1.9975453854537547E7
1.9975456E7
1.9975463854529787E7
1.9975463854537547E7
1.9975466E7
1.9975473854529787E7
1.9975473854537547E7
1.9975476E7
1.9975483854529787E7
1.9975483854537547E7
1.9975486E7
1.9975493854529787E7
1.9975493854537547E7
1.9975496E7
1.9975503854529787E7
1.9975503854537547E7
1.9975506E7
1.9975513854529787E7
1.9975513854537547E7
1.9975516E7
1.9975523854529787E7
1.9975523854537547E7
1.9975526E7
1.9975533854529787E7
1.9975533854537547E7
1.9975536E7
1.9975546E7
1.9975553854529787E7
1.9975553854537547E7
1.9975556E7
1.9975563854529787E7
1.9975563854537547E7
1.9975566E7
1.9975573854529787E7
1.9975573854537547E7
1.9975576E7
1.9975583854529787E7
1.9975583854537547E7
1.9975586E7
1.9975586667512644E7
1.9975586667520404E7
1.9975593854529787E7
1.9975593854537547E7
1.9975596E7
1.9975603854529787E7
1.9975603854537547E7
1.9975606E7
1.9975613854529787E7
1.9975613854537547E7
1.9975616E7
1.9975623854529787E7
1.9975623854537547E7
1.9975626E7
1.9975633854529787E7
1.9975633854537547E7
1.9975636E7
1.9975643854529787E7
1.9975643854537547E7
1.9975646E7
1.9975653854529787E7
1.9975653854537547E7
1.9975656E7
1.9975663854529787E7
1.9975663854537547E7
1.9975666E7
1.9975673854529787E7
1.9975673854537547E7
1.9975676E7
1.9975686E7
1.9975693854529787E7
1.9975693854537547E7
1.9975696E7
1.9975703854529787E7
1.9975703854537547E7
1.9975706E7
1.9975713854529787E7
1.9975713854537547E7
1.9975716E7
1.9975726E7
1.9975733854529787E7
1.9975733854537547E7
1.9975736E7
1.9975746E7
1.9975756E7
1.9975766E7
1.9975776E7
1.9975778667512644E7
1.9975778667520404E7
1.9975786E7
1.9975796E7
1.9975806E7
1.9975816E7
1.9975826E7
1.9975836E7
1.9975846E7
2.0304005744705025E7
2.0304006E7
2.0304015744705025E7
2.0304016E7
2.0304025744705025E7
2.0304026E7
2.0304035744705025E7
2.0304036E7
2.0304045744705025E7
2.0304046E7
2.0304055744705025E7
2.0304056E7
2.0304065744705025E7
2.0304066E7
2.0304075744705025E7
2.0304076E7
2.0304086E7
2.0304095744705025E7
2.0304096E7
2.0304105744705025E7
2.0304106E7
2.0304115744705025E7
2.0304116E7
2.0304125744705025E7
2.0304126E7
2.0304136E7
2.0304146E7
2.0304156E7
2.0304166E7
2.0304176E7
2.0304186E7
2.0304196E7
2.0304206E7
2.0304216E7
2.0304226E7
2.0304236E7
2.0304246E7
2.0304256E7
2.0304266E7
2.0304276E7
2.0304286E7
2.0304296E7
2.0304306E7
2.0304316E7
2.0304326E7
2.0304336E7
2.0304346E7
2.0304356E7
2.0304366E7
2.0304376E7
2.0304386E7
2.0304396E7
2.0304406E7
2.0304416E7
2.0304426E7
2.0304436E7
2.0304446E7
2.0304456E7
2.0304466E7
2.0304476E7
2.0304486E7
2.0304496E7
2.0304506E7
2.0304516E7
2.0304526E7
2.0304536E7
2.0304546E7
2.0304556E7
2.0304566E7
2.0304576E7
2.0304586E7
2.0304596E7
2.0304606E7
2.0304616E7
2.0304626E7
2.0304636E7
2.0304646E7
2.0304656E7
2.0304666E7
2.0304676E7
2.0304686E7
2.0304696E7
2.0304706E7
2.0304716E7
2.0304726E7
2.0304736E7
2.0304746E7
2.0304756E7
2.0304766E7
2.0304776E7
2.0304786E7
2.0304796E7
2.0304806E7
2.0304816E7
2.0304826E7
2.0304836E7
2.0304846E7
2.0304856E7
2.0304866E7
2.0304876E7
2.0304886E7
2.0304896E7
2.0304906E7
2.0304916E7
2.0304918813626263E7
2.0304926E7
2.0304936E7
2.0304946E7
2.0304956E7
2.0304966E7
2.0304976E7
2.0304986E7
