1.635000229650709E7
1.635000229650822E7
1.6350006E7
1.6350016E7
1.6350026E7
1.6350036E7
1.6350046E7
1.6350056E7
1.6350066E7
1.6350076E7
1.6350086E7
1.6350096E7
1.6350106E7
1.6350116E7
1.6350126E7
1.6350136E7
1.6350146E7
1.6350156E7
1.6350166E7
1.6350176E7
1.6350186E7
1.6350196E7
1.6350206E7
1.6350216E7
1.6350226E7
1.6350236E7
1.6350246E7
1.6350256E7
1.6350266E7
1.6350276E7
1.6350286E7
1.6350296E7
1.6350306E7
1.6350316E7
1.6350326E7
1.6350336E7
1.6350346E7
1.6350356E7
1.6350366E7
1.6350376E7
1.6350386E7
1.6350396E7
1.6350406E7
1.6350416E7
1.6350426E7
1.6350436E7
1.6350446E7
1.6350456E7
1.6350466E7
1.6350476E7
1.6350486E7
1.6350496E7
1.6350506E7
1.6350516E7
1.6350526E7
1.6350536E7
1.6350546E7
1.6350556E7
1.6350566E7
1.6350576E7
1.6350586E7
1.6350596E7
1.6350606E7
1.6350616E7
1.6350626E7
1.6350636E7
1.6350646E7
1.6350656E7
1.6350666E7
1.6350676E7
1.6350686E7
1.6350696E7
1.6350706E7
1.6350716E7
1.6350726E7
1.6350736E7
1.6350746E7
1.6350756E7
1.6350766E7
1.6350776E7
1.6350786E7
1.6350796E7
1.6350806E7
1.6350816E7
1.6350826E7
1.635083088849798E7
1.635083088849911E7
1.6350836E7
1.6350846E7
1.6350856E7
1.6350866E7
1.6350876E7
1.6350886E7
1.6350896E7
1.6350906E7
1.6350916E7
1.6350926E7
1.6350936E7
1.6350946E7
1.6350956E7
1.6350966E7
1.6350976E7
1.6350986E7
1.6350996E7
1.6351006E7
1.6351016E7
1.6351026E7
1.6351036E7
1.6351046E7
1.6351056E7
1.635105888849798E7
1.635105888849911E7
1.6351066E7
1.6351076E7
1.6351086E7
1.6351096E7
1.6351106E7
1.6351116E7
1.6351126E7
1.6450006E7
1.645000880541274E7
1.6450008805413868E7
1.6450016E7
1.645001880541274E7
1.6450018805413868E7
1.6450026E7
1.645002880541274E7
1.6450028805413868E7
1.6450036E7
1.6450046E7
1.6450056E7
1.6450066E7
1.6450076E7
1.6450086E7
1.6450096E7
1.6450106E7
1.6450116E7
1.6450126E7
1.6450136E7
1.6450146E7
1.6450156E7
1.6450166E7
1.6450176E7
1.6450186E7
1.6450196E7
1.6450206E7
1.6450216E7
1.6450226E7
1.6450236E7
1.6450246E7
1.6450256E7
1.6450266E7
1.6450276E7
1.6450286E7
1.6450296E7
1.6450306E7
1.6450316E7
1.6450326E7
1.6450336E7
1.6450346E7
1.6450356E7
1.6450366E7
1.6450376E7
1.6450386E7
1.6450396E7
1.6450406E7
1.6450416E7
1.6450426E7
1.6450436E7
1.6450446E7
1.6450456E7
1.6450466E7
1.6450476E7
1.6450486E7
1.6450496E7
1.6450506E7
1.6450516E7
1.6450526E7
1.6450536E7
1.6450546E7
1.6450556E7
1.6450566E7
1.6450576E7
1.6450586E7
1.6450596E7
1.6450606E7
1.6450616E7
1.6450626E7
1.6450636E7
1.6450646E7
1.6450656E7
1.6450666E7
1.6450676E7
1.6450686E7
1.6450696E7
1.6450706E7
1.6450716E7
1.6450726E7
1.6450736E7
1.6450746E7
1.6450756E7
1.6450766E7
1.6450776E7
1.6450786E7
1.6450796E7
1.6450806E7
1.6450816E7
1.6450826E7
1.6450836E7
1.6450846E7
1.6450848142950805E7
1.6450848142951934E7
1.6450856E7
1.6450866E7
1.6450876E7
1.6450886E7
1.6450896E7
1.6450906E7
1.6790001465689044E7
1.6790006E7
1.6790016E7
1.6790026E7
1.6790036E7
1.6790046E7
1.6790056E7
1.6790066E7
1.6790076E7
1.6790086E7
1.6790096E7
1.6790106E7
1.6790116E7
1.6790126E7
1.6790136E7
1.6790146E7
1.6790156E7
1.6790166E7
1.6790176E7
1.679018182579073E7
1.6790186E7
1.6790196E7
1.6790206E7
1.6790216E7
1.6790226E7
1.6790236E7
1.6790246E7
1.6790256E7
1.6790266E7
1.6790276E7
1.6790286E7
1.6790296E7
1.6790306E7
1.6790316E7
1.6790326E7
1.6790336E7
1.6790346E7
1.6790356E7
1.6790366E7
1.6790376E7
1.6790386E7
1.6790396E7
1.6790406E7
1.6790416E7
1.6790426E7
1.6790436E7
1.6790446E7
1.6790456E7
1.6790466E7
1.6790476E7
1.6790486E7
1.6790496E7
1.6790506E7
1.6790516E7
1.6790526E7
1.6790536E7
1.6790546E7
1.6790556E7
1.6790566E7
1.6790576E7
1.6790586E7
1.6790596E7
1.6790606E7
1.6790616E7
1.6790626E7
1.6790636E7
1.6790646E7
1.6790656E7
1.6790666E7
1.6790676E7
1.6790686E7
1.6790696E7
1.6790706E7
1.6790716E7
