3439005.7416633684
3439015.7416633684
3439025.7932291725
3439035.7932291725
3439045.7932291725
3439065.6724697114
3439065.7932291725
3439075.7416633684
3439085.7932291725
3439095.7932291725
3439105.7932291725
3439115.7932291725
3439125.7932291725
3439135.7932291725
3439145.7932291725
3439175.6724697114
3439175.7932291725
3439185.7932291725
3439195.7932291725
3439211.344895995
3439215.7932291725
3439235.485260662
3439245.485260662
3439255.6724697114
3439255.7932291725
3439275.6724697114
3439275.7932291725
3439285.7932291725
3439305.485260662
3439315.6724697114
3439315.7932291725
3439335.485260662
3439345.6724697114
3439345.7932291725
3439355.7932291725
3439365.7932291725
