369001.42642447056
369001.42643245053
369006.0
369016.0
369026.0
369036.0
369046.0
369056.0
369066.0
369076.0
369086.0
369096.0
369106.0
369116.0
369126.0
369136.0
369146.0
369156.0
369166.0
369176.0
369186.0
369196.0
369206.0
369216.0
369226.0
369236.0
369246.0
369256.0
369266.0
369276.0
369286.0
369296.0
369306.0
369316.0
369326.0
369336.0
369346.0
369356.0
369366.0
369376.0
369386.0
369396.0
369406.0
369416.0
369426.0
369436.0
369446.0
369456.0
369466.0
369476.0
369486.0
369496.0
369506.0
369516.0
369526.0
369536.0
369546.0
369556.0
369566.0
369576.0
369586.0
369596.0
369606.0
369616.0
369626.0
369636.0
369646.0
369656.0
369666.0
369676.0
369686.0
369696.0
369706.0
369716.0
369726.0
369736.0
369746.0
369756.0
369766.0
369776.0
369786.0
369796.0
369806.0
369816.0
369826.0
369836.0
369846.0
369856.0
369866.0
369876.0
369886.0
369896.0
369906.0
369916.0
369926.0
369936.0
369946.0
369956.0
369966.0
530001.7312032254
530001.7312112055
530006.0
530016.0
530026.0
530036.0
530046.0
530056.0
530066.0
530076.0
530086.0
530096.0
530106.0
530116.0
530126.0
530136.0
530146.0
530156.0
530166.0
530176.0
530186.0
530196.0
530206.0
530216.0
530226.0
530236.0
530246.0
530256.0
530266.0
530276.0
530286.0
530296.0
530306.0
530316.0
530326.0
530336.0
530346.0
530356.0
530366.0
530376.0
530386.0
530396.0
530406.0
530416.0
530426.0
530436.0
530446.0
530456.0
530466.0
530476.0
530486.0
530496.0
530506.0
530516.0
530526.0
530536.0
530546.0
530556.0
530566.0
530576.0
530586.0
530596.0
530606.0
530616.0
530626.0
530636.0
530646.0
530656.0
530666.0
530676.0
530686.0
530696.0
530706.0
530716.0
530726.0
530736.0
530746.0
530756.0
530766.0
530776.0
627004.1830212148
627004.1830291948
627006.0
627016.0
627024.1830212148
627024.1830291948
627026.0
627034.1830212148
627034.1830291948
627036.0
627044.1830212148
627044.1830291948
627046.0
627054.1830212148
627054.1830291948
627056.0
627064.1830212148
627064.1830291948
627066.0
627074.1830212148
627074.1830291948
627076.0
627084.1830212148
627084.1830291948
627086.0
627094.1830212148
627094.1830291948
627096.0
627104.1830212148
627104.1830291948
627106.0
627114.1830212148
627114.1830291948
627116.0
627126.0
627134.1830212148
627134.1830291948
627136.0
627144.1830212148
627144.1830291948
627146.0
627154.1830212148
627154.1830291948
627156.0
627166.0
627174.1830212148
627174.1830291948
627176.0
627184.1830212148
627184.1830291948
627186.0
627191.8317584683
627191.8317664483
627194.1830212148
627194.1830291948
627196.0
627204.1830212148
627204.1830291948
627206.0
627214.1830212148
627214.1830291948
627216.0
627224.1830212148
627224.1830291948
627226.0
627234.1830212148
627234.1830291948
627236.0
627244.1830212148
627244.1830291948
627246.0
627254.1830212148
627254.1830291948
627256.0
627264.1830212148
627264.1830291948
627266.0
627274.1830212148
627274.1830291948
627276.0
627284.1830212148
627284.1830291948
627286.0
627296.0
627304.1830212148
627304.1830291948
627306.0
627314.1830212148
627314.1830291948
627316.0
627324.1830212148
627324.1830291948
627326.0
627334.1830212148
627334.1830291948
627336.0
627344.1830212148
627344.1830291948
627346.0
627354.1830212148
627354.1830291948
627356.0
627364.1830212148
627364.1830291948
627366.0
627374.1830212148
627374.1830291948
627376.0
627384.1830212148
627384.1830291948
627386.0
627394.1830212148
627394.1830291948
627396.0
627404.1830212148
627404.1830291948
627406.0
627414.1830212148
627414.1830291948
627416.0
627424.1830212148
627424.1830291948
627426.0
627434.1830212148
627434.1830291948
627436.0
627444.1830212148
627444.1830291948
627446.0
627454.1830212148
627454.1830291948
627456.0
627466.0
627474.1830212148
627474.1830291948
627476.0
627484.1830212148
627484.1830291948
627486.0
627494.1830212148
627494.1830291948
627496.0
627504.1830212148
627504.1830291948
627506.0
627514.1830212148
627514.1830291948
627516.0
627524.1830212148
627524.1830291948
627526.0
627534.1830212148
627534.1830291948
627536.0
627544.1830212148
627544.1830291948
627546.0
627556.0
627564.1830212148
627564.1830291948
627566.0
627576.0
627584.1830212148
627584.1830291948
627586.0
627594.1830212148
627594.1830291948
627596.0
627604.1830212148
627604.1830291948
627606.0
627606.8317584683
627606.8317664483
627614.1830212148
627614.1830291948
627616.0
627624.1830212148
627624.1830291948
627626.0
627634.1830212148
627634.1830291948
627636.0
627644.1830212148
627644.1830291948
627646.0
627654.1830212148
627654.1830291948
627656.0
627664.1830212148
627664.1830291948
627666.0
627674.1830212148
627674.1830291948
627676.0
627684.1830212148
627684.1830291948
627686.0
627694.1830212148
627694.1830291948
627696.0
627704.1830212148
627704.1830291948
627706.0
627714.1830212148
627714.1830291948
627716.0
627724.1830212148
627724.1830291948
627726.0
627734.1830212148
627734.1830291948
627736.0
627746.0
627756.0
627766.0
627776.0
627786.0
627796.0
627806.0
627816.0
627826.0
627836.0
627846.0
627856.0
627866.0
627876.0
627886.0
627896.0
627906.0
761006.0
761007.130775121
761007.1307831011
761016.0
761017.130775121
761017.1307831011
761026.0
761027.130775121
761027.1307831011
761036.0
761037.130775121
761037.1307831011
761046.0
761047.130775121
761047.1307831011
761056.0
761057.130775121
761057.1307831011
761066.0
761067.130775121
761067.1307831011
761076.0
761077.130775121
761077.1307831011
761086.0
761087.130775121
761087.1307831011
761096.0
761106.0
761107.130775121
761107.1307831011
761116.0
761117.130775121
761117.1307831011
761126.0
761127.130775121
761127.1307831011
761136.0
761137.130775121
761137.1307831011
761146.0
761147.130775121
761147.1307831011
761156.0
761157.130775121
761157.1307831011
761166.0
761167.130775121
761167.1307831011
761176.0
761177.130775121
761177.1307831011
761186.0
761187.130775121
761187.1307831011
761196.0
761197.130775121
761197.1307831011
761206.0
761207.130775121
761207.1307831011
761216.0
761217.130775121
761217.1307831011
761226.0
761227.130775121
761227.1307831011
761236.0
761237.130775121
761237.1307831011
761246.0
761247.130775121
761247.1307831011
761256.0
761266.0
761276.0
761277.130775121
761277.1307831011
761286.0
761287.130775121
761287.1307831011
761296.0
761306.0
761316.0
761317.130775121
761317.1307831011
761326.0
761327.130775121
761327.1307831011
761336.0
761346.0
761347.130775121
761347.1307831011
761356.0
761357.130775121
761357.1307831011
761366.0
761367.130775121
761367.1307831011
761376.0
761377.130775121
761377.1307831011
761386.0
761387.130775121
761387.1307831011
761396.0
761397.130775121
761397.1307831011
761398.3056354214
761398.3056434015
761406.0
761407.130775121
761407.1307831011
761416.0
761417.130775121
761417.1307831011
761426.0
761427.130775121
761427.1307831011
761436.0
761437.130775121
761437.1307831011
761446.0
761447.130775121
761447.1307831011
761456.0
761457.130775121
761457.1307831011
761466.0
761467.130775121
761467.1307831011
761476.0
761477.130775121
761477.1307831011
761486.0
761496.0
761497.130775121
761497.1307831011
761506.0
761507.130775121
761507.1307831011
761516.0
761517.130775121
761517.1307831011
761526.0
761527.130775121
761527.1307831011
761536.0
761546.0
761547.130775121
761547.1307831011
761556.0
761557.130775121
761557.1307831011
761566.0
761567.130775121
761567.1307831011
761576.0
761577.130775121
761577.1307831011
761586.0
761587.130775121
761587.1307831011
761596.0
761597.130775121
761597.1307831011
761606.0
761607.130775121
761607.1307831011
761616.0
761617.130775121
761617.1307831011
761626.0
761636.0
761637.130775121
761637.1307831011
761646.0
761647.130775121
761647.1307831011
761656.0
761666.0
761667.130775121
761667.1307831011
761676.0
761677.130775121
761677.1307831011
761686.0
761687.130775121
761687.1307831011
761696.0
761697.130775121
761697.1307831011
761706.0
761707.130775121
761707.1307831011
761716.0
761717.130775121
761717.1307831011
928005.84707614
928006.0
928015.84707614
928016.0
928025.84707614
928026.0
928035.84707614
928036.0
928045.84707614
928046.0
928046.440476423
928055.84707614
928056.0
928065.84707614
928066.0
928075.84707614
928076.0
928086.0
928095.84707614
928096.0
928105.84707614
928106.0
928115.84707614
928116.0
928125.84707614
928126.0
928136.0
928146.0
928156.0
928166.0
928176.0
928186.0
928196.0
928206.0
928216.0
928226.0
928236.0
928246.0
928256.0
928266.0
928276.0
928286.0
928296.0
928306.0
928316.0
928326.0
928336.0
928346.0
928356.0
928366.0
928376.0
928386.0
928396.0
928406.0
928416.0
928426.0
928436.0
928446.0
928456.0
928466.0
928476.0
928486.0
928496.0
928506.0
928516.0
928526.0
928536.0
928546.0
928556.0
928566.0
928576.0
928586.0
928596.0
928606.0
928616.0
928626.0
928636.0
928646.0
928656.0
928666.0
928676.0
928686.0
928696.0
928706.0
928716.0
928726.0
928736.0
928746.0
928756.0
928766.0
928776.0
928786.0
928796.0
928806.0
928816.0
928826.0
928836.0
928846.0
928856.0
928866.0
1004004.0716244798
1004006.0
1004014.0716244798
1004016.0
1004024.0716244798
1004026.0
1004034.0716244798
1004036.0
1004044.0716244798
1004046.0
1004054.0716244798
1004056.0
1004064.0716244798
1004066.0
1004076.0
1004084.0716244798
1004086.0
1004094.0716244798
1004096.0
1004104.0716244798
1004106.0
1004116.0
1004124.0716244798
1004126.0
1004136.0
1004146.0
1004156.0
1004166.0
1004176.0
1004186.0
1004196.0
1004206.0
1004216.0
1004226.0
1004236.0
1004246.0
1004256.0
1004266.0
1004276.0
1004286.0
1004296.0
1004306.0
1004316.0
1004326.0
1004336.0
1004346.0
1004356.0
1004366.0
1004376.0
1004386.0
1004396.0
1004406.0
1004416.0
1004426.0
1004436.0
1004446.0
1004456.0
1004466.0
1004476.0
1004486.0
1004496.0
1004506.0
1004516.0
1004526.0
1004536.0
1004546.0
1004556.0
1004566.0
1004576.0
1004586.0
1004596.0
1004606.0
1004616.0
1004626.0
1004636.0
1004646.0
1004656.0
1004666.0
1004676.0
1004686.0
1004696.0
1004706.0
1004716.0
1004726.0
1004736.0
1004746.0
1004756.0
1004766.0
1004776.0
1004786.0
1004796.0
1004806.0
1004816.0
1004826.0
1004836.0
1004846.0
1004856.0
1004866.0
1004876.0
1004886.0
1004896.0
1004906.0
1004916.0
1004926.0
1004936.0
1004946.0
1004956.0
1004966.0
1004976.0
1004986.0
1004996.0
1005006.0
1005016.0
1005026.0
1005036.0
1005046.0
1005056.0
1005066.0
1005076.0
1005086.0
1005096.0
1005106.0
1005116.0
1005126.0
1005136.0
1005146.0
1005156.0
1005166.0
1005176.0
1061006.0
1061006.1261441333
1061016.0
1061016.1261441333
1061026.0
1061026.1261441333
1061036.0
1061036.1261441333
1061046.0
1061046.1261441333
1061056.0
1061056.1261441333
1061066.0
1061066.1261441333
1061076.0
1061076.1261441333
1061086.0
1061086.1261441333
1061096.0
1061096.1261441333
1061106.0
1061106.1261441333
1061116.0
1061116.1261441333
1061126.0
1061126.1261441333
1061136.0
1061146.0
1061156.0
1061166.0
1061176.0
1061186.0
1061196.0
1061206.0
1061216.0
1061226.0
1061236.0
1061246.0
1061256.0
1061266.0
1061276.0
1061286.0
1061296.0
1061306.0
1061316.0
1061326.0
1061336.0
1061346.0
1061356.0
1061366.0
1061376.0
1061386.0
1061396.0
1061406.0
1061416.0
1061426.0
1061436.0
1061446.0
1061456.0
1061466.0
1061476.0
1061486.0
1061496.0
1061506.0
1061516.0
1061526.0
1061536.0
1061546.0
1061556.0
1061566.0
1061576.0
1061586.0
1061596.0
1061606.0
1061616.0
1061626.0
1061636.0
1061646.0
1061656.0
1061666.0
1061676.0
1061686.0
1061696.0
1061706.0
1061716.0
1061726.0
1061736.0
1061746.0
1061756.0
1061766.0
1061776.0
1061786.0
1061796.0
1061806.0
1061816.0
1061826.0
1061836.0
1061846.0
1061856.0
1061866.0
1061876.0
1061886.0
1061896.0
1061906.0
1061916.0
1061926.0
1346006.0
1346006.942527495
1346016.0
1346016.942527495
1346026.0
1346026.942527495
1346036.0
1346036.942527495
1346046.0
1346046.942527495
1346056.0
1346056.942527495
1346066.0
1346066.942527495
1346076.0
1346076.942527495
1346086.0
1346086.942527495
1346096.0
1346096.942527495
1346106.0
1346106.942527495
1346116.0
1346116.942527495
1346126.0
1346126.942527495
1346136.0
1346146.0
1346156.0
1346166.0
1346176.0
1346186.0
1346196.0
1346206.0
1346216.0
1346226.0
1346236.0
1346246.0
1346256.0
1346266.0
1346276.0
1346286.0
1346296.0
1346306.0
1346316.0
1346326.0
1346336.0
1346346.0
1346356.0
1346366.0
1346376.0
1346386.0
1346396.0
1346406.0
1346416.0
1346426.0
1346436.0
1346446.0
1346456.0
1346466.0
1346476.0
1346486.0
1346496.0
1346506.0
1346516.0
1346526.0
1346536.0
1346546.0
1346556.0
1346566.0
1346576.0
1346586.0
1346596.0
1346606.0
1346616.0
1346626.0
1346636.0
1346646.0
1346656.0
1346666.0
1346676.0
1346686.0
1346696.0
1346706.0
1346716.0
1346726.0
1346736.0
1346746.0
1346756.0
1346766.0
1346776.0
1346786.0
1346796.0
1346806.0
1346816.0
1346826.0
1346836.0
1346846.0
1346856.0
1346866.0
1346876.0
1346886.0
1346896.0
1346906.0
1346916.0
1346926.0
1346936.0
1346946.0
1346956.0
1346966.0
1346976.0
1346986.0
1346996.0
1347006.0
1347016.0
1347026.0
1347036.0
1347046.0
1839005.8470838799
1839006.0
1839015.8470838799
1839016.0
1839025.8470838799
1839026.0
1839036.0
1839045.8470838799
1839046.0
1839055.8470838799
1839056.0
1839065.8470838799
1839066.0
1839075.8470838799
1839076.0
1839085.8470838799
1839086.0
1839095.8470838799
1839096.0
1839105.8470838799
1839106.0
1839115.8470838799
1839116.0
1839125.8470838799
1839126.0
1839135.8470838799
1839136.0
1839145.8470838799
1839146.0
1839156.0
1839165.8470838799
1839166.0
1839175.8470838799
1839176.0
1839185.8470838799
1839186.0
1839195.8470838799
1839196.0
1839205.8470838799
1839206.0
1839215.8470838799
1839216.0
1839225.8470838799
1839226.0
1839235.8470838799
1839236.0
1839245.8470838799
1839246.0
1839255.8470838799
1839256.0
1839265.8470838799
1839266.0
1839275.8470838799
1839276.0
1839285.8470838799
1839286.0
1839295.8470838799
1839296.0
1839305.8470838799
1839306.0
1839315.8470838799
1839316.0
1839325.8470838799
1839326.0
1839335.8470838799
1839336.0
1839346.0
1839355.8470838799
1839356.0
1839365.8470838799
1839366.0
1839375.8470838799
1839376.0
1839386.0
1839395.8470838799
1839396.0
1839405.8470838799
1839406.0
1839415.8470838799
1839416.0
1839425.8470838799
1839426.0
1839435.8470838799
1839436.0
1839445.8470838799
1839446.0
1839456.0
1839465.8470838799
1839466.0
1839475.8470838799
1839476.0
1839486.0
1839495.8470838799
1839496.0
1839505.8470838799
1839506.0
1839515.8470838799
1839516.0
1839525.8470838799
1839526.0
1839535.8470838799
1839536.0
1839545.8470838799
1839546.0
1839555.8470838799
1839556.0
1839565.8470838799
1839566.0
1839575.8470838799
1839576.0
1839585.8470838799
1839586.0
1839595.8470838799
1839596.0
1839605.8470838799
1839606.0
1839615.8470838799
1839616.0
1839625.8470838799
1839626.0
1839635.8470838799
1839636.0
1839645.8470838799
1839646.0
1839655.8470838799
1839656.0
1839665.8470838799
1839666.0
1839675.8470838799
1839676.0
1839685.8470838799
1839686.0
1839695.8470838799
1839696.0
1839705.8470838799
1839706.0
1839715.8470838799
1839716.0
1839725.8470838799
1839726.0
1839735.8470838799
1839736.0
1839746.0
1839756.0
1839766.0
1839776.0
1839786.0
1839796.0
1839806.0
1839816.0
1839826.0
1839836.0
1839846.0
1839856.0
1839866.0
1839876.0
1839886.0
1839896.0
1839906.0
1839916.0
1839926.0
1839936.0
1839946.0
1839956.0
