1.6526003561873106E7
1.652600356188085E7
1.6526006E7
1.6526016E7
1.6526026E7
1.6526036E7
1.6526046E7
1.6526056E7
1.6526066E7
1.6526076E7
1.6526086E7
1.6526096E7
1.6526106E7
1.6526116E7
1.6526126E7
1.6526136E7
1.6526146E7
1.6526156E7
1.6526166E7
1.6526176E7
1.6526186E7
1.6526196E7
1.6526206E7
1.6526216E7
1.6526226E7
1.6526236E7
1.6526246E7
1.6526256E7
1.6526266E7
1.6526276E7
1.6526286E7
1.6526296E7
1.6526306E7
1.6526316E7
1.6526326E7
1.6526336E7
1.6526346E7
1.6526356E7
1.6526366E7
1.6526366521184295E7
1.6526366521192038E7
1.6526376E7
1.6526386E7
1.6526396E7
1.6526406E7
1.6526416E7
1.6526426E7
1.6526436E7
1.6526446E7
1.6526456E7
1.6526466E7
1.6526476E7
1.6526486E7
1.6526496E7
1.6526506E7
1.6526516E7
1.6526526E7
1.6526536E7
1.6526546E7
1.6526556E7
1.6526566E7
1.6526576E7
1.6526586E7
1.6526596E7
1.6526606E7
1.6526616E7
1.6526626E7
1.6526636E7
1.6526646E7
1.6526656E7
1.6526666E7
1.6526667521184295E7
1.6526667521192038E7
1.6526676E7
1.6526686E7
1.6526696E7
1.6526706E7
1.6526716E7
1.6526726E7
1.6526736E7
1.6526746E7
1.6526756E7
1.6526766E7
1.6526776E7
1.6526786E7
1.6526796E7
1.6526806E7
1.6526816E7
1.6526826E7
1.6526836E7
1.6526846E7
1.6526856E7
1.6526866E7
1.6526876E7
1.6526886E7
1.6526896E7
1.6526906E7
1.6526916E7
1.6526926E7
1.6526936E7
1.6526946E7
1.6526956E7
1.6526966E7
1.6526976E7
1.6526986E7
1.6671006E7
1.6671006655661969E7
1.6671006655669712E7
1.6671016E7
1.6671016655661969E7
1.6671016655669712E7
1.6671026E7
1.6671026655661969E7
1.6671026655669712E7
1.6671036E7
1.6671036655661969E7
1.6671036655669712E7
1.6671046E7
1.6671046655661969E7
1.6671046655669712E7
1.6671056E7
1.6671056655661969E7
1.6671056655669712E7
1.6671066E7
1.6671076E7
1.6671076655661969E7
1.6671076655669712E7
1.6671086E7
1.6671086655661969E7
1.6671086655669712E7
1.6671096E7
1.6671096655661969E7
1.6671096655669712E7
1.6671106E7
1.6671106655661969E7
1.6671106655669712E7
1.6671116E7
1.6671116655661969E7
1.6671116655669712E7
1.6671126E7
1.6671126655661969E7
1.6671126655669712E7
1.6671136E7
1.6671146E7
1.6671156E7
1.6671166E7
1.6671176E7
1.6671186E7
1.6671196E7
1.6671206E7
1.6671216E7
1.6671226E7
1.6671236E7
1.6671246E7
1.6671256E7
1.6671266E7
1.6671276E7
1.6671286E7
1.6671296E7
1.6671306E7
1.6671316E7
1.6671326E7
1.6671336E7
1.6671346E7
1.6671356E7
1.6671366E7
1.6671376E7
1.6671386E7
1.6671396E7
1.6671406E7
1.6671416E7
1.6671426E7
1.6671436E7
1.6671446E7
1.6671456E7
1.6671466E7
1.6671476E7
1.6671486E7
1.6671496E7
1.6671506E7
1.6671516E7
1.6671526E7
1.6671536E7
1.6671546E7
1.6671556E7
1.6671566E7
1.6671576E7
1.6671586E7
1.6671596E7
1.6671606E7
1.6671616E7
1.6671626E7
1.6671636E7
1.6671646E7
1.6671656E7
1.6671666E7
1.6671676E7
1.6671686E7
1.6671696E7
1.6671706E7
1.6671716E7
1.6671726E7
1.6671736E7
1.6671746E7
1.6671756E7
1.6671766E7
1.6671776E7
1.6671786E7
1.6671796E7
1.6671806E7
1.6671816E7
1.6671826E7
1.6671836E7
1.6671846E7
1.6671856E7
1.6671866E7
1.6671876E7
1.6671886E7
1.6671896E7
1.6671906E7
1.6671916E7
1.6671926E7
1.6671936E7
1.6671946E7
1.6671956E7
1.6671966E7
1.6671976E7
1.6671986E7
1.6671996E7
1.6672006E7
1.6672016E7
1.7081003111317698E7
1.7081006E7
1.7081016E7
1.7081026E7
1.7081036E7
1.7081046E7
1.7081056E7
1.7081066E7
1.7081076E7
1.7081086E7
1.7081096E7
1.7081106E7
1.7081116E7
1.7081126E7
1.7081136E7
1.7081146E7
1.7081156E7
1.7081166E7
1.7081176E7
1.7081186E7
1.7081196E7
1.7081206E7
1.7081216E7
1.7081226E7
1.7081236E7
1.7081246E7
1.7081256E7
1.7081266E7
1.7081276E7
1.7081286E7
1.7081296E7
1.7081306E7
1.7081316E7
1.7081326E7
1.7081336E7
1.7081346E7
1.7081356E7
1.7081366E7
1.7081376E7
1.7081386E7
1.7081396E7
1.7081406E7
1.7081416E7
1.7081426E7
1.7081436E7
1.7081446E7
1.7081456E7
1.7081466E7
1.7081476E7
1.7081486E7
1.7081496E7
1.7081506E7
1.7081516E7
1.7081526E7
1.7081536E7
1.7081546E7
1.7081556E7
1.7081566E7
1.7081576E7
1.7081586E7
1.7081596E7
1.7081606E7
1.7081616E7
1.7081626E7
1.7081636E7
1.7081646E7
1.7081656E7
1.7081666E7
1.7081676E7
1.7081686E7
1.7081696E7
1.7081706E7
1.7081716E7
1.7081726E7
1.7081736E7
1.7081746E7
1.7081756E7
1.7081766E7
1.7081776E7
1.7081786E7
1.7081796E7
1.7081806E7
1.7081816E7
1.7081826E7
1.7081836E7
1.7081846E7
1.7081856E7
1.7081866E7
1.7081876E7
1.7081886E7
1.7081896E7
1.7081906E7
1.7081916E7
1.7081926E7
1.7081936E7
1.7081946E7
1.70819552159333E7
1.7081956E7
1.7081966E7
1.7081976E7
1.7081986E7
1.7288004766883437E7
1.7288006E7
1.7288014766883437E7
1.7288016E7
1.7288024766883437E7
1.7288026E7
1.7288036E7
1.7288044766883437E7
1.7288046E7
1.7288054766883437E7
1.7288056E7
1.7288064766883437E7
1.7288066E7
1.7288074766883437E7
1.7288076E7
1.7288084766883437E7
1.7288086E7
1.7288094766883437E7
1.7288096E7
1.7288104766883437E7
1.7288106E7
1.7288114766883437E7
1.7288116E7
1.7288126E7
1.7288134766883437E7
1.7288136E7
1.7288146E7
1.7288154766883437E7
1.7288156E7
1.7288164766883437E7
1.7288166E7
1.7288174766883437E7
1.7288176E7
1.7288184766883437E7
1.7288186E7
1.7288194766883437E7
1.7288196E7
1.7288204766883437E7
1.7288206E7
1.7288214766883437E7
1.7288216E7
1.7288224766883437E7
1.7288226E7
1.7288234766883437E7
1.7288236E7
1.7288244766883437E7
1.7288246E7
1.7288256E7
1.7288264766883437E7
1.7288266E7
1.7288274766883437E7
1.7288276E7
1.7288284766883437E7
1.7288286E7
1.7288294766883437E7
1.7288296E7
1.7288304766883437E7
1.7288306E7
1.7288314766883437E7
1.7288316E7
1.7288324766883437E7
1.7288326E7
1.7288334766883437E7
1.7288336E7
1.7288344766883437E7
1.7288346E7
1.7288354766883437E7
1.7288356E7
1.7288364766883437E7
1.7288366E7
1.7288374766883437E7
1.7288376E7
1.7288384766883437E7
1.7288386E7
1.7288394766883437E7
1.7288396E7
1.7288404766883437E7
1.7288406E7
1.7288414766883437E7
1.7288416E7
1.7288424766883437E7
1.7288426E7
1.7288434766883437E7
1.7288436E7
1.7288446E7
1.7288454766883437E7
1.7288456E7
1.7288464766883437E7
1.7288466E7
1.7288474766883437E7
1.7288476E7
1.7288484766883437E7
1.7288486E7
1.7288494766883437E7
1.7288496E7
1.7288504766883437E7
1.7288506E7
1.7288514766883437E7
1.7288516E7
1.7288524766883437E7
1.7288526E7
1.7288534766883437E7
1.7288536E7
1.7288544766883437E7
1.7288546E7
1.7288554766883437E7
1.7288556E7
1.7288564766883437E7
1.7288566E7
1.7288574766883437E7
1.7288576E7
1.7288584766883437E7
1.7288586E7
1.7288594766883437E7
1.7288596E7
1.7288604766883437E7
1.7288606E7
1.7288614766883437E7
1.7288616E7
1.7288624766883437E7
1.7288626E7
1.7288634766883437E7
1.7288636E7
1.7288644766883437E7
1.7288646E7
1.7288654766883437E7
1.7288656E7
1.7288664766883437E7
1.7288666E7
1.7288674766883437E7
1.7288676E7
1.7288686E7
1.7288694766883437E7
1.7288696E7
1.7288704766883437E7
1.7288706E7
1.7288714766883437E7
1.7288716E7
1.7288724766883437E7
1.7288726E7
1.7288734766883437E7
1.7288736E7
1.7288746E7
1.7288756E7
1.7288766E7
1.7288776E7
1.7288786E7
1.7288796E7
1.7288806E7
1.7288816E7
1.7288826E7
1.7288836E7
1.7288846E7
1.7288856E7
1.7288866E7
1.7288876E7
1.7288886E7
1.7288896E7
1.7288906E7
1.7288916E7
1.7288926E7
1.7288936E7
1.7288946E7
1.7288956E7
1.7288966E7
1.7288976E7
1.7288986E7
1.7340003090723198E7
1.7340006E7
1.7340016E7
1.7340026E7
1.7340036E7
1.7340046E7
1.7340056E7
1.7340066E7
1.7340076E7
1.7340086E7
1.7340096E7
1.7340106E7
1.7340116E7
1.7340126E7
1.7340136E7
1.7340146E7
1.7340156E7
1.7340166E7
1.7340176E7
1.7340186E7
1.7340196E7
1.7340206E7
1.7340216E7
1.7340226E7
1.7340236E7
1.7340246E7
1.7340256E7
1.7340266E7
1.7340276E7
1.7340286E7
1.7340296E7
1.7340306E7
1.7340316E7
1.7340326E7
1.7340336E7
1.7340346E7
1.7340356E7
1.7340366E7
1.7340376E7
1.7340386E7
1.7340396E7
1.7340406E7
1.7340416E7
1.7340426E7
1.7340436E7
1.7340446E7
1.7340456E7
1.7340466E7
1.7340476E7
1.7340486E7
1.7340496E7
1.7340506E7
1.7340516E7
1.7340526E7
1.7340536E7
1.7340546E7
1.7340556E7
1.7340566E7
1.7340576E7
1.7340586E7
1.7340596E7
1.7340606E7
1.7340616E7
1.7340626E7
1.7340636E7
1.7340646E7
1.7340656E7
1.7340666E7
1.7340676E7
1.7340686E7
1.7340696E7
1.7340706E7
1.7340716E7
1.7340726E7
1.7340736E7
1.7340746E7
1.7340756E7
1.7340766E7
1.7340776E7
1.7340786E7
1.7340796E7
1.7340806E7
1.7340816E7
1.7340826E7
1.7340836E7
1.7340846E7
1.7340856E7
1.7340866E7
1.7340876E7
1.7340886E7
1.7340896E7
1.7340906E7
1.7340916E7
1.7340926E7
1.7340936E7
1.7340946E7
1.7410002588717382E7
1.7410006E7
1.7410016E7
1.7410026E7
1.7410036E7
1.7410046E7
1.7410056E7
1.7410066E7
1.7410076E7
1.7410086E7
1.7410096E7
1.7410106E7
1.7410116E7
1.7410126E7
1.7410136E7
1.7410146E7
1.7410156E7
1.7410166E7
1.7410176E7
1.7410186E7
1.7410196E7
1.7410206E7
1.7410216E7
1.7410226E7
1.7410236E7
1.7410246E7
1.7410256E7
1.7410266E7
1.7410276E7
1.7410286E7
1.7410296E7
1.7410306E7
1.7410316E7
1.7410326E7
1.7410336E7
1.7410346E7
1.7410356E7
1.7410366E7
1.7410376E7
1.7410386E7
1.7410396E7
1.7410406E7
1.7410416E7
1.7410426E7
1.7410436E7
1.7410446E7
1.7410456E7
1.7410466E7
1.7410476E7
1.7410486E7
1.7410496E7
1.7410506E7
1.7410516E7
1.7410526E7
1.7410536E7
1.7410546E7
1.7410556E7
1.7410566E7
1.7410576E7
1.7410586E7
1.7410596E7
1.7410606E7
1.7410616E7
1.7410626E7
1.7410636E7
1.7410646E7
1.7410656E7
1.7410666E7
1.7410676E7
1.7410686E7
1.7410696E7
1.7410706E7
1.7410716E7
1.7410726E7
1.7410736E7
1.7410746E7
1.7410756E7
1.7410766E7
1.7410776E7
1.7410786E7
1.7410796E7
1.7410806E7
1.7410816E7
1.7410826E7
1.7410836E7
1.7410846E7
1.7410856E7
1.7410866E7
1.7410876E7
1.7410886E7
1.7410896E7
1.7410906E7
1.7410916E7
1.7410926E7
1.7410936E7
1.7410946E7
1.7410956E7
1.7410966E7
1.7410976E7
1.7410986E7
1.7410996E7
1.7411006E7
1.7411016E7
1.7411026E7
1.7411036E7
1.7411046E7
1.7411056E7
1.7411066E7
1.7411076E7
1.7411086E7
1.7411096E7
1.7411106E7
1.7411116E7
1.7411126E7
1.7411136E7
1.7411146E7
1.7411156E7
1.7411166E7
1.7411176E7
1.7411186E7
1.7541003390048187E7
1.7541006E7
1.7541016E7
1.7541026E7
1.7541036E7
1.7541046E7
1.7541056E7
1.7541066E7
1.7541076E7
1.7541086E7
1.7541096E7
1.7541104652986128E7
1.7541106E7
1.7541116E7
1.7541126E7
1.7541136E7
1.7541146E7
1.7541156E7
1.7541166E7
1.7541176E7
1.7541186E7
1.7541196E7
1.7541206E7
1.7541216E7
1.7541226E7
1.7541236E7
1.7541246E7
1.7541256E7
1.7541266E7
1.7541276E7
1.7541286E7
1.7541296E7
1.7541306E7
1.7541316E7
1.7541326E7
1.7541336E7
1.7541346E7
1.7541356E7
1.7541366E7
1.7541376E7
1.7541386E7
1.7541396E7
1.7541406E7
1.7541416E7
1.7541426E7
1.7541436E7
1.7541446E7
1.7541456E7
1.7541466E7
1.7541476E7
1.7541486E7
1.7541496E7
1.7541506E7
1.7541516E7
1.7541526E7
1.7541536E7
1.7541546E7
1.7541556E7
1.7541566E7
1.7541576E7
1.7541586E7
1.7541596E7
1.7541606E7
1.7541616E7
1.7541626E7
1.7541636E7
1.7541646E7
1.7541656E7
1.7541666E7
1.7541676E7
1.7541686E7
1.7541696E7
1.7541706E7
1.7541716E7
1.7541726E7
1.7541736E7
1.7541746E7
1.7541756E7
1.7541766E7
1.7541776E7
1.7541786E7
1.7541796E7
1.7541806E7
1.7541816E7
1.7541826E7
1.7541836E7
1.7541846E7
1.7541856E7
1.7541866E7
1.7541876E7
1.7541886E7
1.7541896E7
1.767300156601904E7
1.7673006E7
1.7673016E7
1.7673026E7
1.7673036E7
1.7673046E7
1.7673056E7
1.7673066E7
1.7673076E7
1.7673086E7
1.7673096E7
1.7673106E7
1.7673116E7
1.7673126E7
1.7673136E7
1.7673146E7
1.7673156E7
1.7673166E7
1.7673176E7
1.7673186E7
1.7673196E7
1.7673206E7
1.7673216E7
1.7673226E7
1.7673236E7
1.7673246E7
1.7673256E7
1.7673266E7
1.7673276E7
1.7673286E7
1.7673296E7
1.7673306E7
1.7673316E7
1.7673326E7
1.7673336E7
1.7673346E7
1.7673356E7
1.7673366E7
1.7673376E7
1.7673386E7
1.7673396E7
1.7673406E7
1.7673416E7
1.7673426E7
1.7673436E7
1.7673446E7
1.7673456E7
1.7673466E7
1.7673476E7
1.7673486E7
1.7673496E7
1.7673506E7
1.7673516E7
1.7673526E7
1.7673536E7
1.7673546E7
1.7673556E7
1.7673566E7
1.7673576E7
1.7673586E7
1.7673596E7
1.7673606E7
1.7673616E7
1.7673626E7
1.7673636E7
1.7673646E7
1.7673656E7
1.7673666E7
1.7673676E7
1.7673686E7
1.7673696E7
1.7673706E7
1.7673716E7
1.7673726E7
1.7673736E7
1.7673746E7
1.7673756E7
1.7673766E7
1.7673776E7
1.7673786E7
1.7720006E7
1.772000776135246E7
1.7720016E7
1.772001776135246E7
1.7720026E7
1.772002776135246E7
1.7720036E7
1.772003776135246E7
1.7720046E7
1.772004776135246E7
1.7720056E7
1.772005776135246E7
1.7720066E7
1.772006776135246E7
1.7720076E7
1.772007776135246E7
1.7720086E7
1.772008776135246E7
1.7720096E7
1.772009776135246E7
1.7720106E7
1.772010776135246E7
1.7720116E7
1.7720126E7
1.772012776135246E7
1.7720136E7
1.7720146E7
1.7720156E7
1.7720166E7
1.7720176E7
1.7720186E7
1.7720196E7
1.7720206E7
1.7720216E7
1.7720226E7
1.7720236E7
1.7720246E7
1.7720256E7
1.7720266E7
1.7720276E7
1.7720286E7
1.7720296E7
1.7720306E7
1.7720316E7
1.7720326E7
1.7720336E7
1.7720346E7
1.7720356E7
1.7720366E7
1.7720376E7
1.7720386E7
1.7720396E7
1.7720406E7
1.7720416E7
1.7720426E7
1.7720436E7
1.7720446E7
1.7720456E7
1.7720466E7
1.7720476E7
1.7720486E7
1.7720496E7
1.7720506E7
1.7720516E7
1.7720526E7
1.7720536E7
1.7720546E7
1.7720556E7
1.7720566E7
1.7720576E7
1.7720586E7
1.7720596E7
1.7720606E7
1.7720616E7
1.7720626E7
1.7720636E7
1.7720646E7
1.7720656E7
1.7720666E7
1.7720676E7
1.7720686E7
1.7720696E7
1.7720706E7
1.7720716E7
1.7720726E7
1.7720736E7
1.7720746E7
1.7720756E7
1.7720766E7
1.7720776E7
1.7720786E7
1.7720796E7
1.7720806E7
1.7720816E7
1.7720826E7
1.7720836E7
1.7720846E7
1.7720856E7
1.7720866E7
1.7720876E7
1.7720886E7
1.7720896E7
1.7720906E7
1.7720916E7
1.7720926E7
1.7720936E7
1.7720946E7
1.7720956E7
1.7720966E7
1.7720976E7
1.7720986E7
1.7720996E7
1.7721006E7
1.7721016E7
1.7721026E7
1.7721036E7
1.7721046E7
1.7721056E7
1.7721066E7
1.7721076E7
1.7721086E7
1.7721096E7
1.7848006E7
1.7848007867408674E7
1.7848016E7
1.7848017867408674E7
1.7848026E7
1.7848027867408674E7
1.7848036E7
1.7848037867408674E7
1.7848046E7
1.7848047867408674E7
1.7848056E7
1.7848057867408674E7
1.7848066E7
1.7848067867408674E7
1.7848076E7
1.7848077867408674E7
1.7848086E7
1.7848087867408674E7
1.7848096E7
1.7848097867408674E7
1.7848106E7
1.7848107867408674E7
1.7848116E7
1.7848117867408674E7
1.7848126E7
1.7848127867408674E7
1.7848136E7
1.7848137867408674E7
1.7848146E7
1.7848147867408674E7
1.7848156E7
1.7848157867408674E7
1.7848166E7
1.7848176E7
1.7848177867408674E7
1.7848186E7
1.7848187867408674E7
1.7848196E7
1.7848197867408674E7
1.7848206E7
1.7848207867408674E7
1.7848216E7
1.7848217867408674E7
1.7848226E7
1.7848236E7
1.7848237867408674E7
1.7848246E7
1.7848247867408674E7
1.7848256E7
1.7848257867408674E7
1.7848266E7
1.7848267867408674E7
1.7848276E7
1.7848277867408674E7
1.7848286E7
1.7848287867408674E7
1.7848296E7
1.7848297867408674E7
1.7848306E7
1.7848307867408674E7
1.7848316E7
1.7848326E7
1.7848327867408674E7
1.7848336E7
1.7848337867408674E7
1.7848346E7
1.7848347867408674E7
1.7848356E7
1.7848357867408674E7
1.7848366E7
1.7848367867408674E7
1.7848376E7
1.7848377867408674E7
1.7848386E7
1.7848387867408674E7
1.7848396E7
1.7848406E7
1.7848407867408674E7
1.7848416E7
1.7848417867408674E7
1.7848426E7
1.7848427867408674E7
1.7848436E7
1.7848437867408674E7
1.7848446E7
1.7848447867408674E7
1.7848456E7
1.7848457867408674E7
1.7848466E7
1.7848476E7
1.7848477867408674E7
1.7848486E7
1.7848487867408674E7
1.7848496E7
1.7848497867408674E7
1.7848506E7
1.7848507867408674E7
1.7848516E7
1.7848517867408674E7
1.7848526E7
1.7848527867408674E7
1.7848536E7
1.7848537867408674E7
1.7848546E7
1.7848547867408674E7
1.7848556E7
1.7848557867408674E7
1.7848566E7
1.7848567867408674E7
1.7848576E7
1.7848577867408674E7
1.7848586E7
1.7848596E7
1.7848597867408674E7
1.7848606E7
1.7848607867408674E7
1.7848616E7
1.7848626E7
1.7848627867408674E7
1.7848636E7
1.7848637867408674E7
1.7848646E7
1.7848647867408674E7
1.7848656E7
1.7848657867408674E7
1.7848666E7
1.7848667867408674E7
1.7848676E7
1.7848677867408674E7
1.7848686E7
1.7848687867408674E7
1.7848696E7
1.7848697867408674E7
1.7848706E7
1.7848707867408674E7
1.7848716E7
1.7848717867408674E7
1.7848726E7
1.7848727867408674E7
1.7848736E7
1.7848737867408674E7
1.7848746E7
1.7848747867408674E7
1.7848756E7
1.7848757867408674E7
1.7848766E7
1.7848767867408674E7
1.7848776E7
1.7848777867408674E7
1.7848786E7
1.7848787867408674E7
1.7848796E7
1.7848797867408674E7
1.7848806E7
1.7848807867408674E7
1.7848816E7
1.7848817867408674E7
1.7848826E7
1.7848827867408674E7
1.7848836E7
1.7848837867408674E7
1.784884589166637E7
1.7848846E7
1.7848856E7
1.7848857867408674E7
1.7848866E7
