59	4755	7733	4757	7727	4757	7727	6.324555320336759	6.324555320336759	0.0	7
59	4755	7733	4757	7727	4757	7727	6.324555320336759	6.324555320336759	0.0	7
59	4755	7733	4757	7727	4757	7727	6.324555320336759	6.324555320336759	0.0	7
59	4755	7733	4757	7727	4757	7727	6.324555320336759	6.324555320336759	0.0	7
59	4755	7733	4757	7727	4757	7727	6.324555320336759	6.324555320336759	0.0	7
59	4755	7733	4757	7727	4757	7727	6.324555320336759	6.324555320336759	0.0	7
59	4755	7733	4757	7727	4757	7727	6.324555320336759	6.324555320336759	0.0	7
59	4755	7733	4757	7727	4757	7727	6.324555320336759	6.324555320336759	0.0	7
59	4755	7733	4757	7727	4757	7727	6.324555320336759	6.324555320336759	0.0	7
88	4773	7678	4781	7668	4781	7668	12.806248474865697	12.806248474865697	0.0	13
88	4773	7678	4781	7668	4781	7668	12.806248474865697	12.806248474865697	0.0	13
88	4773	7678	4781	7668	4781	7668	12.806248474865697	12.806248474865697	0.0	13
88	4773	7678	4781	7668	4781	7668	12.806248474865697	12.806248474865697	0.0	13
88	4773	7678	4781	7668	4781	7668	12.806248474865697	12.806248474865697	0.0	13
88	4773	7678	4781	7668	4781	7668	12.806248474865697	12.806248474865697	0.0	13
88	4773	7678	4781	7668	4781	7668	12.806248474865697	12.806248474865697	0.0	13
88	4773	7678	4781	7668	4781	7668	12.806248474865697	12.806248474865697	0.0	13
88	4773	7678	4781	7668	4781	7668	12.806248474865697	12.806248474865697	0.0	13
89	4781	7668	4790	7656	4790	7656	15.0	15.0	0.0	13
89	4781	7668	4790	7656	4790	7656	15.0	15.0	0.0	13
89	4781	7668	4790	7656	4790	7656	15.0	15.0	0.0	13
89	4781	7668	4790	7656	4790	7656	15.0	15.0	0.0	13
89	4781	7668	4790	7656	4790	7656	15.0	15.0	0.0	13
89	4781	7668	4790	7656	4790	7656	15.0	15.0	0.0	13
89	4781	7668	4790	7656	4790	7656	15.0	15.0	0.0	13
89	4781	7668	4790	7656	4790	7656	15.0	15.0	0.0	13
89	4781	7668	4790	7656	4790	7656	15.0	15.0	0.0	13
90	4790	7656	4796	7644	4796	7644	13.416407864998739	13.416407864998739	0.0	13
90	4790	7656	4796	7644	4796	7644	13.416407864998739	13.416407864998739	0.0	13
90	4790	7656	4796	7644	4796	7644	13.416407864998739	13.416407864998739	0.0	13
90	4790	7656	4796	7644	4796	7644	13.416407864998739	13.416407864998739	0.0	13
90	4790	7656	4796	7644	4796	7644	13.416407864998739	13.416407864998739	0.0	13
90	4790	7656	4796	7644	4796	7644	13.416407864998739	13.416407864998739	0.0	13
90	4790	7656	4796	7644	4796	7644	13.416407864998739	13.416407864998739	0.0	13
90	4790	7656	4796	7644	4796	7644	13.416407864998739	13.416407864998739	0.0	13
90	4790	7656	4796	7644	4796	7644	13.416407864998739	13.416407864998739	0.0	13
91	4796	7644	4803	7632	4803	7632	13.892443989449804	13.892443989449804	0.0	13
91	4796	7644	4803	7632	4803	7632	13.892443989449804	13.892443989449804	0.0	13
91	4796	7644	4803	7632	4803	7632	13.892443989449804	13.892443989449804	0.0	13
91	4796	7644	4803	7632	4803	7632	13.892443989449804	13.892443989449804	0.0	13
91	4796	7644	4803	7632	4803	7632	13.892443989449804	13.892443989449804	0.0	13
91	4796	7644	4803	7632	4803	7632	13.892443989449804	13.892443989449804	0.0	13
91	4796	7644	4803	7632	4803	7632	13.892443989449804	13.892443989449804	0.0	13
91	4796	7644	4803	7632	4803	7632	13.892443989449804	13.892443989449804	0.0	13
91	4796	7644	4803	7632	4803	7632	13.892443989449804	13.892443989449804	0.0	13
92	4803	7632	4810	7620	4810	7620	13.892443989449804	13.892443989449804	0.0	13
92	4803	7632	4810	7620	4810	7620	13.892443989449804	13.892443989449804	0.0	13
92	4803	7632	4810	7620	4810	7620	13.892443989449804	13.892443989449804	0.0	13
92	4803	7632	4810	7620	4810	7620	13.892443989449804	13.892443989449804	0.0	13
92	4803	7632	4810	7620	4810	7620	13.892443989449804	13.892443989449804	0.0	13
92	4803	7632	4810	7620	4810	7620	13.892443989449804	13.892443989449804	0.0	13
92	4803	7632	4810	7620	4810	7620	13.892443989449804	13.892443989449804	0.0	13
92	4803	7632	4810	7620	4810	7620	13.892443989449804	13.892443989449804	0.0	13
92	4803	7632	4810	7620	4810	7620	13.892443989449804	13.892443989449804	0.0	13
93	4810	7620	4817	7608	4817	7608	13.892443989449804	13.892443989449804	0.0	13
93	4810	7620	4817	7608	4817	7608	13.892443989449804	13.892443989449804	0.0	13
93	4810	7620	4817	7608	4817	7608	13.892443989449804	13.892443989449804	0.0	13
93	4810	7620	4817	7608	4817	7608	13.892443989449804	13.892443989449804	0.0	13
93	4810	7620	4817	7608	4817	7608	13.892443989449804	13.892443989449804	0.0	13
93	4810	7620	4817	7608	4817	7608	13.892443989449804	13.892443989449804	0.0	13
93	4810	7620	4817	7608	4817	7608	13.892443989449804	13.892443989449804	0.0	13
93	4810	7620	4817	7608	4817	7608	13.892443989449804	13.892443989449804	0.0	13
93	4810	7620	4817	7608	4817	7608	13.892443989449804	13.892443989449804	0.0	13
94	4817	7608	4825	7596	4825	7596	14.422205101855956	14.422205101855956	0.0	13
94	4817	7608	4825	7596	4825	7596	14.422205101855956	14.422205101855956	0.0	13
94	4817	7608	4825	7596	4825	7596	14.422205101855956	14.422205101855956	0.0	13
94	4817	7608	4825	7596	4825	7596	14.422205101855956	14.422205101855956	0.0	13
94	4817	7608	4825	7596	4825	7596	14.422205101855956	14.422205101855956	0.0	13
94	4817	7608	4825	7596	4825	7596	14.422205101855956	14.422205101855956	0.0	13
94	4817	7608	4825	7596	4825	7596	14.422205101855956	14.422205101855956	0.0	13
94	4817	7608	4825	7596	4825	7596	14.422205101855956	14.422205101855956	0.0	13
94	4817	7608	4825	7596	4825	7596	14.422205101855956	14.422205101855956	0.0	13
95	4825	7596	4833	7585	4833	7585	13.601470508735444	13.601470508735444	0.0	14
95	4825	7596	4833	7585	4833	7585	13.601470508735444	13.601470508735444	0.0	14
95	4825	7596	4833	7585	4833	7585	13.601470508735444	13.601470508735444	0.0	14
95	4825	7596	4833	7585	4833	7585	13.601470508735444	13.601470508735444	0.0	14
95	4825	7596	4833	7585	4833	7585	13.601470508735444	13.601470508735444	0.0	14
95	4825	7596	4833	7585	4833	7585	13.601470508735444	13.601470508735444	0.0	14
95	4825	7596	4833	7585	4833	7585	13.601470508735444	13.601470508735444	0.0	14
95	4825	7596	4833	7585	4833	7585	13.601470508735444	13.601470508735444	0.0	14
95	4825	7596	4833	7585	4833	7585	13.601470508735444	13.601470508735444	0.0	14
96	4833	7585	4841	7574	4841	7574	13.601470508735444	13.601470508735444	0.0	13
96	4833	7585	4841	7574	4841	7574	13.601470508735444	13.601470508735444	0.0	13
96	4833	7585	4841	7574	4841	7574	13.601470508735444	13.601470508735444	0.0	13
96	4833	7585	4841	7574	4841	7574	13.601470508735444	13.601470508735444	0.0	13
96	4833	7585	4841	7574	4841	7574	13.601470508735444	13.601470508735444	0.0	13
96	4833	7585	4841	7574	4841	7574	13.601470508735444	13.601470508735444	0.0	13
96	4833	7585	4841	7574	4841	7574	13.601470508735444	13.601470508735444	0.0	13
96	4833	7585	4841	7574	4841	7574	13.601470508735444	13.601470508735444	0.0	13
96	4833	7585	4841	7574	4841	7574	13.601470508735444	13.601470508735444	0.0	13
97	4841	7574	4850	7562	4850	7562	15.0	15.0	0.0	13
97	4841	7574	4850	7562	4850	7562	15.0	15.0	0.0	13
97	4841	7574	4850	7562	4850	7562	15.0	15.0	0.0	13
97	4841	7574	4850	7562	4850	7562	15.0	15.0	0.0	13
97	4841	7574	4850	7562	4850	7562	15.0	15.0	0.0	13
97	4841	7574	4850	7562	4850	7562	15.0	15.0	0.0	13
97	4841	7574	4850	7562	4850	7562	15.0	15.0	0.0	13
97	4841	7574	4850	7562	4850	7562	15.0	15.0	0.0	13
97	4841	7574	4850	7562	4850	7562	15.0	15.0	0.0	13
98	4850	7562	4858	7552	4858	7552	12.806248474865697	12.806248474865697	0.0	13
98	4850	7562	4858	7552	4858	7552	12.806248474865697	12.806248474865697	0.0	13
98	4850	7562	4858	7552	4858	7552	12.806248474865697	12.806248474865697	0.0	13
98	4850	7562	4858	7552	4858	7552	12.806248474865697	12.806248474865697	0.0	13
98	4850	7562	4858	7552	4858	7552	12.806248474865697	12.806248474865697	0.0	13
98	4850	7562	4858	7552	4858	7552	12.806248474865697	12.806248474865697	0.0	13
98	4850	7562	4858	7552	4858	7552	12.806248474865697	12.806248474865697	0.0	13
98	4850	7562	4858	7552	4858	7552	12.806248474865697	12.806248474865697	0.0	13
98	4850	7562	4858	7552	4858	7552	12.806248474865697	12.806248474865697	0.0	13
205	5554	7234	5565	7225	5565	7225	14.212670403551895	14.212670403551895	0.0	13
205	5554	7234	5565	7225	5565	7225	14.212670403551895	14.212670403551895	0.0	13
205	5554	7234	5565	7225	5565	7225	14.212670403551895	14.212670403551895	0.0	13
205	5554	7234	5565	7225	5565	7225	14.212670403551895	14.212670403551895	0.0	13
205	5554	7234	5565	7225	5565	7225	14.212670403551895	14.212670403551895	0.0	13
205	5554	7234	5565	7225	5565	7225	14.212670403551895	14.212670403551895	0.0	13
205	5554	7234	5565	7225	5565	7225	14.212670403551895	14.212670403551895	0.0	13
205	5554	7234	5565	7225	5565	7225	14.212670403551895	14.212670403551895	0.0	13
205	5554	7234	5565	7225	5565	7225	14.212670403551895	14.212670403551895	0.0	13
206	5565	7225	5576	7216	5576	7216	14.212670403551895	14.212670403551895	0.0	14
206	5565	7225	5576	7216	5576	7216	14.212670403551895	14.212670403551895	0.0	14
206	5565	7225	5576	7216	5576	7216	14.212670403551895	14.212670403551895	0.0	14
206	5565	7225	5576	7216	5576	7216	14.212670403551895	14.212670403551895	0.0	14
206	5565	7225	5576	7216	5576	7216	14.212670403551895	14.212670403551895	0.0	14
206	5565	7225	5576	7216	5576	7216	14.212670403551895	14.212670403551895	0.0	14
206	5565	7225	5576	7216	5576	7216	14.212670403551895	14.212670403551895	0.0	14
206	5565	7225	5576	7216	5576	7216	14.212670403551895	14.212670403551895	0.0	14
206	5565	7225	5576	7216	5576	7216	14.212670403551895	14.212670403551895	0.0	14
207	5576	7216	5586	7206	5586	7206	14.142135623730951	14.142135623730951	0.0	13
207	5576	7216	5586	7206	5586	7206	14.142135623730951	14.142135623730951	0.0	13
207	5576	7216	5586	7206	5586	7206	14.142135623730951	14.142135623730951	0.0	13
207	5576	7216	5586	7206	5586	7206	14.142135623730951	14.142135623730951	0.0	13
207	5576	7216	5586	7206	5586	7206	14.142135623730951	14.142135623730951	0.0	13
207	5576	7216	5586	7206	5586	7206	14.142135623730951	14.142135623730951	0.0	13
207	5576	7216	5586	7206	5586	7206	14.142135623730951	14.142135623730951	0.0	13
207	5576	7216	5586	7206	5586	7206	14.142135623730951	14.142135623730951	0.0	13
207	5576	7216	5586	7206	5586	7206	14.142135623730951	14.142135623730951	0.0	13
208	5586	7206	5597	7197	5597	7197	14.212670403551895	14.212670403551895	0.0	13
208	5586	7206	5597	7197	5597	7197	14.212670403551895	14.212670403551895	0.0	13
208	5586	7206	5597	7197	5597	7197	14.212670403551895	14.212670403551895	0.0	13
208	5586	7206	5597	7197	5597	7197	14.212670403551895	14.212670403551895	0.0	13
208	5586	7206	5597	7197	5597	7197	14.212670403551895	14.212670403551895	0.0	13
208	5586	7206	5597	7197	5597	7197	14.212670403551895	14.212670403551895	0.0	13
208	5586	7206	5597	7197	5597	7197	14.212670403551895	14.212670403551895	0.0	13
208	5586	7206	5597	7197	5597	7197	14.212670403551895	14.212670403551895	0.0	13
208	5586	7206	5597	7197	5597	7197	14.212670403551895	14.212670403551895	0.0	13
209	5597	7197	5607	7188	5607	7188	13.45362404707371	13.45362404707371	0.0	13
209	5597	7197	5607	7188	5607	7188	13.45362404707371	13.45362404707371	0.0	13
209	5597	7197	5607	7188	5607	7188	13.45362404707371	13.45362404707371	0.0	13
209	5597	7197	5607	7188	5607	7188	13.45362404707371	13.45362404707371	0.0	13
209	5597	7197	5607	7188	5607	7188	13.45362404707371	13.45362404707371	0.0	13
209	5597	7197	5607	7188	5607	7188	13.45362404707371	13.45362404707371	0.0	13
209	5597	7197	5607	7188	5607	7188	13.45362404707371	13.45362404707371	0.0	13
209	5597	7197	5607	7188	5607	7188	13.45362404707371	13.45362404707371	0.0	13
209	5597	7197	5607	7188	5607	7188	13.45362404707371	13.45362404707371	0.0	13
210	5607	7188	5618	7179	5618	7179	14.212670403551895	14.212670403551895	0.0	13
210	5607	7188	5618	7179	5618	7179	14.212670403551895	14.212670403551895	0.0	13
210	5607	7188	5618	7179	5618	7179	14.212670403551895	14.212670403551895	0.0	13
210	5607	7188	5618	7179	5618	7179	14.212670403551895	14.212670403551895	0.0	13
210	5607	7188	5618	7179	5618	7179	14.212670403551895	14.212670403551895	0.0	13
210	5607	7188	5618	7179	5618	7179	14.212670403551895	14.212670403551895	0.0	13
210	5607	7188	5618	7179	5618	7179	14.212670403551895	14.212670403551895	0.0	13
210	5607	7188	5618	7179	5618	7179	14.212670403551895	14.212670403551895	0.0	13
210	5607	7188	5618	7179	5618	7179	14.212670403551895	14.212670403551895	0.0	13
211	5618	7179	5628	7170	5628	7170	13.45362404707371	13.45362404707371	0.0	13
211	5618	7179	5628	7170	5628	7170	13.45362404707371	13.45362404707371	0.0	13
211	5618	7179	5628	7170	5628	7170	13.45362404707371	13.45362404707371	0.0	13
211	5618	7179	5628	7170	5628	7170	13.45362404707371	13.45362404707371	0.0	13
211	5618	7179	5628	7170	5628	7170	13.45362404707371	13.45362404707371	0.0	13
211	5618	7179	5628	7170	5628	7170	13.45362404707371	13.45362404707371	0.0	13
211	5618	7179	5628	7170	5628	7170	13.45362404707371	13.45362404707371	0.0	13
211	5618	7179	5628	7170	5628	7170	13.45362404707371	13.45362404707371	0.0	13
211	5618	7179	5628	7170	5628	7170	13.45362404707371	13.45362404707371	0.0	13
212	5628	7170	5639	7161	5639	7161	14.212670403551895	14.212670403551895	0.0	13
212	5628	7170	5639	7161	5639	7161	14.212670403551895	14.212670403551895	0.0	13
212	5628	7170	5639	7161	5639	7161	14.212670403551895	14.212670403551895	0.0	13
212	5628	7170	5639	7161	5639	7161	14.212670403551895	14.212670403551895	0.0	13
212	5628	7170	5639	7161	5639	7161	14.212670403551895	14.212670403551895	0.0	13
212	5628	7170	5639	7161	5639	7161	14.212670403551895	14.212670403551895	0.0	13
212	5628	7170	5639	7161	5639	7161	14.212670403551895	14.212670403551895	0.0	13
212	5628	7170	5639	7161	5639	7161	14.212670403551895	14.212670403551895	0.0	13
212	5628	7170	5639	7161	5639	7161	14.212670403551895	14.212670403551895	0.0	13
213	5639	7161	5649	7151	5649	7151	14.142135623730951	14.142135623730951	0.0	14
213	5639	7161	5649	7151	5649	7151	14.142135623730951	14.142135623730951	0.0	14
213	5639	7161	5649	7151	5649	7151	14.142135623730951	14.142135623730951	0.0	14
213	5639	7161	5649	7151	5649	7151	14.142135623730951	14.142135623730951	0.0	14
213	5639	7161	5649	7151	5649	7151	14.142135623730951	14.142135623730951	0.0	14
213	5639	7161	5649	7151	5649	7151	14.142135623730951	14.142135623730951	0.0	14
213	5639	7161	5649	7151	5649	7151	14.142135623730951	14.142135623730951	0.0	14
213	5639	7161	5649	7151	5649	7151	14.142135623730951	14.142135623730951	0.0	14
213	5639	7161	5649	7151	5649	7151	14.142135623730951	14.142135623730951	0.0	14
214	5649	7151	5660	7142	5660	7142	14.212670403551895	14.212670403551895	0.0	13
214	5649	7151	5660	7142	5660	7142	14.212670403551895	14.212670403551895	0.0	13
214	5649	7151	5660	7142	5660	7142	14.212670403551895	14.212670403551895	0.0	13
214	5649	7151	5660	7142	5660	7142	14.212670403551895	14.212670403551895	0.0	13
214	5649	7151	5660	7142	5660	7142	14.212670403551895	14.212670403551895	0.0	13
214	5649	7151	5660	7142	5660	7142	14.212670403551895	14.212670403551895	0.0	13
214	5649	7151	5660	7142	5660	7142	14.212670403551895	14.212670403551895	0.0	13
214	5649	7151	5660	7142	5660	7142	14.212670403551895	14.212670403551895	0.0	13
214	5649	7151	5660	7142	5660	7142	14.212670403551895	14.212670403551895	0.0	13
215	5660	7142	5670	7133	5670	7133	13.45362404707371	13.45362404707371	0.0	13
215	5660	7142	5670	7133	5670	7133	13.45362404707371	13.45362404707371	0.0	13
215	5660	7142	5670	7133	5670	7133	13.45362404707371	13.45362404707371	0.0	13
215	5660	7142	5670	7133	5670	7133	13.45362404707371	13.45362404707371	0.0	13
215	5660	7142	5670	7133	5670	7133	13.45362404707371	13.45362404707371	0.0	13
215	5660	7142	5670	7133	5670	7133	13.45362404707371	13.45362404707371	0.0	13
215	5660	7142	5670	7133	5670	7133	13.45362404707371	13.45362404707371	0.0	13
215	5660	7142	5670	7133	5670	7133	13.45362404707371	13.45362404707371	0.0	13
215	5660	7142	5670	7133	5670	7133	13.45362404707371	13.45362404707371	0.0	13
216	5670	7133	5681	7124	5681	7124	14.212670403551895	14.212670403551895	0.0	14
216	5670	7133	5681	7124	5681	7124	14.212670403551895	14.212670403551895	0.0	14
216	5670	7133	5681	7124	5681	7124	14.212670403551895	14.212670403551895	0.0	14
216	5670	7133	5681	7124	5681	7124	14.212670403551895	14.212670403551895	0.0	14
216	5670	7133	5681	7124	5681	7124	14.212670403551895	14.212670403551895	0.0	14
216	5670	7133	5681	7124	5681	7124	14.212670403551895	14.212670403551895	0.0	14
216	5670	7133	5681	7124	5681	7124	14.212670403551895	14.212670403551895	0.0	14
216	5670	7133	5681	7124	5681	7124	14.212670403551895	14.212670403551895	0.0	14
216	5670	7133	5681	7124	5681	7124	14.212670403551895	14.212670403551895	0.0	14
217	5681	7124	5691	7115	5691	7115	13.45362404707371	13.45362404707371	0.0	13
217	5681	7124	5691	7115	5691	7115	13.45362404707371	13.45362404707371	0.0	13
217	5681	7124	5691	7115	5691	7115	13.45362404707371	13.45362404707371	0.0	13
217	5681	7124	5691	7115	5691	7115	13.45362404707371	13.45362404707371	0.0	13
217	5681	7124	5691	7115	5691	7115	13.45362404707371	13.45362404707371	0.0	13
217	5681	7124	5691	7115	5691	7115	13.45362404707371	13.45362404707371	0.0	13
217	5681	7124	5691	7115	5691	7115	13.45362404707371	13.45362404707371	0.0	13
217	5681	7124	5691	7115	5691	7115	13.45362404707371	13.45362404707371	0.0	13
217	5681	7124	5691	7115	5691	7115	13.45362404707371	13.45362404707371	0.0	13
218	5691	7115	5702	7106	5702	7106	14.212670403551895	14.212670403551895	0.0	13
218	5691	7115	5702	7106	5702	7106	14.212670403551895	14.212670403551895	0.0	13
218	5691	7115	5702	7106	5702	7106	14.212670403551895	14.212670403551895	0.0	13
218	5691	7115	5702	7106	5702	7106	14.212670403551895	14.212670403551895	0.0	13
218	5691	7115	5702	7106	5702	7106	14.212670403551895	14.212670403551895	0.0	13
218	5691	7115	5702	7106	5702	7106	14.212670403551895	14.212670403551895	0.0	13
218	5691	7115	5702	7106	5702	7106	14.212670403551895	14.212670403551895	0.0	13
218	5691	7115	5702	7106	5702	7106	14.212670403551895	14.212670403551895	0.0	13
218	5691	7115	5702	7106	5702	7106	14.212670403551895	14.212670403551895	0.0	13
219	5702	7106	5712	7096	5712	7096	14.142135623730951	14.142135623730951	0.0	13
219	5702	7106	5712	7096	5712	7096	14.142135623730951	14.142135623730951	0.0	13
219	5702	7106	5712	7096	5712	7096	14.142135623730951	14.142135623730951	0.0	13
219	5702	7106	5712	7096	5712	7096	14.142135623730951	14.142135623730951	0.0	13
219	5702	7106	5712	7096	5712	7096	14.142135623730951	14.142135623730951	0.0	13
219	5702	7106	5712	7096	5712	7096	14.142135623730951	14.142135623730951	0.0	13
219	5702	7106	5712	7096	5712	7096	14.142135623730951	14.142135623730951	0.0	13
219	5702	7106	5712	7096	5712	7096	14.142135623730951	14.142135623730951	0.0	13
219	5702	7106	5712	7096	5712	7096	14.142135623730951	14.142135623730951	0.0	13
304	6116	6872	6121	6869	6121	6869	5.830951894845301	5.830951894845301	0.0	7
304	6116	6872	6121	6869	6121	6869	5.830951894845301	5.830951894845301	0.0	7
304	6116	6872	6121	6869	6121	6869	5.830951894845301	5.830951894845301	0.0	7
304	6116	6872	6121	6869	6121	6869	5.830951894845301	5.830951894845301	0.0	7
304	6116	6872	6121	6869	6121	6869	5.830951894845301	5.830951894845301	0.0	7
304	6116	6872	6121	6869	6121	6869	5.830951894845301	5.830951894845301	0.0	7
304	6116	6872	6121	6869	6121	6869	5.830951894845301	5.830951894845301	0.0	7
304	6116	6872	6121	6869	6121	6869	5.830951894845301	5.830951894845301	0.0	7
304	6116	6872	6121	6869	6121	6869	5.830951894845301	5.830951894845301	0.0	7
759	7281	6150	7288	6140	7288	6140	12.206555615733702	12.206555615733702	0.0	13
759	7281	6150	7288	6140	7288	6140	12.206555615733702	12.206555615733702	0.0	13
759	7281	6150	7288	6140	7288	6140	12.206555615733702	12.206555615733702	0.0	13
759	7281	6150	7288	6140	7288	6140	12.206555615733702	12.206555615733702	0.0	13
759	7281	6150	7288	6140	7288	6140	12.206555615733702	12.206555615733702	0.0	13
759	7281	6150	7288	6140	7288	6140	12.206555615733702	12.206555615733702	0.0	13
759	7281	6150	7288	6140	7288	6140	12.206555615733702	12.206555615733702	0.0	13
759	7281	6150	7288	6140	7288	6140	12.206555615733702	12.206555615733702	0.0	13
759	7281	6150	7288	6140	7288	6140	12.206555615733702	12.206555615733702	0.0	13
760	7288	6140	7292	6131	7292	6131	9.848857801796104	9.848857801796104	0.0	11
760	7288	6140	7292	6131	7292	6131	9.848857801796104	9.848857801796104	0.0	11
760	7288	6140	7292	6131	7292	6131	9.848857801796104	9.848857801796104	0.0	11
760	7288	6140	7292	6131	7292	6131	9.848857801796104	9.848857801796104	0.0	11
760	7288	6140	7292	6131	7292	6131	9.848857801796104	9.848857801796104	0.0	11
760	7288	6140	7292	6131	7292	6131	9.848857801796104	9.848857801796104	0.0	11
760	7288	6140	7292	6131	7292	6131	9.848857801796104	9.848857801796104	0.0	11
760	7288	6140	7292	6131	7292	6131	9.848857801796104	9.848857801796104	0.0	11
760	7288	6140	7292	6131	7292	6131	9.848857801796104	9.848857801796104	0.0	11
761	7292	6131	7295	6125	7295	6125	6.708203932499369	6.708203932499369	0.0	8
761	7292	6131	7295	6125	7295	6125	6.708203932499369	6.708203932499369	0.0	8
761	7292	6131	7295	6125	7295	6125	6.708203932499369	6.708203932499369	0.0	8
761	7292	6131	7295	6125	7295	6125	6.708203932499369	6.708203932499369	0.0	8
761	7292	6131	7295	6125	7295	6125	6.708203932499369	6.708203932499369	0.0	8
761	7292	6131	7295	6125	7295	6125	6.708203932499369	6.708203932499369	0.0	8
761	7292	6131	7295	6125	7295	6125	6.708203932499369	6.708203932499369	0.0	8
761	7292	6131	7295	6125	7295	6125	6.708203932499369	6.708203932499369	0.0	8
761	7292	6131	7295	6125	7295	6125	6.708203932499369	6.708203932499369	0.0	8
762	7295	6125	7297	6121	7297	6121	4.47213595499958	4.47213595499958	0.0	5
762	7295	6125	7297	6121	7297	6121	4.47213595499958	4.47213595499958	0.0	5
762	7295	6125	7297	6121	7297	6121	4.47213595499958	4.47213595499958	0.0	5
762	7295	6125	7297	6121	7297	6121	4.47213595499958	4.47213595499958	0.0	5
762	7295	6125	7297	6121	7297	6121	4.47213595499958	4.47213595499958	0.0	5
762	7295	6125	7297	6121	7297	6121	4.47213595499958	4.47213595499958	0.0	5
762	7295	6125	7297	6121	7297	6121	4.47213595499958	4.47213595499958	0.0	5
762	7295	6125	7297	6121	7297	6121	4.47213595499958	4.47213595499958	0.0	5
762	7295	6125	7297	6121	7297	6121	4.47213595499958	4.47213595499958	0.0	5
763	7297	6121	7297	6120	7297	6120	1.0	1.0	0.0	3
763	7297	6121	7297	6120	7297	6120	1.0	1.0	0.0	3
763	7297	6121	7297	6120	7297	6120	1.0	1.0	0.0	3
763	7297	6121	7297	6120	7297	6120	1.0	1.0	0.0	3
763	7297	6121	7297	6120	7297	6120	1.0	1.0	0.0	3
763	7297	6121	7297	6120	7297	6120	1.0	1.0	0.0	3
763	7297	6121	7297	6120	7297	6120	1.0	1.0	0.0	3
763	7297	6121	7297	6120	7297	6120	1.0	1.0	0.0	3
763	7297	6121	7297	6120	7297	6120	1.0	1.0	0.0	3
784	7297	6120	7298	6117	7298	6117	3.1622776601683795	3.1622776601683795	0.0	1
784	7297	6120	7298	6117	7298	6117	3.1622776601683795	3.1622776601683795	0.0	1
784	7297	6120	7298	6117	7298	6117	3.1622776601683795	3.1622776601683795	0.0	1
784	7297	6120	7298	6117	7298	6117	3.1622776601683795	3.1622776601683795	0.0	1
784	7297	6120	7298	6117	7298	6117	3.1622776601683795	3.1622776601683795	0.0	1
784	7297	6120	7298	6117	7298	6117	3.1622776601683795	3.1622776601683795	0.0	1
784	7297	6120	7298	6117	7298	6117	3.1622776601683795	3.1622776601683795	0.0	1
784	7297	6120	7298	6117	7298	6117	3.1622776601683795	3.1622776601683795	0.0	1
784	7297	6120	7298	6117	7298	6117	3.1622776601683795	3.1622776601683795	0.0	1
785	7298	6117	7299	6113	7299	6113	4.123105625617661	4.123105625617661	0.0	3
785	7298	6117	7299	6113	7299	6113	4.123105625617661	4.123105625617661	0.0	3
785	7298	6117	7299	6113	7299	6113	4.123105625617661	4.123105625617661	0.0	3
785	7298	6117	7299	6113	7299	6113	4.123105625617661	4.123105625617661	0.0	3
785	7298	6117	7299	6113	7299	6113	4.123105625617661	4.123105625617661	0.0	3
785	7298	6117	7299	6113	7299	6113	4.123105625617661	4.123105625617661	0.0	3
785	7298	6117	7299	6113	7299	6113	4.123105625617661	4.123105625617661	0.0	3
785	7298	6117	7299	6113	7299	6113	4.123105625617661	4.123105625617661	0.0	3
785	7298	6117	7299	6113	7299	6113	4.123105625617661	4.123105625617661	0.0	3
786	7299	6113	7300	6107	7300	6107	6.082762530298219	6.082762530298219	0.0	5
786	7299	6113	7300	6107	7300	6107	6.082762530298219	6.082762530298219	0.0	5
786	7299	6113	7300	6107	7300	6107	6.082762530298219	6.082762530298219	0.0	5
786	7299	6113	7300	6107	7300	6107	6.082762530298219	6.082762530298219	0.0	5
786	7299	6113	7300	6107	7300	6107	6.082762530298219	6.082762530298219	0.0	5
786	7299	6113	7300	6107	7300	6107	6.082762530298219	6.082762530298219	0.0	5
786	7299	6113	7300	6107	7300	6107	6.082762530298219	6.082762530298219	0.0	5
786	7299	6113	7300	6107	7300	6107	6.082762530298219	6.082762530298219	0.0	5
786	7299	6113	7300	6107	7300	6107	6.082762530298219	6.082762530298219	0.0	5
787	7300	6107	7301	6098	7301	6098	9.055385138137417	9.055385138137417	0.0	7
787	7300	6107	7301	6098	7301	6098	9.055385138137417	9.055385138137417	0.0	7
787	7300	6107	7301	6098	7301	6098	9.055385138137417	9.055385138137417	0.0	7
787	7300	6107	7301	6098	7301	6098	9.055385138137417	9.055385138137417	0.0	7
787	7300	6107	7301	6098	7301	6098	9.055385138137417	9.055385138137417	0.0	7
787	7300	6107	7301	6098	7301	6098	9.055385138137417	9.055385138137417	0.0	7
787	7300	6107	7301	6098	7301	6098	9.055385138137417	9.055385138137417	0.0	7
787	7300	6107	7301	6098	7301	6098	9.055385138137417	9.055385138137417	0.0	7
787	7300	6107	7301	6098	7301	6098	9.055385138137417	9.055385138137417	0.0	7
788	7301	6098	7302	6088	7302	6088	10.04987562112089	10.04987562112089	0.0	9
788	7301	6098	7302	6088	7302	6088	10.04987562112089	10.04987562112089	0.0	9
788	7301	6098	7302	6088	7302	6088	10.04987562112089	10.04987562112089	0.0	9
788	7301	6098	7302	6088	7302	6088	10.04987562112089	10.04987562112089	0.0	9
788	7301	6098	7302	6088	7302	6088	10.04987562112089	10.04987562112089	0.0	9
788	7301	6098	7302	6088	7302	6088	10.04987562112089	10.04987562112089	0.0	9
788	7301	6098	7302	6088	7302	6088	10.04987562112089	10.04987562112089	0.0	9
788	7301	6098	7302	6088	7302	6088	10.04987562112089	10.04987562112089	0.0	9
788	7301	6098	7302	6088	7302	6088	10.04987562112089	10.04987562112089	0.0	9
789	7302	6088	7300	6076	7300	6076	12.165525060596439	12.165525060596439	0.0	11
789	7302	6088	7300	6076	7300	6076	12.165525060596439	12.165525060596439	0.0	11
789	7302	6088	7300	6076	7300	6076	12.165525060596439	12.165525060596439	0.0	11
789	7302	6088	7300	6076	7300	6076	12.165525060596439	12.165525060596439	0.0	11
789	7302	6088	7300	6076	7300	6076	12.165525060596439	12.165525060596439	0.0	11
789	7302	6088	7300	6076	7300	6076	12.165525060596439	12.165525060596439	0.0	11
789	7302	6088	7300	6076	7300	6076	12.165525060596439	12.165525060596439	0.0	11
789	7302	6088	7300	6076	7300	6076	12.165525060596439	12.165525060596439	0.0	11
789	7302	6088	7300	6076	7300	6076	12.165525060596439	12.165525060596439	0.0	11
790	7300	6076	7299	6062	7299	6062	14.035668847618199	14.035668847618199	0.0	13
790	7300	6076	7299	6062	7299	6062	14.035668847618199	14.035668847618199	0.0	13
790	7300	6076	7299	6062	7299	6062	14.035668847618199	14.035668847618199	0.0	13
790	7300	6076	7299	6062	7299	6062	14.035668847618199	14.035668847618199	0.0	13
790	7300	6076	7299	6062	7299	6062	14.035668847618199	14.035668847618199	0.0	13
790	7300	6076	7299	6062	7299	6062	14.035668847618199	14.035668847618199	0.0	13
790	7300	6076	7299	6062	7299	6062	14.035668847618199	14.035668847618199	0.0	13
790	7300	6076	7299	6062	7299	6062	14.035668847618199	14.035668847618199	0.0	13
790	7300	6076	7299	6062	7299	6062	14.035668847618199	14.035668847618199	0.0	13
791	7299	6062	7297	6048	7297	6048	14.142135623730951	14.142135623730951	0.0	13
791	7299	6062	7297	6048	7297	6048	14.142135623730951	14.142135623730951	0.0	13
791	7299	6062	7297	6048	7297	6048	14.142135623730951	14.142135623730951	0.0	13
791	7299	6062	7297	6048	7297	6048	14.142135623730951	14.142135623730951	0.0	13
791	7299	6062	7297	6048	7297	6048	14.142135623730951	14.142135623730951	0.0	13
791	7299	6062	7297	6048	7297	6048	14.142135623730951	14.142135623730951	0.0	13
791	7299	6062	7297	6048	7297	6048	14.142135623730951	14.142135623730951	0.0	13
791	7299	6062	7297	6048	7297	6048	14.142135623730951	14.142135623730951	0.0	13
791	7299	6062	7297	6048	7297	6048	14.142135623730951	14.142135623730951	0.0	13
792	7297	6048	7292	6036	7292	6036	13.0	13.0	0.0	13
792	7297	6048	7292	6036	7292	6036	13.0	13.0	0.0	13
792	7297	6048	7292	6036	7292	6036	13.0	13.0	0.0	13
792	7297	6048	7292	6036	7292	6036	13.0	13.0	0.0	13
792	7297	6048	7292	6036	7292	6036	13.0	13.0	0.0	13
792	7297	6048	7292	6036	7292	6036	13.0	13.0	0.0	13
792	7297	6048	7292	6036	7292	6036	13.0	13.0	0.0	13
792	7297	6048	7292	6036	7292	6036	13.0	13.0	0.0	13
792	7297	6048	7292	6036	7292	6036	13.0	13.0	0.0	13
806	7270	5982	7275	5979	7275	5979	5.830951894845301	5.830951894845301	0.0	4
806	7270	5982	7275	5979	7275	5979	5.830951894845301	5.830951894845301	0.0	4
806	7270	5982	7275	5979	7275	5979	5.830951894845301	5.830951894845301	0.0	4
806	7270	5982	7275	5979	7275	5979	5.830951894845301	5.830951894845301	0.0	4
806	7270	5982	7275	5979	7275	5979	5.830951894845301	5.830951894845301	0.0	4
806	7270	5982	7275	5979	7275	5979	5.830951894845301	5.830951894845301	0.0	4
806	7270	5982	7275	5979	7275	5979	5.830951894845301	5.830951894845301	0.0	4
806	7270	5982	7275	5979	7275	5979	5.830951894845301	5.830951894845301	0.0	4
806	7270	5982	7275	5979	7275	5979	5.830951894845301	5.830951894845301	0.0	4
1249	7217	5191	7211	5178	7211	5178	14.317821063276353	14.317821063276353	0.0	13
1249	7217	5191	7211	5178	7211	5178	14.317821063276353	14.317821063276353	0.0	13
1249	7217	5191	7211	5178	7211	5178	14.317821063276353	14.317821063276353	0.0	13
1249	7217	5191	7211	5178	7211	5178	14.317821063276353	14.317821063276353	0.0	13
1249	7217	5191	7211	5178	7211	5178	14.317821063276353	14.317821063276353	0.0	13
1249	7217	5191	7211	5178	7211	5178	14.317821063276353	14.317821063276353	0.0	13
1249	7217	5191	7211	5178	7211	5178	14.317821063276353	14.317821063276353	0.0	13
1249	7217	5191	7211	5178	7211	5178	14.317821063276353	14.317821063276353	0.0	13
1249	7217	5191	7211	5178	7211	5178	14.317821063276353	14.317821063276353	0.0	13
1250	7211	5178	7204	5166	7204	5166	13.892443989449804	13.892443989449804	0.0	14
1250	7211	5178	7204	5166	7204	5166	13.892443989449804	13.892443989449804	0.0	14
1250	7211	5178	7204	5166	7204	5166	13.892443989449804	13.892443989449804	0.0	14
1250	7211	5178	7204	5166	7204	5166	13.892443989449804	13.892443989449804	0.0	14
1250	7211	5178	7204	5166	7204	5166	13.892443989449804	13.892443989449804	0.0	14
1250	7211	5178	7204	5166	7204	5166	13.892443989449804	13.892443989449804	0.0	14
1250	7211	5178	7204	5166	7204	5166	13.892443989449804	13.892443989449804	0.0	14
1250	7211	5178	7204	5166	7204	5166	13.892443989449804	13.892443989449804	0.0	14
1250	7211	5178	7204	5166	7204	5166	13.892443989449804	13.892443989449804	0.0	14
1251	7204	5166	7198	5153	7198	5153	14.317821063276353	14.317821063276353	0.0	13
1251	7204	5166	7198	5153	7198	5153	14.317821063276353	14.317821063276353	0.0	13
1251	7204	5166	7198	5153	7198	5153	14.317821063276353	14.317821063276353	0.0	13
1251	7204	5166	7198	5153	7198	5153	14.317821063276353	14.317821063276353	0.0	13
1251	7204	5166	7198	5153	7198	5153	14.317821063276353	14.317821063276353	0.0	13
1251	7204	5166	7198	5153	7198	5153	14.317821063276353	14.317821063276353	0.0	13
1251	7204	5166	7198	5153	7198	5153	14.317821063276353	14.317821063276353	0.0	13
1251	7204	5166	7198	5153	7198	5153	14.317821063276353	14.317821063276353	0.0	13
1251	7204	5166	7198	5153	7198	5153	14.317821063276353	14.317821063276353	0.0	13
1252	7198	5153	7192	5141	7192	5141	13.416407864998739	13.416407864998739	0.0	14
1252	7198	5153	7192	5141	7192	5141	13.416407864998739	13.416407864998739	0.0	14
1252	7198	5153	7192	5141	7192	5141	13.416407864998739	13.416407864998739	0.0	14
1252	7198	5153	7192	5141	7192	5141	13.416407864998739	13.416407864998739	0.0	14
1252	7198	5153	7192	5141	7192	5141	13.416407864998739	13.416407864998739	0.0	14
1252	7198	5153	7192	5141	7192	5141	13.416407864998739	13.416407864998739	0.0	14
1252	7198	5153	7192	5141	7192	5141	13.416407864998739	13.416407864998739	0.0	14
1252	7198	5153	7192	5141	7192	5141	13.416407864998739	13.416407864998739	0.0	14
1252	7198	5153	7192	5141	7192	5141	13.416407864998739	13.416407864998739	0.0	14
1253	7192	5141	7185	5128	7185	5128	14.7648230602334	14.7648230602334	0.0	13
1253	7192	5141	7185	5128	7185	5128	14.7648230602334	14.7648230602334	0.0	13
1253	7192	5141	7185	5128	7185	5128	14.7648230602334	14.7648230602334	0.0	13
1253	7192	5141	7185	5128	7185	5128	14.7648230602334	14.7648230602334	0.0	13
1253	7192	5141	7185	5128	7185	5128	14.7648230602334	14.7648230602334	0.0	13
1253	7192	5141	7185	5128	7185	5128	14.7648230602334	14.7648230602334	0.0	13
1253	7192	5141	7185	5128	7185	5128	14.7648230602334	14.7648230602334	0.0	13
1253	7192	5141	7185	5128	7185	5128	14.7648230602334	14.7648230602334	0.0	13
1253	7192	5141	7185	5128	7185	5128	14.7648230602334	14.7648230602334	0.0	13
1254	7185	5128	7179	5116	7179	5116	13.416407864998739	13.416407864998739	0.0	13
1254	7185	5128	7179	5116	7179	5116	13.416407864998739	13.416407864998739	0.0	13
1254	7185	5128	7179	5116	7179	5116	13.416407864998739	13.416407864998739	0.0	13
1254	7185	5128	7179	5116	7179	5116	13.416407864998739	13.416407864998739	0.0	13
1254	7185	5128	7179	5116	7179	5116	13.416407864998739	13.416407864998739	0.0	13
1254	7185	5128	7179	5116	7179	5116	13.416407864998739	13.416407864998739	0.0	13
1254	7185	5128	7179	5116	7179	5116	13.416407864998739	13.416407864998739	0.0	13
1254	7185	5128	7179	5116	7179	5116	13.416407864998739	13.416407864998739	0.0	13
1254	7185	5128	7179	5116	7179	5116	13.416407864998739	13.416407864998739	0.0	13
1255	7179	5116	7173	5104	7173	5104	13.416407864998739	13.416407864998739	0.0	14
1255	7179	5116	7173	5104	7173	5104	13.416407864998739	13.416407864998739	0.0	14
1255	7179	5116	7173	5104	7173	5104	13.416407864998739	13.416407864998739	0.0	14
1255	7179	5116	7173	5104	7173	5104	13.416407864998739	13.416407864998739	0.0	14
1255	7179	5116	7173	5104	7173	5104	13.416407864998739	13.416407864998739	0.0	14
1255	7179	5116	7173	5104	7173	5104	13.416407864998739	13.416407864998739	0.0	14
1255	7179	5116	7173	5104	7173	5104	13.416407864998739	13.416407864998739	0.0	14
1255	7179	5116	7173	5104	7173	5104	13.416407864998739	13.416407864998739	0.0	14
1255	7179	5116	7173	5104	7173	5104	13.416407864998739	13.416407864998739	0.0	14
1256	7173	5104	7167	5091	7167	5091	14.317821063276353	14.317821063276353	0.0	14
1256	7173	5104	7167	5091	7167	5091	14.317821063276353	14.317821063276353	0.0	14
1256	7173	5104	7167	5091	7167	5091	14.317821063276353	14.317821063276353	0.0	14
1256	7173	5104	7167	5091	7167	5091	14.317821063276353	14.317821063276353	0.0	14
1256	7173	5104	7167	5091	7167	5091	14.317821063276353	14.317821063276353	0.0	14
1256	7173	5104	7167	5091	7167	5091	14.317821063276353	14.317821063276353	0.0	14
1256	7173	5104	7167	5091	7167	5091	14.317821063276353	14.317821063276353	0.0	14
1256	7173	5104	7167	5091	7167	5091	14.317821063276353	14.317821063276353	0.0	14
1256	7173	5104	7167	5091	7167	5091	14.317821063276353	14.317821063276353	0.0	14
1257	7167	5091	7161	5080	7161	5080	12.529964086141668	12.529964086141668	0.0	13
1257	7167	5091	7161	5080	7161	5080	12.529964086141668	12.529964086141668	0.0	13
1257	7167	5091	7161	5080	7161	5080	12.529964086141668	12.529964086141668	0.0	13
1257	7167	5091	7161	5080	7161	5080	12.529964086141668	12.529964086141668	0.0	13
1257	7167	5091	7161	5080	7161	5080	12.529964086141668	12.529964086141668	0.0	13
1257	7167	5091	7161	5080	7161	5080	12.529964086141668	12.529964086141668	0.0	13
1257	7167	5091	7161	5080	7161	5080	12.529964086141668	12.529964086141668	0.0	13
1257	7167	5091	7161	5080	7161	5080	12.529964086141668	12.529964086141668	0.0	13
1257	7167	5091	7161	5080	7161	5080	12.529964086141668	12.529964086141668	0.0	13
1258	7161	5080	7156	5071	7156	5071	10.295630140987	10.295630140987	0.0	11
1258	7161	5080	7156	5071	7156	5071	10.295630140987	10.295630140987	0.0	11
1258	7161	5080	7156	5071	7156	5071	10.295630140987	10.295630140987	0.0	11
1258	7161	5080	7156	5071	7156	5071	10.295630140987	10.295630140987	0.0	11
1258	7161	5080	7156	5071	7156	5071	10.295630140987	10.295630140987	0.0	11
1258	7161	5080	7156	5071	7156	5071	10.295630140987	10.295630140987	0.0	11
1258	7161	5080	7156	5071	7156	5071	10.295630140987	10.295630140987	0.0	11
1258	7161	5080	7156	5071	7156	5071	10.295630140987	10.295630140987	0.0	11
1258	7161	5080	7156	5071	7156	5071	10.295630140987	10.295630140987	0.0	11
1259	7156	5071	7153	5065	7153	5065	6.708203932499369	6.708203932499369	0.0	8
1259	7156	5071	7153	5065	7153	5065	6.708203932499369	6.708203932499369	0.0	8
1259	7156	5071	7153	5065	7153	5065	6.708203932499369	6.708203932499369	0.0	8
1259	7156	5071	7153	5065	7153	5065	6.708203932499369	6.708203932499369	0.0	8
1259	7156	5071	7153	5065	7153	5065	6.708203932499369	6.708203932499369	0.0	8
1259	7156	5071	7153	5065	7153	5065	6.708203932499369	6.708203932499369	0.0	8
1259	7156	5071	7153	5065	7153	5065	6.708203932499369	6.708203932499369	0.0	8
1259	7156	5071	7153	5065	7153	5065	6.708203932499369	6.708203932499369	0.0	8
1259	7156	5071	7153	5065	7153	5065	6.708203932499369	6.708203932499369	0.0	8
1260	7153	5065	7152	5062	7152	5062	3.1622776601683795	3.1622776601683795	0.0	5
1260	7153	5065	7152	5062	7152	5062	3.1622776601683795	3.1622776601683795	0.0	5
1260	7153	5065	7152	5062	7152	5062	3.1622776601683795	3.1622776601683795	0.0	5
1260	7153	5065	7152	5062	7152	5062	3.1622776601683795	3.1622776601683795	0.0	5
1260	7153	5065	7152	5062	7152	5062	3.1622776601683795	3.1622776601683795	0.0	5
1260	7153	5065	7152	5062	7152	5062	3.1622776601683795	3.1622776601683795	0.0	5
1260	7153	5065	7152	5062	7152	5062	3.1622776601683795	3.1622776601683795	0.0	5
1260	7153	5065	7152	5062	7152	5062	3.1622776601683795	3.1622776601683795	0.0	5
1260	7153	5065	7152	5062	7152	5062	3.1622776601683795	3.1622776601683795	0.0	5
1261	7152	5062	7151	5060	7151	5060	2.23606797749979	2.23606797749979	0.0	3
1261	7152	5062	7151	5060	7151	5060	2.23606797749979	2.23606797749979	0.0	3
1261	7152	5062	7151	5060	7151	5060	2.23606797749979	2.23606797749979	0.0	3
1261	7152	5062	7151	5060	7151	5060	2.23606797749979	2.23606797749979	0.0	3
1261	7152	5062	7151	5060	7151	5060	2.23606797749979	2.23606797749979	0.0	3
1261	7152	5062	7151	5060	7151	5060	2.23606797749979	2.23606797749979	0.0	3
1261	7152	5062	7151	5060	7151	5060	2.23606797749979	2.23606797749979	0.0	3
1261	7152	5062	7151	5060	7151	5060	2.23606797749979	2.23606797749979	0.0	3
1261	7152	5062	7151	5060	7151	5060	2.23606797749979	2.23606797749979	0.0	3
1282	7151	5060	7150	5058	7150	5058	2.23606797749979	2.23606797749979	0.0	1
1282	7151	5060	7150	5058	7150	5058	2.23606797749979	2.23606797749979	0.0	1
1282	7151	5060	7150	5058	7150	5058	2.23606797749979	2.23606797749979	0.0	1
1282	7151	5060	7150	5058	7150	5058	2.23606797749979	2.23606797749979	0.0	1
1282	7151	5060	7150	5058	7150	5058	2.23606797749979	2.23606797749979	0.0	1
1282	7151	5060	7150	5058	7150	5058	2.23606797749979	2.23606797749979	0.0	1
1282	7151	5060	7150	5058	7150	5058	2.23606797749979	2.23606797749979	0.0	1
1282	7151	5060	7150	5058	7150	5058	2.23606797749979	2.23606797749979	0.0	1
1282	7151	5060	7150	5058	7150	5058	2.23606797749979	2.23606797749979	0.0	1
1283	7150	5058	7147	5054	7147	5054	5.0	5.0	0.0	3
1283	7150	5058	7147	5054	7147	5054	5.0	5.0	0.0	3
1283	7150	5058	7147	5054	7147	5054	5.0	5.0	0.0	3
1283	7150	5058	7147	5054	7147	5054	5.0	5.0	0.0	3
1283	7150	5058	7147	5054	7147	5054	5.0	5.0	0.0	3
1283	7150	5058	7147	5054	7147	5054	5.0	5.0	0.0	3
1283	7150	5058	7147	5054	7147	5054	5.0	5.0	0.0	3
1283	7150	5058	7147	5054	7147	5054	5.0	5.0	0.0	3
1283	7150	5058	7147	5054	7147	5054	5.0	5.0	0.0	3
1284	7147	5054	7145	5048	7145	5048	6.324555320336759	6.324555320336759	0.0	5
1284	7147	5054	7145	5048	7145	5048	6.324555320336759	6.324555320336759	0.0	5
1284	7147	5054	7145	5048	7145	5048	6.324555320336759	6.324555320336759	0.0	5
1284	7147	5054	7145	5048	7145	5048	6.324555320336759	6.324555320336759	0.0	5
1284	7147	5054	7145	5048	7145	5048	6.324555320336759	6.324555320336759	0.0	5
1284	7147	5054	7145	5048	7145	5048	6.324555320336759	6.324555320336759	0.0	5
1284	7147	5054	7145	5048	7145	5048	6.324555320336759	6.324555320336759	0.0	5
1284	7147	5054	7145	5048	7145	5048	6.324555320336759	6.324555320336759	0.0	5
1284	7147	5054	7145	5048	7145	5048	6.324555320336759	6.324555320336759	0.0	5
1285	7145	5048	7141	5040	7141	5040	8.94427190999916	8.94427190999916	0.0	7
1285	7145	5048	7141	5040	7141	5040	8.94427190999916	8.94427190999916	0.0	7
1285	7145	5048	7141	5040	7141	5040	8.94427190999916	8.94427190999916	0.0	7
1285	7145	5048	7141	5040	7141	5040	8.94427190999916	8.94427190999916	0.0	7
1285	7145	5048	7141	5040	7141	5040	8.94427190999916	8.94427190999916	0.0	7
1285	7145	5048	7141	5040	7141	5040	8.94427190999916	8.94427190999916	0.0	7
1285	7145	5048	7141	5040	7141	5040	8.94427190999916	8.94427190999916	0.0	7
1285	7145	5048	7141	5040	7141	5040	8.94427190999916	8.94427190999916	0.0	7
1285	7145	5048	7141	5040	7141	5040	8.94427190999916	8.94427190999916	0.0	7
1286	7141	5040	7136	5031	7136	5031	10.295630140987	10.295630140987	0.0	9
1286	7141	5040	7136	5031	7136	5031	10.295630140987	10.295630140987	0.0	9
1286	7141	5040	7136	5031	7136	5031	10.295630140987	10.295630140987	0.0	9
1286	7141	5040	7136	5031	7136	5031	10.295630140987	10.295630140987	0.0	9
1286	7141	5040	7136	5031	7136	5031	10.295630140987	10.295630140987	0.0	9
1286	7141	5040	7136	5031	7136	5031	10.295630140987	10.295630140987	0.0	9
1286	7141	5040	7136	5031	7136	5031	10.295630140987	10.295630140987	0.0	9
1286	7141	5040	7136	5031	7136	5031	10.295630140987	10.295630140987	0.0	9
1286	7141	5040	7136	5031	7136	5031	10.295630140987	10.295630140987	0.0	9
1287	7136	5031	7130	5020	7130	5020	12.529964086141668	12.529964086141668	0.0	11
1287	7136	5031	7130	5020	7130	5020	12.529964086141668	12.529964086141668	0.0	11
1287	7136	5031	7130	5020	7130	5020	12.529964086141668	12.529964086141668	0.0	11
1287	7136	5031	7130	5020	7130	5020	12.529964086141668	12.529964086141668	0.0	11
1287	7136	5031	7130	5020	7130	5020	12.529964086141668	12.529964086141668	0.0	11
1287	7136	5031	7130	5020	7130	5020	12.529964086141668	12.529964086141668	0.0	11
1287	7136	5031	7130	5020	7130	5020	12.529964086141668	12.529964086141668	0.0	11
1287	7136	5031	7130	5020	7130	5020	12.529964086141668	12.529964086141668	0.0	11
1287	7136	5031	7130	5020	7130	5020	12.529964086141668	12.529964086141668	0.0	11
1288	7130	5020	7124	5008	7124	5008	13.416407864998739	13.416407864998739	0.0	13
1288	7130	5020	7124	5008	7124	5008	13.416407864998739	13.416407864998739	0.0	13
1288	7130	5020	7124	5008	7124	5008	13.416407864998739	13.416407864998739	0.0	13
1288	7130	5020	7124	5008	7124	5008	13.416407864998739	13.416407864998739	0.0	13
1288	7130	5020	7124	5008	7124	5008	13.416407864998739	13.416407864998739	0.0	13
1288	7130	5020	7124	5008	7124	5008	13.416407864998739	13.416407864998739	0.0	13
1288	7130	5020	7124	5008	7124	5008	13.416407864998739	13.416407864998739	0.0	13
1288	7130	5020	7124	5008	7124	5008	13.416407864998739	13.416407864998739	0.0	13
1288	7130	5020	7124	5008	7124	5008	13.416407864998739	13.416407864998739	0.0	13
1289	7124	5008	7117	4996	7117	4996	13.892443989449804	13.892443989449804	0.0	13
1289	7124	5008	7117	4996	7117	4996	13.892443989449804	13.892443989449804	0.0	13
1289	7124	5008	7117	4996	7117	4996	13.892443989449804	13.892443989449804	0.0	13
1289	7124	5008	7117	4996	7117	4996	13.892443989449804	13.892443989449804	0.0	13
1289	7124	5008	7117	4996	7117	4996	13.892443989449804	13.892443989449804	0.0	13
1289	7124	5008	7117	4996	7117	4996	13.892443989449804	13.892443989449804	0.0	13
1289	7124	5008	7117	4996	7117	4996	13.892443989449804	13.892443989449804	0.0	13
1289	7124	5008	7117	4996	7117	4996	13.892443989449804	13.892443989449804	0.0	13
1289	7124	5008	7117	4996	7117	4996	13.892443989449804	13.892443989449804	0.0	13
1290	7117	4996	7111	4983	7111	4983	14.317821063276353	14.317821063276353	0.0	13
1290	7117	4996	7111	4983	7111	4983	14.317821063276353	14.317821063276353	0.0	13
1290	7117	4996	7111	4983	7111	4983	14.317821063276353	14.317821063276353	0.0	13
1290	7117	4996	7111	4983	7111	4983	14.317821063276353	14.317821063276353	0.0	13
1290	7117	4996	7111	4983	7111	4983	14.317821063276353	14.317821063276353	0.0	13
1290	7117	4996	7111	4983	7111	4983	14.317821063276353	14.317821063276353	0.0	13
1290	7117	4996	7111	4983	7111	4983	14.317821063276353	14.317821063276353	0.0	13
1290	7117	4996	7111	4983	7111	4983	14.317821063276353	14.317821063276353	0.0	13
1290	7117	4996	7111	4983	7111	4983	14.317821063276353	14.317821063276353	0.0	13
1291	7111	4983	7105	4972	7105	4972	12.529964086141668	12.529964086141668	0.0	13
1291	7111	4983	7105	4972	7105	4972	12.529964086141668	12.529964086141668	0.0	13
1291	7111	4983	7105	4972	7105	4972	12.529964086141668	12.529964086141668	0.0	13
1291	7111	4983	7105	4972	7105	4972	12.529964086141668	12.529964086141668	0.0	13
1291	7111	4983	7105	4972	7105	4972	12.529964086141668	12.529964086141668	0.0	13
1291	7111	4983	7105	4972	7105	4972	12.529964086141668	12.529964086141668	0.0	13
1291	7111	4983	7105	4972	7105	4972	12.529964086141668	12.529964086141668	0.0	13
1291	7111	4983	7105	4972	7105	4972	12.529964086141668	12.529964086141668	0.0	13
1291	7111	4983	7105	4972	7105	4972	12.529964086141668	12.529964086141668	0.0	13
1351	6976	4595	6976	4592	6976	4592	3.0	3.0	0.0	3
1351	6976	4595	6976	4592	6976	4592	3.0	3.0	0.0	3
1351	6976	4595	6976	4592	6976	4592	3.0	3.0	0.0	3
1351	6976	4595	6976	4592	6976	4592	3.0	3.0	0.0	3
1351	6976	4595	6976	4592	6976	4592	3.0	3.0	0.0	3
1351	6976	4595	6976	4592	6976	4592	3.0	3.0	0.0	3
1351	6976	4595	6976	4592	6976	4592	3.0	3.0	0.0	3
1351	6976	4595	6976	4592	6976	4592	3.0	3.0	0.0	3
1351	6976	4595	6976	4592	6976	4592	3.0	3.0	0.0	3
1352	6976	4592	6976	4591	6976	4591	1.0	1.0	0.0	2
1352	6976	4592	6976	4591	6976	4591	1.0	1.0	0.0	2
1352	6976	4592	6976	4591	6976	4591	1.0	1.0	0.0	2
1352	6976	4592	6976	4591	6976	4591	1.0	1.0	0.0	2
1352	6976	4592	6976	4591	6976	4591	1.0	1.0	0.0	2
1352	6976	4592	6976	4591	6976	4591	1.0	1.0	0.0	2
1352	6976	4592	6976	4591	6976	4591	1.0	1.0	0.0	2
1352	6976	4592	6976	4591	6976	4591	1.0	1.0	0.0	2
1352	6976	4592	6976	4591	6976	4591	1.0	1.0	0.0	2
1400	6976	4588	6976	4585	6976	4585	3.0	3.0	0.0	2
1400	6976	4588	6976	4585	6976	4585	3.0	3.0	0.0	2
1400	6976	4588	6976	4585	6976	4585	3.0	3.0	0.0	2
1400	6976	4588	6976	4585	6976	4585	3.0	3.0	0.0	2
1400	6976	4588	6976	4585	6976	4585	3.0	3.0	0.0	2
1400	6976	4588	6976	4585	6976	4585	3.0	3.0	0.0	2
1400	6976	4588	6976	4585	6976	4585	3.0	3.0	0.0	2
1400	6976	4588	6976	4585	6976	4585	3.0	3.0	0.0	2
1400	6976	4588	6976	4585	6976	4585	3.0	3.0	0.0	2
1401	6976	4585	6978	4581	6978	4581	4.47213595499958	4.47213595499958	0.0	4
1401	6976	4585	6978	4581	6978	4581	4.47213595499958	4.47213595499958	0.0	4
1401	6976	4585	6978	4581	6978	4581	4.47213595499958	4.47213595499958	0.0	4
1401	6976	4585	6978	4581	6978	4581	4.47213595499958	4.47213595499958	0.0	4
1401	6976	4585	6978	4581	6978	4581	4.47213595499958	4.47213595499958	0.0	4
1401	6976	4585	6978	4581	6978	4581	4.47213595499958	4.47213595499958	0.0	4
1401	6976	4585	6978	4581	6978	4581	4.47213595499958	4.47213595499958	0.0	4
1401	6976	4585	6978	4581	6978	4581	4.47213595499958	4.47213595499958	0.0	4
1401	6976	4585	6978	4581	6978	4581	4.47213595499958	4.47213595499958	0.0	4
1402	6978	4581	6986	4579	6986	4579	8.246211251235321	8.246211251235321	0.0	6
1402	6978	4581	6986	4579	6986	4579	8.246211251235321	8.246211251235321	0.0	6
1402	6978	4581	6986	4579	6986	4579	8.246211251235321	8.246211251235321	0.0	6
1402	6978	4581	6986	4579	6986	4579	8.246211251235321	8.246211251235321	0.0	6
1402	6978	4581	6986	4579	6986	4579	8.246211251235321	8.246211251235321	0.0	6
1402	6978	4581	6986	4579	6986	4579	8.246211251235321	8.246211251235321	0.0	6
1402	6978	4581	6986	4579	6986	4579	8.246211251235321	8.246211251235321	0.0	6
1402	6978	4581	6986	4579	6986	4579	8.246211251235321	8.246211251235321	0.0	6
1402	6978	4581	6986	4579	6986	4579	8.246211251235321	8.246211251235321	0.0	6
1403	6986	4579	6995	4578	6995	4578	9.055385138137417	9.055385138137417	0.0	8
1403	6986	4579	6995	4578	6995	4578	9.055385138137417	9.055385138137417	0.0	8
1403	6986	4579	6995	4578	6995	4578	9.055385138137417	9.055385138137417	0.0	8
1403	6986	4579	6995	4578	6995	4578	9.055385138137417	9.055385138137417	0.0	8
1403	6986	4579	6995	4578	6995	4578	9.055385138137417	9.055385138137417	0.0	8
1403	6986	4579	6995	4578	6995	4578	9.055385138137417	9.055385138137417	0.0	8
1403	6986	4579	6995	4578	6995	4578	9.055385138137417	9.055385138137417	0.0	8
1403	6986	4579	6995	4578	6995	4578	9.055385138137417	9.055385138137417	0.0	8
1403	6986	4579	6995	4578	6995	4578	9.055385138137417	9.055385138137417	0.0	8
1404	6995	4578	7006	4576	7006	4576	11.180339887498949	11.180339887498949	0.0	10
1404	6995	4578	7006	4576	7006	4576	11.180339887498949	11.180339887498949	0.0	10
1404	6995	4578	7006	4576	7006	4576	11.180339887498949	11.180339887498949	0.0	10
1404	6995	4578	7006	4576	7006	4576	11.180339887498949	11.180339887498949	0.0	10
1404	6995	4578	7006	4576	7006	4576	11.180339887498949	11.180339887498949	0.0	10
1404	6995	4578	7006	4576	7006	4576	11.180339887498949	11.180339887498949	0.0	10
1404	6995	4578	7006	4576	7006	4576	11.180339887498949	11.180339887498949	0.0	10
1404	6995	4578	7006	4576	7006	4576	11.180339887498949	11.180339887498949	0.0	10
1404	6995	4578	7006	4576	7006	4576	11.180339887498949	11.180339887498949	0.0	10
1405	7006	4576	7019	4572	7019	4572	13.601470508735444	13.601470508735444	0.0	12
1405	7006	4576	7019	4572	7019	4572	13.601470508735444	13.601470508735444	0.0	12
1405	7006	4576	7019	4572	7019	4572	13.601470508735444	13.601470508735444	0.0	12
1405	7006	4576	7019	4572	7019	4572	13.601470508735444	13.601470508735444	0.0	12
1405	7006	4576	7019	4572	7019	4572	13.601470508735444	13.601470508735444	0.0	12
1405	7006	4576	7019	4572	7019	4572	13.601470508735444	13.601470508735444	0.0	12
1405	7006	4576	7019	4572	7019	4572	13.601470508735444	13.601470508735444	0.0	12
1405	7006	4576	7019	4572	7019	4572	13.601470508735444	13.601470508735444	0.0	12
1405	7006	4576	7019	4572	7019	4572	13.601470508735444	13.601470508735444	0.0	12
1406	7019	4572	7030	4563	7030	4563	14.212670403551895	14.212670403551895	0.0	13
1406	7019	4572	7030	4563	7030	4563	14.212670403551895	14.212670403551895	0.0	13
1406	7019	4572	7030	4563	7030	4563	14.212670403551895	14.212670403551895	0.0	13
1406	7019	4572	7030	4563	7030	4563	14.212670403551895	14.212670403551895	0.0	13
1406	7019	4572	7030	4563	7030	4563	14.212670403551895	14.212670403551895	0.0	13
1406	7019	4572	7030	4563	7030	4563	14.212670403551895	14.212670403551895	0.0	13
1406	7019	4572	7030	4563	7030	4563	14.212670403551895	14.212670403551895	0.0	13
1406	7019	4572	7030	4563	7030	4563	14.212670403551895	14.212670403551895	0.0	13
1406	7019	4572	7030	4563	7030	4563	14.212670403551895	14.212670403551895	0.0	13
1407	7030	4563	7034	4550	7034	4550	13.601470508735444	13.601470508735444	0.0	13
1407	7030	4563	7034	4550	7034	4550	13.601470508735444	13.601470508735444	0.0	13
1407	7030	4563	7034	4550	7034	4550	13.601470508735444	13.601470508735444	0.0	13
1407	7030	4563	7034	4550	7034	4550	13.601470508735444	13.601470508735444	0.0	13
1407	7030	4563	7034	4550	7034	4550	13.601470508735444	13.601470508735444	0.0	13
1407	7030	4563	7034	4550	7034	4550	13.601470508735444	13.601470508735444	0.0	13
1407	7030	4563	7034	4550	7034	4550	13.601470508735444	13.601470508735444	0.0	13
1407	7030	4563	7034	4550	7034	4550	13.601470508735444	13.601470508735444	0.0	13
1407	7030	4563	7034	4550	7034	4550	13.601470508735444	13.601470508735444	0.0	13
1408	7034	4550	7033	4539	7033	4539	11.045361017187261	11.045361017187261	0.0	12
1408	7034	4550	7033	4539	7033	4539	11.045361017187261	11.045361017187261	0.0	12
1408	7034	4550	7033	4539	7033	4539	11.045361017187261	11.045361017187261	0.0	12
1408	7034	4550	7033	4539	7033	4539	11.045361017187261	11.045361017187261	0.0	12
1408	7034	4550	7033	4539	7033	4539	11.045361017187261	11.045361017187261	0.0	12
1408	7034	4550	7033	4539	7033	4539	11.045361017187261	11.045361017187261	0.0	12
1408	7034	4550	7033	4539	7033	4539	11.045361017187261	11.045361017187261	0.0	12
1408	7034	4550	7033	4539	7033	4539	11.045361017187261	11.045361017187261	0.0	12
1408	7034	4550	7033	4539	7033	4539	11.045361017187261	11.045361017187261	0.0	12
1409	7033	4539	7033	4532	7033	4532	7.0	7.0	0.0	9
1409	7033	4539	7033	4532	7033	4532	7.0	7.0	0.0	9
1409	7033	4539	7033	4532	7033	4532	7.0	7.0	0.0	9
1409	7033	4539	7033	4532	7033	4532	7.0	7.0	0.0	9
1409	7033	4539	7033	4532	7033	4532	7.0	7.0	0.0	9
1409	7033	4539	7033	4532	7033	4532	7.0	7.0	0.0	9
1409	7033	4539	7033	4532	7033	4532	7.0	7.0	0.0	9
1409	7033	4539	7033	4532	7033	4532	7.0	7.0	0.0	9
1409	7033	4539	7033	4532	7033	4532	7.0	7.0	0.0	9
1410	7033	4532	7033	4527	7033	4527	5.0	5.0	0.0	6
1410	7033	4532	7033	4527	7033	4527	5.0	5.0	0.0	6
1410	7033	4532	7033	4527	7033	4527	5.0	5.0	0.0	6
1410	7033	4532	7033	4527	7033	4527	5.0	5.0	0.0	6
1410	7033	4532	7033	4527	7033	4527	5.0	5.0	0.0	6
1410	7033	4532	7033	4527	7033	4527	5.0	5.0	0.0	6
1410	7033	4532	7033	4527	7033	4527	5.0	5.0	0.0	6
1410	7033	4532	7033	4527	7033	4527	5.0	5.0	0.0	6
1410	7033	4532	7033	4527	7033	4527	5.0	5.0	0.0	6
1411	7033	4527	7033	4524	7033	4524	3.0	3.0	0.0	3
1411	7033	4527	7033	4524	7033	4524	3.0	3.0	0.0	3
1411	7033	4527	7033	4524	7033	4524	3.0	3.0	0.0	3
1411	7033	4527	7033	4524	7033	4524	3.0	3.0	0.0	3
1411	7033	4527	7033	4524	7033	4524	3.0	3.0	0.0	3
1411	7033	4527	7033	4524	7033	4524	3.0	3.0	0.0	3
1411	7033	4527	7033	4524	7033	4524	3.0	3.0	0.0	3
1411	7033	4527	7033	4524	7033	4524	3.0	3.0	0.0	3
1411	7033	4527	7033	4524	7033	4524	3.0	3.0	0.0	3
1433	7033	4522	7033	4518	7033	4518	4.0	4.0	0.0	2
1433	7033	4522	7033	4518	7033	4518	4.0	4.0	0.0	2
1433	7033	4522	7033	4518	7033	4518	4.0	4.0	0.0	2
1433	7033	4522	7033	4518	7033	4518	4.0	4.0	0.0	2
1433	7033	4522	7033	4518	7033	4518	4.0	4.0	0.0	2
1433	7033	4522	7033	4518	7033	4518	4.0	4.0	0.0	2
1433	7033	4522	7033	4518	7033	4518	4.0	4.0	0.0	2
1433	7033	4522	7033	4518	7033	4518	4.0	4.0	0.0	2
1433	7033	4522	7033	4518	7033	4518	4.0	4.0	0.0	2
1434	7033	4518	7032	4513	7032	4513	5.0990195135927845	5.0990195135927845	0.0	4
1434	7033	4518	7032	4513	7032	4513	5.0990195135927845	5.0990195135927845	0.0	4
1434	7033	4518	7032	4513	7032	4513	5.0990195135927845	5.0990195135927845	0.0	4
1434	7033	4518	7032	4513	7032	4513	5.0990195135927845	5.0990195135927845	0.0	4
1434	7033	4518	7032	4513	7032	4513	5.0990195135927845	5.0990195135927845	0.0	4
1434	7033	4518	7032	4513	7032	4513	5.0990195135927845	5.0990195135927845	0.0	4
1434	7033	4518	7032	4513	7032	4513	5.0990195135927845	5.0990195135927845	0.0	4
1434	7033	4518	7032	4513	7032	4513	5.0990195135927845	5.0990195135927845	0.0	4
1434	7033	4518	7032	4513	7032	4513	5.0990195135927845	5.0990195135927845	0.0	4
1435	7032	4513	7032	4505	7032	4505	8.0	8.0	0.0	6
1435	7032	4513	7032	4505	7032	4505	8.0	8.0	0.0	6
1435	7032	4513	7032	4505	7032	4505	8.0	8.0	0.0	6
1435	7032	4513	7032	4505	7032	4505	8.0	8.0	0.0	6
1435	7032	4513	7032	4505	7032	4505	8.0	8.0	0.0	6
1435	7032	4513	7032	4505	7032	4505	8.0	8.0	0.0	6
1435	7032	4513	7032	4505	7032	4505	8.0	8.0	0.0	6
1435	7032	4513	7032	4505	7032	4505	8.0	8.0	0.0	6
1435	7032	4513	7032	4505	7032	4505	8.0	8.0	0.0	6
1436	7032	4505	7031	4495	7031	4495	10.04987562112089	10.04987562112089	0.0	8
1436	7032	4505	7031	4495	7031	4495	10.04987562112089	10.04987562112089	0.0	8
1436	7032	4505	7031	4495	7031	4495	10.04987562112089	10.04987562112089	0.0	8
1436	7032	4505	7031	4495	7031	4495	10.04987562112089	10.04987562112089	0.0	8
1436	7032	4505	7031	4495	7031	4495	10.04987562112089	10.04987562112089	0.0	8
1436	7032	4505	7031	4495	7031	4495	10.04987562112089	10.04987562112089	0.0	8
1436	7032	4505	7031	4495	7031	4495	10.04987562112089	10.04987562112089	0.0	8
1436	7032	4505	7031	4495	7031	4495	10.04987562112089	10.04987562112089	0.0	8
1436	7032	4505	7031	4495	7031	4495	10.04987562112089	10.04987562112089	0.0	8
1437	7031	4495	7031	4483	7031	4483	12.0	12.0	0.0	10
1437	7031	4495	7031	4483	7031	4483	12.0	12.0	0.0	10
1437	7031	4495	7031	4483	7031	4483	12.0	12.0	0.0	10
1437	7031	4495	7031	4483	7031	4483	12.0	12.0	0.0	10
1437	7031	4495	7031	4483	7031	4483	12.0	12.0	0.0	10
1437	7031	4495	7031	4483	7031	4483	12.0	12.0	0.0	10
1437	7031	4495	7031	4483	7031	4483	12.0	12.0	0.0	10
1437	7031	4495	7031	4483	7031	4483	12.0	12.0	0.0	10
1437	7031	4495	7031	4483	7031	4483	12.0	12.0	0.0	10
1438	7031	4483	7029	4469	7029	4469	14.142135623730951	14.142135623730951	0.0	12
1438	7031	4483	7029	4469	7029	4469	14.142135623730951	14.142135623730951	0.0	12
1438	7031	4483	7029	4469	7029	4469	14.142135623730951	14.142135623730951	0.0	12
1438	7031	4483	7029	4469	7029	4469	14.142135623730951	14.142135623730951	0.0	12
1438	7031	4483	7029	4469	7029	4469	14.142135623730951	14.142135623730951	0.0	12
1438	7031	4483	7029	4469	7029	4469	14.142135623730951	14.142135623730951	0.0	12
1438	7031	4483	7029	4469	7029	4469	14.142135623730951	14.142135623730951	0.0	12
1438	7031	4483	7029	4469	7029	4469	14.142135623730951	14.142135623730951	0.0	12
1438	7031	4483	7029	4469	7029	4469	14.142135623730951	14.142135623730951	0.0	12
1439	7029	4469	7029	4455	7029	4455	14.0	14.0	0.0	13
1439	7029	4469	7029	4455	7029	4455	14.0	14.0	0.0	13
1439	7029	4469	7029	4455	7029	4455	14.0	14.0	0.0	13
1439	7029	4469	7029	4455	7029	4455	14.0	14.0	0.0	13
1439	7029	4469	7029	4455	7029	4455	14.0	14.0	0.0	13
1439	7029	4469	7029	4455	7029	4455	14.0	14.0	0.0	13
1439	7029	4469	7029	4455	7029	4455	14.0	14.0	0.0	13
1439	7029	4469	7029	4455	7029	4455	14.0	14.0	0.0	13
1439	7029	4469	7029	4455	7029	4455	14.0	14.0	0.0	13
1440	7029	4455	7028	4441	7028	4441	14.035668847618199	14.035668847618199	0.0	14
1440	7029	4455	7028	4441	7028	4441	14.035668847618199	14.035668847618199	0.0	14
1440	7029	4455	7028	4441	7028	4441	14.035668847618199	14.035668847618199	0.0	14
1440	7029	4455	7028	4441	7028	4441	14.035668847618199	14.035668847618199	0.0	14
1440	7029	4455	7028	4441	7028	4441	14.035668847618199	14.035668847618199	0.0	14
1440	7029	4455	7028	4441	7028	4441	14.035668847618199	14.035668847618199	0.0	14
1440	7029	4455	7028	4441	7028	4441	14.035668847618199	14.035668847618199	0.0	14
1440	7029	4455	7028	4441	7028	4441	14.035668847618199	14.035668847618199	0.0	14
1440	7029	4455	7028	4441	7028	4441	14.035668847618199	14.035668847618199	0.0	14
1775	6583	3203	6576	3190	6576	3190	14.7648230602334	14.7648230602334	0.0	13
1775	6583	3203	6576	3190	6576	3190	14.7648230602334	14.7648230602334	0.0	13
1775	6583	3203	6576	3190	6576	3190	14.7648230602334	14.7648230602334	0.0	13
1775	6583	3203	6576	3190	6576	3190	14.7648230602334	14.7648230602334	0.0	13
1775	6583	3203	6576	3190	6576	3190	14.7648230602334	14.7648230602334	0.0	13
1775	6583	3203	6576	3190	6576	3190	14.7648230602334	14.7648230602334	0.0	13
1775	6583	3203	6576	3190	6576	3190	14.7648230602334	14.7648230602334	0.0	13
1775	6583	3203	6576	3190	6576	3190	14.7648230602334	14.7648230602334	0.0	13
1775	6583	3203	6576	3190	6576	3190	14.7648230602334	14.7648230602334	0.0	13
