0	7016	6884	4	0	0.0
0	7016	6884	4	0	1.0854E7
0	7015	6883	4	2	1.0855E7
0	7012	6881	4	4	1.0856E7
0	7008	6878	4	6	1.0857E7
0	7002	6873	4	7	1.0858E7
0	6997	6870	4	5	1.0859E7
0	6994	6867	4	2	1.086E7
0	6994	6867	4	0	1.0861E7
0	6994	6867	4	0	1.0862E7
0	6994	6867	4	0	1.0863E7
0	6994	6867	4	0	1.0864E7
0	6994	6867	4	0	1.0865E7
0	6994	6867	4	0	1.0866E7
0	6994	6867	4	0	1.0867E7
0	6994	6867	4	0	1.0868E7
0	6994	6867	4	0	1.0869E7
0	6994	6867	4	0	1.087E7
0	6994	6867	4	0	1.0871E7
0	6994	6867	4	0	1.0872E7
0	6994	6867	4	0	1.0873E7
0	6994	6867	4	0	1.0874E7
0	6994	6867	4	0	1.0875E7
0	6994	6867	4	0	1.0876E7
0	6994	6867	4	0	1.0877E7
0	6994	6867	4	0	1.0878E7
0	6994	6867	4	0	1.0879E7
0	6994	6867	4	0	1.088E7
0	6993	6866	4	1	1.0881E7
0	6991	6864	4	3	1.0882E7
0	6987	6861	4	5	1.0883E7
0	6979	6859	4	7	1.0884E7
0	6973	6853	4	9	1.0885E7
0	6965	6846	4	12	1.0886E7
0	6955	6836	4	14	1.0887E7
0	6945	6826	4	14	1.0888E7
0	6934	6816	4	14	1.0889E7
0	6924	6805	4	14	1.089E7
0	6915	6795	4	14	1.0891E7
0	6906	6783	4	14	1.0892E7
0	6896	6772	4	14	1.0893E7
0	6887	6760	4	14	1.0894E7
0	6879	6751	4	11	1.0895E7
0	6874	6743	4	8	1.0896E7
0	6870	6738	4	5	1.0897E7
0	6867	6735	4	3	1.0898E7
0	6863	6731	4	6	1.0899E7
0	6857	6727	4	8	1.09E7
0	6847	6728	5	10	1.0901E7
0	6839	6729	5	12	1.0902E7
0	6825	6725	5	14	1.0903E7
0	6811	6722	5	14	1.0904E7
0	6798	6716	5	14	1.0905E7
0	6784	6712	5	13	1.0906E7
0	6773	6708	5	10	1.0907E7
0	6765	6705	5	7	1.0908E7
0	6759	6703	5	4	1.0909E7
0	6756	6702	5	2	1.091E7
0	6755	6702	5	0	1.0911E7
0	6755	6702	5	0	1.0912E7
0	6755	6702	5	0	1.0913E7
0	6755	6702	5	0	1.0914E7
0	6755	6702	5	0	1.0915E7
0	6755	6702	5	0	1.0916E7
0	6755	6702	5	0	1.0917E7
0	6755	6702	5	0	1.0918E7
0	6755	6702	5	0	1.0919E7
0	6755	6702	5	0	1.092E7
0	6755	6702	5	0	1.0921E7
0	6755	6702	5	0	1.0922E7
0	6755	6702	5	0	1.0923E7
0	6755	6702	5	0	1.0924E7
0	6755	6702	5	0	1.0925E7
0	6755	6702	5	0	1.0926E7
0	6755	6702	5	0	1.0927E7
0	6755	6702	5	0	1.0928E7
0	6755	6702	5	0	1.0929E7
0	6755	6702	5	0	1.093E7
0	6755	6702	5	0	1.0931E7
0	6755	6702	5	0	1.0932E7
0	6755	6702	5	0	1.0933E7
0	6755	6702	5	0	1.0934E7
0	6755	6702	5	0	1.0935E7
0	6755	6702	5	0	1.0936E7
0	6755	6702	5	0	1.0937E7
0	6755	6702	5	0	1.0938E7
0	6755	6702	5	0	1.0939E7
0	6755	6702	5	0	1.094E7
0	6755	6702	5	0	1.0941E7
0	6755	6702	5	0	1.0942E7
0	6755	6702	5	0	1.0943E7
0	6755	6702	5	0	1.0944E7
0	6755	6702	5	0	1.0945E7
0	6755	6702	5	0	1.0946E7
0	6755	6702	5	0	1.0947E7
0	6755	6702	5	0	1.0948E7
0	6755	6702	5	0	1.0949E7
0	6755	6702	5	0	1.095E7
0	6755	6702	5	0	1.0951E7
0	6755	6702	5	0	1.0952E7
0	6755	6702	5	0	1.0953E7
0	6755	6702	5	0	1.0954E7
0	6755	6702	5	0	1.0955E7
0	6755	6702	5	0	1.0956E7
0	6755	6702	5	0	1.0957E7
0	6755	6702	5	0	1.0958E7
0	6755	6702	5	0	1.0959E7
0	6754	6702	5	2	1.096E7
0	6750	6700	5	4	1.0961E7
0	6745	6699	5	6	1.0962E7
0	6738	6696	5	8	1.0963E7
0	6729	6693	5	10	1.0964E7
0	6719	6689	4	11	1.0965E7
0	6707	6683	4	13	1.0966E7
0	6694	6678	4	13	1.0967E7
0	6684	6673	4	10	1.0968E7
0	6676	6669	4	7	1.0969E7
0	6671	6667	4	4	1.097E7
0	6668	6666	4	2	1.0971E7
0	6666	6665	4	1	1.0972E7
0	6665	6664	4	0	1.0973E7
0	6665	6664	4	0	1.0974E7
0	6665	6664	4	0	1.0975E7
0	6665	6664	4	0	1.0976E7
0	6665	6664	4	0	1.0977E7
0	6665	6664	4	0	1.0978E7
0	6665	6664	4	0	1.0979E7
0	6665	6664	4	0	1.098E7
0	6665	6664	4	0	1.0981E7
0	6663	6664	4	2	1.0982E7
0	6660	6662	4	4	1.0983E7
0	6655	6660	4	6	1.0984E7
0	6648	6656	4	8	1.0985E7
0	6640	6652	4	10	1.0986E7
0	6630	6647	4	12	1.0987E7
0	6618	6642	4	14	1.0988E7
0	6604	6636	4	14	1.0989E7
0	6592	6629	4	14	1.099E7
0	6579	6621	4	14	1.0991E7
0	6567	6613	4	14	1.0992E7
0	6555	6605	4	14	1.0993E7
0	6545	6596	4	12	1.0994E7
0	6537	6588	4	9	1.0995E7
0	6531	6583	4	6	1.0996E7
0	6528	6580	4	4	1.0997E7
0	6526	6578	4	1	1.0998E7
0	6525	6578	4	0	1.0999E7
0	6525	6578	4	0	1.1E7
0	6525	6578	4	0	1.1001E7
0	6525	6578	4	0	1.1002E7
0	6525	6578	4	0	1.1003E7
0	6525	6578	4	0	1.1004E7
0	6525	6578	4	0	1.1005E7
0	6525	6578	4	0	1.1006E7
0	6525	6578	4	0	1.1007E7
0	6525	6578	4	0	1.1008E7
0	6525	6578	4	0	1.1009E7
0	6525	6578	4	0	1.101E7
0	6525	6578	4	0	1.1011E7
0	6525	6578	4	0	1.1012E7
0	6525	6578	4	0	1.1013E7
0	6525	6578	4	0	1.1014E7
0	6525	6578	4	0	1.1015E7
0	6525	6578	4	0	1.1016E7
0	6525	6578	4	0	1.1017E7
0	6525	6578	4	0	1.1018E7
0	6524	6576	4	2	1.1019E7
0	6522	6574	4	4	1.102E7
0	6517	6570	4	6	1.1021E7
0	6512	6565	4	8	1.1022E7
0	6505	6558	4	10	1.1023E7
0	6494	6553	4	12	1.1024E7
0	6483	6544	4	14	1.1025E7
0	6472	6535	4	14	1.1026E7
0	6461	6526	4	14	1.1027E7
0	6450	6517	4	14	1.1028E7
0	6439	6507	4	14	1.1029E7
0	6428	6498	4	14	1.103E7
0	6416	6489	4	14	1.1031E7
0	6405	6480	4	14	1.1032E7
0	6394	6471	4	14	1.1033E7
0	6382	6462	4	14	1.1034E7
0	6371	6453	4	14	1.1035E7
0	6359	6444	4	14	1.1036E7
0	6348	6435	4	14	1.1037E7
0	6337	6426	4	14	1.1038E7
0	6325	6417	4	14	1.1039E7
0	6314	6408	4	14	1.104E7
0	6303	6399	4	14	1.1041E7
0	6292	6390	4	12	1.1042E7
0	6283	6384	4	9	1.1043E7
0	6277	6380	4	6	1.1044E7
0	6273	6378	4	3	1.1045E7
0	6270	6377	4	1	1.1046E7
0	6269	6376	4	0	1.1047E7
0	6269	6376	4	0	1.1048E7
0	6268	6376	4	0	1.1049E7
0	6268	6376	4	0	1.105E7
0	6268	6376	4	0	1.1051E7
0	6268	6376	4	0	1.1052E7
0	6268	6376	4	0	1.1053E7
0	6268	6376	4	0	1.1054E7
0	6268	6376	4	0	1.1055E7
0	6268	6376	4	0	1.1056E7
0	6268	6376	4	0	1.1057E7
0	6268	6376	4	0	1.1058E7
0	6268	6376	4	0	1.1059E7
0	6268	6376	4	0	1.106E7
0	6268	6376	4	0	1.1061E7
0	6268	6376	4	0	1.1062E7
0	6268	6376	4	0	1.1063E7
0	6268	6376	4	0	1.1064E7
0	6268	6376	4	0	1.1065E7
0	6268	6376	4	0	1.1066E7
0	6268	6376	4	0	1.1067E7
0	6268	6376	4	0	1.1068E7
0	6268	6376	4	0	1.1069E7
0	6268	6376	4	0	1.107E7
0	6268	6376	4	0	1.1071E7
0	6268	6376	4	0	1.1072E7
0	6268	6376	4	0	1.1073E7
0	6268	6376	4	0	1.1074E7
0	6268	6376	4	0	1.1075E7
0	6268	6376	4	0	1.1076E7
0	6268	6376	4	0	1.1077E7
0	6268	6376	4	0	1.1078E7
0	6268	6376	4	0	1.1079E7
0	6268	6376	4	0	1.108E7
0	6268	6376	4	0	1.1081E7
0	6268	6376	4	0	1.1082E7
0	6268	6376	4	0	1.1083E7
0	6268	6376	4	0	1.1084E7
0	6268	6376	4	0	1.1085E7
0	6268	6376	4	0	1.1086E7
0	6267	6375	4	2	1.1087E7
0	6263	6374	4	4	1.1088E7
0	6257	6373	5	6	1.1089E7
0	6250	6376	5	8	1.109E7
0	6244	6384	6	10	1.1091E7
0	6242	6396	7	12	1.1092E7
0	6240	6409	7	14	1.1093E7
0	6237	6423	7	14	1.1094E7
0	6235	6437	7	14	1.1095E7
0	6233	6449	7	10	1.1096E7
0	6231	6458	7	7	1.1097E7
0	6230	6464	7	4	1.1098E7
0	6229	6468	7	2	1.1099E7
0	6229	6469	7	0	1.11E7
0	6229	6469	7	0	1.1101E7
0	6229	6469	7	0	1.1102E7
0	6229	6469	7	0	1.1103E7
0	6229	6469	7	0	1.1104E7
0	6229	6469	7	0	1.1105E7
0	6229	6469	7	0	1.1106E7
0	6229	6469	7	0	1.1107E7
0	6229	6469	7	0	1.1108E7
0	6229	6469	7	0	1.1109E7
0	6229	6469	7	0	1.111E7
0	6229	6469	7	0	1.1111E7
0	6229	6469	7	0	1.1112E7
0	6229	6469	7	0	1.1113E7
0	6229	6469	7	0	1.1114E7
0	6229	6469	7	0	1.1115E7
0	6229	6469	7	0	1.1116E7
0	6229	6469	7	0	1.1117E7
0	6229	6469	7	0	1.1118E7
0	6229	6469	7	0	1.1119E7
0	6229	6470	7	1	1.112E7
0	6228	6473	7	3	1.1121E7
0	6228	6477	7	5	1.1122E7
0	6227	6484	7	7	1.1123E7
0	6225	6493	7	9	1.1124E7
0	6224	6503	7	11	1.1125E7
0	6222	6516	7	13	1.1126E7
0	6220	6530	7	14	1.1127E7
0	6218	6545	7	14	1.1128E7
0	6216	6559	7	14	1.1129E7
0	6214	6573	7	14	1.113E7
0	6212	6588	7	14	1.1131E7
0	6210	6602	7	14	1.1132E7
0	6207	6616	7	14	1.1133E7
0	6205	6631	7	14	1.1134E7
0	6203	6645	7	14	1.1135E7
0	6201	6660	7	14	1.1136E7
0	6199	6674	7	14	1.1137E7
0	6197	6688	7	14	1.1138E7
0	6194	6703	7	14	1.1139E7
0	6192	6717	7	14	1.114E7
0	6190	6732	7	14	1.1141E7
0	6188	6746	7	14	1.1142E7
0	6186	6760	7	14	1.1143E7
0	6184	6775	7	14	1.1144E7
0	6182	6789	7	14	1.1145E7
0	6180	6804	7	14	1.1146E7
0	6178	6818	7	14	1.1147E7
0	6176	6830	7	11	1.1148E7
0	6175	6840	7	8	1.1149E7
0	6174	6846	7	5	1.115E7
0	6174	6850	7	3	1.1151E7
0	6174	6852	7	1	1.1152E7
0	6173	6853	7	0	1.1153E7
0	6173	6854	7	0	1.1154E7
0	6173	6854	7	0	1.1155E7
0	6173	6854	7	0	1.1156E7
0	6173	6854	7	0	1.1157E7
0	6173	6854	7	0	1.1158E7
0	6173	6854	7	0	1.1159E7
0	6173	6854	7	0	1.116E7
0	6173	6854	7	0	1.1161E7
0	6173	6855	7	2	1.1162E7
0	6170	6857	7	4	1.1163E7
0	6165	6861	6	6	1.1164E7
0	6157	6860	5	8	1.1165E7
0	6150	6860	5	5	1.1166E7
0	6146	6859	5	3	1.1167E7
0	6141	6859	5	6	1.1168E7
0	6134	6860	5	7	1.1169E7
0	6126	6863	5	9	1.117E7
0	6116	6868	6	11	1.1171E7
0	6105	6874	6	13	1.1172E7
0	6093	6880	6	12	1.1173E7
0	6084	6885	6	8	1.1174E7
0	6078	6888	6	6	1.1175E7
0	6073	6890	6	3	1.1176E7
0	6071	6891	6	0	1.1177E7
0	6071	6891	6	0	1.1178E7
0	6071	6891	6	0	1.1179E7
0	6071	6891	6	0	1.118E7
0	6071	6891	6	0	1.1181E7
0	6071	6891	6	0	1.1182E7
0	6071	6891	6	0	1.1183E7
0	6071	6891	6	0	1.1184E7
0	6071	6891	6	0	1.1185E7
0	6071	6891	6	0	1.1186E7
0	6071	6891	6	0	1.1187E7
0	6071	6891	6	0	1.1188E7
0	6071	6891	6	0	1.1189E7
0	6071	6891	6	0	1.119E7
0	6071	6891	6	0	1.1191E7
0	6071	6891	6	0	1.1192E7
0	6071	6891	6	0	1.1193E7
0	6071	6891	6	0	1.1194E7
0	6071	6891	6	0	1.1195E7
0	6071	6891	6	0	1.1196E7
0	6071	6891	6	0	1.1197E7
0	6069	6892	6	3	1.1198E7
0	6066	6894	6	5	1.1199E7
0	6060	6897	6	7	1.12E7
0	6053	6900	6	8	1.1201E7
0	6043	6904	6	11	1.1202E7
0	6032	6908	5	12	1.1203E7
0	6019	6912	5	14	1.1204E7
0	6005	6917	5	14	1.1205E7
0	5991	6921	5	14	1.1206E7
0	5977	6926	5	14	1.1207E7
0	5963	6930	5	14	1.1208E7
0	5950	6934	5	14	1.1209E7
0	5936	6938	5	14	1.121E7
0	5922	6943	5	14	1.1211E7
0	5908	6947	5	14	1.1212E7
0	5894	6951	5	14	1.1213E7
0	5880	6956	5	14	1.1214E7
0	5868	6963	6	14	1.1215E7
0	5856	6972	6	14	1.1216E7
0	5845	6981	6	14	1.1217E7
0	5834	6990	6	14	1.1218E7
0	5823	7000	6	14	1.1219E7
0	5811	7009	6	14	1.122E7
0	5800	7018	6	14	1.1221E7
0	5789	7027	6	14	1.1222E7
0	5777	7036	6	14	1.1223E7
0	5766	7045	6	14	1.1224E7
0	5755	7055	6	14	1.1225E7
0	5744	7064	6	14	1.1226E7
0	5733	7074	6	14	1.1227E7
0	5722	7084	6	14	1.1228E7
0	5711	7093	6	14	1.1229E7
0	5700	7103	6	14	1.123E7
0	5689	7112	6	14	1.1231E7
0	5678	7122	6	14	1.1232E7
0	5667	7131	6	14	1.1233E7
0	5656	7141	6	14	1.1234E7
0	5645	7151	6	14	1.1235E7
0	5634	7160	6	14	1.1236E7
0	5623	7170	6	14	1.1237E7
0	5612	7179	6	14	1.1238E7
0	5604	7170	4	14	1.1239E7
0	5598	7157	4	14	1.124E7
0	5592	7144	4	14	1.1241E7
0	5585	7131	4	14	1.1242E7
0	5579	7118	4	14	1.1243E7
0	5573	7105	4	14	1.1244E7
0	5566	7092	4	14	1.1245E7
0	5560	7079	4	14	1.1246E7
0	5553	7066	4	14	1.1247E7
0	5546	7053	4	14	1.1248E7
0	5539	7041	4	14	1.1249E7
0	5531	7028	4	14	1.125E7
0	5524	7015	4	14	1.1251E7
0	5517	7003	4	14	1.1252E7
0	5510	6992	4	10	1.1253E7
0	5505	6985	4	7	1.1254E7
0	5502	6979	4	5	1.1255E7
0	5499	6977	4	3	1.1256E7
0	5494	6974	4	6	1.1257E7
0	5493	6967	4	8	1.1258E7
0	5492	6958	3	10	1.1259E7
0	5492	6946	3	12	1.126E7
0	5490	6933	3	14	1.1261E7
0	5486	6918	3	16	1.1262E7
0	5481	6901	3	17	1.1263E7
0	5475	6885	3	17	1.1264E7
0	5470	6869	3	15	1.1265E7
0	5467	6856	3	11	1.1266E7
0	5465	6846	3	8	1.1267E7
0	5463	6839	3	5	1.1268E7
0	5462	6834	3	3	1.1269E7
0	5461	6832	3	0	1.127E7
0	5461	6832	3	0	1.1271E7
0	5461	6832	3	0	1.1272E7
0	5461	6832	3	0	1.1273E7
0	5461	6832	3	0	1.1274E7
0	5461	6832	3	0	1.1275E7
0	5461	6832	3	0	1.1276E7
0	5461	6832	3	0	1.1277E7
0	5461	6832	3	0	1.1278E7
0	5461	6832	3	0	1.1279E7
0	5461	6832	3	0	1.128E7
0	5461	6832	3	0	1.1281E7
0	5461	6832	3	0	1.1282E7
0	5461	6832	3	0	1.1283E7
0	5461	6832	3	0	1.1284E7
0	5461	6832	3	0	1.1285E7
0	5461	6832	3	0	1.1286E7
0	5461	6832	3	0	1.1287E7
0	5461	6832	3	0	1.1288E7
0	5461	6832	3	0	1.1289E7
0	5461	6832	3	0	1.129E7
0	5461	6830	3	3	1.1291E7
0	5460	6826	3	4	1.1292E7
0	5459	6820	3	7	1.1293E7
0	5457	6812	3	9	1.1294E7
0	5454	6802	3	10	1.1295E7
0	5452	6791	3	12	1.1296E7
0	5448	6777	3	14	1.1297E7
0	5444	6762	3	16	1.1298E7
0	5440	6745	3	17	1.1299E7
0	5435	6728	3	17	1.13E7
0	5430	6711	3	17	1.1301E7
0	5426	6695	3	15	1.1302E7
0	5423	6682	3	11	1.1303E7
0	5421	6674	3	6	1.1304E7
0	5419	6669	3	3	1.1305E7
0	5419	6666	3	2	1.1306E7
0	5418	6665	3	0	1.1307E7
0	5418	6664	3	0	1.1308E7
0	5418	6664	3	0	1.1309E7
0	5418	6664	3	0	1.131E7
0	5418	6664	3	0	1.1311E7
0	5418	6664	3	0	1.1312E7
0	5418	6664	3	0	1.1313E7
0	5418	6664	3	0	1.1314E7
0	5418	6664	3	0	1.1315E7
0	5418	6664	3	0	1.1316E7
0	5418	6664	3	0	1.1317E7
0	5418	6664	3	0	1.1318E7
0	5418	6664	3	0	1.1319E7
0	5418	6664	3	0	1.132E7
0	5418	6664	3	0	1.1321E7
0	5418	6664	3	0	1.1322E7
0	5418	6664	3	0	1.1323E7
0	5418	6664	3	0	1.1324E7
0	5418	6664	3	0	1.1325E7
0	5418	6664	3	0	1.1326E7
0	5418	6664	3	0	1.1327E7
0	5418	6664	3	0	1.1328E7
0	5418	6664	3	0	1.1329E7
0	5418	6664	3	0	1.133E7
0	5418	6664	3	0	1.1331E7
0	5418	6664	3	0	1.1332E7
0	5418	6664	3	0	1.1333E7
0	5418	6664	3	0	1.1334E7
0	5418	6664	3	0	1.1335E7
0	5418	6664	3	0	1.1336E7
0	5418	6664	3	0	1.1337E7
0	5418	6664	3	0	1.1338E7
0	5418	6664	3	0	1.1339E7
0	5418	6664	3	0	1.134E7
0	5418	6664	3	0	1.1341E7
0	5418	6664	3	0	1.1342E7
0	5418	6664	3	0	1.1343E7
0	5418	6664	3	0	1.1344E7
0	5418	6664	3	0	1.1345E7
0	5418	6664	3	0	1.1346E7
0	5418	6664	3	0	1.1347E7
0	5418	6664	3	0	1.1348E7
0	5418	6664	3	0	1.1349E7
0	5418	6664	3	0	1.135E7
0	5418	6664	3	0	1.1351E7
0	5418	6664	3	0	1.1352E7
0	5418	6664	3	0	1.1353E7
0	5418	6664	3	0	1.1354E7
0	5418	6664	3	0	1.1355E7
0	5418	6664	3	0	1.1356E7
0	5418	6664	3	0	1.1357E7
0	5418	6664	3	0	1.1358E7
0	5418	6664	3	0	1.1359E7
0	5418	6664	3	0	1.136E7
0	5418	6664	3	0	1.1361E7
0	5418	6664	3	0	1.1362E7
0	5418	6664	3	0	1.1363E7
0	5418	6664	3	0	1.1364E7
0	5418	6664	3	0	1.1365E7
0	5418	6664	3	0	1.1366E7
0	5418	6664	3	0	1.1367E7
0	5418	6664	3	0	1.1368E7
0	5418	6664	3	0	1.1369E7
0	5418	6663	3	2	1.137E7
0	5417	6659	3	4	1.1371E7
0	5416	6654	3	6	1.1372E7
0	5414	6647	3	8	1.1373E7
0	5412	6638	3	10	1.1374E7
0	5409	6627	3	11	1.1375E7
0	5407	6617	3	8	1.1376E7
0	5407	6610	3	5	1.1377E7
0	5408	6606	3	3	1.1378E7
0	5408	6604	3	0	1.1379E7
0	5408	6604	3	0	1.138E7
0	5408	6604	3	0	1.1381E7
0	5408	6604	3	0	1.1382E7
0	5408	6604	3	0	1.1383E7
0	5408	6604	3	0	1.1384E7
0	5408	6604	3	0	1.1385E7
0	5408	6604	3	0	1.1386E7
0	5408	6604	3	0	1.1387E7
0	5408	6604	3	0	1.1388E7
0	5408	6604	3	0	1.1389E7
0	5408	6604	3	0	1.139E7
0	5408	6604	3	0	1.1391E7
0	5408	6604	3	0	1.1392E7
0	5408	6604	3	0	1.1393E7
0	5408	6604	3	0	1.1394E7
0	5408	6604	3	0	1.1395E7
0	5408	6604	3	0	1.1396E7
0	5408	6604	3	0	1.1397E7
0	5408	6604	3	0	1.1398E7
0	5408	6604	3	1	1.1399E7
0	5408	6602	3	3	1.14E7
0	5409	6597	3	5	1.1401E7
0	5410	6591	3	6	1.1402E7
0	5411	6584	3	8	1.1403E7
0	5415	6574	3	10	1.1404E7
0	5419	6563	2	12	1.1405E7
0	5426	6551	2	14	1.1406E7
0	5434	6539	2	16	1.1407E7
0	5445	6525	2	17	1.1408E7
0	5457	6512	2	17	1.1409E7
0	5469	6500	2	17	1.141E7
0	5482	6489	2	17	1.1411E7
0	5496	6478	2	17	1.1412E7
0	5510	6468	2	17	1.1413E7
0	5525	6459	2	17	1.1414E7
0	5539	6450	2	17	1.1415E7
0	5554	6440	2	17	1.1416E7
0	5569	6431	2	17	1.1417E7
0	5583	6422	2	17	1.1418E7
0	5598	6412	2	17	1.1419E7
0	5613	6403	2	17	1.142E7
0	5627	6393	2	17	1.1421E7
0	5642	6384	2	17	1.1422E7
0	5657	6375	2	17	1.1423E7
0	5672	6365	2	17	1.1424E7
0	5686	6356	2	16	1.1425E7
0	5699	6348	2	13	1.1426E7
0	5708	6342	2	9	1.1427E7
0	5715	6338	2	6	1.1428E7
0	5720	6335	2	4	1.1429E7
0	5722	6333	2	1	1.143E7
0	5722	6333	2	0	1.1431E7
0	5722	6333	2	0	1.1432E7
0	5722	6333	2	0	1.1433E7
0	5722	6333	2	0	1.1434E7
0	5722	6333	2	0	1.1435E7
0	5722	6333	2	0	1.1436E7
0	5722	6333	2	0	1.1437E7
0	5722	6333	2	0	1.1438E7
0	5722	6333	2	0	1.1439E7
0	5722	6333	2	0	1.144E7
0	5722	6333	2	0	1.1441E7
0	5722	6333	2	0	1.1442E7
0	5722	6333	2	0	1.1443E7
0	5722	6333	2	0	1.1444E7
0	5722	6333	2	0	1.1445E7
0	5722	6333	2	0	1.1446E7
0	5722	6333	2	0	1.1447E7
0	5722	6333	2	0	1.1448E7
0	5722	6333	2	0	1.1449E7
0	5722	6333	2	0	1.145E7
0	5724	6332	2	2	1.1451E7
0	5727	6330	2	4	1.1452E7
0	5731	6327	2	6	1.1453E7
0	5737	6323	2	8	1.1454E7
0	5745	6318	2	10	1.1455E7
0	5755	6311	2	12	1.1456E7
0	5766	6304	2	14	1.1457E7
0	5779	6296	2	16	1.1458E7
0	5794	6287	2	17	1.1459E7
0	5808	6278	2	17	1.146E7
0	5824	6269	2	17	1.1461E7
0	5839	6261	2	17	1.1462E7
0	5855	6254	2	17	1.1463E7
0	5871	6247	2	17	1.1464E7
0	5887	6240	2	17	1.1465E7
0	5903	6233	2	17	1.1466E7
0	5919	6226	2	17	1.1467E7
0	5935	6220	1	17	1.1468E7
0	5952	6215	1	17	1.1469E7
0	5969	6210	1	17	1.147E7
0	5985	6204	1	17	1.1471E7
0	6002	6199	1	17	1.1472E7
0	6019	6194	1	17	1.1473E7
0	6035	6189	1	17	1.1474E7
0	6052	6183	1	17	1.1475E7
0	6066	6180	1	15	1.1476E7
0	6080	6183	1	14	1.1477E7
0	6094	6184	1	14	1.1478E7
0	6109	6184	1	14	1.1479E7
0	6124	6185	1	14	1.148E7
0	6138	6186	1	14	1.1481E7
0	6153	6187	1	14	1.1482E7
0	6165	6187	1	11	1.1483E7
0	6175	6188	1	8	1.1484E7
0	6181	6189	1	5	1.1485E7
0	6185	6189	1	3	1.1486E7
0	6187	6189	1	0	1.1487E7
0	6187	6189	1	0	1.1488E7
0	6187	6189	1	0	1.1489E7
0	6187	6189	1	0	1.149E7
0	6187	6189	1	0	1.1491E7
0	6187	6189	1	0	1.1492E7
0	6187	6189	1	0	1.1493E7
0	6187	6189	1	0	1.1494E7
0	6187	6189	1	0	1.1495E7
0	6187	6189	1	0	1.1496E7
0	6187	6189	1	0	1.1497E7
0	6187	6189	1	0	1.1498E7
0	6187	6189	1	0	1.1499E7
0	6187	6189	1	0	1.15E7
0	6187	6189	1	0	1.1501E7
0	6187	6189	1	0	1.1502E7
0	6187	6189	1	0	1.1503E7
0	6187	6189	1	0	1.1504E7
0	6187	6189	1	0	1.1505E7
0	6187	6189	1	0	1.1506E7
0	6187	6189	1	1	1.1507E7
0	6191	6186	1	3	1.1508E7
0	6196	6187	1	5	1.1509E7
0	6202	6187	1	7	1.151E7
0	6211	6188	1	9	1.1511E7
0	6222	6189	1	11	1.1512E7
0	6235	6191	1	13	1.1513E7
0	6247	6192	1	10	1.1514E7
0	6256	6193	1	7	1.1515E7
0	6262	6194	1	5	1.1516E7
0	6266	6194	1	4	1.1517E7
0	6272	6194	1	6	1.1518E7
0	6279	6193	1	8	1.1519E7
0	6291	6186	2	10	1.152E7
0	6292	6174	3	12	1.1521E7
0	6294	6161	3	14	1.1522E7
0	6297	6146	3	14	1.1523E7
0	6299	6132	3	14	1.1524E7
0	6302	6118	3	14	1.1525E7
0	6304	6103	3	14	1.1526E7
0	6306	6091	3	11	1.1527E7
0	6308	6081	3	8	1.1528E7
0	6309	6075	3	5	1.1529E7
0	6309	6071	3	3	1.153E7
0	6310	6069	3	0	1.1531E7
0	6310	6069	3	0	1.1532E7
0	6310	6069	3	0	1.1533E7
0	6310	6069	3	0	1.1534E7
0	6310	6069	3	0	1.1535E7
0	6310	6069	3	0	1.1536E7
0	6310	6069	3	0	1.1537E7
0	6310	6069	3	0	1.1538E7
0	6310	6069	3	0	1.1539E7
0	6310	6069	3	0	1.154E7
0	6310	6069	3	0	1.1541E7
0	6310	6069	3	0	1.1542E7
0	6310	6069	3	0	1.1543E7
0	6310	6069	3	0	1.1544E7
0	6310	6069	3	0	1.1545E7
0	6310	6069	3	0	1.1546E7
0	6310	6069	3	0	1.1547E7
0	6310	6069	3	0	1.1548E7
0	6310	6069	3	0	1.1549E7
0	6310	6069	3	0	1.155E7
0	6310	6069	3	1	1.1551E7
0	6310	6066	3	3	1.1552E7
0	6311	6062	3	5	1.1553E7
0	6312	6055	3	7	1.1554E7
0	6313	6047	3	7	1.1555E7
0	6314	6042	3	4	1.1556E7
0	6315	6039	3	2	1.1557E7
0	6315	6037	3	1	1.1558E7
0	6315	6036	3	0	1.1559E7
0	6315	6036	3	0	1.156E7
0	6315	6036	3	0	1.1561E7
0	6315	6036	3	0	1.1562E7
0	6315	6036	3	0	1.1563E7
0	6315	6036	3	0	1.1564E7
0	6315	6036	3	0	1.1565E7
0	6315	6036	3	0	1.1566E7
0	6315	6036	3	0	1.1567E7
0	6315	6036	3	0	1.1568E7
0	6315	6036	3	0	1.1569E7
0	6315	6036	3	0	1.157E7
0	6315	6036	3	0	1.1571E7
0	6315	6036	3	0	1.1572E7
0	6315	6036	3	0	1.1573E7
0	6315	6036	3	0	1.1574E7
0	6315	6036	3	0	1.1575E7
0	6315	6036	3	0	1.1576E7
0	6315	6036	3	0	1.1577E7
0	6315	6036	3	0	1.1578E7
0	6315	6036	3	0	1.1579E7
0	6315	6036	3	0	1.158E7
0	6315	6036	3	0	1.1581E7
0	6315	6036	3	0	1.1582E7
0	6315	6036	3	0	1.1583E7
0	6315	6036	3	0	1.1584E7
0	6315	6036	3	0	1.1585E7
0	6315	6036	3	0	1.1586E7
0	6315	6036	3	0	1.1587E7
0	6315	6036	3	0	1.1588E7
0	6315	6036	3	0	1.1589E7
0	6315	6036	3	0	1.159E7
0	6315	6036	3	0	1.1591E7
0	6315	6036	3	0	1.1592E7
0	6315	6036	3	0	1.1593E7
0	6315	6036	3	0	1.1594E7
0	6315	6036	3	0	1.1595E7
0	6315	6036	3	0	1.1596E7
0	6315	6036	3	0	1.1597E7
0	6315	6036	3	0	1.1598E7
0	6315	6036	3	0	1.1599E7
0	6315	6036	3	0	1.16E7
0	6315	6036	3	0	1.1601E7
0	6315	6034	3	2	1.1602E7
0	6315	6031	3	4	1.1603E7
0	6316	6025	3	6	1.1604E7
0	6317	6018	3	8	1.1605E7
0	6315	6008	3	10	1.1606E7
0	6316	5997	3	12	1.1607E7
0	6317	5983	3	14	1.1608E7
0	6319	5969	3	14	1.1609E7
0	6321	5954	3	14	1.161E7
0	6323	5940	3	14	1.1611E7
0	6326	5926	3	14	1.1612E7
0	6329	5912	3	14	1.1613E7
0	6333	5898	3	14	1.1614E7
0	6337	5884	3	14	1.1615E7
0	6342	5870	3	14	1.1616E7
0	6346	5856	3	14	1.1617E7
0	6350	5842	3	14	1.1618E7
0	6354	5828	3	14	1.1619E7
0	6359	5814	3	14	1.162E7
0	6364	5801	3	14	1.1621E7
0	6370	5789	2	11	1.1622E7
0	6375	5780	2	8	1.1623E7
0	6378	5774	2	5	1.1624E7
0	6380	5770	2	3	1.1625E7
0	6381	5767	2	1	1.1626E7
0	6381	5766	2	0	1.1627E7
0	6382	5766	2	0	1.1628E7
0	6382	5766	2	0	1.1629E7
0	6382	5766	2	0	1.163E7
0	6382	5766	2	0	1.1631E7
0	6382	5766	2	0	1.1632E7
0	6382	5766	2	0	1.1633E7
0	6382	5766	2	0	1.1634E7
0	6382	5766	2	0	1.1635E7
0	6382	5766	2	0	1.1636E7
0	6382	5766	2	0	1.1637E7
0	6382	5766	2	0	1.1638E7
0	6382	5766	2	0	1.1639E7
0	6382	5766	2	0	1.164E7
0	6382	5766	2	0	1.1641E7
0	6382	5766	2	0	1.1642E7
0	6382	5766	2	0	1.1643E7
0	6382	5766	2	0	1.1644E7
0	6382	5766	2	0	1.1645E7
0	6382	5766	2	0	1.1646E7
0	6382	5766	2	0	1.1647E7
0	6382	5766	2	0	1.1648E7
0	6382	5766	2	0	1.1649E7
0	6382	5766	2	0	1.165E7
0	6382	5766	2	0	1.1651E7
0	6382	5766	2	0	1.1652E7
0	6382	5766	2	0	1.1653E7
0	6382	5766	2	0	1.1654E7
0	6382	5766	2	0	1.1655E7
0	6382	5766	2	0	1.1656E7
0	6383	5764	2	2	1.1657E7
0	6384	5761	2	4	1.1658E7
0	6387	5756	2	6	1.1659E7
0	6392	5749	2	8	1.166E7
0	6398	5742	2	10	1.1661E7
0	6407	5734	2	13	1.1662E7
0	6421	5728	2	14	1.1663E7
0	6432	5718	2	14	1.1664E7
0	6441	5707	2	14	1.1665E7
0	6447	5694	2	14	1.1666E7
0	6453	5680	3	14	1.1667E7
0	6459	5667	3	14	1.1668E7
0	6464	5653	3	14	1.1669E7
0	6470	5640	3	14	1.167E7
0	6475	5626	3	14	1.1671E7
0	6480	5612	3	14	1.1672E7
0	6485	5599	3	14	1.1673E7
0	6490	5586	3	11	1.1674E7
0	6493	5577	3	8	1.1675E7
0	6496	5571	3	5	1.1676E7
0	6497	5567	3	3	1.1677E7
0	6498	5566	3	0	1.1678E7
0	6498	5566	3	0	1.1679E7
0	6498	5566	3	0	1.168E7
0	6498	5566	3	0	1.1681E7
0	6498	5566	3	0	1.1682E7
0	6498	5566	3	0	1.1683E7
0	6498	5566	3	0	1.1684E7
0	6498	5566	3	0	1.1685E7
0	6498	5566	3	0	1.1686E7
0	6498	5566	3	0	1.1687E7
0	6498	5566	3	0	1.1688E7
0	6498	5566	3	0	1.1689E7
0	6498	5566	3	0	1.169E7
0	6498	5566	3	0	1.1691E7
0	6498	5566	3	0	1.1692E7
0	6498	5566	3	0	1.1693E7
0	6498	5566	3	0	1.1694E7
0	6498	5566	3	0	1.1695E7
0	6498	5566	3	0	1.1696E7
0	6498	5566	3	0	1.1697E7
0	6498	5565	3	1	1.1698E7
0	6499	5563	3	3	1.1699E7
0	6500	5558	3	5	1.17E7
0	6503	5552	3	7	1.1701E7
0	6503	5543	3	9	1.1702E7
0	6506	5534	3	11	1.1703E7
0	6511	5522	3	13	1.1704E7
0	6515	5509	3	14	1.1705E7
0	6521	5495	3	14	1.1706E7
0	6526	5482	3	14	1.1707E7
0	6531	5468	3	14	1.1708E7
0	6535	5454	3	14	1.1709E7
0	6540	5440	3	14	1.171E7
0	6545	5427	3	14	1.1711E7
0	6549	5413	3	14	1.1712E7
0	6554	5399	3	14	1.1713E7
0	6558	5385	3	14	1.1714E7
0	6560	5371	3	14	1.1715E7
0	6561	5357	3	12	1.1716E7
0	6563	5346	3	9	1.1717E7
0	6561	5338	3	6	1.1718E7
0	6560	5333	3	4	1.1719E7
0	6560	5330	3	2	1.172E7
0	6560	5328	3	1	1.1721E7
0	6560	5328	3	0	1.1722E7
0	6560	5328	3	0	1.1723E7
0	6560	5328	3	0	1.1724E7
0	6560	5328	3	0	1.1725E7
0	6560	5328	3	0	1.1726E7
0	6560	5328	3	0	1.1727E7
0	6560	5328	3	0	1.1728E7
0	6560	5328	3	0	1.1729E7
0	6560	5328	3	0	1.173E7
0	6560	5328	3	0	1.1731E7
0	6560	5328	3	0	1.1732E7
0	6560	5328	3	0	1.1733E7
0	6560	5328	3	0	1.1734E7
0	6560	5328	3	0	1.1735E7
0	6560	5328	3	0	1.1736E7
0	6560	5328	3	0	1.1737E7
0	6560	5328	3	0	1.1738E7
0	6560	5328	3	0	1.1739E7
0	6560	5328	3	0	1.174E7
0	6560	5328	3	0	1.1741E7
0	6560	5328	3	0	1.1742E7
0	6560	5328	3	0	1.1743E7
0	6560	5328	3	0	1.1744E7
0	6560	5328	3	0	1.1745E7
0	6560	5328	3	0	1.1746E7
0	6560	5328	3	0	1.1747E7
0	6560	5328	3	0	1.1748E7
0	6560	5328	3	0	1.1749E7
0	6560	5328	3	0	1.175E7
0	6560	5328	3	0	1.1751E7
0	6560	5328	3	0	1.1752E7
0	6560	5328	3	0	1.1753E7
0	6560	5328	3	0	1.1754E7
0	6560	5328	3	0	1.1755E7
0	6560	5328	3	0	1.1756E7
0	6560	5328	3	0	1.1757E7
0	6560	5328	3	0	1.1758E7
0	6560	5328	3	0	1.1759E7
0	6560	5328	3	0	1.176E7
0	6560	5327	3	0	1.1761E7
0	6559	5326	3	2	1.1762E7
0	6559	5323	3	4	1.1763E7
0	6558	5318	3	6	1.1764E7
0	6558	5310	3	8	1.1765E7
0	6557	5301	3	9	1.1766E7
0	6555	5290	3	12	1.1767E7
0	6551	5278	3	13	1.1768E7
0	6547	5264	3	14	1.1769E7
0	6543	5250	3	14	1.177E7
0	6539	5236	3	14	1.1771E7
0	6535	5222	3	14	1.1772E7
0	6531	5208	3	14	1.1773E7
0	6526	5194	3	14	1.1774E7
0	6522	5180	3	14	1.1775E7
0	6518	5166	3	14	1.1776E7
0	6516	5153	3	12	1.1777E7
0	6514	5142	3	9	1.1778E7
0	6513	5135	3	6	1.1779E7
0	6512	5130	3	3	1.178E7
0	6511	5127	3	2	1.1781E7
0	6511	5126	3	0	1.1782E7
0	6511	5125	3	0	1.1783E7
0	6511	5125	3	0	1.1784E7
0	6511	5125	3	0	1.1785E7
0	6511	5125	3	0	1.1786E7
0	6511	5125	3	0	1.1787E7
0	6511	5125	3	0	1.1788E7
0	6511	5125	3	0	1.1789E7
0	6511	5125	3	0	1.179E7
0	6511	5125	3	0	1.1791E7
0	6511	5123	3	2	1.1792E7
0	6510	5120	3	4	1.1793E7
0	6509	5115	3	6	1.1794E7
0	6509	5107	3	8	1.1795E7
0	6509	5098	3	10	1.1796E7
0	6509	5086	3	12	1.1797E7
0	6509	5073	3	14	1.1798E7
0	6509	5058	3	14	1.1799E7
0	6509	5044	3	14	1.18E7
0	6508	5029	3	14	1.1801E7
0	6509	5015	3	14	1.1802E7
0	6510	5000	3	14	1.1803E7
0	6511	4986	3	14	1.1804E7
0	6511	4971	3	14	1.1805E7
0	6512	4957	3	14	1.1806E7
0	6514	4942	3	14	1.1807E7
0	6515	4929	3	11	1.1808E7
0	6515	4919	3	8	1.1809E7
0	6516	4912	3	5	1.181E7
0	6516	4908	3	3	1.1811E7
0	6516	4906	3	0	1.1812E7
0	6516	4906	3	0	1.1813E7
0	6516	4906	3	0	1.1814E7
0	6516	4906	3	0	1.1815E7
0	6516	4906	3	0	1.1816E7
0	6516	4906	3	0	1.1817E7
0	6516	4906	3	0	1.1818E7
0	6516	4906	3	0	1.1819E7
0	6516	4906	3	0	1.182E7
0	6516	4906	3	0	1.1821E7
0	6516	4906	3	0	1.1822E7
0	6516	4906	3	0	1.1823E7
0	6516	4906	3	0	1.1824E7
0	6516	4906	3	0	1.1825E7
0	6516	4906	3	0	1.1826E7
0	6516	4906	3	0	1.1827E7
0	6516	4906	3	0	1.1828E7
0	6516	4906	3	0	1.1829E7
0	6516	4906	3	0	1.183E7
0	6516	4906	3	0	1.1831E7
0	6516	4905	3	1	1.1832E7
0	6517	4903	3	3	1.1833E7
0	6517	4898	3	5	1.1834E7
0	6518	4892	3	7	1.1835E7
0	6518	4883	3	9	1.1836E7
0	6519	4873	3	11	1.1837E7
0	6517	4861	3	13	1.1838E7
0	6515	4847	3	14	1.1839E7
0	6512	4833	3	14	1.184E7
0	6510	4818	3	14	1.1841E7
0	6507	4804	3	14	1.1842E7
0	6505	4790	3	14	1.1843E7
0	6503	4775	3	14	1.1844E7
0	6501	4761	3	14	1.1845E7
0	6498	4747	3	14	1.1846E7
0	6496	4732	3	14	1.1847E7
0	6494	4718	3	14	1.1848E7
0	6491	4703	3	14	1.1849E7
0	6489	4689	3	14	1.185E7
0	6488	4675	3	14	1.1851E7
0	6501	4667	1	14	1.1852E7
0	6515	4664	1	14	1.1853E7
0	6529	4660	1	14	1.1854E7
0	6543	4657	1	14	1.1855E7
0	6557	4653	1	14	1.1856E7
0	6571	4650	1	14	1.1857E7
0	6586	4647	1	14	1.1858E7
0	6600	4645	1	14	1.1859E7
0	6614	4642	1	14	1.186E7
0	6628	4636	1	14	1.1861E7
0	6642	4634	1	14	1.1862E7
0	6657	4631	1	14	1.1863E7
0	6671	4629	1	14	1.1864E7
0	6685	4626	1	14	1.1865E7
0	6699	4623	1	14	1.1866E7
0	6714	4621	1	14	1.1867E7
0	6728	4618	1	14	1.1868E7
0	6742	4616	1	14	1.1869E7
0	6757	4613	1	14	1.187E7
0	6771	4610	1	14	1.1871E7
0	6785	4608	1	14	1.1872E7
0	6800	4605	1	14	1.1873E7
0	6812	4603	1	11	1.1874E7
0	6821	4601	1	7	1.1875E7
0	6827	4600	1	5	1.1876E7
0	6831	4599	1	2	1.1877E7
0	6833	4599	1	1	1.1878E7
0	6834	4599	1	0	1.1879E7
0	6835	4599	1	0	1.188E7
0	6835	4599	1	0	1.1881E7
0	6835	4599	1	0	1.1882E7
0	6835	4599	1	0	1.1883E7
0	6835	4599	1	0	1.1884E7
0	6835	4599	1	0	1.1885E7
0	6835	4599	1	0	1.1886E7
0	6835	4599	1	0	1.1887E7
0	6835	4599	1	0	1.1888E7
0	6835	4599	1	0	1.1889E7
0	6835	4599	1	0	1.189E7
0	6835	4599	1	0	1.1891E7
0	6835	4599	1	0	1.1892E7
0	6835	4599	1	0	1.1893E7
0	6835	4599	1	0	1.1894E7
0	6835	4599	1	0	1.1895E7
0	6835	4599	1	0	1.1896E7
0	6835	4599	1	0	1.1897E7
0	6835	4599	1	0	1.1898E7
0	6835	4599	1	0	1.1899E7
0	6835	4599	1	0	1.19E7
0	6835	4599	1	0	1.1901E7
0	6835	4599	1	0	1.1902E7
0	6835	4599	1	0	1.1903E7
0	6835	4599	1	0	1.1904E7
0	6835	4599	1	0	1.1905E7
0	6835	4599	1	0	1.1906E7
0	6835	4599	1	0	1.1907E7
0	6835	4599	1	0	1.1908E7
0	6835	4599	1	0	1.1909E7
0	6835	4599	1	0	1.191E7
0	6835	4599	1	0	1.1911E7
0	6835	4599	1	0	1.1912E7
0	6835	4599	1	0	1.1913E7
0	6835	4599	1	0	1.1914E7
0	6835	4599	1	0	1.1915E7
0	6835	4599	1	0	1.1916E7
0	6835	4599	1	0	1.1917E7
0	6835	4599	1	0	1.1918E7
0	6835	4599	1	0	1.1919E7
0	6835	4599	1	0	1.192E7
0	6835	4599	1	0	1.1921E7
0	6836	4599	1	2	1.1922E7
0	6840	4598	1	4	1.1923E7
0	6845	4597	1	6	1.1924E7
0	6853	4596	1	8	1.1925E7
0	6862	4595	1	10	1.1926E7
0	6873	4593	1	12	1.1927E7
0	6886	4591	1	14	1.1928E7
0	6900	4589	1	14	1.1929E7
0	6915	4587	1	14	1.193E7
0	6929	4584	1	14	1.1931E7
0	6942	4582	1	11	1.1932E7
0	6952	4581	1	8	1.1933E7
0	6958	4579	1	5	1.1934E7
0	6962	4578	1	3	1.1935E7
0	6966	4575	2	5	1.1936E7
0	6968	4568	2	7	1.1937E7
0	6971	4559	3	9	1.1938E7
0	6970	4548	3	11	1.1939E7
0	6973	4535	3	13	1.194E7
0	6972	4521	3	14	1.1941E7
0	6971	4506	3	14	1.1942E7
0	6971	4492	3	14	1.1943E7
0	6970	4477	3	14	1.1944E7
0	6969	4463	3	14	1.1945E7
0	6968	4448	3	14	1.1946E7
0	6967	4434	3	14	1.1947E7
0	6967	4421	3	11	1.1948E7
0	6966	4412	3	7	1.1949E7
0	6966	4405	3	5	1.195E7
0	6966	4401	3	2	1.1951E7
0	6965	4399	3	1	1.1952E7
0	6965	4398	3	0	1.1953E7
0	6965	4398	3	0	1.1954E7
0	6965	4398	3	0	1.1955E7
0	6965	4398	3	0	1.1956E7
0	6965	4398	3	0	1.1957E7
0	6965	4398	3	0	1.1958E7
0	6965	4398	3	0	1.1959E7
0	6965	4398	3	0	1.196E7
0	6965	4398	3	0	1.1961E7
0	6965	4398	3	0	1.1962E7
0	6965	4398	3	0	1.1963E7
0	6965	4398	3	0	1.1964E7
0	6965	4398	3	0	1.1965E7
0	6965	4398	3	0	1.1966E7
0	6965	4398	3	0	1.1967E7
0	6965	4398	3	0	1.1968E7
0	6965	4398	3	0	1.1969E7
0	6965	4398	3	0	1.197E7
0	6965	4398	3	0	1.1971E7
0	6965	4396	3	2	1.1972E7
0	6967	4394	3	4	1.1973E7
0	6973	4394	2	6	1.1974E7
0	6980	4395	1	8	1.1975E7
0	6989	4397	1	10	1.1976E7
0	7000	4398	1	12	1.1977E7
0	7013	4400	1	13	1.1978E7
0	7017	4413	7	14	1.1979E7
0	7018	4427	7	14	1.198E7
0	7018	4442	7	14	1.1981E7
0	7019	4456	7	14	1.1982E7
0	7020	4471	7	14	1.1983E7
0	7021	4485	7	14	1.1984E7
0	7022	4499	7	14	1.1985E7
0	7023	4513	7	11	1.1986E7
0	7023	4523	7	8	1.1987E7
0	7023	4530	7	5	1.1988E7
0	7023	4535	7	3	1.1989E7
0	7023	4537	7	0	1.199E7
0	7023	4537	7	0	1.1991E7
0	7023	4537	7	0	1.1992E7
0	7023	4537	7	0	1.1993E7
0	7023	4537	7	0	1.1994E7
0	7023	4537	7	0	1.1995E7
0	7023	4537	7	0	1.1996E7
0	7023	4537	7	0	1.1997E7
0	7023	4537	7	0	1.1998E7
0	7023	4537	7	0	1.1999E7
0	7023	4537	7	0	1.2E7
0	7023	4537	7	0	1.2001E7
0	7023	4537	7	0	1.2002E7
0	7023	4537	7	0	1.2003E7
0	7023	4537	7	0	1.2004E7
0	7023	4537	7	0	1.2005E7
0	7023	4537	7	0	1.2006E7
0	7023	4537	7	0	1.2007E7
0	7023	4537	7	0	1.2008E7
0	7023	4537	7	0	1.2009E7
0	7023	4537	7	1	1.201E7
0	7027	4540	7	3	1.2011E7
0	7027	4545	7	5	1.2012E7
0	7027	4551	7	7	1.2013E7
0	7025	4559	7	9	1.2014E7
0	7016	4565	6	10	1.2015E7
0	7005	4570	5	12	1.2016E7
0	6993	4571	5	11	1.2017E7
0	6983	4573	5	8	1.2018E7
0	6977	4574	5	5	1.2019E7
0	6973	4575	5	3	1.202E7
0	6969	4578	6	6	1.2021E7
0	6966	4585	6	7	1.2022E7
0	6966	4594	7	9	1.2023E7
0	6967	4605	7	11	1.2024E7
0	6967	4618	7	13	1.2025E7
0	6968	4632	7	14	1.2026E7
0	6969	4647	7	14	1.2027E7
0	6970	4659	7	11	1.2028E7
0	6972	4669	7	8	1.2029E7
0	6973	4676	7	5	1.203E7
0	6974	4680	7	3	1.2031E7
0	6974	4682	7	1	1.2032E7
0	6974	4683	7	0	1.2033E7
0	6974	4684	7	0	1.2034E7
0	6974	4684	7	0	1.2035E7
0	6974	4684	7	0	1.2036E7
0	6974	4684	7	0	1.2037E7
0	6974	4684	7	0	1.2038E7
0	6974	4684	7	0	1.2039E7
0	6974	4684	7	0	1.204E7
0	6974	4684	7	0	1.2041E7
0	6974	4684	7	0	1.2042E7
0	6974	4684	7	0	1.2043E7
0	6974	4684	7	0	1.2044E7
0	6974	4684	7	0	1.2045E7
0	6974	4684	7	0	1.2046E7
0	6974	4684	7	0	1.2047E7
0	6974	4684	7	0	1.2048E7
0	6974	4684	7	0	1.2049E7
0	6974	4684	7	0	1.205E7
0	6974	4684	7	0	1.2051E7
0	6974	4684	7	0	1.2052E7
0	6974	4684	7	0	1.2053E7
0	6974	4684	7	0	1.2054E7
0	6974	4684	7	0	1.2055E7
0	6974	4684	7	0	1.2056E7
0	6974	4684	7	0	1.2057E7
0	6974	4684	7	0	1.2058E7
0	6974	4684	7	0	1.2059E7
0	6974	4684	7	0	1.206E7
0	6974	4684	7	0	1.2061E7
0	6975	4686	7	2	1.2062E7
0	6975	4689	7	4	1.2063E7
0	6976	4694	7	6	1.2064E7
0	6979	4701	7	8	1.2065E7
0	6982	4710	7	10	1.2066E7
0	6986	4720	7	12	1.2067E7
0	6991	4732	7	13	1.2068E7
0	6993	4747	7	14	1.2069E7
0	6999	4760	7	14	1.207E7
0	7004	4774	7	14	1.2071E7
0	7010	4787	7	14	1.2072E7
0	7015	4801	7	14	1.2073E7
0	7021	4814	7	14	1.2074E7
0	7026	4828	7	14	1.2075E7
0	7032	4841	7	14	1.2076E7
0	7037	4855	7	14	1.2077E7
0	7043	4868	7	14	1.2078E7
0	7048	4881	7	14	1.2079E7
0	7051	4896	7	14	1.208E7
0	7056	4908	7	12	1.2081E7
0	7061	4921	7	14	1.2082E7
0	7066	4934	8	14	1.2083E7
0	7073	4948	8	14	1.2084E7
0	7080	4960	8	14	1.2085E7
0	7087	4973	8	14	1.2086E7
0	7094	4986	8	14	1.2087E7
0	7100	4999	8	14	1.2088E7
0	7107	5012	8	14	1.2089E7
0	7114	5025	8	14	1.209E7
0	7121	5037	8	14	1.2091E7
0	7127	5050	8	14	1.2092E7
0	7133	5062	8	11	1.2093E7
0	7137	5070	8	8	1.2094E7
0	7140	5076	8	5	1.2095E7
0	7142	5080	8	3	1.2096E7
0	7143	5081	8	0	1.2097E7
0	7143	5081	8	0	1.2098E7
0	7143	5081	8	0	1.2099E7
0	7143	5081	8	0	1.21E7
0	7143	5081	8	0	1.2101E7
0	7143	5081	8	0	1.2102E7
0	7143	5081	8	0	1.2103E7
0	7143	5081	8	0	1.2104E7
0	7143	5081	8	0	1.2105E7
0	7143	5081	8	0	1.2106E7
0	7143	5081	8	0	1.2107E7
0	7143	5081	8	0	1.2108E7
0	7143	5081	8	0	1.2109E7
0	7143	5081	8	0	1.211E7
0	7143	5081	8	0	1.2111E7
0	7143	5081	8	0	1.2112E7
0	7143	5081	8	0	1.2113E7
0	7143	5081	8	0	1.2114E7
0	7143	5081	8	0	1.2115E7
0	7143	5081	8	0	1.2116E7
0	7143	5081	8	1	1.2117E7
0	7144	5084	8	3	1.2118E7
0	7146	5088	8	5	1.2119E7
0	7149	5094	8	7	1.212E7
0	7153	5101	8	9	1.2121E7
0	7158	5110	8	10	1.2122E7
0	7163	5121	8	13	1.2123E7
0	7170	5134	8	14	1.2124E7
0	7176	5146	8	14	1.2125E7
0	7183	5159	8	14	1.2126E7
0	7189	5172	8	14	1.2127E7
0	7196	5185	8	14	1.2128E7
0	7202	5198	8	14	1.2129E7
0	7209	5211	8	14	1.213E7
0	7215	5224	8	14	1.2131E7
0	7222	5237	8	14	1.2132E7
0	7228	5249	8	12	1.2133E7
0	7233	5259	8	8	1.2134E7
0	7236	5265	8	5	1.2135E7
0	7238	5269	8	3	1.2136E7
0	7239	5272	8	1	1.2137E7
0	7240	5273	8	0	1.2138E7
0	7240	5273	8	0	1.2139E7
0	7240	5273	8	0	1.214E7
0	7240	5273	8	0	1.2141E7
0	7240	5273	8	0	1.2142E7
0	7240	5273	8	0	1.2143E7
0	7240	5273	8	0	1.2144E7
0	7240	5273	8	0	1.2145E7
0	7240	5273	8	0	1.2146E7
0	7240	5273	8	0	1.2147E7
0	7240	5273	8	0	1.2148E7
0	7240	5273	8	0	1.2149E7
0	7240	5273	8	0	1.215E7
0	7240	5273	8	0	1.2151E7
0	7240	5273	8	0	1.2152E7
0	7240	5273	8	0	1.2153E7
0	7240	5273	8	0	1.2154E7
0	7240	5273	8	0	1.2155E7
0	7240	5273	8	0	1.2156E7
0	7240	5273	8	0	1.2157E7
0	7240	5273	8	0	1.2158E7
0	7240	5273	8	0	1.2159E7
0	7240	5273	8	0	1.216E7
0	7240	5273	8	0	1.2161E7
0	7241	5275	8	2	1.2162E7
0	7242	5278	8	4	1.2163E7
0	7245	5283	8	6	1.2164E7
0	7248	5289	8	8	1.2165E7
0	7252	5298	8	10	1.2166E7
0	7257	5308	8	12	1.2167E7
0	7263	5320	8	14	1.2168E7
0	7269	5333	8	14	1.2169E7
0	7276	5346	8	14	1.217E7
0	7282	5359	8	13	1.2171E7
0	7287	5369	8	10	1.2172E7
0	7291	5377	8	7	1.2173E7
0	7293	5382	8	4	1.2174E7
0	7294	5385	8	2	1.2175E7
0	7295	5385	8	0	1.2176E7
0	7295	5385	8	0	1.2177E7
0	7295	5385	8	0	1.2178E7
0	7295	5385	8	0	1.2179E7
0	7295	5385	8	0	1.218E7
0	7295	5385	8	0	1.2181E7
0	7295	5385	8	0	1.2182E7
0	7295	5385	8	0	1.2183E7
0	7295	5385	8	0	1.2184E7
0	7295	5385	8	0	1.2185E7
0	7295	5385	8	0	1.2186E7
0	7295	5385	8	0	1.2187E7
0	7295	5385	8	0	1.2188E7
0	7295	5385	8	0	1.2189E7
0	7295	5385	8	0	1.219E7
0	7295	5385	8	0	1.2191E7
0	7295	5385	8	0	1.2192E7
0	7295	5385	8	0	1.2193E7
0	7295	5385	8	0	1.2194E7
0	7298	5384	8	0	1.2195E7
0	7301	5384	8	2	1.2196E7
0	7303	5386	8	4	1.2197E7
0	7305	5391	8	6	1.2198E7
0	7309	5397	8	8	1.2199E7
0	7316	5403	8	10	1.22E7
0	7327	5406	1	12	1.2201E7
0	7340	5409	1	14	1.2202E7
0	7355	5412	1	15	1.2203E7
0	7372	5415	1	17	1.2204E7
0	7389	5418	1	17	1.2205E7
0	7406	5422	1	17	1.2206E7
0	7423	5425	1	17	1.2207E7
0	7440	5429	1	17	1.2208E7
0	7457	5432	1	17	1.2209E7
0	7474	5433	1	17	1.221E7
0	7491	5434	1	17	1.2211E7
0	7508	5431	1	15	1.2212E7
0	7521	5426	2	12	1.2213E7
0	7529	5420	2	8	1.2214E7
0	7535	5416	2	6	1.2215E7
0	7539	5414	2	3	1.2216E7
0	7541	5413	2	0	1.2217E7
0	7541	5413	2	0	1.2218E7
0	7541	5413	2	0	1.2219E7
0	7541	5413	2	0	1.222E7
0	7541	5413	2	0	1.2221E7
0	7541	5413	2	0	1.2222E7
0	7541	5413	2	0	1.2223E7
0	7541	5413	2	0	1.2224E7
0	7541	5413	2	0	1.2225E7
0	7541	5413	2	0	1.2226E7
0	7541	5413	2	0	1.2227E7
0	7541	5413	2	0	1.2228E7
0	7541	5413	2	0	1.2229E7
0	7541	5413	2	0	1.223E7
0	7541	5413	2	0	1.2231E7
0	7541	5413	2	0	1.2232E7
0	7541	5413	2	0	1.2233E7
0	7541	5413	2	0	1.2234E7
0	7541	5413	2	0	1.2235E7
0	7541	5413	2	0	1.2236E7
0	7541	5412	2	0	1.2237E7
0	7543	5411	2	3	1.2238E7
0	7546	5409	2	4	1.2239E7
0	7549	5403	2	6	1.224E7
0	7555	5399	2	8	1.2241E7
0	7563	5394	2	10	1.2242E7
0	7572	5388	2	12	1.2243E7
0	7584	5380	2	14	1.2244E7
0	7596	5372	2	14	1.2245E7
0	7608	5364	2	14	1.2246E7
0	7621	5357	2	14	1.2247E7
0	7635	5353	1	14	1.2248E7
0	7650	5350	1	14	1.2249E7
0	7664	5349	1	14	1.225E7
0	7677	5351	1	11	1.2251E7
0	7686	5353	1	7	1.2252E7
0	7692	5355	1	5	1.2253E7
0	7696	5356	1	2	1.2254E7
0	7698	5357	1	1	1.2255E7
0	7699	5357	1	0	1.2256E7
0	7699	5357	1	0	1.2257E7
0	7699	5357	1	0	1.2258E7
0	7699	5357	1	0	1.2259E7
0	7699	5357	1	0	1.226E7
0	7699	5357	1	0	1.2261E7
0	7699	5357	1	0	1.2262E7
0	7699	5357	1	0	1.2263E7
0	7699	5357	1	0	1.2264E7
0	7699	5357	1	0	1.2265E7
0	7699	5357	1	0	1.2266E7
0	7699	5357	1	0	1.2267E7
0	7699	5357	1	0	1.2268E7
0	7699	5357	1	0	1.2269E7
0	7699	5357	1	0	1.227E7
0	7699	5357	1	0	1.2271E7
0	7699	5357	1	0	1.2272E7
0	7699	5357	1	0	1.2273E7
0	7699	5357	1	0	1.2274E7
0	7699	5357	1	0	1.2275E7
0	7699	5357	1	0	1.2276E7
0	7699	5357	1	0	1.2277E7
0	7699	5357	1	0	1.2278E7
0	7699	5357	1	0	1.2279E7
0	7699	5357	1	0	1.228E7
0	7699	5357	1	0	1.2281E7
0	7699	5357	1	0	1.2282E7
0	7699	5357	1	0	1.2283E7
0	7699	5357	1	0	1.2284E7
0	7699	5357	1	0	1.2285E7
0	7699	5357	1	0	1.2286E7
0	7699	5357	1	0	1.2287E7
0	7699	5357	1	0	1.2288E7
0	7699	5357	1	0	1.2289E7
0	7699	5357	1	0	1.229E7
0	7699	5357	1	0	1.2291E7
0	7699	5357	1	0	1.2292E7
0	7699	5357	1	0	1.2293E7
0	7699	5357	1	0	1.2294E7
0	7699	5357	1	0	1.2295E7
0	7699	5357	1	0	1.2296E7
0	7699	5357	1	0	1.2297E7
0	7699	5357	1	0	1.2298E7
0	7699	5357	1	0	1.2299E7
0	7699	5357	1	0	1.23E7
0	7701	5357	1	2	1.2301E7
0	7704	5359	1	4	1.2302E7
0	7709	5360	1	6	1.2303E7
0	7716	5363	1	8	1.2304E7
0	7723	5369	8	10	1.2305E7
0	7733	5374	8	12	1.2306E7
0	7744	5381	8	12	1.2307E7
0	7752	5387	8	9	1.2308E7
0	7758	5392	8	6	1.2309E7
0	7762	5395	8	3	1.231E7
0	7763	5397	8	0	1.2311E7
0	7763	5397	8	0	1.2312E7
0	7763	5397	8	0	1.2313E7
0	7763	5397	8	0	1.2314E7
0	7763	5397	8	0	1.2315E7
0	7763	5397	8	0	1.2316E7
0	7763	5397	8	0	1.2317E7
0	7763	5397	8	0	1.2318E7
0	7763	5397	8	0	1.2319E7
0	7763	5397	8	0	1.232E7
0	7763	5397	8	0	1.2321E7
0	7763	5397	8	0	1.2322E7
0	7763	5397	8	0	1.2323E7
0	7763	5397	8	0	1.2324E7
0	7763	5397	8	0	1.2325E7
0	7763	5397	8	0	1.2326E7
0	7763	5397	8	0	1.2327E7
0	7763	5397	8	0	1.2328E7
0	7763	5397	8	0	1.2329E7
0	7763	5397	8	0	1.233E7
0	7763	5397	8	0	1.2331E7
0	7765	5398	8	2	1.2332E7
0	7768	5401	8	4	1.2333E7
0	7772	5405	8	6	1.2334E7
0	7778	5410	8	8	1.2335E7
0	7785	5417	8	10	1.2336E7
0	7792	5426	8	12	1.2337E7
0	7800	5437	8	14	1.2338E7
0	7807	5450	8	14	1.2339E7
0	7814	5463	8	14	1.234E7
0	7821	5476	8	14	1.2341E7
0	7828	5488	8	14	1.2342E7
0	7835	5501	8	14	1.2343E7
0	7842	5514	8	14	1.2344E7
0	7849	5526	8	14	1.2345E7
0	7856	5538	8	12	1.2346E7
0	7862	5548	8	9	1.2347E7
0	7865	5555	8	6	1.2348E7
0	7867	5559	8	3	1.2349E7
0	7869	5561	8	1	1.235E7
0	7869	5562	8	0	1.2351E7
0	7869	5562	8	0	1.2352E7
0	7869	5562	8	0	1.2353E7
0	7869	5562	8	0	1.2354E7
0	7869	5562	8	0	1.2355E7
0	7869	5562	8	0	1.2356E7
0	7869	5562	8	0	1.2357E7
0	7869	5562	8	0	1.2358E7
0	7869	5562	8	0	1.2359E7
0	7869	5562	8	0	1.236E7
0	7869	5562	8	0	1.2361E7
0	7869	5562	8	0	1.2362E7
0	7869	5562	8	0	1.2363E7
0	7869	5562	8	0	1.2364E7
0	7869	5562	8	0	1.2365E7
0	7869	5562	8	0	1.2366E7
0	7869	5562	8	0	1.2367E7
0	7869	5562	8	0	1.2368E7
0	7869	5562	8	0	1.2369E7
0	7869	5562	8	0	1.237E7
0	7870	5563	8	2	1.2371E7
0	7872	5566	8	4	1.2372E7
0	7874	5571	8	6	1.2373E7
0	7878	5578	8	8	1.2374E7
0	7882	5586	8	10	1.2375E7
0	7887	5597	8	12	1.2376E7
0	7894	5608	8	14	1.2377E7
0	7901	5621	8	14	1.2378E7
0	7908	5634	8	14	1.2379E7
0	7914	5647	8	14	1.238E7
0	7921	5660	8	14	1.2381E7
0	7926	5673	8	14	1.2382E7
0	7932	5687	8	14	1.2383E7
0	7938	5700	8	13	1.2384E7
0	7943	5710	8	9	1.2385E7
0	7946	5717	8	6	1.2386E7
0	7948	5722	8	4	1.2387E7
0	7949	5725	8	2	1.2388E7
0	7950	5727	8	1	1.2389E7
0	7950	5727	8	0	1.239E7
0	7950	5728	8	0	1.2391E7
0	7950	5728	8	0	1.2392E7
0	7950	5728	8	0	1.2393E7
0	7950	5728	8	0	1.2394E7
0	7950	5728	8	0	1.2395E7
0	7950	5728	8	0	1.2396E7
0	7950	5728	8	0	1.2397E7
0	7950	5728	8	0	1.2398E7
0	7950	5728	8	0	1.2399E7
0	7950	5728	8	0	1.24E7
0	7950	5728	8	0	1.2401E7
0	7950	5728	8	0	1.2402E7
0	7950	5728	8	0	1.2403E7
0	7950	5728	8	0	1.2404E7
0	7950	5728	8	0	1.2405E7
0	7950	5728	8	0	1.2406E7
0	7950	5728	8	0	1.2407E7
0	7950	5728	8	0	1.2408E7
0	7950	5728	8	0	1.2409E7
0	7950	5728	8	0	1.241E7
0	7950	5728	8	0	1.2411E7
0	7950	5728	8	0	1.2412E7
0	7950	5728	8	0	1.2413E7
0	7950	5728	8	0	1.2414E7
0	7950	5728	8	0	1.2415E7
0	7950	5728	8	0	1.2416E7
0	7950	5728	8	0	1.2417E7
0	7950	5728	8	0	1.2418E7
0	7950	5728	8	0	1.2419E7
0	7950	5728	8	0	1.242E7
0	7950	5728	8	0	1.2421E7
0	7951	5729	8	2	1.2422E7
0	7952	5732	8	4	1.2423E7
0	7954	5737	8	6	1.2424E7
0	7957	5744	7	8	1.2425E7
0	7961	5753	7	10	1.2426E7
0	7963	5764	7	12	1.2427E7
0	7964	5777	7	14	1.2428E7
0	7959	5790	7	14	1.2429E7
0	7953	5804	6	14	1.243E7
0	7947	5817	6	14	1.2431E7
0	7942	5828	6	11	1.2432E7
0	7938	5837	6	8	1.2433E7
0	7935	5843	6	5	1.2434E7
0	7934	5847	6	3	1.2435E7
0	7933	5848	6	0	1.2436E7
0	7933	5848	6	0	1.2437E7
0	7933	5848	6	0	1.2438E7
0	7933	5848	6	0	1.2439E7
0	7933	5848	6	0	1.244E7
0	7933	5848	6	0	1.2441E7
0	7933	5848	6	0	1.2442E7
0	7933	5848	6	0	1.2443E7
0	7933	5848	6	0	1.2444E7
0	7933	5848	6	0	1.2445E7
0	7933	5848	6	0	1.2446E7
0	7933	5848	6	0	1.2447E7
0	7933	5848	6	0	1.2448E7
0	7933	5848	6	0	1.2449E7
0	7933	5848	6	0	1.245E7
0	7933	5848	6	0	1.2451E7
0	7933	5848	6	0	1.2452E7
0	7933	5848	6	0	1.2453E7
0	7933	5848	6	0	1.2454E7
0	7933	5848	6	0	1.2455E7
0	7933	5848	6	1	1.2456E7
0	7935	5852	6	3	1.2457E7
0	7933	5856	6	5	1.2458E7
0	7930	5862	6	7	1.2459E7
0	7927	5870	6	9	1.246E7
0	7923	5880	6	11	1.2461E7
0	7921	5892	7	13	1.2462E7
0	7921	5906	7	14	1.2463E7
0	7921	5919	7	11	1.2464E7
0	7921	5928	7	8	1.2465E7
0	7921	5935	7	5	1.2466E7
0	7921	5939	7	2	1.2467E7
0	7920	5941	7	1	1.2468E7
0	7920	5942	7	0	1.2469E7
0	7920	5942	7	0	1.247E7
0	7920	5942	7	0	1.2471E7
0	7920	5942	7	0	1.2472E7
0	7920	5942	7	0	1.2473E7
0	7920	5942	7	0	1.2474E7
0	7920	5942	7	0	1.2475E7
0	7920	5942	7	0	1.2476E7
0	7920	5942	7	0	1.2477E7
0	7920	5942	7	0	1.2478E7
0	7920	5942	7	0	1.2479E7
0	7920	5942	7	0	1.248E7
0	7920	5942	7	0	1.2481E7
0	7920	5942	7	0	1.2482E7
0	7920	5942	7	0	1.2483E7
0	7920	5942	7	0	1.2484E7
0	7920	5942	7	0	1.2485E7
0	7920	5942	7	0	1.2486E7
0	7920	5942	7	0	1.2487E7
0	7920	5942	7	0	1.2488E7
0	7920	5942	7	0	1.2489E7
0	7920	5942	7	0	1.249E7
0	7920	5942	7	0	1.2491E7
0	7920	5942	7	0	1.2492E7
0	7920	5942	7	0	1.2493E7
0	7920	5942	7	0	1.2494E7
0	7920	5942	7	0	1.2495E7
0	7920	5942	7	0	1.2496E7
0	7920	5944	7	2	1.2497E7
0	7920	5947	7	4	1.2498E7
0	7920	5953	7	6	1.2499E7
0	7920	5960	7	8	1.25E7
0	7921	5970	7	10	1.2501E7
0	7921	5981	7	12	1.2502E7
0	7921	5995	7	14	1.2503E7
0	7921	6009	7	14	1.2504E7
0	7922	6024	7	14	1.2505E7
0	7924	6038	7	14	1.2506E7
0	7925	6051	7	11	1.2507E7
0	7926	6061	7	8	1.2508E7
0	7927	6067	7	5	1.2509E7
0	7928	6071	7	3	1.251E7
0	7931	6075	7	6	1.2511E7
0	7937	6081	8	8	1.2512E7
0	7947	6081	1	10	1.2513E7
0	7958	6080	1	11	1.2514E7
0	7968	6081	1	8	1.2515E7
0	7975	6080	1	5	1.2516E7
0	7979	6080	1	3	1.2517E7
0	7981	6080	1	0	1.2518E7
0	7981	6080	1	0	1.2519E7
0	7981	6080	1	0	1.252E7
0	7981	6080	1	0	1.2521E7
0	7981	6080	1	0	1.2522E7
0	7981	6080	1	0	1.2523E7
0	7981	6080	1	0	1.2524E7
0	7981	6080	1	0	1.2525E7
0	7981	6080	1	0	1.2526E7
0	7981	6080	1	0	1.2527E7
0	7981	6080	1	0	1.2528E7
0	7981	6080	1	0	1.2529E7
0	7981	6080	1	0	1.253E7
0	7981	6080	1	0	1.2531E7
0	7981	6080	1	0	1.2532E7
0	7981	6080	1	0	1.2533E7
0	7981	6080	1	0	1.2534E7
0	7981	6080	1	0	1.2535E7
0	7981	6080	1	0	1.2536E7
0	7981	6080	1	0	1.2537E7
0	7981	6080	1	1	1.2538E7
0	7984	6080	1	3	1.2539E7
0	7988	6080	1	5	1.254E7
0	7995	6080	1	7	1.2541E7
0	8003	6080	1	9	1.2542E7
0	8014	6080	1	11	1.2543E7
0	8026	6079	1	13	1.2544E7
0	8040	6078	1	15	1.2545E7
0	8056	6076	1	17	1.2546E7
0	8074	6073	1	17	1.2547E7
0	8091	6070	1	17	1.2548E7
0	8108	6067	1	17	1.2549E7
0	8125	6064	1	17	1.255E7
0	8143	6062	1	17	1.2551E7
0	8160	6058	1	17	1.2552E7
0	8177	6055	1	17	1.2553E7
0	8194	6051	1	17	1.2554E7
0	8209	6047	1	14	1.2555E7
0	8221	6045	1	10	1.2556E7
0	8230	6042	1	7	1.2557E7
0	8235	6041	1	4	1.2558E7
0	8239	6040	1	2	1.2559E7
0	8240	6040	1	0	1.256E7
0	8240	6040	1	0	1.2561E7
0	8240	6040	1	0	1.2562E7
0	8240	6040	1	0	1.2563E7
0	8240	6040	1	0	1.2564E7
0	8240	6040	1	0	1.2565E7
0	8240	6040	1	0	1.2566E7
0	8240	6040	1	0	1.2567E7
0	8240	6040	1	0	1.2568E7
0	8240	6040	1	0	1.2569E7
0	8240	6040	1	0	1.257E7
0	8240	6040	1	0	1.2571E7
0	8240	6040	1	0	1.2572E7
0	8240	6040	1	0	1.2573E7
0	8240	6040	1	0	1.2574E7
0	8240	6040	1	0	1.2575E7
0	8240	6040	1	0	1.2576E7
0	8240	6040	1	0	1.2577E7
0	8240	6040	1	0	1.2578E7
0	8240	6040	1	0	1.2579E7
0	8241	6040	1	2	1.258E7
0	8243	6039	1	3	1.2581E7
0	8248	6037	1	5	1.2582E7
0	8255	6036	1	7	1.2583E7
0	8264	6033	1	9	1.2584E7
0	8274	6031	1	11	1.2585E7
0	8286	6028	1	13	1.2586E7
0	8300	6024	1	15	1.2587E7
0	8316	6020	1	17	1.2588E7
0	8333	6016	1	17	1.2589E7
0	8350	6012	1	17	1.259E7
0	8367	6008	1	17	1.2591E7
0	8384	6003	1	17	1.2592E7
0	8401	5999	1	16	1.2593E7
0	8409	6008	8	14	1.2594E7
0	8414	6022	7	14	1.2595E7
0	8419	6036	7	14	1.2596E7
0	8424	6050	7	14	1.2597E7
0	8428	6063	7	14	1.2598E7
0	8433	6077	7	14	1.2599E7
0	8438	6091	7	14	1.26E7
0	8443	6104	7	12	1.2601E7
0	8447	6114	7	9	1.2602E7
0	8449	6121	7	6	1.2603E7
0	8451	6126	7	3	1.2604E7
0	8451	6128	7	0	1.2605E7
0	8451	6128	7	0	1.2606E7
0	8451	6128	7	0	1.2607E7
0	8451	6128	7	0	1.2608E7
0	8451	6128	7	0	1.2609E7
0	8451	6128	7	0	1.261E7
0	8451	6128	7	0	1.2611E7
0	8451	6128	7	0	1.2612E7
0	8451	6128	7	0	1.2613E7
0	8451	6128	7	0	1.2614E7
0	8451	6128	7	0	1.2615E7
0	8451	6128	7	0	1.2616E7
0	8451	6128	7	0	1.2617E7
0	8451	6128	7	0	1.2618E7
0	8451	6128	7	0	1.2619E7
0	8451	6128	7	0	1.262E7
0	8451	6128	7	0	1.2621E7
0	8451	6128	7	0	1.2622E7
0	8451	6128	7	0	1.2623E7
0	8451	6128	7	0	1.2624E7
0	8451	6128	7	0	1.2625E7
0	8452	6130	7	2	1.2626E7
0	8453	6134	7	4	1.2627E7
0	8454	6140	7	6	1.2628E7
0	8456	6147	7	8	1.2629E7
0	8457	6157	7	10	1.263E7
0	8459	6169	7	12	1.2631E7
0	8461	6182	7	14	1.2632E7
0	8463	6196	7	14	1.2633E7
0	8465	6211	7	14	1.2634E7
0	8467	6225	7	14	1.2635E7
0	8470	6240	7	14	1.2636E7
0	8472	6254	7	14	1.2637E7
0	8474	6268	7	14	1.2638E7
0	8476	6283	7	14	1.2639E7
0	8478	6297	7	14	1.264E7
0	8481	6311	7	14	1.2641E7
0	8484	6326	7	14	1.2642E7
0	8487	6340	7	14	1.2643E7
0	8489	6354	7	14	1.2644E7
0	8491	6369	7	14	1.2645E7
0	8494	6383	7	14	1.2646E7
0	8496	6397	7	14	1.2647E7
0	8499	6412	7	14	1.2648E7
0	8501	6426	7	14	1.2649E7
0	8503	6440	7	14	1.265E7
0	8505	6455	7	14	1.2651E7
0	8508	6469	7	14	1.2652E7
0	8510	6483	7	14	1.2653E7
0	8513	6498	7	14	1.2654E7
0	8515	6512	7	14	1.2655E7
0	8518	6526	7	14	1.2656E7
0	8520	6541	7	14	1.2657E7
0	8522	6555	7	14	1.2658E7
0	8524	6569	7	14	1.2659E7
0	8526	6584	7	14	1.266E7
0	8527	6598	7	14	1.2661E7
0	8528	6613	7	14	1.2662E7
0	8527	6625	7	11	1.2663E7
0	8527	6634	7	7	1.2664E7
0	8526	6640	7	5	1.2665E7
0	8525	6644	7	3	1.2666E7
0	8525	6645	7	0	1.2667E7
0	8525	6645	7	0	1.2668E7
0	8525	6645	7	0	1.2669E7
0	8525	6645	7	0	1.267E7
0	8525	6645	7	0	1.2671E7
0	8525	6645	7	0	1.2672E7
0	8525	6645	7	0	1.2673E7
0	8525	6645	7	0	1.2674E7
0	8525	6645	7	0	1.2675E7
0	8525	6645	7	0	1.2676E7
0	8525	6645	7	0	1.2677E7
0	8525	6645	7	0	1.2678E7
0	8525	6645	7	0	1.2679E7
0	8525	6645	7	0	1.268E7
0	8525	6645	7	0	1.2681E7
0	8525	6645	7	0	1.2682E7
0	8525	6645	7	0	1.2683E7
0	8525	6645	7	0	1.2684E7
0	8525	6645	7	0	1.2685E7
0	8525	6645	7	0	1.2686E7
0	8525	6646	7	1	1.2687E7
0	8525	6649	7	3	1.2688E7
0	8524	6653	7	5	1.2689E7
0	8523	6660	7	7	1.269E7
0	8522	6668	7	9	1.2691E7
0	8521	6678	7	11	1.2692E7
0	8519	6690	7	13	1.2693E7
0	8507	6691	5	14	1.2694E7
0	8493	6687	5	14	1.2695E7
0	8479	6684	5	14	1.2696E7
0	8465	6681	5	14	1.2697E7
0	8451	6678	5	14	1.2698E7
0	8437	6676	5	14	1.2699E7
0	8423	6673	5	14	1.27E7
0	8409	6669	5	14	1.2701E7
0	8396	6667	5	11	1.2702E7
0	8387	6665	5	8	1.2703E7
0	8381	6664	5	5	1.2704E7
0	8377	6663	5	3	1.2705E7
0	8376	6663	5	0	1.2706E7
0	8376	6663	5	0	1.2707E7
0	8376	6663	5	0	1.2708E7
0	8376	6663	5	0	1.2709E7
0	8376	6663	5	0	1.271E7
0	8376	6663	5	0	1.2711E7
0	8376	6663	5	0	1.2712E7
0	8376	6663	5	0	1.2713E7
0	8376	6663	5	0	1.2714E7
0	8376	6663	5	0	1.2715E7
0	8376	6663	5	0	1.2716E7
0	8376	6663	5	0	1.2717E7
0	8376	6663	5	0	1.2718E7
0	8376	6663	5	0	1.2719E7
0	8376	6663	5	0	1.272E7
0	8376	6663	5	0	1.2721E7
0	8376	6663	5	0	1.2722E7
0	8376	6663	5	0	1.2723E7
0	8376	6663	5	0	1.2724E7
0	8376	6663	5	0	1.2725E7
0	8375	6663	5	1	1.2726E7
0	8373	6662	5	3	1.2727E7
0	8368	6661	5	5	1.2728E7
0	8362	6660	5	7	1.2729E7
0	8353	6658	5	9	1.273E7
0	8343	6656	5	11	1.2731E7
0	8330	6657	5	13	1.2732E7
0	8316	6655	5	14	1.2733E7
0	8301	6654	5	14	1.2734E7
0	8287	6654	5	14	1.2735E7
0	8273	6654	5	14	1.2736E7
0	8258	6655	5	14	1.2737E7
0	8244	6658	5	14	1.2738E7
0	8230	6662	5	14	1.2739E7
0	8216	6665	5	14	1.274E7
0	8202	6668	5	14	1.2741E7
0	8188	6672	5	14	1.2742E7
0	8174	6675	5	14	1.2743E7
0	8159	6679	5	14	1.2744E7
0	8145	6682	5	14	1.2745E7
0	8131	6685	5	14	1.2746E7
0	8117	6689	5	14	1.2747E7
0	8103	6692	5	14	1.2748E7
0	8089	6695	5	14	1.2749E7
0	8074	6699	5	14	1.275E7
0	8060	6701	5	14	1.2751E7
0	8046	6703	5	13	1.2752E7
0	8034	6704	5	10	1.2753E7
0	8026	6704	5	6	1.2754E7
0	8021	6705	5	4	1.2755E7
0	8017	6705	5	4	1.2756E7
0	8011	6706	5	6	1.2757E7
0	8005	6711	6	8	1.2758E7
0	8000	6720	6	10	1.2759E7
0	7999	6731	7	12	1.276E7
0	7998	6745	7	14	1.2761E7
0	7997	6759	7	14	1.2762E7
0	7994	6773	7	13	1.2763E7
0	7991	6784	7	10	1.2764E7
0	7989	6793	7	7	1.2765E7
0	7987	6798	7	4	1.2766E7
0	7986	6801	7	2	1.2767E7
0	7986	6801	7	0	1.2768E7
0	7986	6801	7	0	1.2769E7
0	7986	6801	7	0	1.277E7
0	7986	6801	7	0	1.2771E7
0	7986	6801	7	0	1.2772E7
0	7986	6801	7	0	1.2773E7
0	7986	6801	7	0	1.2774E7
0	7986	6801	7	0	1.2775E7
0	7986	6801	7	0	1.2776E7
0	7986	6801	7	0	1.2777E7
0	7986	6801	7	0	1.2778E7
0	7986	6801	7	0	1.2779E7
0	7986	6801	7	0	1.278E7
0	7986	6801	7	0	1.2781E7
0	7986	6801	7	0	1.2782E7
0	7986	6801	7	0	1.2783E7
0	7986	6801	7	0	1.2784E7
0	7986	6801	7	0	1.2785E7
0	7986	6801	7	0	1.2786E7
0	7986	6801	7	0	1.2787E7
0	7985	6803	7	2	1.2788E7
0	7984	6806	7	4	1.2789E7
0	7982	6810	6	6	1.279E7
0	7979	6817	6	7	1.2791E7
0	7976	6825	6	9	1.2792E7
