7467003.653728743
7467003.653736835
7467006.0
7467016.0
7467026.0
7467036.0
7467046.0
7467056.0
7467066.0
7467076.0
7467086.0
7467096.0
7467106.0
7467116.0
7467126.0
7467136.0
7467146.0
7467156.0
7467166.0
7467176.0
7467186.0
7467196.0
7467206.0
7467216.0
7467226.0
7467236.0
7467246.0
7467256.0
7467266.0
7467276.0
7467286.0
7467296.0
7467306.0
7467316.0
7467326.0
7467336.0
7467346.0
7467356.0
7467366.0
7467376.0
7467386.0
7467396.0
7467406.0
7467416.0
7467426.0
7467436.0
7467446.0
7467456.0
7467466.0
7467476.0
7467486.0
7467496.0
7467506.0
7467516.0
7467526.0
7467536.0
7467546.0
7467556.0
7467566.0
7467576.0
7467586.0
7467596.0
7467606.0
7467616.0
7467626.0
7467636.0
7467646.0
7467656.0
7467666.0
7467676.0
7467686.0
7467696.0
7467706.0
7467716.0
7467726.0
7467736.0
7467746.0
7467756.0
7467766.0
7467776.0
7467786.0
7467796.0
7467806.0
7467816.0
7467826.0
7467830.567112288
7467830.567120381
7467836.0
7467846.0
7467856.0
7467866.0
7467876.0
7467886.0
7467896.0
7467906.0
7467916.0
7467926.0
7467936.0
7467946.0
7467956.0
7467966.0
7467976.0
7467986.0
7467996.0
7468006.0
7468016.0
7468026.0
7468036.0
7468046.0
7468056.0
7468066.0
7468076.0
7468086.0
7468096.0
7468106.0
7468116.0
7468126.0
7468136.0
7468146.0
7468156.0
7468166.0
7620005.187484522
7620005.187492615
7620006.0
7620015.187484522
7620015.187492615
7620016.0
7620025.187484522
7620025.187492615
7620026.0
7620035.187484522
7620035.187492615
7620036.0
7620045.187484522
7620045.187492615
7620046.0
7620055.187484522
7620055.187492615
7620056.0
7620065.784887119
7620065.784895211
7620066.0
7620076.0
7620084.788783223
7620084.788791316
7620086.0
7620094.788783223
7620094.788791316
7620096.0
7620104.788783223
7620104.788791316
7620106.0
7620114.788783223
7620114.788791316
7620116.0
7620124.788783223
7620124.788791316
7620126.0
7620134.788783223
7620134.788791316
7620136.0
7620146.0
7620156.0
7620166.0
7620176.0
7620186.0
7620196.0
7620206.0
7620216.0
7620226.0
7620236.0
7620246.0
7620256.0
7620266.0
7620276.0
7620286.0
7620296.0
7620306.0
7620316.0
7620326.0
7620336.0
7620346.0
7620356.0
7620366.0
7620376.0
7620386.0
7620396.0
7620406.0
7620416.0
7620426.0
7620436.0
7620446.0
7620456.0
7620466.0
7620476.0
7620486.0
7620496.0
7620506.0
7620516.0
7620526.0
7620536.0
7620546.0
7620556.0
7620566.0
7620576.0
7620586.0
7620596.0
7620606.0
7620616.0
7620626.0
7620636.0
7620646.0
7620656.0
7620666.0
7620676.0
7620686.0
7620696.0
7620706.0
7620716.0
7620726.0
7620736.0
7620746.0
7620756.0
7620766.0
7620776.0
7620786.0
7620796.0
7620806.0
7620816.0
7620826.0
7620836.0
7620846.0
7620856.0
7620866.0
7620876.0
7620886.0
7620896.0
7620906.0
8041002.167511824
8041006.0
8041016.0
8041026.0
8041036.0
8041046.0
8041056.0
8041066.0
8041076.0
8041086.0
8041096.0
8041106.0
8041116.0
8041126.0
8041136.0
8041146.0
8041156.0
8041166.0
8041176.0
8041186.0
8041196.0
8041206.0
8041216.0
8041226.0
8041236.0
8041246.0
8041256.0
8041266.0
8041276.0
8041286.0
8041296.0
8041306.0
8041316.0
8041326.0
8041336.0
8041346.0
8041356.0
8041366.0
8041376.0
8041386.0
8041396.0
8041406.0
8041416.0
8041426.0
8041436.0
8041446.0
8041456.0
8041466.0
8041476.0
8041486.0
8041496.0
8041506.0
8041516.0
8041526.0
8041536.0
8041546.0
8041556.0
8041566.0
8041576.0
8041586.0
8041596.0
8041606.0
8041616.0
8041626.0
8041636.0
8041646.0
8041656.0
8041666.0
8041676.0
8041686.0
8041696.0
8041706.0
8041716.0
8041726.0
8041736.0
8041746.0
8041756.0
8041766.0
8041776.0
8041786.0
8250004.830787542
8250006.0
8250014.830787542
8250016.0
8250024.830787542
8250026.0
8250034.830787542
8250036.0
8250046.0
8250054.830787542
8250056.0
8250064.830787542
8250066.0
8250074.830787542
8250076.0
8250084.830787542
8250086.0
8250094.830787542
8250096.0
8250106.0
8250114.830787542
8250116.0
8250124.830787542
8250126.0
8250136.0
8250144.830787542
8250146.0
8250154.830787542
8250156.0
8250164.830787542
8250166.0
8250174.830787542
8250176.0
8250184.830787542
8250186.0
8250194.830787542
8250196.0
8250204.830787542
8250206.0
8250214.830787542
8250216.0
8250224.830787542
8250226.0
8250234.830787542
8250236.0
8250244.830787542
8250246.0
8250254.830787542
8250256.0
8250264.830787542
8250266.0
8250274.830787542
8250276.0
8250284.830787542
8250286.0
8250296.0
8250304.830787542
8250306.0
8250314.830787542
8250316.0
8250324.830787542
8250326.0
8250334.830787542
8250336.0
8250344.830787542
8250346.0
8250354.830787542
8250356.0
8250364.830787542
8250366.0
8250374.830787542
8250376.0
8250384.830787542
8250386.0
8250394.830787542
8250396.0
8250404.830787542
8250406.0
8250414.830787542
8250416.0
8250424.830787542
8250426.0
8250434.830787542
8250436.0
8250444.830787542
8250446.0
8250456.0
8250464.830787542
8250466.0
8250476.0
8250484.830787542
8250486.0
8250494.830787542
8250496.0
8250504.830787542
8250506.0
8250514.830787542
8250516.0
8250524.830787542
8250526.0
8250534.830787542
8250536.0
8250544.830787542
8250546.0
8250554.830787542
8250556.0
8250564.830787542
8250566.0
8250574.830787542
8250576.0
8250584.830787542
8250586.0
8250594.830787542
8250596.0
8250604.830787542
8250606.0
8250614.830787542
8250616.0
8250624.830787542
8250626.0
8250634.830787542
8250636.0
8250644.830787542
8250646.0
8250654.830787542
8250656.0
8250664.830787542
8250666.0
8250674.830787542
8250676.0
8250686.0
8250696.0
8250704.830787542
8250706.0
8250714.830787542
8250716.0
8250724.830787542
8250726.0
8250736.0
8250746.0
8250756.0
8250766.0
8250776.0
8250786.0
8250796.0
8250806.0
8250816.0
8250826.0
8250836.0
8250846.0
8250856.0
8250866.0
8250876.0
8250886.0
8250896.0
8250906.0
8250907.525276034
8250916.0
8250926.0
8250936.0
8250946.0
8250956.0
8250966.0
8250976.0
8250986.0
8250996.0
8251006.0
8251016.0
8251026.0
8251036.0
8251046.0
8251056.0
8306003.700050238
8306006.0
8306013.700050238
8306016.0
8306026.0
8306033.700050238
8306036.0
8306043.700050238
8306046.0
8306053.700050238
8306056.0
8306063.700050238
8306066.0
8306073.700050238
8306076.0
8306083.700050238
8306086.0
8306096.0
8306103.700050238
8306106.0
8306113.700050238
8306116.0
8306123.700050238
8306126.0
8306133.700050238
8306136.0
8306143.700050238
8306146.0
8306153.700050238
8306156.0
8306163.700050238
8306166.0
8306173.700050238
8306176.0
8306183.700050238
8306186.0
8306196.0
8306206.0
8306213.700050238
8306216.0
8306223.700050238
8306226.0
8306233.700050238
8306236.0
8306246.0
8306253.700050238
8306256.0
8306266.0
8306273.700050238
8306276.0
8306283.700050238
8306286.0
8306293.700050238
8306296.0
8306303.700050238
8306306.0
8306316.0
8306323.700050238
8306326.0
8306333.700050238
8306336.0
8306343.700050238
8306346.0
8306356.0
8306363.700050238
8306366.0
8306373.700050238
8306376.0
8306383.700050238
8306386.0
8306393.700050238
8306396.0
8306403.700050238
8306406.0
8306416.0
8306423.700050238
8306426.0
8306433.700050238
8306436.0
8306443.700050238
8306446.0
8306453.700050238
8306456.0
8306463.700050238
8306466.0
8306473.700050238
8306476.0
8306483.700050238
8306486.0
8306493.700050238
8306496.0
8306503.700050238
8306506.0
8306513.700050238
8306516.0
8306523.700050238
8306526.0
8306533.700050238
8306536.0
8306543.700050238
8306546.0
8306553.700050238
8306556.0
8306563.700050238
8306566.0
8306573.700050238
8306576.0
8306583.700050238
8306586.0
8306593.700050238
8306596.0
8306603.700050238
8306606.0
8306613.700050238
8306616.0
8306623.700050238
8306626.0
8306633.700050238
8306636.0
8306643.700050238
8306646.0
8306653.700050238
8306656.0
8306663.700050238
8306666.0
8306673.700050238
8306676.0
8306683.700050238
8306686.0
8306693.700050238
8306696.0
8306703.700050238
8306706.0
8306713.700050238
8306716.0
8306723.700050238
8306726.0
8306733.700050238
8306736.0
8306746.0
8306756.0
8306766.0
8306776.0
8306786.0
8306796.0
8306806.0
8306816.0
8306826.0
8306836.0
8306846.0
8306856.0
8306866.0
8306876.0
8306886.0
8306896.0
8306906.0
8306916.0
8306926.0
8306936.0
8306946.0
8306956.0
8306966.0
8306976.0
8306986.0
8306996.0
8307003.959907382
8307006.0
8307016.0
8307026.0
8307036.0
8307046.0
8307056.0
8307066.0
8307076.0
8307086.0
8307096.0
8307106.0
8307116.0
8307126.0
8307136.0
8307146.0
8307156.0
8386001.1867532665
8386006.0
8386016.0
8386026.0
8386036.0
8386046.0
8386056.0
8386066.0
8386076.0
8386086.0
8386096.0
8386106.0
8386116.0
8386126.0
8386136.0
8386146.0
8386156.0
8386166.0
8386176.0
8386186.0
8386196.0
8386206.0
8386216.0
8386226.0
8386236.0
8386246.0
8386256.0
8386266.0
8386276.0
8386286.0
8386296.0
8386306.0
8386316.0
8386326.0
8386336.0
8386346.0
8386356.0
8386366.0
8386376.0
8386386.0
8386396.0
8386406.0
8386416.0
8386426.0
8386436.0
8386446.0
8386456.0
8386466.0
8386476.0
8386486.0
8386496.0
8386506.0
8386516.0
8386526.0
8386536.0
8386546.0
8386556.0
8386566.0
8386576.0
8386586.0
8386596.0
8386606.0
8386616.0
8386626.0
8386636.0
8386646.0
8386656.0
8386666.0
8386676.0
8386686.0
8386696.0
8386706.0
8386716.0
8386726.0
8386736.0
8386746.0
8386756.0
8386766.0
8386776.0
8386786.0
8386796.0
8549002.79633265
8549006.0
8549016.0
8549026.0
8549036.0
8549046.0
8549056.0
8549066.0
8549076.0
8549086.0
8549096.0
8549106.0
8549116.0
8549126.0
8549136.0
8549146.0
8549156.0
8549166.0
8549176.0
8549186.0
8549196.0
8549206.0
8549216.0
8549226.0
8549236.0
8549241.038146375
8549246.0
8549256.0
8549266.0
8549276.0
8549286.0
8549296.0
8549306.0
8549316.0
8549326.0
8549336.0
8549346.0
8549356.0
8549366.0
8549376.0
8549386.0
8549396.0
8549406.0
8549416.0
8549426.0
8549436.0
8549446.0
8549456.0
8549466.0
8549476.0
8549486.0
8549496.0
8549506.0
8549516.0
8549526.0
8549536.0
8549546.0
8549556.0
8549566.0
8549576.0
8549586.0
8549596.0
8549606.0
8549616.0
8549626.0
8549636.0
8549646.0
8549656.0
8549666.0
8549676.0
8549686.0
8549696.0
8549706.0
8549716.0
8549726.0
8549736.0
8549746.0
8549756.0
8549766.0
8549776.0
8549786.0
8549796.0
8549806.0
8549816.0
8549826.0
8549836.0
8549846.0
8549856.0
8549866.0
8549876.0
8549886.0
8549896.0
8549906.0
8549916.0
8549926.0
8549936.0
8549946.0
8549956.0
8549966.0
8549976.0
8549986.0
8549996.0
8550006.0
8550016.0
8743002.167837076
8743006.0
8743016.0
8743026.0
8743036.0
8743046.0
8743056.0
8743066.0
8743076.0
8743086.0
8743096.0
8743106.0
8743116.0
8743126.0
8743136.0
8743146.0
8743156.0
8743166.0
8743176.0
8743186.0
8743196.0
8743206.0
8743216.0
8743226.0
8743236.0
8743246.0
8743256.0
8743266.0
8743276.0
8743286.0
8743296.0
8743306.0
8743316.0
8743326.0
8743336.0
8743346.0
8743356.0
8743366.0
8743376.0
8743386.0
8743396.0
8743406.0
8743416.0
8743426.0
8743436.0
8743446.0
8743456.0
8743466.0
8743476.0
8743486.0
8743496.0
8743506.0
8743516.0
8743526.0
8743536.0
8743546.0
8743556.0
8743566.0
8743576.0
8743586.0
8743596.0
8743606.0
8743616.0
8743626.0
8743636.0
8743646.0
8743656.0
8743666.0
8743676.0
8743686.0
8743696.0
8743706.0
8743716.0
8743726.0
8743736.0
8743746.0
8793006.0
8793015.404151253
8793016.0
8793025.404151253
8793026.0
8793036.0
8793046.0
8793055.404151253
8793056.0
8793065.404151253
8793066.0
8793075.404151253
8793076.0
8793085.404151253
8793086.0
8793095.404151253
8793096.0
8793105.404151253
8793106.0
8793115.404151253
8793116.0
8793125.404151253
8793126.0
8793136.0
8793146.0
8793156.0
8793166.0
8793176.0
8793186.0
8793196.0
8793202.342055677
8793206.0
8793216.0
8793226.0
8793236.0
8793246.0
8793256.0
8793266.0
8793276.0
8793286.0
8793296.0
8793306.0
8793316.0
8793326.0
8793336.0
8793346.0
8793356.0
8793366.0
8793376.0
8793386.0
8793396.0
8793406.0
8793416.0
8793426.0
8793436.0
8793446.0
8793456.0
8793466.0
8793476.0
8793486.0
8793496.0
8793506.0
8793516.0
8793526.0
8793536.0
8793546.0
8793556.0
8793566.0
8793576.0
8793586.0
8793596.0
8793606.0
8793616.0
8793626.0
8793636.0
8793646.0
8793656.0
8793666.0
8793676.0
8793686.0
8793696.0
8793706.0
8793716.0
8793726.0
8793736.0
8793746.0
8793756.0
8793766.0
8793776.0
8793786.0
8793796.0
8793806.0
8793816.0
8793826.0
8793836.0
8793846.0
8793856.0
8793866.0
8793876.0
8793886.0
8793896.0
8793906.0
8793916.0
8793926.0
8793936.0
8793946.0
8793956.0
8793966.0
8793976.0
8793986.0
8793996.0
8794006.0
8794016.0
8794026.0
8794036.0
8794046.0
8794056.0
8794066.0
8794076.0
8794086.0
8794096.0
8794106.0
8794116.0
8794126.0
8794136.0
8794146.0
8794156.0
8794166.0
8794176.0
8956006.0
8956016.0
8956017.375281624
8956026.0
8956036.0
8956037.375281624
8956046.0
8956047.375281624
8956056.0
8956057.375281624
8956066.0
8956067.375281624
8956076.0
8956077.375281624
8956086.0
8956087.375281624
8956096.0
8956097.375281624
8956106.0
8956107.375281624
8956116.0
8956117.375281624
8956126.0
8956127.375281624
8956136.0
8956137.375281624
8956146.0
8956147.375281624
8956156.0
8956157.375281624
8956166.0
8956176.0
8956177.375281624
8956186.0
8956187.375281624
8956196.0
8956197.375281624
8956206.0
8956207.375281624
8956216.0
8956226.0
8956227.375281624
8956236.0
8956237.375281624
8956246.0
8956247.375281624
8956256.0
8956266.0
8956267.375281624
8956276.0
8956277.375281624
8956286.0
8956287.375281624
8956296.0
8956297.375281624
8956306.0
8956307.375281624
8956316.0
8956317.375281624
8956326.0
8956336.0
8956337.375281624
8956346.0
8956347.375281624
8956356.0
8956357.375281624
8956366.0
8956367.375281624
8956376.0
8956377.375281624
8956386.0
8956387.375281624
8956396.0
8956397.375281624
8956406.0
8956407.375281624
8956416.0
8956426.0
8956427.375281624
8956436.0
8956437.375281624
8956446.0
8956447.375281624
8956456.0
8956457.375281624
8956466.0
8956467.375281624
8956476.0
8956477.375281624
8956486.0
8956487.375281624
8956496.0
8956497.375281624
8956506.0
8956507.375281624
8956516.0
8956517.375281624
8956526.0
8956527.375281624
8956536.0
8956537.375281624
8956546.0
8956547.375281624
8956556.0
8956557.375281624
8956566.0
8956567.375281624
8956576.0
8956577.375281624
8956586.0
8956587.375281624
8956596.0
8956597.375281624
8956606.0
8956607.375281624
8956616.0
8956617.375281624
8956626.0
8956627.375281624
8956636.0
8956646.0
8956647.375281624
8956656.0
8956657.375281624
8956666.0
8956667.375281624
8956676.0
8956677.375281624
8956686.0
8956687.375281624
8956696.0
8956697.375281624
8956706.0
8956707.375281624
8956716.0
8956726.0
8956727.375281624
8956736.0
8956737.375281624
8956746.0
8956747.375281624
8956756.0
8956757.375281624
8956766.0
8956767.375281624
8956776.0
8956777.375281624
8956786.0
8956787.375281624
8956796.0
8956797.375281624
8956806.0
8956807.375281624
8956816.0
8956817.375281624
8956826.0
8956827.375281624
8956836.0
8956837.375281624
8956846.0
8956847.375281624
8956856.0
8956857.375281624
8956866.0
8956876.0
8956886.0
8956896.0
8956906.0
8956916.0
8956926.0
8956936.0
8956946.0
8956956.0
8956966.0
8956976.0
8956981.327620862
8956986.0
8956996.0
8957006.0
8957016.0
8957026.0
8957036.0
8957046.0
8957056.0
8957066.0
8957076.0
8957086.0
8957096.0
8957106.0
8957116.0
8957126.0
8957136.0
