0	4472	7832	2	0	0.0
0	4472	7832	2	0	1.4406E7
0	4473	7832	2	2	1.4407E7
0	4476	7834	1	4	1.4408E7
0	4481	7835	1	6	1.4409E7
0	4488	7836	1	7	1.441E7
0	4498	7836	1	10	1.4411E7
0	4508	7836	1	11	1.4412E7
0	4521	7840	1	13	1.4413E7
0	4534	7842	1	12	1.4414E7
0	4545	7843	1	9	1.4415E7
0	4552	7845	1	6	1.4416E7
0	4557	7846	1	3	1.4417E7
0	4559	7847	1	0	1.4418E7
0	4559	7847	1	0	1.4419E7
0	4559	7847	1	0	1.442E7
0	4559	7847	1	0	1.4421E7
0	4559	7847	1	0	1.4422E7
0	4559	7847	1	0	1.4423E7
0	4559	7847	1	0	1.4424E7
0	4559	7847	1	0	1.4425E7
0	4559	7847	1	0	1.4426E7
0	4559	7847	1	0	1.4427E7
0	4559	7847	1	0	1.4428E7
0	4559	7847	1	0	1.4429E7
0	4559	7847	1	0	1.443E7
0	4559	7847	1	0	1.4431E7
0	4559	7847	1	0	1.4432E7
0	4559	7847	1	0	1.4433E7
0	4559	7847	1	0	1.4434E7
0	4559	7847	1	0	1.4435E7
0	4559	7847	1	0	1.4436E7
0	4559	7847	1	0	1.4437E7
0	4559	7847	1	0	1.4438E7
0	4561	7848	1	2	1.4439E7
0	4565	7849	1	4	1.444E7
0	4570	7851	1	6	1.4441E7
0	4578	7854	8	9	1.4442E7
0	4587	7858	8	11	1.4443E7
0	4598	7863	8	13	1.4444E7
0	4612	7868	1	14	1.4445E7
0	4624	7872	1	11	1.4446E7
0	4633	7876	8	8	1.4447E7
0	4639	7878	8	5	1.4448E7
0	4642	7881	8	3	1.4449E7
0	4646	7884	8	6	1.445E7
0	4652	7886	8	7	1.4451E7
0	4659	7881	2	9	1.4452E7
0	4666	7872	2	11	1.4453E7
0	4677	7864	2	13	1.4454E7
0	4686	7852	2	15	1.4455E7
0	4696	7839	2	17	1.4456E7
0	4707	7824	2	18	1.4457E7
0	4716	7808	2	18	1.4458E7
0	4725	7793	2	18	1.4459E7
0	4734	7777	2	18	1.446E7
0	4742	7761	2	16	1.4461E7
0	4749	7748	2	12	1.4462E7
0	4753	7738	2	9	1.4463E7
0	4756	7730	3	6	1.4464E7
0	4758	7726	3	4	1.4465E7
0	4759	7723	3	1	1.4466E7
0	4759	7723	3	0	1.4467E7
0	4759	7723	3	0	1.4468E7
0	4759	7723	3	0	1.4469E7
0	4759	7723	3	0	1.447E7
0	4759	7723	3	0	1.4471E7
0	4759	7723	3	0	1.4472E7
0	4759	7723	3	0	1.4473E7
0	4759	7723	3	0	1.4474E7
0	4759	7723	3	0	1.4475E7
0	4759	7723	3	0	1.4476E7
0	4759	7723	3	0	1.4477E7
0	4759	7723	3	0	1.4478E7
0	4759	7723	3	0	1.4479E7
0	4759	7723	3	0	1.448E7
0	4759	7723	3	0	1.4481E7
0	4759	7723	3	0	1.4482E7
0	4759	7723	3	0	1.4483E7
0	4759	7723	3	0	1.4484E7
0	4759	7723	3	0	1.4485E7
0	4759	7723	3	0	1.4486E7
0	4760	7721	3	2	1.4487E7
0	4760	7718	3	4	1.4488E7
0	4761	7712	3	6	1.4489E7
0	4763	7705	3	8	1.449E7
0	4764	7695	3	10	1.4491E7
0	4765	7684	3	12	1.4492E7
0	4762	7670	3	14	1.4493E7
0	4759	7655	3	16	1.4494E7
0	4756	7638	3	18	1.4495E7
0	4753	7620	3	18	1.4496E7
0	4751	7602	3	18	1.4497E7
0	4748	7584	3	18	1.4498E7
0	4747	7566	3	18	1.4499E7
0	4746	7548	3	18	1.45E7
0	4746	7530	3	18	1.4501E7
0	4748	7512	3	18	1.4502E7
0	4751	7494	3	18	1.4503E7
0	4755	7476	3	18	1.4504E7
0	4761	7459	3	18	1.4505E7
0	4767	7442	3	18	1.4506E7
0	4775	7426	2	18	1.4507E7
0	4783	7410	2	18	1.4508E7
0	4792	7394	2	18	1.4509E7
0	4803	7379	2	18	1.451E7
0	4814	7365	2	18	1.4511E7
0	4826	7352	2	18	1.4512E7
0	4839	7338	2	18	1.4513E7
0	4853	7327	2	18	1.4514E7
0	4866	7315	2	18	1.4515E7
0	4880	7303	2	18	1.4516E7
0	4894	7291	2	18	1.4517E7
0	4908	7279	2	18	1.4518E7
0	4921	7267	2	18	1.4519E7
0	4935	7256	2	18	1.452E7
0	4950	7246	2	16	1.4521E7
0	4962	7237	2	13	1.4522E7
0	4971	7231	2	9	1.4523E7
0	4978	7227	2	6	1.4524E7
0	4983	7224	2	4	1.4525E7
0	4986	7223	2	1	1.4526E7
0	4986	7223	2	0	1.4527E7
0	4986	7223	2	0	1.4528E7
0	4986	7223	2	0	1.4529E7
0	4986	7223	2	0	1.453E7
0	4986	7223	2	0	1.4531E7
0	4986	7223	2	0	1.4532E7
0	4986	7223	2	0	1.4533E7
0	4986	7223	2	0	1.4534E7
0	4986	7223	2	0	1.4535E7
0	4986	7223	2	0	1.4536E7
0	4986	7223	2	0	1.4537E7
0	4986	7223	2	0	1.4538E7
0	4986	7223	2	0	1.4539E7
0	4986	7223	2	0	1.454E7
0	4986	7223	2	0	1.4541E7
0	4986	7223	2	0	1.4542E7
0	4986	7223	2	0	1.4543E7
0	4986	7223	2	0	1.4544E7
0	4986	7223	2	0	1.4545E7
0	4986	7223	2	0	1.4546E7
0	4987	7222	2	2	1.4547E7
0	4991	7221	2	4	1.4548E7
0	4996	7219	1	6	1.4549E7
0	5003	7216	1	8	1.455E7
0	5011	7213	1	10	1.4551E7
0	5022	7208	2	12	1.4552E7
0	5034	7203	2	14	1.4553E7
0	5048	7197	2	16	1.4554E7
0	5063	7190	2	18	1.4555E7
0	5080	7183	1	18	1.4556E7
0	5096	7177	1	15	1.4557E7
0	5109	7172	2	12	1.4558E7
0	5118	7167	2	8	1.4559E7
0	5125	7164	2	6	1.456E7
0	5129	7162	2	3	1.4561E7
0	5131	7161	2	0	1.4562E7
0	5131	7161	2	0	1.4563E7
0	5131	7161	2	0	1.4564E7
0	5131	7161	2	0	1.4565E7
0	5131	7161	2	0	1.4566E7
0	5131	7161	2	0	1.4567E7
0	5131	7161	2	0	1.4568E7
0	5131	7161	2	0	1.4569E7
0	5131	7161	2	0	1.457E7
0	5131	7161	2	0	1.4571E7
0	5131	7161	2	0	1.4572E7
0	5131	7161	2	0	1.4573E7
0	5131	7161	2	0	1.4574E7
0	5131	7161	2	0	1.4575E7
0	5131	7161	2	0	1.4576E7
0	5131	7161	2	0	1.4577E7
0	5131	7161	2	0	1.4578E7
0	5131	7161	2	0	1.4579E7
0	5131	7161	2	0	1.458E7
0	5131	7161	2	0	1.4581E7
0	5131	7161	2	0	1.4582E7
0	5133	7160	2	3	1.4583E7
0	5137	7159	2	4	1.4584E7
0	5142	7156	2	6	1.4585E7
0	5149	7153	2	8	1.4586E7
0	5158	7148	2	10	1.4587E7
0	5169	7143	2	12	1.4588E7
0	5181	7136	2	14	1.4589E7
0	5195	7129	2	16	1.459E7
0	5211	7121	2	18	1.4591E7
0	5226	7112	2	18	1.4592E7
0	5243	7104	2	18	1.4593E7
0	5260	7096	2	18	1.4594E7
0	5276	7089	2	18	1.4595E7
0	5293	7081	2	18	1.4596E7
0	5309	7074	2	18	1.4597E7
0	5326	7065	2	18	1.4598E7
0	5342	7057	2	18	1.4599E7
0	5358	7049	2	18	1.46E7
0	5374	7041	2	18	1.4601E7
0	5391	7032	2	18	1.4602E7
0	5407	7024	2	18	1.4603E7
0	5423	7015	2	18	1.4604E7
0	5439	7006	2	18	1.4605E7
0	5455	6998	2	18	1.4606E7
0	5471	6990	2	18	1.4607E7
0	5487	6982	2	18	1.4608E7
0	5493	6964	3	18	1.4609E7
0	5492	6945	3	18	1.461E7
0	5488	6927	3	18	1.4611E7
0	5483	6910	3	18	1.4612E7
0	5478	6892	3	18	1.4613E7
0	5472	6875	3	17	1.4614E7
0	5468	6861	3	13	1.4615E7
0	5466	6850	3	10	1.4616E7
0	5463	6842	3	7	1.4617E7
0	5462	6836	3	4	1.4618E7
0	5462	6833	3	2	1.4619E7
0	5461	6832	3	0	1.462E7
0	5461	6832	3	0	1.4621E7
0	5461	6832	3	0	1.4622E7
0	5461	6832	3	0	1.4623E7
0	5461	6832	3	0	1.4624E7
0	5461	6832	3	0	1.4625E7
0	5461	6832	3	0	1.4626E7
0	5461	6832	3	0	1.4627E7
0	5461	6832	3	0	1.4628E7
0	5461	6832	3	0	1.4629E7
0	5461	6832	3	0	1.463E7
0	5461	6832	3	0	1.4631E7
0	5461	6832	3	0	1.4632E7
0	5461	6832	3	0	1.4633E7
0	5461	6832	3	0	1.4634E7
0	5461	6832	3	0	1.4635E7
0	5461	6832	3	0	1.4636E7
0	5461	6832	3	0	1.4637E7
0	5461	6832	3	0	1.4638E7
0	5461	6832	3	0	1.4639E7
0	5461	6831	3	2	1.464E7
0	5460	6828	3	4	1.4641E7
0	5459	6823	3	6	1.4642E7
0	5457	6816	3	8	1.4643E7
0	5455	6806	3	10	1.4644E7
0	5453	6795	3	12	1.4645E7
0	5449	6782	3	14	1.4646E7
0	5446	6768	3	16	1.4647E7
0	5441	6751	3	18	1.4648E7
0	5437	6733	3	18	1.4649E7
0	5431	6716	3	18	1.465E7
0	5427	6700	3	14	1.4651E7
0	5424	6688	3	11	1.4652E7
0	5422	6678	3	8	1.4653E7
0	5420	6672	3	5	1.4654E7
0	5419	6668	3	3	1.4655E7
0	5419	6666	3	1	1.4656E7
0	5418	6665	3	0	1.4657E7
0	5418	6664	3	0	1.4658E7
0	5418	6664	3	0	1.4659E7
0	5418	6664	3	0	1.466E7
0	5418	6664	3	0	1.4661E7
0	5418	6664	3	0	1.4662E7
0	5418	6664	3	0	1.4663E7
0	5418	6664	3	0	1.4664E7
0	5418	6664	3	0	1.4665E7
0	5418	6664	3	0	1.4666E7
0	5418	6664	3	0	1.4667E7
0	5418	6664	3	0	1.4668E7
0	5418	6664	3	0	1.4669E7
0	5418	6664	3	0	1.467E7
0	5418	6664	3	0	1.4671E7
0	5418	6664	3	0	1.4672E7
0	5418	6664	3	0	1.4673E7
0	5418	6664	3	0	1.4674E7
0	5418	6664	3	0	1.4675E7
0	5418	6664	3	0	1.4676E7
0	5418	6664	3	0	1.4677E7
0	5418	6664	3	0	1.4678E7
0	5418	6664	3	0	1.4679E7
0	5418	6664	3	0	1.468E7
0	5418	6664	3	0	1.4681E7
0	5418	6664	3	0	1.4682E7
0	5418	6664	3	0	1.4683E7
0	5418	6664	3	0	1.4684E7
0	5418	6664	3	0	1.4685E7
0	5418	6664	3	0	1.4686E7
0	5418	6664	3	0	1.4687E7
0	5418	6664	3	0	1.4688E7
0	5418	6664	3	0	1.4689E7
0	5418	6664	3	0	1.469E7
0	5418	6664	3	0	1.4691E7
0	5418	6664	3	0	1.4692E7
0	5418	6664	3	0	1.4693E7
0	5418	6664	3	0	1.4694E7
0	5418	6664	3	0	1.4695E7
0	5418	6664	3	0	1.4696E7
0	5418	6664	3	0	1.4697E7
0	5418	6664	3	0	1.4698E7
0	5418	6664	3	0	1.4699E7
0	5418	6664	3	0	1.47E7
0	5418	6664	3	0	1.4701E7
0	5418	6663	3	2	1.4702E7
0	5417	6659	3	4	1.4703E7
0	5416	6654	3	6	1.4704E7
0	5414	6646	3	8	1.4705E7
0	5412	6637	3	10	1.4706E7
0	5409	6626	3	11	1.4707E7
0	5407	6617	3	8	1.4708E7
0	5407	6610	3	5	1.4709E7
0	5408	6606	3	3	1.471E7
0	5408	6604	3	0	1.4711E7
0	5408	6604	3	0	1.4712E7
0	5408	6604	3	0	1.4713E7
0	5408	6604	3	0	1.4714E7
0	5408	6604	3	0	1.4715E7
0	5408	6604	3	0	1.4716E7
0	5408	6604	3	0	1.4717E7
0	5408	6604	3	0	1.4718E7
0	5408	6604	3	0	1.4719E7
0	5408	6604	3	0	1.472E7
0	5408	6604	3	0	1.4721E7
0	5408	6604	3	0	1.4722E7
0	5408	6604	3	0	1.4723E7
0	5408	6604	3	0	1.4724E7
0	5408	6604	3	0	1.4725E7
0	5408	6604	3	0	1.4726E7
0	5408	6604	3	0	1.4727E7
0	5408	6604	3	0	1.4728E7
0	5408	6604	3	0	1.4729E7
0	5408	6604	3	0	1.473E7
0	5408	6604	3	1	1.4731E7
0	5408	6601	3	3	1.4732E7
0	5409	6597	3	5	1.4733E7
0	5410	6590	3	7	1.4734E7
0	5412	6582	3	9	1.4735E7
0	5415	6572	3	11	1.4736E7
0	5420	6561	2	13	1.4737E7
0	5427	6548	2	15	1.4738E7
0	5437	6535	2	17	1.4739E7
0	5448	6521	2	18	1.474E7
0	5461	6508	2	18	1.4741E7
0	5474	6496	2	18	1.4742E7
0	5488	6484	2	18	1.4743E7
0	5502	6473	2	18	1.4744E7
0	5518	6464	2	18	1.4745E7
0	5533	6454	2	18	1.4746E7
0	5548	6444	2	18	1.4747E7
0	5563	6435	2	18	1.4748E7
0	5579	6425	2	18	1.4749E7
0	5594	6415	2	18	1.475E7
0	5609	6405	2	18	1.4751E7
0	5625	6395	2	18	1.4752E7
0	5640	6385	2	18	1.4753E7
0	5655	6376	2	18	1.4754E7
0	5670	6366	2	18	1.4755E7
0	5686	6356	2	16	1.4756E7
0	5698	6348	2	13	1.4757E7
0	5708	6342	2	9	1.4758E7
0	5715	6338	2	6	1.4759E7
0	5720	6335	2	4	1.476E7
0	5722	6333	2	2	1.4761E7
0	5723	6333	2	0	1.4762E7
0	5723	6333	2	0	1.4763E7
0	5723	6333	2	0	1.4764E7
0	5723	6333	2	0	1.4765E7
0	5723	6333	2	0	1.4766E7
0	5723	6333	2	0	1.4767E7
0	5723	6333	2	0	1.4768E7
0	5723	6333	2	0	1.4769E7
0	5723	6333	2	0	1.477E7
0	5723	6333	2	0	1.4771E7
0	5723	6333	2	0	1.4772E7
0	5723	6333	2	0	1.4773E7
0	5723	6333	2	0	1.4774E7
0	5723	6333	2	0	1.4775E7
0	5723	6333	2	0	1.4776E7
0	5723	6333	2	0	1.4777E7
0	5723	6333	2	0	1.4778E7
0	5723	6333	2	0	1.4779E7
0	5723	6333	2	0	1.478E7
0	5723	6333	2	0	1.4781E7
0	5724	6332	2	2	1.4782E7
0	5726	6330	2	4	1.4783E7
0	5731	6327	2	6	1.4784E7
0	5737	6323	2	8	1.4785E7
0	5745	6318	2	9	1.4786E7
0	5754	6312	2	11	1.4787E7
0	5764	6306	2	13	1.4788E7
0	5776	6298	2	15	1.4789E7
0	5790	6289	2	17	1.479E7
0	5805	6279	2	18	1.4791E7
0	5821	6270	2	18	1.4792E7
0	5837	6262	2	18	1.4793E7
0	5854	6255	2	18	1.4794E7
0	5871	6247	2	18	1.4795E7
0	5887	6240	2	18	1.4796E7
0	5904	6232	2	18	1.4797E7
0	5920	6225	2	18	1.4798E7
0	5938	6219	1	18	1.4799E7
0	5955	6214	1	18	1.48E7
0	5972	6208	1	18	1.4801E7
0	5990	6203	1	18	1.4802E7
0	6007	6198	1	18	1.4803E7
0	6025	6192	1	18	1.4804E7
0	6042	6187	1	18	1.4805E7
0	6059	6180	2	17	1.4806E7
0	6072	6182	1	15	1.4807E7
0	6087	6184	1	15	1.4808E7
0	6103	6184	1	15	1.4809E7
0	6118	6185	1	15	1.481E7
0	6133	6185	1	15	1.4811E7
0	6148	6186	1	15	1.4812E7
0	6162	6187	1	12	1.4813E7
0	6172	6188	1	8	1.4814E7
0	6180	6189	1	6	1.4815E7
0	6184	6189	1	3	1.4816E7
0	6187	6189	1	0	1.4817E7
0	6187	6189	1	0	1.4818E7
0	6187	6189	1	0	1.4819E7
0	6187	6189	1	0	1.482E7
0	6187	6189	1	0	1.4821E7
0	6187	6189	1	0	1.4822E7
0	6187	6189	1	0	1.4823E7
0	6187	6189	1	0	1.4824E7
0	6187	6189	1	0	1.4825E7
0	6187	6189	1	0	1.4826E7
0	6187	6189	1	0	1.4827E7
0	6187	6189	1	0	1.4828E7
0	6187	6189	1	0	1.4829E7
0	6187	6189	1	0	1.483E7
0	6187	6189	1	0	1.4831E7
0	6187	6189	1	0	1.4832E7
0	6187	6189	1	0	1.4833E7
0	6187	6189	1	0	1.4834E7
0	6187	6189	1	0	1.4835E7
0	6187	6189	1	0	1.4836E7
0	6187	6189	1	1	1.4837E7
0	6190	6186	1	3	1.4838E7
0	6194	6187	1	5	1.4839E7
0	6200	6187	1	7	1.484E7
0	6208	6188	1	9	1.4841E7
0	6218	6189	1	11	1.4842E7
0	6231	6190	1	13	1.4843E7
0	6244	6192	1	11	1.4844E7
0	6254	6193	1	8	1.4845E7
0	6261	6193	1	5	1.4846E7
0	6265	6194	1	3	1.4847E7
0	6270	6194	1	5	1.4848E7
0	6277	6194	1	8	1.4849E7
0	6283	6189	2	9	1.485E7
0	6292	6179	2	11	1.4851E7
0	6293	6166	3	13	1.4852E7
0	6296	6152	3	15	1.4853E7
0	6298	6137	3	15	1.4854E7
0	6301	6122	3	15	1.4855E7
0	6304	6107	3	15	1.4856E7
0	6306	6093	3	12	1.4857E7
0	6307	6083	3	8	1.4858E7
0	6308	6076	3	6	1.4859E7
0	6309	6072	3	3	1.486E7
0	6310	6069	3	0	1.4861E7
0	6310	6069	3	0	1.4862E7
0	6310	6069	3	0	1.4863E7
0	6310	6069	3	0	1.4864E7
0	6310	6069	3	0	1.4865E7
0	6310	6069	3	0	1.4866E7
0	6310	6069	3	0	1.4867E7
0	6310	6069	3	0	1.4868E7
0	6310	6069	3	0	1.4869E7
0	6310	6069	3	0	1.487E7
0	6310	6069	3	0	1.4871E7
0	6310	6069	3	0	1.4872E7
0	6310	6069	3	0	1.4873E7
0	6310	6069	3	0	1.4874E7
0	6310	6069	3	0	1.4875E7
0	6310	6069	3	0	1.4876E7
0	6310	6069	3	0	1.4877E7
0	6310	6069	3	0	1.4878E7
0	6310	6069	3	0	1.4879E7
0	6310	6069	3	0	1.488E7
0	6310	6069	3	1	1.4881E7
0	6310	6067	3	3	1.4882E7
0	6311	6063	3	5	1.4883E7
0	6312	6056	3	7	1.4884E7
0	6313	6048	3	9	1.4885E7
0	6315	6038	3	11	1.4886E7
0	6316	6026	3	13	1.4887E7
0	6318	6011	3	15	1.4888E7
0	6319	5996	3	15	1.4889E7
0	6321	5981	3	15	1.489E7
0	6323	5966	3	15	1.4891E7
0	6325	5951	3	15	1.4892E7
0	6327	5937	3	15	1.4893E7
0	6330	5922	3	15	1.4894E7
0	6334	5907	3	15	1.4895E7
0	6338	5893	3	15	1.4896E7
0	6342	5878	3	15	1.4897E7
0	6347	5864	3	15	1.4898E7
0	6353	5850	2	15	1.4899E7
0	6369	5849	1	17	1.49E7
0	6388	5850	1	18	1.4901E7
0	6406	5850	1	16	1.4902E7
0	6420	5851	1	13	1.4903E7
0	6432	5851	1	9	1.4904E7
0	6440	5851	1	7	1.4905E7
0	6446	5851	1	4	1.4906E7
0	6449	5851	1	2	1.4907E7
0	6449	5851	1	0	1.4908E7
0	6449	5851	1	0	1.4909E7
0	6449	5851	1	0	1.491E7
0	6449	5851	1	0	1.4911E7
0	6449	5851	1	0	1.4912E7
0	6449	5851	1	0	1.4913E7
0	6449	5851	1	0	1.4914E7
0	6449	5851	1	0	1.4915E7
0	6449	5851	1	0	1.4916E7
0	6449	5851	1	0	1.4917E7
0	6449	5851	1	0	1.4918E7
0	6449	5851	1	0	1.4919E7
0	6449	5851	1	0	1.492E7
0	6449	5851	1	0	1.4921E7
0	6449	5851	1	0	1.4922E7
0	6449	5851	1	0	1.4923E7
0	6449	5851	1	0	1.4924E7
0	6449	5851	1	0	1.4925E7
0	6449	5851	1	0	1.4926E7
0	6449	5851	1	0	1.4927E7
0	6451	5851	1	2	1.4928E7
0	6454	5851	1	4	1.4929E7
0	6459	5851	1	6	1.493E7
0	6467	5850	1	8	1.4931E7
0	6476	5850	1	10	1.4932E7
0	6487	5849	1	12	1.4933E7
0	6501	5850	1	14	1.4934E7
0	6516	5850	1	16	1.4935E7
0	6534	5850	1	18	1.4936E7
0	6552	5850	1	18	1.4937E7
0	6570	5850	1	18	1.4938E7
0	6588	5850	1	18	1.4939E7
0	6607	5851	1	18	1.494E7
0	6624	5847	1	18	1.4941E7
0	6642	5842	1	18	1.4942E7
0	6656	5844	1	15	1.4943E7
0	6663	5857	8	15	1.4944E7
0	6676	5865	8	15	1.4945E7
0	6691	5869	1	15	1.4946E7
0	6706	5871	1	15	1.4947E7
0	6722	5874	1	15	1.4948E7
0	6737	5877	1	15	1.4949E7
0	6752	5880	1	15	1.495E7
0	6767	5883	1	15	1.4951E7
0	6782	5885	1	15	1.4952E7
0	6798	5888	1	15	1.4953E7
0	6813	5891	1	15	1.4954E7
0	6828	5894	1	15	1.4955E7
0	6843	5897	1	15	1.4956E7
0	6857	5900	1	13	1.4957E7
0	6868	5902	1	10	1.4958E7
0	6877	5904	1	7	1.4959E7
0	6882	5905	1	4	1.496E7
0	6885	5906	1	2	1.4961E7
0	6886	5906	1	0	1.4962E7
0	6886	5906	1	0	1.4963E7
0	6886	5906	1	0	1.4964E7
0	6886	5906	1	0	1.4965E7
0	6886	5906	1	0	1.4966E7
0	6886	5906	1	0	1.4967E7
0	6886	5906	1	0	1.4968E7
0	6886	5906	1	0	1.4969E7
0	6886	5906	1	0	1.497E7
0	6886	5906	1	0	1.4971E7
0	6886	5906	1	0	1.4972E7
0	6886	5906	1	0	1.4973E7
0	6886	5906	1	0	1.4974E7
0	6886	5906	1	0	1.4975E7
0	6886	5906	1	0	1.4976E7
0	6886	5906	1	0	1.4977E7
0	6886	5906	1	0	1.4978E7
0	6886	5906	1	0	1.4979E7
0	6886	5906	1	0	1.498E7
0	6886	5906	1	0	1.4981E7
0	6887	5906	1	2	1.4982E7
0	6890	5907	1	4	1.4983E7
0	6895	5908	1	6	1.4984E7
0	6902	5909	1	8	1.4985E7
0	6911	5911	1	9	1.4986E7
0	6922	5913	1	11	1.4987E7
0	6934	5916	1	13	1.4988E7
0	6948	5919	1	15	1.4989E7
0	6963	5922	1	15	1.499E7
0	6978	5925	1	15	1.4991E7
0	6993	5928	1	15	1.4992E7
0	7008	5931	1	15	1.4993E7
0	7023	5934	1	15	1.4994E7
0	7038	5937	1	15	1.4995E7
0	7052	5940	1	15	1.4996E7
0	7067	5943	1	15	1.4997E7
0	7082	5946	1	15	1.4998E7
0	7097	5949	1	15	1.4999E7
0	7112	5952	1	15	1.5E7
0	7127	5955	1	15	1.5001E7
0	7141	5958	1	15	1.5002E7
0	7156	5961	1	15	1.5003E7
0	7171	5964	1	14	1.5004E7
0	7183	5967	1	11	1.5005E7
0	7193	5969	1	8	1.5006E7
0	7199	5970	1	5	1.5007E7
0	7203	5971	1	2	1.5008E7
0	7204	5971	1	0	1.5009E7
0	7204	5971	1	0	1.501E7
0	7204	5971	1	0	1.5011E7
0	7204	5971	1	0	1.5012E7
0	7204	5971	1	0	1.5013E7
0	7204	5971	1	0	1.5014E7
0	7204	5971	1	0	1.5015E7
0	7204	5971	1	0	1.5016E7
0	7204	5971	1	0	1.5017E7
0	7204	5971	1	0	1.5018E7
0	7204	5971	1	0	1.5019E7
0	7204	5971	1	0	1.502E7
0	7204	5971	1	0	1.5021E7
0	7204	5971	1	0	1.5022E7
0	7204	5971	1	0	1.5023E7
0	7204	5971	1	0	1.5024E7
0	7204	5971	1	0	1.5025E7
0	7204	5971	1	0	1.5026E7
0	7204	5971	1	0	1.5027E7
0	7204	5971	1	0	1.5028E7
0	7205	5971	1	1	1.5029E7
0	7207	5972	1	3	1.503E7
0	7213	5970	1	5	1.5031E7
0	7220	5971	1	8	1.5032E7
0	7229	5973	1	10	1.5033E7
0	7238	5975	1	8	1.5034E7
0	7245	5976	1	5	1.5035E7
0	7249	5976	1	3	1.5036E7
0	7251	5977	1	1	1.5037E7
0	7252	5977	1	0	1.5038E7
0	7252	5977	1	0	1.5039E7
0	7252	5977	1	0	1.504E7
0	7252	5977	1	0	1.5041E7
0	7254	5977	1	2	1.5042E7
0	7258	5977	1	4	1.5043E7
0	7263	5978	1	6	1.5044E7
0	7271	5979	1	8	1.5045E7
0	7280	5980	1	10	1.5046E7
0	7291	5981	1	12	1.5047E7
0	7304	5981	1	13	1.5048E7
0	7318	5980	1	13	1.5049E7
0	7329	5978	1	9	1.505E7
0	7337	5976	1	6	1.5051E7
0	7343	5975	1	4	1.5052E7
0	7346	5974	1	2	1.5053E7
0	7347	5974	1	1	1.5054E7
0	7348	5974	1	0	1.5055E7
0	7348	5974	1	0	1.5056E7
0	7348	5974	1	0	1.5057E7
0	7348	5974	1	0	1.5058E7
0	7348	5974	1	0	1.5059E7
0	7348	5974	1	0	1.506E7
0	7348	5974	1	0	1.5061E7
0	7348	5974	1	0	1.5062E7
0	7348	5974	1	0	1.5063E7
0	7348	5974	1	0	1.5064E7
0	7348	5974	1	0	1.5065E7
0	7348	5974	1	0	1.5066E7
0	7348	5974	1	0	1.5067E7
0	7348	5974	1	0	1.5068E7
0	7348	5974	1	0	1.5069E7
0	7348	5974	1	0	1.507E7
0	7348	5974	1	0	1.5071E7
0	7348	5974	1	0	1.5072E7
0	7348	5974	1	0	1.5073E7
0	7348	5974	1	0	1.5074E7
0	7348	5974	1	0	1.5075E7
0	7348	5974	1	0	1.5076E7
0	7348	5974	1	0	1.5077E7
0	7348	5974	1	0	1.5078E7
0	7348	5974	1	0	1.5079E7
0	7348	5974	1	0	1.508E7
0	7348	5974	1	0	1.5081E7
0	7348	5974	1	0	1.5082E7
0	7348	5974	1	0	1.5083E7
0	7348	5974	1	0	1.5084E7
0	7348	5974	1	0	1.5085E7
0	7348	5974	1	0	1.5086E7
0	7350	5973	1	2	1.5087E7
0	7353	5972	1	4	1.5088E7
0	7359	5970	1	6	1.5089E7
0	7366	5967	2	8	1.509E7
0	7372	5959	2	10	1.5091E7
0	7376	5948	3	12	1.5092E7
0	7381	5936	3	14	1.5093E7
0	7386	5922	3	15	1.5094E7
0	7391	5907	3	15	1.5095E7
0	7400	5895	3	15	1.5096E7
0	7405	5880	3	15	1.5097E7
0	7411	5867	3	13	1.5098E7
0	7415	5856	3	10	1.5099E7
0	7418	5848	3	7	1.51E7
0	7421	5843	3	4	1.5101E7
0	7422	5839	3	2	1.5102E7
0	7423	5838	3	1	1.5103E7
0	7423	5837	3	0	1.5104E7
0	7423	5837	3	0	1.5105E7
0	7423	5837	3	0	1.5106E7
0	7423	5837	3	0	1.5107E7
0	7423	5837	3	0	1.5108E7
0	7423	5837	3	0	1.5109E7
0	7423	5837	3	0	1.511E7
0	7423	5837	3	0	1.5111E7
0	7423	5837	3	0	1.5112E7
0	7423	5837	3	0	1.5113E7
0	7423	5837	3	0	1.5114E7
0	7423	5837	3	0	1.5115E7
0	7423	5837	3	0	1.5116E7
0	7423	5837	3	0	1.5117E7
0	7423	5837	3	0	1.5118E7
0	7423	5837	3	0	1.5119E7
0	7423	5837	3	0	1.512E7
0	7423	5837	3	0	1.5121E7
0	7424	5835	3	2	1.5122E7
0	7425	5832	3	4	1.5123E7
0	7427	5826	3	6	1.5124E7
0	7430	5819	3	8	1.5125E7
0	7433	5812	3	8	1.5126E7
0	7437	5804	3	9	1.5127E7
0	7441	5794	3	11	1.5128E7
0	7446	5782	3	13	1.5129E7
0	7451	5769	3	13	1.513E7
0	7456	5756	3	14	1.5131E7
0	7460	5742	3	14	1.5132E7
0	7463	5729	3	11	1.5133E7
0	7463	5718	3	9	1.5134E7
0	7462	5710	3	7	1.5135E7
0	7462	5703	3	5	1.5136E7
0	7462	5698	3	3	1.5137E7
0	7461	5696	3	1	1.5138E7
0	7461	5695	3	0	1.5139E7
0	7461	5694	3	0	1.514E7
0	7461	5694	3	0	1.5141E7
0	7461	5694	3	0	1.5142E7
0	7461	5694	3	0	1.5143E7
0	7461	5694	3	0	1.5144E7
0	7461	5694	3	0	1.5145E7
0	7461	5694	3	0	1.5146E7
0	7461	5694	3	0	1.5147E7
0	7461	5694	3	0	1.5148E7
0	7461	5694	3	0	1.5149E7
0	7461	5694	3	0	1.515E7
0	7461	5694	3	0	1.5151E7
0	7461	5694	3	0	1.5152E7
0	7461	5694	3	0	1.5153E7
0	7461	5694	3	0	1.5154E7
0	7461	5694	3	0	1.5155E7
0	7461	5694	3	0	1.5156E7
0	7461	5694	3	0	1.5157E7
0	7460	5693	3	1	1.5158E7
0	7460	5690	3	3	1.5159E7
0	7459	5685	3	5	1.516E7
0	7457	5681	3	3	1.5161E7
0	7457	5678	3	0	1.5162E7
0	7457	5678	3	0	1.5163E7
0	7457	5678	3	0	1.5164E7
0	7457	5678	3	0	1.5165E7
0	7457	5678	3	0	1.5166E7
0	7457	5678	3	0	1.5167E7
0	7457	5678	3	0	1.5168E7
0	7457	5678	3	0	1.5169E7
0	7457	5678	3	0	1.517E7
0	7457	5678	3	0	1.5171E7
0	7457	5678	3	0	1.5172E7
0	7457	5678	3	0	1.5173E7
0	7457	5678	3	0	1.5174E7
0	7457	5678	3	0	1.5175E7
0	7457	5678	3	0	1.5176E7
0	7457	5678	3	0	1.5177E7
0	7457	5678	3	0	1.5178E7
0	7457	5678	3	0	1.5179E7
0	7457	5678	3	0	1.518E7
0	7457	5678	3	0	1.5181E7
0	7457	5678	3	0	1.5182E7
0	7456	5676	3	2	1.5183E7
0	7454	5672	3	5	1.5184E7
0	7452	5666	3	7	1.5185E7
0	7448	5659	4	9	1.5186E7
0	7444	5650	4	11	1.5187E7
0	7438	5639	4	12	1.5188E7
0	7433	5629	4	8	1.5189E7
0	7430	5623	4	6	1.519E7
0	7428	5618	4	3	1.5191E7
0	7427	5616	4	1	1.5192E7
0	7426	5615	4	0	1.5193E7
0	7426	5614	4	0	1.5194E7
0	7426	5614	4	0	1.5195E7
0	7426	5614	4	0	1.5196E7
0	7426	5614	4	0	1.5197E7
0	7426	5614	4	0	1.5198E7
0	7426	5614	4	0	1.5199E7
0	7422	5615	4	1	1.52E7
0	7421	5613	4	3	1.5201E7
0	7420	5610	4	5	1.5202E7
0	7418	5606	4	3	1.5203E7
0	7417	5604	4	1	1.5204E7
0	7416	5603	4	0	1.5205E7
0	7416	5602	4	0	1.5206E7
0	7416	5602	4	0	1.5207E7
0	7416	5602	4	0	1.5208E7
0	7416	5602	4	0	1.5209E7
0	7416	5602	4	0	1.521E7
0	7416	5602	4	0	1.5211E7
0	7415	5601	4	2	1.5212E7
0	7414	5597	4	4	1.5213E7
0	7411	5593	4	6	1.5214E7
0	7408	5586	4	8	1.5215E7
0	7404	5578	4	10	1.5216E7
0	7399	5567	4	12	1.5217E7
0	7393	5555	4	14	1.5218E7
0	7386	5542	4	15	1.5219E7
0	7379	5528	4	15	1.522E7
0	7373	5514	4	15	1.5221E7
0	7366	5501	4	14	1.5222E7
0	7361	5490	4	10	1.5223E7
0	7359	5479	4	11	1.5224E7
0	7353	5467	4	13	1.5225E7
0	7347	5454	4	15	1.5226E7
0	7340	5441	4	15	1.5227E7
0	7333	5427	4	15	1.5228E7
0	7327	5413	4	15	1.5229E7
0	7320	5400	4	13	1.523E7
0	7315	5389	4	11	1.5231E7
0	7310	5379	4	9	1.5232E7
0	7307	5372	4	7	1.5233E7
0	7304	5367	4	4	1.5234E7
0	7302	5363	4	3	1.5235E7
0	7301	5361	4	1	1.5236E7
0	7301	5360	4	0	1.5237E7
0	7301	5360	4	0	1.5238E7
0	7301	5360	4	0	1.5239E7
0	7301	5360	4	0	1.524E7
0	7301	5360	4	0	1.5241E7
0	7301	5360	4	0	1.5242E7
0	7301	5360	4	0	1.5243E7
0	7301	5360	4	0	1.5244E7
0	7301	5360	4	0	1.5245E7
0	7301	5360	4	0	1.5246E7
0	7301	5360	4	0	1.5247E7
0	7301	5360	4	0	1.5248E7
0	7301	5360	4	0	1.5249E7
0	7301	5360	4	0	1.525E7
0	7301	5360	4	0	1.5251E7
0	7301	5360	4	0	1.5252E7
0	7301	5360	4	0	1.5253E7
0	7301	5360	4	0	1.5254E7
0	7301	5360	4	0	1.5255E7
0	7301	5360	4	0	1.5256E7
0	7301	5360	4	0	1.5257E7
0	7301	5360	4	0	1.5258E7
0	7301	5360	4	0	1.5259E7
0	7301	5360	4	0	1.526E7
0	7301	5360	4	0	1.5261E7
0	7301	5360	4	0	1.5262E7
0	7301	5360	4	0	1.5263E7
0	7301	5360	4	0	1.5264E7
0	7301	5360	4	0	1.5265E7
0	7301	5360	4	0	1.5266E7
0	7301	5360	4	0	1.5267E7
0	7301	5360	4	0	1.5268E7
0	7301	5360	4	0	1.5269E7
0	7301	5360	4	0	1.527E7
0	7301	5360	4	0	1.5271E7
0	7301	5360	4	0	1.5272E7
0	7301	5360	4	0	1.5273E7
0	7301	5360	4	0	1.5274E7
0	7301	5360	4	0	1.5275E7
0	7301	5360	4	0	1.5276E7
0	7301	5360	4	0	1.5277E7
0	7301	5360	4	0	1.5278E7
0	7301	5360	4	0	1.5279E7
0	7301	5360	4	0	1.528E7
0	7301	5360	4	0	1.5281E7
0	7300	5359	4	1	1.5282E7
0	7299	5357	4	3	1.5283E7
0	7299	5356	4	0	1.5284E7
0	7299	5356	4	0	1.5285E7
0	7299	5356	4	0	1.5286E7
0	7299	5356	4	0	1.5287E7
0	7299	5356	4	0	1.5288E7
0	7299	5356	4	0	1.5289E7
0	7299	5356	4	0	1.529E7
0	7299	5356	4	0	1.5291E7
0	7299	5356	4	0	1.5292E7
0	7299	5356	4	0	1.5293E7
0	7299	5356	4	0	1.5294E7
0	7299	5356	4	0	1.5295E7
0	7299	5356	4	0	1.5296E7
0	7299	5356	4	0	1.5297E7
0	7299	5356	4	0	1.5298E7
0	7299	5356	4	0	1.5299E7
0	7299	5356	4	0	1.53E7
0	7299	5356	4	0	1.5301E7
0	7299	5356	4	0	1.5302E7
0	7299	5356	4	0	1.5303E7
0	7299	5355	4	1	1.5304E7
0	7297	5353	4	3	1.5305E7
0	7295	5349	4	5	1.5306E7
0	7293	5343	4	7	1.5307E7
0	7289	5335	4	9	1.5308E7
0	7284	5326	4	11	1.5309E7
0	7279	5314	4	13	1.531E7
0	7272	5301	4	15	1.5311E7
0	7266	5288	4	14	1.5312E7
0	7260	5277	4	10	1.5313E7
0	7255	5266	4	12	1.5314E7
0	7249	5254	4	14	1.5315E7
0	7242	5241	4	15	1.5316E7
0	7235	5227	4	15	1.5317E7
0	7229	5214	4	15	1.5318E7
0	7222	5200	4	15	1.5319E7
0	7215	5187	4	15	1.532E7
0	7208	5173	4	15	1.5321E7
0	7201	5160	4	15	1.5322E7
0	7194	5146	4	15	1.5323E7
0	7188	5133	4	15	1.5324E7
0	7181	5119	4	15	1.5325E7
0	7174	5106	4	14	1.5326E7
0	7168	5095	4	10	1.5327E7
0	7164	5087	4	7	1.5328E7
0	7161	5081	4	4	1.5329E7
0	7160	5078	4	2	1.533E7
0	7159	5075	4	2	1.5331E7
0	7157	5073	4	3	1.5332E7
0	7155	5069	4	4	1.5333E7
0	7153	5064	4	4	1.5334E7
0	7151	5061	4	2	1.5335E7
0	7151	5060	4	0	1.5336E7
0	7151	5060	4	0	1.5337E7
0	7151	5060	4	0	1.5338E7
0	7151	5060	4	0	1.5339E7
0	7151	5060	4	0	1.534E7
0	7151	5060	4	0	1.5341E7
0	7151	5060	4	0	1.5342E7
0	7151	5060	4	0	1.5343E7
0	7151	5060	4	0	1.5344E7
0	7151	5060	4	0	1.5345E7
0	7151	5060	4	0	1.5346E7
0	7151	5060	4	0	1.5347E7
0	7151	5060	4	0	1.5348E7
0	7151	5060	4	0	1.5349E7
0	7151	5060	4	0	1.535E7
0	7151	5060	4	0	1.5351E7
0	7151	5060	4	0	1.5352E7
0	7151	5060	4	0	1.5353E7
0	7151	5060	4	0	1.5354E7
0	7151	5060	4	0	1.5355E7
0	7151	5060	4	1	1.5356E7
0	7149	5057	4	3	1.5357E7
0	7147	5053	4	5	1.5358E7
0	7144	5047	4	7	1.5359E7
0	7140	5040	4	9	1.536E7
0	7136	5030	4	11	1.5361E7
0	7130	5019	4	13	1.5362E7
0	7123	5007	4	15	1.5363E7
0	7116	4993	4	15	1.5364E7
0	7109	4980	4	15	1.5365E7
0	7102	4967	4	15	1.5366E7
0	7095	4953	4	15	1.5367E7
0	7088	4940	4	15	1.5368E7
0	7081	4927	4	15	1.5369E7
0	7075	4913	3	15	1.537E7
0	7070	4899	3	14	1.5371E7
0	7064	4885	3	14	1.5372E7
0	7059	4872	3	14	1.5373E7
0	7053	4859	3	14	1.5374E7
0	7048	4846	3	13	1.5375E7
0	7043	4833	3	13	1.5376E7
0	7038	4821	3	13	1.5377E7
0	7033	4808	3	13	1.5378E7
0	7028	4796	3	13	1.5379E7
0	7023	4783	3	13	1.538E7
0	7018	4771	3	13	1.5381E7
0	7013	4759	3	12	1.5382E7
0	7008	4748	3	10	1.5383E7
0	7005	4740	3	8	1.5384E7
0	7002	4733	3	6	1.5385E7
0	7000	4729	3	4	1.5386E7
0	6999	4725	3	2	1.5387E7
0	6998	4723	3	1	1.5388E7
0	6998	4722	3	0	1.5389E7
0	6998	4722	3	0	1.539E7
0	6997	4721	3	0	1.5391E7
0	6997	4721	3	1	1.5392E7
0	6996	4719	3	2	1.5393E7
0	6995	4715	3	4	1.5394E7
0	6993	4710	3	6	1.5395E7
0	6990	4702	3	8	1.5396E7
0	6987	4693	3	10	1.5397E7
0	6984	4682	3	12	1.5398E7
0	6982	4670	3	12	1.5399E7
0	6980	4658	3	12	1.54E7
0	6978	4645	3	12	1.5401E7
0	6978	4633	3	12	1.5402E7
0	6977	4620	3	12	1.5403E7
0	6977	4607	3	12	1.5404E7
0	6976	4594	3	12	1.5405E7
0	6977	4581	3	13	1.5406E7
0	6990	4579	1	13	1.5407E7
0	7003	4577	1	12	1.5408E7
0	7016	4574	1	13	1.5409E7
0	7026	4567	2	10	1.541E7
0	7032	4559	2	8	1.5411E7
0	7034	4552	3	6	1.5412E7
0	7034	4546	3	4	1.5413E7
0	7034	4543	3	2	1.5414E7
0	7034	4541	3	1	1.5415E7
0	7033	4541	3	0	1.5416E7
0	7033	4540	3	0	1.5417E7
0	7033	4540	3	0	1.5418E7
0	7033	4540	3	0	1.5419E7
0	7033	4540	3	0	1.542E7
0	7033	4540	3	0	1.5421E7
0	7033	4540	3	0	1.5422E7
0	7033	4540	3	0	1.5423E7
0	7033	4540	3	0	1.5424E7
0	7033	4540	3	0	1.5425E7
0	7033	4540	3	0	1.5426E7
0	7033	4540	3	0	1.5427E7
0	7033	4540	3	0	1.5428E7
0	7033	4540	3	0	1.5429E7
0	7033	4540	3	0	1.543E7
0	7033	4540	3	0	1.5431E7
0	7033	4540	3	0	1.5432E7
0	7033	4540	3	0	1.5433E7
0	7033	4539	3	1	1.5434E7
0	7033	4537	3	3	1.5435E7
0	7033	4533	3	5	1.5436E7
0	7033	4528	3	4	1.5437E7
0	7033	4525	3	1	1.5438E7
0	7033	4524	3	0	1.5439E7
0	7033	4524	3	0	1.544E7
0	7033	4524	3	0	1.5441E7
0	7033	4524	3	0	1.5442E7
0	7033	4524	3	0	1.5443E7
0	7033	4524	3	0	1.5444E7
0	7033	4524	3	0	1.5445E7
0	7033	4524	3	0	1.5446E7
0	7033	4524	3	0	1.5447E7
0	7033	4524	3	0	1.5448E7
0	7033	4524	3	0	1.5449E7
0	7033	4524	3	0	1.545E7
0	7033	4524	3	0	1.5451E7
0	7033	4524	3	0	1.5452E7
0	7033	4524	3	0	1.5453E7
0	7033	4524	3	0	1.5454E7
0	7033	4524	3	0	1.5455E7
0	7033	4524	3	0	1.5456E7
0	7033	4524	3	0	1.5457E7
0	7033	4524	3	0	1.5458E7
0	7033	4523	3	2	1.5459E7
0	7033	4519	3	4	1.546E7
0	7032	4513	3	6	1.5461E7
0	7032	4506	3	8	1.5462E7
0	7032	4497	3	10	1.5463E7
0	7031	4485	3	12	1.5464E7
0	7030	4472	3	14	1.5465E7
0	7029	4457	3	15	1.5466E7
0	7028	4441	3	15	1.5467E7
0	7028	4426	3	15	1.5468E7
0	7027	4411	3	15	1.5469E7
0	7027	4396	3	15	1.547E7
0	7026	4381	3	15	1.5471E7
0	7025	4366	3	15	1.5472E7
0	7025	4351	3	15	1.5473E7
0	7024	4336	3	15	1.5474E7
0	7024	4321	3	15	1.5475E7
0	7030	4309	2	15	1.5476E7
0	7045	4305	1	15	1.5477E7
0	7059	4301	1	14	1.5478E7
0	7071	4298	1	11	1.5479E7
0	7080	4295	1	7	1.548E7
0	7086	4293	1	5	1.5481E7
0	7090	4292	1	2	1.5482E7
0	7091	4292	1	0	1.5483E7
0	7091	4292	1	0	1.5484E7
0	7091	4292	1	0	1.5485E7
0	7091	4292	1	0	1.5486E7
0	7091	4292	1	0	1.5487E7
0	7091	4292	1	0	1.5488E7
0	7091	4292	1	0	1.5489E7
0	7091	4292	1	0	1.549E7
0	7091	4292	1	0	1.5491E7
0	7091	4292	1	0	1.5492E7
0	7091	4292	1	0	1.5493E7
0	7091	4292	1	0	1.5494E7
0	7091	4292	1	0	1.5495E7
0	7091	4292	1	0	1.5496E7
0	7091	4292	1	0	1.5497E7
0	7091	4292	1	0	1.5498E7
0	7091	4292	1	0	1.5499E7
0	7091	4292	1	0	1.55E7
0	7091	4292	1	0	1.5501E7
0	7091	4292	1	0	1.5502E7
0	7090	4289	1	1	1.5503E7
0	7092	4288	1	3	1.5504E7
0	7097	4287	1	5	1.5505E7
0	7104	4285	1	7	1.5506E7
0	7110	4283	1	4	1.5507E7
0	7113	4282	1	4	1.5508E7
0	7117	4278	2	6	1.5509E7
0	7116	4270	3	8	1.551E7
0	7114	4261	3	10	1.5511E7
0	7110	4251	3	9	1.5512E7
0	7108	4244	3	6	1.5513E7
0	7107	4239	3	3	1.5514E7
0	7106	4236	3	2	1.5515E7
0	7105	4235	3	0	1.5516E7
0	7105	4235	3	0	1.5517E7
0	7105	4234	3	0	1.5518E7
0	7105	4234	3	0	1.5519E7
0	7105	4234	3	0	1.552E7
0	7105	4234	3	0	1.5521E7
0	7105	4234	3	0	1.5522E7
0	7105	4234	3	0	1.5523E7
0	7105	4234	3	0	1.5524E7
0	7105	4234	3	0	1.5525E7
0	7105	4234	3	0	1.5526E7
0	7105	4233	3	2	1.5527E7
0	7104	4229	3	4	1.5528E7
0	7103	4224	3	6	1.5529E7
0	7102	4216	3	8	1.553E7
0	7100	4207	3	10	1.5531E7
0	7097	4196	3	12	1.5532E7
0	7093	4183	3	14	1.5533E7
0	7092	4167	3	16	1.5534E7
0	7087	4150	3	18	1.5535E7
0	7082	4131	3	20	1.5536E7
0	7076	4110	3	21	1.5537E7
0	7070	4090	3	21	1.5538E7
0	7064	4069	3	21	1.5539E7
0	7058	4049	3	21	1.554E7
0	7052	4029	3	21	1.5541E7
0	7046	4010	3	17	1.5542E7
0	7042	3996	3	13	1.5543E7
0	7038	3984	3	10	1.5544E7
0	7036	3976	3	7	1.5545E7
0	7034	3970	3	4	1.5546E7
0	7033	3967	3	2	1.5547E7
0	7033	3966	3	0	1.5548E7
0	7033	3966	3	0	1.5549E7
0	7033	3966	3	0	1.555E7
0	7033	3966	3	0	1.5551E7
0	7033	3966	3	0	1.5552E7
0	7033	3966	3	0	1.5553E7
0	7033	3966	3	0	1.5554E7
0	7033	3966	3	0	1.5555E7
0	7033	3966	3	0	1.5556E7
0	7033	3966	3	0	1.5557E7
0	7033	3966	3	0	1.5558E7
0	7033	3966	3	0	1.5559E7
0	7033	3966	3	0	1.556E7
0	7033	3966	3	0	1.5561E7
0	7033	3966	3	0	1.5562E7
0	7033	3966	3	0	1.5563E7
0	7033	3966	3	0	1.5564E7
0	7033	3966	3	0	1.5565E7
0	7033	3966	3	0	1.5566E7
0	7033	3966	3	0	1.5567E7
0	7033	3965	3	2	1.5568E7
0	7029	3963	3	4	1.5569E7
0	7027	3958	3	6	1.557E7
0	7025	3952	3	8	1.5571E7
0	7023	3943	3	9	1.5572E7
0	7020	3932	3	11	1.5573E7
0	7017	3920	3	13	1.5574E7
0	7014	3908	3	10	1.5575E7
0	7012	3899	3	7	1.5576E7
0	7010	3894	3	4	1.5577E7
0	7009	3891	3	2	1.5578E7
0	7008	3889	3	1	1.5579E7
0	7008	3888	3	0	1.558E7
0	7008	3888	3	0	1.5581E7
0	7008	3888	3	0	1.5582E7
0	7008	3888	3	0	1.5583E7
0	7008	3888	3	0	1.5584E7
0	7008	3888	3	0	1.5585E7
0	7008	3888	3	0	1.5586E7
0	7008	3888	3	0	1.5587E7
0	7008	3888	3	0	1.5588E7
0	7008	3888	3	0	1.5589E7
0	7008	3888	3	0	1.559E7
0	7008	3888	3	0	1.5591E7
0	7008	3888	3	0	1.5592E7
0	7008	3888	3	0	1.5593E7
0	7008	3888	3	0	1.5594E7
0	7008	3888	3	0	1.5595E7
0	7008	3888	3	0	1.5596E7
0	7008	3888	3	0	1.5597E7
0	7008	3888	3	0	1.5598E7
0	7008	3888	3	0	1.5599E7
0	7008	3888	3	0	1.56E7
0	7008	3888	3	0	1.5601E7
0	7008	3888	3	0	1.5602E7
0	7008	3888	3	0	1.5603E7
0	7008	3888	3	0	1.5604E7
0	7008	3888	3	0	1.5605E7
0	7008	3888	3	0	1.5606E7
0	7008	3888	3	0	1.5607E7
0	7008	3888	3	0	1.5608E7
0	7008	3888	3	0	1.5609E7
0	7008	3888	3	0	1.561E7
0	7008	3888	3	0	1.5611E7
0	7008	3888	3	0	1.5612E7
0	7008	3888	3	0	1.5613E7
0	7008	3888	3	0	1.5614E7
0	7008	3888	3	0	1.5615E7
0	7008	3888	3	0	1.5616E7
0	7007	3886	3	2	1.5617E7
0	7006	3883	4	4	1.5618E7
0	7003	3878	4	6	1.5619E7
0	6998	3872	4	8	1.562E7
0	6994	3863	4	10	1.5621E7
0	6993	3851	3	12	1.5622E7
0	6989	3838	3	14	1.5623E7
0	6985	3824	3	15	1.5624E7
0	6980	3809	3	15	1.5625E7
0	6976	3795	3	15	1.5626E7
0	6971	3780	3	15	1.5627E7
0	6967	3766	3	15	1.5628E7
0	6962	3751	3	15	1.5629E7
0	6958	3737	3	12	1.563E7
0	6955	3727	3	9	1.5631E7
0	6952	3719	3	6	1.5632E7
0	6950	3714	4	4	1.5633E7
0	6948	3712	4	1	1.5634E7
0	6948	3712	4	0	1.5635E7
0	6948	3712	4	0	1.5636E7
0	6948	3712	4	0	1.5637E7
0	6948	3712	4	0	1.5638E7
0	6948	3712	4	0	1.5639E7
0	6948	3712	4	0	1.564E7
0	6948	3712	4	0	1.5641E7
0	6948	3712	4	0	1.5642E7
0	6948	3712	4	0	1.5643E7
0	6948	3712	4	0	1.5644E7
0	6948	3712	4	0	1.5645E7
0	6948	3712	4	0	1.5646E7
0	6948	3712	4	0	1.5647E7
0	6948	3712	4	0	1.5648E7
0	6948	3712	4	0	1.5649E7
0	6948	3712	4	0	1.565E7
0	6948	3712	4	0	1.5651E7
0	6948	3712	4	0	1.5652E7
0	6948	3712	4	0	1.5653E7
0	6945	3714	4	0	1.5654E7
0	6944	3712	4	2	1.5655E7
0	6943	3710	4	1	1.5656E7
0	6943	3710	4	0	1.5657E7
0	6943	3709	4	0	1.5658E7
0	6943	3709	4	0	1.5659E7
0	6943	3709	4	0	1.566E7
0	6943	3709	4	0	1.5661E7
0	6943	3709	4	0	1.5662E7
0	6943	3709	4	0	1.5663E7
0	6943	3709	4	0	1.5664E7
0	6943	3709	4	0	1.5665E7
0	6943	3709	4	0	1.5666E7
0	6943	3709	4	0	1.5667E7
0	6943	3709	4	0	1.5668E7
0	6943	3709	4	0	1.5669E7
0	6943	3709	4	0	1.567E7
0	6943	3709	4	0	1.5671E7
0	6943	3709	4	0	1.5672E7
0	6943	3709	4	0	1.5673E7
0	6943	3709	4	0	1.5674E7
0	6943	3709	4	0	1.5675E7
0	6943	3709	4	0	1.5676E7
0	6943	3709	4	0	1.5677E7
0	6943	3709	4	0	1.5678E7
0	6943	3709	4	0	1.5679E7
0	6943	3709	4	0	1.568E7
0	6943	3709	4	0	1.5681E7
0	6942	3708	4	2	1.5682E7
0	6940	3705	4	4	1.5683E7
0	6937	3700	4	6	1.5684E7
0	6933	3693	4	8	1.5685E7
0	6927	3685	4	10	1.5686E7
0	6919	3676	4	12	1.5687E7
0	6911	3666	4	14	1.5688E7
0	6901	3654	4	15	1.5689E7
0	6891	3643	4	15	1.569E7
0	6881	3631	4	15	1.5691E7
0	6870	3620	4	15	1.5692E7
0	6860	3609	4	15	1.5693E7
0	6850	3598	4	15	1.5694E7
0	6840	3587	4	15	1.5695E7
0	6830	3576	4	14	1.5696E7
0	6821	3566	4	10	1.5697E7
0	6815	3559	4	7	1.5698E7
0	6811	3555	4	5	1.5699E7
0	6808	3552	4	2	1.57E7
0	6808	3551	4	0	1.5701E7
0	6808	3551	4	0	1.5702E7
0	6808	3551	4	0	1.5703E7
0	6808	3551	4	0	1.5704E7
0	6808	3551	4	0	1.5705E7
0	6808	3551	4	0	1.5706E7
0	6808	3551	4	0	1.5707E7
0	6808	3551	4	0	1.5708E7
0	6808	3551	4	0	1.5709E7
0	6808	3551	4	0	1.571E7
0	6808	3551	4	0	1.5711E7
0	6808	3551	4	0	1.5712E7
0	6808	3551	4	0	1.5713E7
0	6808	3551	4	0	1.5714E7
0	6808	3551	4	0	1.5715E7
0	6808	3551	4	0	1.5716E7
0	6808	3551	4	0	1.5717E7
0	6808	3551	4	0	1.5718E7
0	6808	3551	4	0	1.5719E7
0	6808	3551	4	0	1.572E7
0	6807	3551	4	1	1.5721E7
0	6805	3549	4	3	1.5722E7
0	6802	3545	4	5	1.5723E7
0	6797	3540	4	7	1.5724E7
0	6792	3534	4	7	1.5725E7
0	6787	3530	4	4	1.5726E7
0	6785	3527	4	2	1.5727E7
0	6784	3526	4	1	1.5728E7
0	6783	3525	4	0	1.5729E7
0	6783	3525	4	0	1.573E7
0	6783	3525	4	0	1.5731E7
0	6783	3525	4	0	1.5732E7
0	6783	3525	4	0	1.5733E7
0	6783	3525	4	0	1.5734E7
0	6783	3525	4	0	1.5735E7
0	6783	3525	4	0	1.5736E7
0	6783	3525	4	0	1.5737E7
0	6783	3525	4	0	1.5738E7
0	6783	3525	4	0	1.5739E7
0	6783	3525	4	0	1.574E7
0	6783	3525	4	0	1.5741E7
0	6783	3525	4	0	1.5742E7
0	6783	3525	4	0	1.5743E7
0	6783	3525	4	0	1.5744E7
0	6783	3525	4	0	1.5745E7
0	6783	3525	4	0	1.5746E7
0	6783	3525	4	0	1.5747E7
0	6783	3525	4	0	1.5748E7
0	6783	3525	4	0	1.5749E7
0	6783	3525	4	0	1.575E7
0	6783	3525	4	0	1.5751E7
0	6783	3525	4	0	1.5752E7
0	6783	3525	4	0	1.5753E7
0	6783	3525	4	0	1.5754E7
0	6783	3525	4	0	1.5755E7
0	6783	3525	4	0	1.5756E7
0	6783	3525	4	0	1.5757E7
0	6783	3525	4	0	1.5758E7
0	6783	3525	4	0	1.5759E7
0	6783	3525	4	0	1.576E7
0	6783	3525	4	0	1.5761E7
0	6782	3524	4	2	1.5762E7
0	6779	3521	4	4	1.5763E7
0	6776	3517	4	6	1.5764E7
0	6771	3512	4	8	1.5765E7
0	6765	3504	4	10	1.5766E7
0	6758	3496	4	12	1.5767E7
0	6750	3485	4	13	1.5768E7
0	6740	3474	4	15	1.5769E7
0	6731	3462	4	15	1.577E7
0	6721	3450	4	15	1.5771E7
0	6712	3439	4	15	1.5772E7
0	6702	3427	4	15	1.5773E7
0	6692	3415	4	15	1.5774E7
0	6683	3403	4	15	1.5775E7
0	6678	3389	3	15	1.5776E7
0	6671	3376	4	15	1.5777E7
0	6663	3363	4	15	1.5778E7
0	6656	3349	4	15	1.5779E7
0	6648	3336	4	15	1.578E7
0	6641	3323	4	15	1.5781E7
0	6634	3310	4	15	1.5782E7
0	6628	3297	4	13	1.5783E7
0	6623	3286	4	9	1.5784E7
0	6620	3279	4	6	1.5785E7
0	6617	3274	4	4	1.5786E7
0	6616	3271	4	1	1.5787E7
0	6616	3271	4	0	1.5788E7
0	6616	3271	4	0	1.5789E7
0	6616	3271	4	0	1.579E7
0	6616	3271	4	0	1.5791E7
0	6616	3271	4	0	1.5792E7
0	6616	3271	4	0	1.5793E7
0	6616	3271	4	0	1.5794E7
0	6616	3271	4	0	1.5795E7
0	6616	3271	4	0	1.5796E7
0	6616	3271	4	0	1.5797E7
0	6616	3271	4	0	1.5798E7
0	6616	3271	4	0	1.5799E7
0	6616	3271	4	0	1.58E7
0	6616	3271	4	0	1.5801E7
0	6616	3271	4	0	1.5802E7
0	6616	3271	4	0	1.5803E7
0	6616	3271	4	0	1.5804E7
0	6616	3271	4	0	1.5805E7
0	6616	3271	4	0	1.5806E7
0	6616	3271	4	0	1.5807E7
0	6615	3270	4	2	1.5808E7
0	6614	3267	4	4	1.5809E7
0	6612	3262	4	6	1.581E7
0	6609	3255	4	7	1.5811E7
0	6606	3247	3	9	1.5812E7
0	6601	3237	4	11	1.5813E7
0	6595	3225	4	13	1.5814E7
0	6588	3212	4	15	1.5815E7
0	6581	3199	4	15	1.5816E7
0	6574	3186	4	15	1.5817E7
0	6567	3172	4	15	1.5818E7
0	6560	3159	4	15	1.5819E7
0	6554	3145	4	15	1.582E7
0	6548	3132	4	12	1.5821E7
0	6546	3122	3	9	1.5822E7
0	6544	3115	3	6	1.5823E7
0	6544	3110	3	3	1.5824E7
0	6543	3106	3	5	1.5825E7
0	6541	3100	3	7	1.5826E7
0	6533	3099	5	9	1.5827E7
0	6525	3100	5	6	1.5828E7
0	6520	3100	5	3	1.5829E7
0	6518	3100	5	0	1.583E7
0	6518	3100	5	0	1.5831E7
0	6518	3100	5	0	1.5832E7
0	6518	3100	5	0	1.5833E7
0	6518	3100	5	0	1.5834E7
0	6518	3100	5	0	1.5835E7
0	6518	3100	5	0	1.5836E7
0	6518	3100	5	0	1.5837E7
0	6518	3100	5	0	1.5838E7
0	6518	3100	5	0	1.5839E7
0	6518	3100	5	0	1.584E7
0	6518	3100	5	0	1.5841E7
0	6518	3100	5	0	1.5842E7
0	6518	3100	5	0	1.5843E7
0	6518	3100	5	0	1.5844E7
0	6518	3100	5	0	1.5845E7
0	6518	3100	5	0	1.5846E7
0	6518	3100	5	0	1.5847E7
0	6518	3100	5	0	1.5848E7
0	6518	3100	5	0	1.5849E7
0	6518	3100	5	0	1.585E7
0	6516	3100	5	2	1.5851E7
0	6512	3101	5	4	1.5852E7
0	6508	3101	5	3	1.5853E7
0	6505	3105	6	6	1.5854E7
0	6508	3112	7	8	1.5855E7
0	6512	3120	8	10	1.5856E7
0	6518	3130	8	12	1.5857E7
0	6524	3142	8	14	1.5858E7
0	6530	3154	8	12	1.5859E7
0	6535	3164	8	8	1.586E7
0	6538	3170	8	6	1.5861E7
0	6540	3174	8	3	1.5862E7
0	6542	3178	8	5	1.5863E7
0	6547	3183	8	7	1.5864E7
0	6553	3178	1	7	1.5865E7
0	6558	3175	2	4	1.5866E7
0	6561	3172	2	4	1.5867E7
0	6564	3167	2	6	1.5868E7
0	6561	3160	3	8	1.5869E7
0	6557	3151	4	10	1.587E7
0	6552	3141	4	12	1.5871E7
0	6547	3129	3	11	1.5872E7
0	6545	3120	3	8	1.5873E7
0	6544	3113	3	5	1.5874E7
0	6544	3109	3	3	1.5875E7
0	6543	3104	3	6	1.5876E7
0	6549	3101	2	8	1.5877E7
0	6558	3101	1	9	1.5878E7
0	6569	3100	1	11	1.5879E7
0	6581	3099	1	13	1.588E7
0	6596	3098	1	15	1.5881E7
0	6611	3097	1	15	1.5882E7
0	6626	3096	1	15	1.5883E7
0	6641	3095	1	15	1.5884E7
0	6656	3093	1	15	1.5885E7
0	6671	3092	1	15	1.5886E7
0	6686	3091	1	15	1.5887E7
0	6702	3089	1	15	1.5888E7
0	6716	3088	1	12	1.5889E7
0	6726	3087	1	9	1.589E7
0	6734	3086	1	6	1.5891E7
0	6739	3086	1	3	1.5892E7
0	6742	3085	1	2	1.5893E7
0	6743	3085	1	0	1.5894E7
0	6744	3085	1	0	1.5895E7
0	6744	3085	1	0	1.5896E7
0	6744	3085	1	0	1.5897E7
0	6744	3085	1	0	1.5898E7
0	6744	3085	1	0	1.5899E7
0	6744	3085	1	0	1.59E7
0	6744	3085	1	0	1.5901E7
0	6744	3085	1	0	1.5902E7
0	6744	3085	1	0	1.5903E7
0	6744	3085	1	0	1.5904E7
0	6744	3085	1	0	1.5905E7
0	6744	3085	1	0	1.5906E7
0	6744	3085	1	0	1.5907E7
0	6744	3085	1	0	1.5908E7
0	6744	3085	1	0	1.5909E7
0	6744	3085	1	0	1.591E7
0	6744	3085	1	0	1.5911E7
0	6744	3085	1	0	1.5912E7
0	6744	3085	1	0	1.5913E7
0	6744	3085	1	0	1.5914E7
0	6744	3085	1	0	1.5915E7
0	6744	3085	1	0	1.5916E7
0	6744	3085	1	0	1.5917E7
0	6744	3085	1	0	1.5918E7
0	6744	3085	1	0	1.5919E7
0	6744	3085	1	0	1.592E7
0	6744	3085	1	0	1.5921E7
0	6744	3085	1	0	1.5922E7
0	6744	3085	1	0	1.5923E7
0	6744	3085	1	0	1.5924E7
0	6744	3085	1	0	1.5925E7
0	6744	3085	1	0	1.5926E7
0	6746	3085	1	2	1.5927E7
0	6749	3084	1	4	1.5928E7
0	6754	3081	2	6	1.5929E7
0	6757	3072	2	8	1.593E7
0	6755	3062	3	10	1.5931E7
0	6753	3051	3	10	1.5932E7
0	6752	3042	3	7	1.5933E7
0	6751	3036	3	5	1.5934E7
0	6750	3032	3	2	1.5935E7
0	6750	3031	3	0	1.5936E7
0	6750	3031	3	0	1.5937E7
0	6750	3031	3	0	1.5938E7
0	6750	3031	3	0	1.5939E7
0	6750	3031	3	0	1.594E7
0	6750	3031	3	0	1.5941E7
0	6750	3031	3	0	1.5942E7
0	6750	3031	3	0	1.5943E7
0	6750	3031	3	0	1.5944E7
0	6750	3031	3	0	1.5945E7
0	6750	3031	3	0	1.5946E7
0	6750	3031	3	0	1.5947E7
0	6750	3031	3	0	1.5948E7
0	6750	3031	3	0	1.5949E7
0	6750	3031	3	0	1.595E7
0	6750	3031	3	0	1.5951E7
0	6750	3031	3	0	1.5952E7
0	6750	3031	3	0	1.5953E7
0	6750	3031	3	0	1.5954E7
0	6750	3031	3	0	1.5955E7
0	6747	3031	3	1	1.5956E7
0	6746	3028	3	3	1.5957E7
0	6745	3023	3	5	1.5958E7
0	6744	3017	3	6	1.5959E7
0	6743	3012	3	3	1.596E7
0	6742	3008	3	5	1.5961E7
0	6736	3005	4	7	1.5962E7
0	6727	3004	5	9	1.5963E7
0	6717	3002	5	11	1.5964E7
0	6705	2998	5	13	1.5965E7
0	6692	2991	4	15	1.5966E7
0	6679	2983	4	15	1.5967E7
0	6667	2974	4	15	1.5968E7
0	6656	2964	4	15	1.5969E7
0	6646	2953	4	15	1.597E7
0	6636	2941	4	15	1.5971E7
0	6626	2931	4	12	1.5972E7
0	6619	2922	4	9	1.5973E7
0	6614	2916	4	6	1.5974E7
0	6611	2912	4	4	1.5975E7
0	6609	2910	4	1	1.5976E7
0	6609	2910	4	0	1.5977E7
0	6609	2910	4	0	1.5978E7
0	6609	2910	4	0	1.5979E7
0	6609	2910	4	0	1.598E7
0	6609	2910	4	0	1.5981E7
0	6609	2910	4	0	1.5982E7
0	6609	2910	4	0	1.5983E7
0	6609	2910	4	0	1.5984E7
0	6609	2910	4	0	1.5985E7
0	6609	2910	4	0	1.5986E7
0	6609	2910	4	0	1.5987E7
0	6609	2910	4	0	1.5988E7
0	6609	2910	4	0	1.5989E7
0	6609	2910	4	0	1.599E7
0	6609	2910	4	0	1.5991E7
0	6609	2910	4	0	1.5992E7
0	6609	2910	4	0	1.5993E7
0	6609	2910	4	0	1.5994E7
0	6609	2910	4	0	1.5995E7
0	6609	2910	4	0	1.5996E7
0	6607	2909	4	2	1.5997E7
0	6605	2906	4	4	1.5998E7
0	6601	2901	4	6	1.5999E7
0	6596	2896	4	8	1.6E7
0	6590	2888	4	10	1.6001E7
