0	8054	5205	5	0	0.0
0	8054	5205	5	0	1.6229E7
0	8053	5205	5	2	1.623E7
0	8050	5206	5	4	1.6231E7
0	8045	5207	5	6	1.6232E7
0	8037	5208	5	8	1.6233E7
0	8029	5209	5	8	1.6234E7
0	8022	5210	5	5	1.6235E7
0	8017	5211	5	3	1.6236E7
0	8016	5211	5	0	1.6237E7
0	8016	5211	5	0	1.6238E7
0	8016	5211	5	0	1.6239E7
0	8016	5211	5	0	1.624E7
0	8016	5211	5	0	1.6241E7
0	8016	5211	5	0	1.6242E7
0	8016	5211	5	0	1.6243E7
0	8016	5211	5	0	1.6244E7
0	8016	5211	5	0	1.6245E7
0	8016	5211	5	0	1.6246E7
0	8016	5211	5	0	1.6247E7
0	8016	5211	5	0	1.6248E7
0	8016	5211	5	0	1.6249E7
0	8016	5211	5	0	1.625E7
0	8016	5211	5	0	1.6251E7
0	8016	5211	5	0	1.6252E7
0	8016	5211	5	0	1.6253E7
0	8016	5211	5	0	1.6254E7
0	8016	5211	5	0	1.6255E7
0	8016	5211	5	0	1.6256E7
0	8015	5211	5	1	1.6257E7
0	8013	5211	5	3	1.6258E7
0	8009	5212	5	5	1.6259E7
0	8002	5213	5	7	1.626E7
0	7994	5214	5	9	1.6261E7
0	7984	5215	5	11	1.6262E7
0	7972	5217	5	12	1.6263E7
0	7959	5219	5	14	1.6264E7
0	7945	5221	5	14	1.6265E7
0	7931	5223	5	14	1.6266E7
0	7917	5225	5	14	1.6267E7
0	7903	5228	5	14	1.6268E7
0	7889	5230	5	14	1.6269E7
0	7875	5232	5	14	1.627E7
0	7862	5238	5	14	1.6271E7
0	7849	5244	6	14	1.6272E7
0	7837	5251	6	14	1.6273E7
0	7825	5258	6	14	1.6274E7
0	7813	5265	6	12	1.6275E7
0	7804	5270	6	9	1.6276E7
0	7797	5273	6	6	1.6277E7
0	7793	5276	6	3	1.6278E7
0	7791	5277	6	0	1.6279E7
0	7791	5277	6	0	1.628E7
0	7791	5277	6	0	1.6281E7
0	7791	5277	6	0	1.6282E7
0	7791	5277	6	0	1.6283E7
0	7791	5277	6	0	1.6284E7
0	7791	5277	6	0	1.6285E7
0	7791	5277	6	0	1.6286E7
0	7791	5277	6	0	1.6287E7
0	7791	5277	6	0	1.6288E7
0	7791	5277	6	0	1.6289E7
0	7791	5277	6	0	1.629E7
0	7791	5277	6	0	1.6291E7
0	7791	5277	6	0	1.6292E7
0	7791	5277	6	0	1.6293E7
0	7791	5277	6	0	1.6294E7
0	7791	5277	6	0	1.6295E7
0	7791	5277	6	0	1.6296E7
0	7791	5277	6	0	1.6297E7
0	7791	5277	6	0	1.6298E7
0	7791	5277	6	0	1.6299E7
0	7789	5279	6	2	1.63E7
0	7787	5281	6	4	1.6301E7
0	7783	5285	6	6	1.6302E7
0	7781	5292	6	8	1.6303E7
0	7784	5301	7	10	1.6304E7
0	7791	5310	8	12	1.6305E7
0	7799	5321	8	14	1.6306E7
0	7808	5332	8	14	1.6307E7
0	7817	5343	8	14	1.6308E7
0	7826	5354	8	14	1.6309E7
0	7833	5366	8	14	1.631E7
0	7835	5379	7	14	1.6311E7
0	7831	5392	7	14	1.6312E7
0	7821	5401	6	11	1.6313E7
0	7815	5408	6	8	1.6314E7
0	7810	5413	6	5	1.6315E7
0	7807	5416	6	3	1.6316E7
0	7803	5419	6	5	1.6317E7
0	7795	5419	5	7	1.6318E7
0	7790	5412	4	9	1.6319E7
0	7782	5405	4	11	1.632E7
0	7772	5396	4	13	1.6321E7
0	7763	5386	4	14	1.6322E7
0	7752	5378	4	14	1.6323E7
0	7740	5370	4	14	1.6324E7
0	7727	5364	4	14	1.6325E7
0	7714	5359	5	14	1.6326E7
0	7702	5351	4	14	1.6327E7
0	7688	5347	5	14	1.6328E7
0	7674	5344	5	14	1.6329E7
0	7660	5343	5	14	1.633E7
0	7646	5344	5	14	1.6331E7
0	7632	5347	5	14	1.6332E7
0	7618	5351	5	14	1.6333E7
0	7605	5358	6	14	1.6334E7
0	7593	5366	6	14	1.6335E7
0	7582	5374	6	14	1.6336E7
0	7570	5381	6	14	1.6337E7
0	7558	5389	6	14	1.6338E7
0	7547	5397	6	12	1.6339E7
0	7538	5403	6	9	1.634E7
0	7531	5407	6	6	1.6341E7
0	7527	5410	6	3	1.6342E7
0	7525	5411	6	1	1.6343E7
0	7525	5412	6	0	1.6344E7
0	7525	5412	6	0	1.6345E7
0	7525	5412	6	0	1.6346E7
0	7525	5412	6	0	1.6347E7
0	7525	5412	6	0	1.6348E7
0	7525	5412	6	0	1.6349E7
0	7525	5412	6	0	1.635E7
0	7525	5412	6	0	1.6351E7
0	7525	5412	6	0	1.6352E7
0	7525	5412	6	0	1.6353E7
0	7525	5412	6	0	1.6354E7
0	7525	5412	6	0	1.6355E7
0	7525	5412	6	0	1.6356E7
0	7525	5412	6	0	1.6357E7
0	7525	5412	6	0	1.6358E7
0	7525	5412	6	0	1.6359E7
0	7525	5412	6	0	1.636E7
0	7525	5412	6	0	1.6361E7
0	7525	5412	6	0	1.6362E7
0	7525	5412	6	0	1.6363E7
0	7523	5413	6	2	1.6364E7
0	7520	5415	6	4	1.6365E7
0	7515	5418	6	6	1.6366E7
0	7509	5422	6	8	1.6367E7
0	7503	5430	6	10	1.6368E7
0	7491	5431	5	12	1.6369E7
0	7478	5430	5	13	1.637E7
0	7466	5430	5	10	1.6371E7
0	7455	5429	5	12	1.6372E7
0	7442	5431	5	14	1.6373E7
0	7430	5442	6	14	1.6374E7
0	7427	5456	7	14	1.6375E7
0	7425	5470	7	14	1.6376E7
0	7423	5484	7	14	1.6377E7
0	7420	5497	7	14	1.6378E7
0	7418	5511	7	14	1.6379E7
0	7415	5525	7	14	1.638E7
0	7413	5539	7	12	1.6381E7
0	7411	5549	7	9	1.6382E7
0	7409	5556	7	6	1.6383E7
0	7408	5561	7	3	1.6384E7
0	7407	5563	7	1	1.6385E7
0	7407	5565	7	0	1.6386E7
0	7406	5565	7	0	1.6387E7
0	7406	5565	7	0	1.6388E7
0	7406	5566	7	0	1.6389E7
0	7406	5566	7	0	1.639E7
0	7406	5566	7	0	1.6391E7
0	7406	5566	7	0	1.6392E7
0	7406	5566	7	0	1.6393E7
0	7406	5566	7	0	1.6394E7
0	7406	5566	7	0	1.6395E7
0	7406	5566	7	0	1.6396E7
0	7406	5566	7	0	1.6397E7
0	7406	5566	7	0	1.6398E7
0	7406	5566	7	0	1.6399E7
0	7406	5566	7	0	1.64E7
0	7406	5566	7	0	1.6401E7
0	7406	5566	7	0	1.6402E7
0	7406	5566	7	0	1.6403E7
0	7406	5566	7	0	1.6404E7
0	7406	5566	7	0	1.6405E7
0	7406	5566	7	0	1.6406E7
0	7406	5566	7	0	1.6407E7
0	7406	5566	7	0	1.6408E7
0	7406	5566	7	0	1.6409E7
0	7406	5566	7	0	1.641E7
0	7406	5566	7	0	1.6411E7
0	7406	5566	7	0	1.6412E7
0	7406	5566	7	0	1.6413E7
0	7406	5566	7	0	1.6414E7
0	7406	5566	7	0	1.6415E7
0	7406	5566	7	0	1.6416E7
0	7406	5566	7	0	1.6417E7
0	7406	5566	7	0	1.6418E7
0	7406	5566	7	0	1.6419E7
0	7406	5566	7	0	1.642E7
0	7406	5566	7	0	1.6421E7
0	7406	5566	7	0	1.6422E7
0	7406	5566	7	0	1.6423E7
0	7406	5566	7	0	1.6424E7
0	7406	5566	7	0	1.6425E7
0	7406	5566	7	0	1.6426E7
0	7406	5567	7	2	1.6427E7
0	7404	5569	6	4	1.6428E7
0	7401	5564	5	6	1.6429E7
0	7398	5558	4	8	1.643E7
0	7393	5549	4	10	1.6431E7
0	7389	5539	4	12	1.6432E7
0	7383	5527	4	14	1.6433E7
0	7376	5515	4	13	1.6434E7
0	7371	5504	4	10	1.6435E7
0	7368	5496	4	7	1.6436E7
0	7365	5491	4	4	1.6437E7
0	7363	5488	4	2	1.6438E7
0	7363	5486	4	1	1.6439E7
0	7362	5486	4	0	1.644E7
0	7362	5485	4	0	1.6441E7
0	7362	5485	4	0	1.6442E7
0	7362	5485	4	0	1.6443E7
0	7362	5485	4	0	1.6444E7
0	7362	5485	4	0	1.6445E7
0	7362	5485	4	0	1.6446E7
0	7362	5485	4	0	1.6447E7
0	7362	5485	4	0	1.6448E7
0	7362	5485	4	0	1.6449E7
0	7362	5485	4	0	1.645E7
0	7362	5485	4	0	1.6451E7
0	7361	5484	4	2	1.6452E7
0	7360	5481	4	4	1.6453E7
0	7357	5476	4	6	1.6454E7
0	7354	5469	4	8	1.6455E7
0	7350	5461	4	10	1.6456E7
0	7345	5450	4	12	1.6457E7
0	7339	5439	4	12	1.6458E7
0	7334	5429	4	9	1.6459E7
0	7331	5423	4	6	1.646E7
0	7329	5418	4	3	1.6461E7
0	7328	5416	4	1	1.6462E7
0	7327	5415	4	0	1.6463E7
0	7327	5414	4	0	1.6464E7
0	7327	5414	4	0	1.6465E7
0	7327	5414	4	0	1.6466E7
0	7327	5414	4	0	1.6467E7
0	7327	5414	4	0	1.6468E7
0	7327	5414	4	0	1.6469E7
0	7327	5414	4	0	1.647E7
0	7327	5414	4	0	1.6471E7
0	7327	5414	4	0	1.6472E7
0	7327	5414	4	0	1.6473E7
0	7327	5414	4	0	1.6474E7
0	7327	5414	4	0	1.6475E7
0	7327	5414	4	0	1.6476E7
0	7327	5414	4	0	1.6477E7
0	7327	5414	4	0	1.6478E7
0	7327	5414	4	0	1.6479E7
0	7327	5414	4	0	1.648E7
0	7327	5414	4	0	1.6481E7
0	7327	5414	4	0	1.6482E7
0	7326	5412	4	2	1.6483E7
0	7325	5409	4	4	1.6484E7
0	7322	5404	4	6	1.6485E7
0	7319	5397	4	8	1.6486E7
0	7316	5391	4	5	1.6487E7
0	7314	5387	4	3	1.6488E7
0	7313	5385	4	1	1.6489E7
0	7312	5384	4	0	1.649E7
0	7312	5384	4	0	1.6491E7
0	7312	5384	4	0	1.6492E7
0	7312	5384	4	0	1.6493E7
0	7312	5384	4	0	1.6494E7
0	7312	5384	4	0	1.6495E7
0	7312	5384	4	0	1.6496E7
0	7312	5384	4	0	1.6497E7
0	7312	5384	4	0	1.6498E7
0	7312	5384	4	0	1.6499E7
0	7312	5384	4	0	1.65E7
0	7312	5384	4	0	1.6501E7
0	7312	5384	4	0	1.6502E7
0	7312	5384	4	0	1.6503E7
0	7312	5384	4	0	1.6504E7
0	7312	5383	4	1	1.6505E7
0	7311	5381	4	3	1.6506E7
0	7309	5377	4	4	1.6507E7
0	7307	5374	4	3	1.6508E7
0	7306	5372	4	1	1.6509E7
0	7306	5371	4	0	1.651E7
0	7306	5370	4	0	1.6511E7
0	7306	5370	4	0	1.6512E7
0	7306	5370	4	0	1.6513E7
0	7306	5370	4	0	1.6514E7
0	7306	5370	4	0	1.6515E7
0	7306	5370	4	0	1.6516E7
0	7306	5370	4	0	1.6517E7
0	7306	5370	4	0	1.6518E7
0	7306	5370	4	0	1.6519E7
0	7306	5370	4	0	1.652E7
0	7306	5370	4	0	1.6521E7
0	7306	5370	4	0	1.6522E7
0	7306	5370	4	0	1.6523E7
0	7306	5370	4	0	1.6524E7
0	7306	5370	4	0	1.6525E7
0	7306	5370	4	0	1.6526E7
0	7306	5370	4	0	1.6527E7
0	7306	5370	4	0	1.6528E7
0	7305	5370	4	1	1.6529E7
0	7305	5368	4	2	1.653E7
0	7303	5365	4	2	1.6531E7
0	7302	5363	4	2	1.6532E7
0	7302	5362	4	1	1.6533E7
0	7301	5361	4	0	1.6534E7
0	7301	5360	4	0	1.6535E7
0	7301	5360	4	0	1.6536E7
0	7301	5360	4	0	1.6537E7
0	7301	5360	4	0	1.6538E7
0	7301	5360	4	0	1.6539E7
0	7301	5360	4	0	1.654E7
0	7301	5360	4	0	1.6541E7
0	7301	5360	4	0	1.6542E7
0	7301	5360	4	0	1.6543E7
0	7301	5360	4	0	1.6544E7
0	7301	5360	4	0	1.6545E7
0	7301	5360	4	0	1.6546E7
0	7301	5360	4	0	1.6547E7
0	7301	5360	4	0	1.6548E7
0	7301	5360	4	0	1.6549E7
0	7301	5360	4	0	1.655E7
0	7301	5360	4	0	1.6551E7
0	7301	5360	4	0	1.6552E7
0	7301	5360	4	0	1.6553E7
0	7301	5360	4	0	1.6554E7
0	7301	5360	4	0	1.6555E7
0	7301	5360	4	0	1.6556E7
0	7301	5360	4	0	1.6557E7
0	7301	5360	4	0	1.6558E7
0	7301	5360	4	0	1.6559E7
0	7301	5360	4	0	1.656E7
0	7301	5360	4	0	1.6561E7
0	7300	5359	4	1	1.6562E7
0	7299	5357	4	2	1.6563E7
0	7299	5356	4	0	1.6564E7
0	7299	5356	4	0	1.6565E7
0	7299	5356	4	0	1.6566E7
0	7299	5356	4	0	1.6567E7
0	7299	5356	4	0	1.6568E7
0	7299	5356	4	0	1.6569E7
0	7299	5356	4	0	1.657E7
0	7299	5356	4	0	1.6571E7
0	7299	5356	4	0	1.6572E7
0	7299	5356	4	0	1.6573E7
0	7299	5356	4	0	1.6574E7
0	7299	5356	4	0	1.6575E7
0	7299	5356	4	0	1.6576E7
0	7299	5356	4	0	1.6577E7
0	7299	5356	4	0	1.6578E7
0	7299	5356	4	0	1.6579E7
0	7299	5356	4	0	1.658E7
0	7299	5356	4	0	1.6581E7
0	7299	5356	4	0	1.6582E7
0	7299	5356	4	0	1.6583E7
0	7299	5355	4	1	1.6584E7
0	7297	5353	4	3	1.6585E7
0	7295	5349	4	5	1.6586E7
0	7293	5343	4	7	1.6587E7
0	7289	5335	4	9	1.6588E7
0	7284	5326	4	11	1.6589E7
0	7279	5315	4	13	1.659E7
0	7273	5302	4	14	1.6591E7
0	7266	5289	4	13	1.6592E7
0	7262	5279	4	9	1.6593E7
0	7258	5272	4	8	1.6594E7
0	7253	5263	4	10	1.6595E7
0	7248	5252	4	12	1.6596E7
0	7242	5240	4	14	1.6597E7
0	7236	5228	4	14	1.6598E7
0	7229	5215	4	14	1.6599E7
0	7223	5202	4	14	1.66E7
0	7217	5190	4	14	1.6601E7
0	7210	5177	4	14	1.6602E7
0	7204	5165	4	14	1.6603E7
0	7197	5152	4	14	1.6604E7
0	7191	5139	4	13	1.6605E7
0	7186	5129	4	10	1.6606E7
0	7180	5118	4	12	1.6607E7
0	7174	5107	4	11	1.6608E7
0	7170	5097	4	9	1.6609E7
0	7165	5089	4	8	1.661E7
0	7162	5083	4	5	1.6611E7
0	7160	5079	4	3	1.6612E7
0	7159	5076	4	1	1.6613E7
0	7158	5075	4	0	1.6614E7
0	7158	5075	4	0	1.6615E7
0	7158	5075	4	0	1.6616E7
0	7158	5075	4	0	1.6617E7
0	7158	5075	4	0	1.6618E7
0	7158	5075	4	0	1.6619E7
0	7158	5075	4	0	1.662E7
0	7158	5075	4	0	1.6621E7
0	7158	5075	4	0	1.6622E7
0	7158	5075	4	0	1.6623E7
0	7158	5075	4	0	1.6624E7
0	7158	5075	4	0	1.6625E7
0	7158	5075	4	0	1.6626E7
0	7158	5075	4	0	1.6627E7
0	7158	5075	4	0	1.6628E7
0	7158	5075	4	0	1.6629E7
0	7158	5075	4	0	1.663E7
0	7158	5075	4	0	1.6631E7
0	7158	5074	4	1	1.6632E7
0	7157	5072	4	3	1.6633E7
0	7155	5068	4	4	1.6634E7
0	7152	5063	4	4	1.6635E7
0	7151	5061	4	1	1.6636E7
0	7151	5060	4	0	1.6637E7
0	7151	5060	4	0	1.6638E7
0	7151	5060	4	0	1.6639E7
0	7151	5060	4	0	1.664E7
0	7151	5060	4	0	1.6641E7
0	7151	5060	4	0	1.6642E7
0	7151	5060	4	0	1.6643E7
0	7151	5060	4	0	1.6644E7
0	7151	5060	4	0	1.6645E7
0	7151	5060	4	0	1.6646E7
0	7151	5060	4	0	1.6647E7
0	7151	5060	4	0	1.6648E7
0	7151	5060	4	0	1.6649E7
0	7151	5060	4	0	1.665E7
0	7151	5060	4	0	1.6651E7
0	7151	5060	4	0	1.6652E7
0	7151	5060	4	0	1.6653E7
0	7151	5060	4	0	1.6654E7
0	7151	5060	4	0	1.6655E7
0	7151	5060	4	0	1.6656E7
0	7150	5059	4	2	1.6657E7
0	7149	5056	4	4	1.6658E7
0	7146	5051	4	6	1.6659E7
0	7143	5045	4	8	1.666E7
0	7139	5036	4	10	1.6661E7
0	7134	5026	4	12	1.6662E7
0	7127	5015	4	13	1.6663E7
0	7121	5002	4	14	1.6664E7
0	7114	4990	4	14	1.6665E7
0	7107	4977	4	14	1.6666E7
0	7101	4965	4	14	1.6667E7
0	7094	4952	4	14	1.6668E7
0	7087	4940	4	14	1.6669E7
0	7081	4927	4	14	1.667E7
0	7076	4914	3	14	1.6671E7
0	7071	4901	3	14	1.6672E7
0	7065	4888	3	14	1.6673E7
0	7060	4875	3	14	1.6674E7
0	7055	4862	3	14	1.6675E7
0	7049	4849	3	14	1.6676E7
0	7044	4836	3	14	1.6677E7
0	7039	4823	3	14	1.6678E7
0	7033	4810	3	14	1.6679E7
0	7028	4797	3	14	1.668E7
0	7023	4783	3	14	1.6681E7
0	7017	4770	3	14	1.6682E7
0	7012	4757	3	14	1.6683E7
0	7007	4744	3	14	1.6684E7
0	7002	4732	3	12	1.6685E7
0	6998	4722	3	8	1.6686E7
0	6995	4716	3	5	1.6687E7
0	6993	4711	3	3	1.6688E7
0	6992	4709	3	1	1.6689E7
0	6992	4708	3	0	1.669E7
0	6992	4708	3	0	1.6691E7
0	6992	4707	3	0	1.6692E7
0	6992	4707	3	0	1.6693E7
0	6992	4707	3	0	1.6694E7
0	6992	4707	3	0	1.6695E7
0	6992	4707	3	0	1.6696E7
0	6992	4707	3	0	1.6697E7
0	6992	4707	3	0	1.6698E7
0	6992	4707	3	0	1.6699E7
0	6992	4707	3	0	1.67E7
0	6992	4707	3	0	1.6701E7
0	6992	4707	3	0	1.6702E7
0	6992	4707	3	0	1.6703E7
0	6992	4707	3	0	1.6704E7
0	6992	4707	3	0	1.6705E7
0	6992	4707	3	0	1.6706E7
0	6992	4707	3	0	1.6707E7
0	6992	4707	3	0	1.6708E7
0	6992	4707	3	0	1.6709E7
0	6992	4707	3	0	1.671E7
0	6992	4707	3	0	1.6711E7
0	6992	4707	3	0	1.6712E7
0	6992	4707	3	0	1.6713E7
0	6992	4707	3	0	1.6714E7
0	6992	4707	3	0	1.6715E7
0	6992	4707	3	0	1.6716E7
0	6992	4707	3	0	1.6717E7
0	6992	4707	3	0	1.6718E7
0	6992	4707	3	0	1.6719E7
0	6992	4707	3	0	1.672E7
0	6992	4707	3	0	1.6721E7
0	6992	4707	3	0	1.6722E7
0	6992	4707	3	0	1.6723E7
0	6992	4707	3	0	1.6724E7
0	6992	4707	3	0	1.6725E7
0	6992	4707	3	0	1.6726E7
0	6992	4707	3	0	1.6727E7
0	6992	4707	3	0	1.6728E7
0	6992	4707	3	0	1.6729E7
0	6992	4707	3	0	1.673E7
0	6992	4707	3	0	1.6731E7
0	6992	4707	3	0	1.6732E7
0	6992	4707	3	0	1.6733E7
0	6992	4707	3	0	1.6734E7
0	6992	4707	3	0	1.6735E7
0	6992	4707	3	0	1.6736E7
0	6992	4707	3	0	1.6737E7
0	6992	4707	3	0	1.6738E7
0	6992	4707	3	0	1.6739E7
0	6992	4707	3	0	1.674E7
0	6992	4707	3	0	1.6741E7
0	6991	4706	3	2	1.6742E7
0	6990	4703	3	4	1.6743E7
0	6989	4698	3	6	1.6744E7
0	6987	4691	3	8	1.6745E7
0	6984	4682	3	10	1.6746E7
0	6982	4671	3	11	1.6747E7
0	6980	4658	3	14	1.6748E7
0	6978	4645	3	14	1.6749E7
0	6978	4631	3	14	1.675E7
0	6977	4616	3	14	1.6751E7
0	6976	4602	3	14	1.6752E7
0	6976	4588	3	14	1.6753E7
0	6984	4579	2	14	1.6754E7
0	6998	4577	1	14	1.6755E7
0	7012	4575	1	14	1.6756E7
0	7025	4568	2	13	1.6757E7
0	7032	4559	2	9	1.6758E7
0	7034	4551	3	7	1.6759E7
0	7034	4545	3	5	1.676E7
0	7033	4540	3	5	1.6761E7
0	7033	4534	3	6	1.6762E7
0	7033	4528	3	4	1.6763E7
0	7033	4525	3	2	1.6764E7
0	7033	4524	3	0	1.6765E7
0	7033	4524	3	0	1.6766E7
0	7033	4524	3	0	1.6767E7
0	7033	4524	3	0	1.6768E7
0	7033	4524	3	0	1.6769E7
0	7033	4524	3	0	1.677E7
0	7033	4524	3	0	1.6771E7
0	7033	4524	3	0	1.6772E7
0	7033	4524	3	0	1.6773E7
0	7033	4524	3	0	1.6774E7
0	7033	4524	3	0	1.6775E7
0	7033	4524	3	0	1.6776E7
0	7033	4524	3	0	1.6777E7
0	7033	4524	3	0	1.6778E7
0	7033	4524	3	0	1.6779E7
0	7033	4524	3	0	1.678E7
0	7033	4524	3	0	1.6781E7
0	7033	4524	3	0	1.6782E7
0	7033	4524	3	0	1.6783E7
0	7033	4524	3	0	1.6784E7
0	7033	4523	3	1	1.6785E7
0	7033	4520	3	4	1.6786E7
0	7033	4515	3	5	1.6787E7
0	7032	4508	3	7	1.6788E7
0	7032	4499	3	9	1.6789E7
0	7031	4489	3	11	1.679E7
0	7030	4476	3	13	1.6791E7
0	7029	4462	3	14	1.6792E7
0	7028	4448	3	12	1.6793E7
0	7028	4437	3	9	1.6794E7
0	7028	4429	3	6	1.6795E7
0	7028	4424	3	3	1.6796E7
0	7028	4422	3	2	1.6797E7
0	7027	4420	3	0	1.6798E7
0	7027	4420	3	0	1.6799E7
0	7027	4419	3	0	1.68E7
0	7027	4419	3	0	1.6801E7
0	7027	4419	3	1	1.6802E7
0	7027	4417	3	2	1.6803E7
0	7027	4413	3	4	1.6804E7
0	7027	4407	3	6	1.6805E7
0	7027	4399	3	8	1.6806E7
0	7026	4389	3	10	1.6807E7
0	7026	4378	3	11	1.6808E7
0	7026	4367	3	11	1.6809E7
0	7025	4356	3	11	1.681E7
0	7025	4344	3	11	1.6811E7
0	7024	4333	3	11	1.6812E7
0	7024	4321	3	11	1.6813E7
0	7028	4310	3	11	1.6814E7
0	7038	4306	1	12	1.6815E7
0	7049	4303	1	10	1.6816E7
0	7058	4301	1	8	1.6817E7
0	7065	4299	1	6	1.6818E7
0	7070	4298	1	4	1.6819E7
0	7073	4297	1	2	1.682E7
0	7075	4297	1	1	1.6821E7
0	7075	4296	1	0	1.6822E7
0	7075	4296	1	0	1.6823E7
0	7075	4296	1	0	1.6824E7
0	7075	4296	1	0	1.6825E7
0	7076	4296	1	0	1.6826E7
0	7076	4296	1	0	1.6827E7
0	7076	4296	1	0	1.6828E7
0	7076	4296	1	0	1.6829E7
0	7076	4296	1	0	1.683E7
0	7076	4296	1	0	1.6831E7
0	7076	4296	1	0	1.6832E7
0	7076	4296	1	0	1.6833E7
0	7076	4296	1	0	1.6834E7
0	7076	4296	1	0	1.6835E7
0	7076	4296	1	0	1.6836E7
0	7076	4296	1	0	1.6837E7
0	7076	4296	1	0	1.6838E7
0	7076	4296	1	0	1.6839E7
0	7077	4296	1	2	1.684E7
0	7080	4295	1	4	1.6841E7
0	7085	4293	1	5	1.6842E7
0	7089	4292	1	3	1.6843E7
0	7091	4292	1	0	1.6844E7
0	7091	4292	1	0	1.6845E7
0	7091	4292	1	0	1.6846E7
0	7091	4292	1	0	1.6847E7
0	7091	4292	1	0	1.6848E7
0	7091	4292	1	0	1.6849E7
0	7091	4292	1	0	1.685E7
0	7091	4292	1	0	1.6851E7
0	7091	4292	1	0	1.6852E7
0	7091	4292	1	0	1.6853E7
0	7091	4292	1	0	1.6854E7
0	7091	4292	1	0	1.6855E7
0	7091	4292	1	0	1.6856E7
0	7091	4292	1	0	1.6857E7
0	7091	4292	1	0	1.6858E7
0	7091	4292	1	0	1.6859E7
0	7091	4292	1	0	1.686E7
0	7091	4292	1	0	1.6861E7
0	7091	4292	1	0	1.6862E7
0	7091	4292	1	0	1.6863E7
0	7090	4289	1	1	1.6864E7
0	7092	4288	1	3	1.6865E7
0	7097	4287	1	5	1.6866E7
0	7103	4285	1	7	1.6867E7
0	7109	4284	1	5	1.6868E7
0	7113	4282	1	4	1.6869E7
0	7117	4278	2	6	1.687E7
0	7116	4270	3	8	1.6871E7
0	7114	4262	3	7	1.6872E7
0	7112	4256	3	5	1.6873E7
0	7111	4252	3	2	1.6874E7
0	7110	4250	3	1	1.6875E7
0	7110	4249	3	0	1.6876E7
0	7109	4248	3	1	1.6877E7
0	7109	4246	3	3	1.6878E7
0	7107	4242	3	5	1.6879E7
0	7105	4236	3	7	1.688E7
0	7103	4228	3	8	1.6881E7
0	7103	4218	3	11	1.6882E7
0	7100	4206	3	12	1.6883E7
0	7096	4193	3	14	1.6884E7
0	7095	4177	3	16	1.6885E7
0	7090	4161	3	16	1.6886E7
0	7086	4145	3	16	1.6887E7
0	7081	4129	3	16	1.6888E7
0	7077	4113	3	16	1.6889E7
0	7072	4097	3	16	1.689E7
0	7067	4081	3	16	1.6891E7
0	7063	4065	3	16	1.6892E7
0	7058	4049	3	16	1.6893E7
0	7053	4033	3	16	1.6894E7
0	7049	4019	3	13	1.6895E7
0	7046	4008	3	10	1.6896E7
0	7043	3999	3	8	1.6897E7
0	7041	3992	3	6	1.6898E7
0	7039	3987	3	3	1.6899E7
0	7038	3984	3	2	1.69E7
0	7038	3983	3	0	1.6901E7
0	7038	3982	3	0	1.6902E7
0	7038	3982	3	0	1.6903E7
0	7038	3982	3	0	1.6904E7
0	7038	3982	3	0	1.6905E7
0	7038	3982	3	0	1.6906E7
0	7038	3982	3	0	1.6907E7
0	7038	3982	3	0	1.6908E7
0	7038	3982	3	0	1.6909E7
0	7038	3982	3	0	1.691E7
0	7038	3982	3	0	1.6911E7
0	7038	3982	3	0	1.6912E7
0	7038	3982	3	0	1.6913E7
0	7038	3982	3	0	1.6914E7
0	7038	3982	3	0	1.6915E7
0	7038	3982	3	0	1.6916E7
0	7038	3982	3	0	1.6917E7
0	7038	3982	3	0	1.6918E7
0	7038	3981	3	0	1.6919E7
0	7037	3980	3	1	1.692E7
0	7036	3977	3	3	1.6921E7
0	7035	3973	3	5	1.6922E7
0	7034	3968	3	3	1.6923E7
0	7033	3966	3	0	1.6924E7
0	7033	3966	3	0	1.6925E7
0	7033	3966	3	0	1.6926E7
0	7033	3966	3	0	1.6927E7
0	7033	3966	3	0	1.6928E7
0	7033	3966	3	0	1.6929E7
0	7033	3966	3	0	1.693E7
0	7033	3966	3	0	1.6931E7
0	7033	3966	3	0	1.6932E7
0	7033	3966	3	0	1.6933E7
0	7033	3966	3	0	1.6934E7
0	7033	3966	3	0	1.6935E7
0	7033	3966	3	0	1.6936E7
0	7033	3966	3	0	1.6937E7
0	7033	3966	3	0	1.6938E7
0	7033	3966	3	0	1.6939E7
0	7033	3966	3	0	1.694E7
0	7033	3966	3	0	1.6941E7
0	7033	3966	3	0	1.6942E7
0	7033	3966	3	0	1.6943E7
0	7033	3966	3	1	1.6944E7
0	7032	3964	3	3	1.6945E7
0	7031	3960	3	5	1.6946E7
0	7029	3954	3	7	1.6947E7
0	7027	3946	3	8	1.6948E7
0	7024	3937	3	10	1.6949E7
0	7022	3925	3	11	1.695E7
0	7019	3916	3	8	1.6951E7
0	7018	3909	3	5	1.6952E7
0	7017	3905	3	3	1.6953E7
0	7016	3902	3	1	1.6954E7
0	7016	3901	3	0	1.6955E7
0	7016	3901	3	0	1.6956E7
0	7016	3901	3	0	1.6957E7
0	7016	3901	3	0	1.6958E7
0	7016	3901	3	0	1.6959E7
0	7016	3901	3	0	1.696E7
0	7016	3901	3	0	1.6961E7
0	7016	3901	3	0	1.6962E7
0	7016	3901	3	0	1.6963E7
0	7016	3901	3	0	1.6964E7
0	7016	3901	3	0	1.6965E7
0	7016	3901	3	0	1.6966E7
0	7016	3900	3	1	1.6967E7
0	7015	3898	3	2	1.6968E7
0	7014	3894	3	4	1.6969E7
0	7012	3889	3	6	1.697E7
0	7011	3882	3	8	1.6971E7
0	7021	3880	2	10	1.6972E7
0	7031	3877	1	11	1.6973E7
0	7042	3874	1	11	1.6974E7
0	7054	3871	1	11	1.6975E7
0	7065	3868	1	11	1.6976E7
0	7076	3866	1	11	1.6977E7
0	7088	3864	1	11	1.6978E7
0	7100	3861	1	11	1.6979E7
0	7111	3859	1	11	1.698E7
0	7123	3857	1	11	1.6981E7
0	7135	3855	1	12	1.6982E7
0	7147	3853	1	12	1.6983E7
0	7159	3851	1	12	1.6984E7
0	7170	3845	1	12	1.6985E7
0	7183	3843	1	14	1.6986E7
0	7197	3840	1	14	1.6987E7
0	7211	3838	1	14	1.6988E7
0	7224	3836	1	14	1.6989E7
0	7238	3833	1	14	1.699E7
0	7252	3831	1	14	1.6991E7
0	7266	3828	1	14	1.6992E7
0	7280	3826	1	14	1.6993E7
0	7294	3823	1	14	1.6994E7
0	7308	3821	1	14	1.6995E7
0	7322	3818	1	14	1.6996E7
0	7336	3815	1	14	1.6997E7
0	7350	3813	1	14	1.6998E7
0	7364	3810	1	14	1.6999E7
0	7377	3808	1	14	1.7E7
0	7391	3805	1	14	1.7001E7
0	7405	3802	1	14	1.7002E7
0	7419	3800	1	14	1.7003E7
0	7433	3797	1	14	1.7004E7
0	7447	3795	1	14	1.7005E7
0	7461	3792	1	14	1.7006E7
0	7475	3789	1	14	1.7007E7
0	7489	3787	1	14	1.7008E7
0	7503	3784	1	14	1.7009E7
0	7516	3782	1	14	1.701E7
0	7530	3779	1	14	1.7011E7
0	7544	3776	1	14	1.7012E7
0	7558	3774	1	14	1.7013E7
0	7572	3771	1	14	1.7014E7
0	7586	3769	1	14	1.7015E7
0	7600	3766	1	14	1.7016E7
0	7614	3763	1	14	1.7017E7
0	7628	3761	1	14	1.7018E7
0	7641	3758	1	14	1.7019E7
0	7655	3756	1	14	1.702E7
0	7669	3753	1	14	1.7021E7
0	7683	3750	1	14	1.7022E7
0	7697	3748	1	14	1.7023E7
0	7711	3745	1	14	1.7024E7
0	7725	3742	1	14	1.7025E7
0	7739	3739	1	14	1.7026E7
0	7752	3736	1	14	1.7027E7
0	7766	3734	1	14	1.7028E7
0	7780	3731	1	14	1.7029E7
0	7794	3728	1	14	1.703E7
0	7808	3725	1	14	1.7031E7
0	7822	3722	1	14	1.7032E7
0	7836	3719	1	14	1.7033E7
0	7849	3716	1	14	1.7034E7
0	7863	3713	1	14	1.7035E7
0	7876	3710	1	11	1.7036E7
0	7885	3708	1	8	1.7037E7
0	7891	3706	1	5	1.7038E7
0	7895	3705	1	3	1.7039E7
0	7897	3705	1	1	1.704E7
0	7898	3705	1	0	1.7041E7
0	7900	3704	1	3	1.7042E7
0	7905	3704	1	5	1.7043E7
0	7911	3705	1	7	1.7044E7
0	7919	3704	1	9	1.7045E7
0	7929	3702	1	10	1.7046E7
0	7940	3700	1	12	1.7047E7
0	7954	3697	1	14	1.7048E7
0	7968	3698	1	14	1.7049E7
0	7982	3695	1	14	1.705E7
0	7996	3692	1	14	1.7051E7
0	8010	3690	1	14	1.7052E7
0	8024	3688	1	14	1.7053E7
0	8038	3686	1	14	1.7054E7
0	8052	3684	1	14	1.7055E7
0	8066	3680	1	14	1.7056E7
0	8079	3676	1	14	1.7057E7
0	8093	3672	1	14	1.7058E7
0	8107	3669	1	14	1.7059E7
0	8121	3666	1	14	1.706E7
0	8134	3664	1	14	1.7061E7
0	8148	3661	1	14	1.7062E7
0	8162	3658	1	14	1.7063E7
0	8176	3656	1	14	1.7064E7
0	8190	3653	1	14	1.7065E7
0	8203	3651	1	12	1.7066E7
0	8214	3649	1	9	1.7067E7
0	8221	3647	1	6	1.7068E7
0	8226	3646	1	3	1.7069E7
0	8228	3646	1	0	1.707E7
0	8228	3646	1	0	1.7071E7
0	8228	3646	1	0	1.7072E7
0	8228	3646	1	0	1.7073E7
0	8228	3646	1	0	1.7074E7
0	8228	3646	1	0	1.7075E7
0	8228	3646	1	0	1.7076E7
0	8228	3646	1	0	1.7077E7
0	8228	3646	1	0	1.7078E7
0	8228	3646	1	0	1.7079E7
0	8228	3646	1	0	1.708E7
0	8228	3646	1	0	1.7081E7
0	8228	3646	1	0	1.7082E7
0	8228	3646	1	0	1.7083E7
0	8228	3646	1	0	1.7084E7
0	8228	3646	1	0	1.7085E7
0	8228	3646	1	0	1.7086E7
0	8228	3646	1	0	1.7087E7
0	8228	3646	1	0	1.7088E7
0	8228	3646	1	0	1.7089E7
0	8228	3646	1	0	1.709E7
0	8230	3645	1	2	1.7091E7
0	8234	3645	1	4	1.7092E7
0	8239	3643	1	6	1.7093E7
0	8247	3641	1	8	1.7094E7
0	8255	3636	1	10	1.7095E7
0	8266	3633	1	12	1.7096E7
0	8278	3626	1	14	1.7097E7
0	8292	3623	1	14	1.7098E7
0	8306	3619	1	14	1.7099E7
0	8319	3616	1	14	1.71E7
0	8333	3612	1	14	1.7101E7
0	8347	3608	1	14	1.7102E7
0	8360	3605	1	14	1.7103E7
0	8374	3601	1	14	1.7104E7
0	8388	3597	1	14	1.7105E7
0	8401	3593	1	14	1.7106E7
0	8415	3589	1	14	1.7107E7
0	8428	3585	1	14	1.7108E7
0	8442	3581	1	14	1.7109E7
0	8455	3577	1	14	1.711E7
0	8469	3573	1	14	1.7111E7
0	8482	3568	1	14	1.7112E7
0	8496	3564	1	14	1.7113E7
0	8509	3560	1	14	1.7114E7
0	8523	3556	1	14	1.7115E7
0	8536	3552	1	14	1.7116E7
0	8550	3547	1	14	1.7117E7
0	8563	3543	1	14	1.7118E7
0	8575	3535	1	14	1.7119E7
0	8588	3530	1	14	1.712E7
0	8602	3525	1	14	1.7121E7
0	8615	3521	1	14	1.7122E7
0	8628	3516	1	14	1.7123E7
0	8641	3511	1	14	1.7124E7
0	8655	3506	1	14	1.7125E7
0	8668	3501	1	14	1.7126E7
0	8681	3496	1	14	1.7127E7
0	8694	3490	1	14	1.7128E7
0	8707	3485	1	14	1.7129E7
0	8720	3480	1	14	1.713E7
0	8733	3475	1	14	1.7131E7
0	8746	3470	1	14	1.7132E7
0	8759	3464	2	14	1.7133E7
0	8772	3458	2	14	1.7134E7
0	8785	3452	2	14	1.7135E7
0	8798	3446	2	14	1.7136E7
0	8811	3441	2	14	1.7137E7
0	8824	3435	2	14	1.7138E7
0	8837	3429	2	14	1.7139E7
0	8849	3423	2	14	1.714E7
0	8862	3416	2	14	1.7141E7
0	8864	3404	3	14	1.7142E7
0	8857	3392	4	14	1.7143E7
0	8849	3380	4	14	1.7144E7
0	8841	3368	4	14	1.7145E7
0	8833	3357	4	14	1.7146E7
0	8825	3345	4	14	1.7147E7
0	8818	3333	4	14	1.7148E7
0	8811	3320	4	14	1.7149E7
0	8806	3307	4	14	1.715E7
0	8799	3294	4	14	1.7151E7
0	8792	3282	4	14	1.7152E7
0	8785	3270	4	14	1.7153E7
0	8777	3258	4	14	1.7154E7
0	8770	3246	4	14	1.7155E7
0	8763	3234	4	14	1.7156E7
0	8756	3221	4	14	1.7157E7
0	8748	3209	4	14	1.7158E7
0	8742	3198	4	11	1.7159E7
0	8737	3190	4	7	1.716E7
0	8734	3185	4	5	1.7161E7
0	8732	3181	4	3	1.7162E7
0	8730	3177	4	6	1.7163E7
0	8731	3174	3	8	1.7164E7
0	8738	3162	2	10	1.7165E7
0	8741	3149	3	12	1.7166E7
0	8753	3143	2	14	1.7167E7
0	8765	3136	2	14	1.7168E7
0	8777	3129	2	14	1.7169E7
0	8790	3121	2	14	1.717E7
0	8802	3114	2	14	1.7171E7
0	8814	3107	2	14	1.7172E7
0	8826	3100	2	14	1.7173E7
0	8838	3093	2	14	1.7174E7
0	8851	3086	2	14	1.7175E7
0	8863	3079	2	14	1.7176E7
0	8875	3072	2	14	1.7177E7
0	8887	3065	2	14	1.7178E7
0	8900	3058	2	14	1.7179E7
0	8912	3050	2	14	1.718E7
0	8924	3043	2	14	1.7181E7
0	8936	3036	2	14	1.7182E7
0	8948	3028	2	14	1.7183E7
0	8957	3018	2	14	1.7184E7
0	8953	3004	3	14	1.7185E7
0	8946	2992	4	14	1.7186E7
0	8939	2980	4	14	1.7187E7
0	8932	2968	4	14	1.7188E7
0	8924	2956	4	14	1.7189E7
0	8917	2944	4	14	1.719E7
0	8910	2932	4	14	1.7191E7
0	8903	2920	4	14	1.7192E7
0	8895	2907	4	14	1.7193E7
0	8888	2895	4	14	1.7194E7
0	8881	2883	4	14	1.7195E7
0	8873	2871	4	14	1.7196E7
0	8866	2859	4	14	1.7197E7
0	8859	2847	4	13	1.7198E7
0	8853	2837	4	9	1.7199E7
0	8849	2830	4	6	1.72E7
0	8846	2826	4	4	1.7201E7
0	8845	2823	4	2	1.7202E7
0	8844	2822	4	1	1.7203E7
0	8844	2821	4	0	1.7204E7
0	8844	2821	4	0	1.7205E7
0	8844	2821	4	0	1.7206E7
0	8844	2821	4	0	1.7207E7
0	8844	2821	4	0	1.7208E7
0	8844	2821	4	0	1.7209E7
0	8844	2821	4	0	1.721E7
0	8844	2821	4	0	1.7211E7
0	8844	2821	4	0	1.7212E7
0	8844	2821	4	0	1.7213E7
0	8844	2821	4	0	1.7214E7
0	8844	2821	4	0	1.7215E7
0	8844	2821	4	0	1.7216E7
0	8844	2821	4	0	1.7217E7
0	8844	2821	4	0	1.7218E7
0	8844	2821	4	0	1.7219E7
0	8844	2821	4	0	1.722E7
0	8844	2821	4	0	1.7221E7
0	8844	2821	4	0	1.7222E7
0	8844	2821	4	0	1.7223E7
0	8844	2821	4	0	1.7224E7
0	8844	2821	4	0	1.7225E7
0	8844	2821	4	0	1.7226E7
0	8844	2821	4	0	1.7227E7
0	8844	2821	4	0	1.7228E7
0	8844	2821	4	0	1.7229E7
0	8844	2821	4	0	1.723E7
0	8844	2821	4	0	1.7231E7
0	8844	2821	4	0	1.7232E7
0	8844	2821	4	0	1.7233E7
0	8844	2821	4	0	1.7234E7
0	8844	2821	4	0	1.7235E7
0	8844	2821	4	0	1.7236E7
0	8844	2821	4	0	1.7237E7
0	8844	2821	4	0	1.7238E7
0	8844	2821	4	0	1.7239E7
0	8844	2821	4	0	1.724E7
0	8844	2821	4	0	1.7241E7
0	8844	2821	4	0	1.7242E7
0	8844	2821	4	0	1.7243E7
0	8844	2821	4	0	1.7244E7
0	8844	2821	4	0	1.7245E7
0	8844	2821	4	0	1.7246E7
0	8843	2819	4	2	1.7247E7
0	8843	2816	3	4	1.7248E7
0	8847	2812	3	6	1.7249E7
0	8854	2808	2	8	1.725E7
0	8862	2803	2	10	1.7251E7
0	8872	2797	2	12	1.7252E7
0	8884	2790	2	14	1.7253E7
0	8896	2783	2	14	1.7254E7
0	8908	2776	2	13	1.7255E7
0	8918	2770	2	10	1.7256E7
0	8926	2766	2	7	1.7257E7
0	8930	2763	2	4	1.7258E7
0	8933	2762	2	2	1.7259E7
0	8934	2762	2	0	1.726E7
0	8934	2762	2	0	1.7261E7
0	8934	2762	2	0	1.7262E7
0	8934	2762	2	0	1.7263E7
0	8934	2762	2	0	1.7264E7
0	8934	2762	2	0	1.7265E7
0	8934	2762	2	0	1.7266E7
0	8934	2762	2	0	1.7267E7
0	8934	2762	2	0	1.7268E7
0	8934	2762	2	0	1.7269E7
0	8934	2762	2	0	1.727E7
0	8934	2762	2	0	1.7271E7
0	8934	2762	2	0	1.7272E7
0	8934	2762	2	0	1.7273E7
0	8934	2762	2	0	1.7274E7
0	8934	2762	2	0	1.7275E7
0	8934	2762	2	0	1.7276E7
0	8934	2762	2	0	1.7277E7
0	8934	2762	2	0	1.7278E7
0	8934	2762	2	0	1.7279E7
0	8935	2761	2	2	1.728E7
0	8938	2759	2	4	1.7281E7
0	8940	2754	2	6	1.7282E7
0	8947	2750	2	8	1.7283E7
0	8955	2745	2	10	1.7284E7
0	8965	2739	2	12	1.7285E7
0	8976	2733	2	14	1.7286E7
0	8989	2726	2	14	1.7287E7
0	9001	2719	2	14	1.7288E7
0	9013	2712	2	13	1.7289E7
0	9023	2706	2	10	1.729E7
0	9030	2702	2	7	1.7291E7
0	9035	2699	2	4	1.7292E7
0	9038	2697	2	4	1.7293E7
0	9043	2694	2	6	1.7294E7
0	9045	2686	2	8	1.7295E7
0	9042	2677	3	10	1.7296E7
0	9038	2665	3	12	1.7297E7
0	9034	2652	3	14	1.7298E7
0	9029	2638	3	16	1.7299E7
0	9024	2624	3	13	1.73E7
0	9021	2613	3	9	1.7301E7
0	9018	2605	3	6	1.7302E7
0	9016	2600	3	4	1.7303E7
0	9014	2597	3	4	1.7304E7
0	9009	2595	4	6	1.7305E7
0	9001	2598	5	8	1.7306E7
0	8992	2603	6	11	1.7307E7
0	8981	2608	6	13	1.7308E7
0	8969	2614	6	14	1.7309E7
0	8956	2621	6	14	1.731E7
0	8943	2627	6	14	1.7311E7
0	8931	2633	6	14	1.7312E7
0	8919	2640	6	14	1.7313E7
0	8906	2647	6	14	1.7314E7
0	8894	2655	6	14	1.7315E7
0	8883	2661	6	11	1.7316E7
0	8875	2667	6	8	1.7317E7
0	8869	2671	6	5	1.7318E7
0	8865	2673	6	3	1.7319E7
0	8864	2674	6	0	1.732E7
0	8864	2674	6	0	1.7321E7
0	8864	2674	6	0	1.7322E7
0	8864	2674	6	0	1.7323E7
0	8864	2674	6	0	1.7324E7
0	8864	2674	6	0	1.7325E7
0	8864	2674	6	0	1.7326E7
0	8864	2674	6	0	1.7327E7
0	8864	2674	6	0	1.7328E7
0	8864	2674	6	0	1.7329E7
0	8864	2674	6	0	1.733E7
0	8864	2674	6	0	1.7331E7
0	8864	2674	6	0	1.7332E7
0	8864	2674	6	0	1.7333E7
0	8864	2674	6	0	1.7334E7
0	8864	2674	6	0	1.7335E7
0	8864	2674	6	0	1.7336E7
0	8864	2674	6	0	1.7337E7
0	8864	2674	6	0	1.7338E7
0	8864	2674	6	0	1.7339E7
0	8863	2674	6	1	1.734E7
0	8861	2675	6	3	1.7341E7
0	8858	2677	6	5	1.7342E7
0	8852	2681	6	7	1.7343E7
0	8845	2685	6	9	1.7344E7
0	8836	2690	6	11	1.7345E7
0	8825	2697	6	13	1.7346E7
0	8813	2704	6	14	1.7347E7
0	8801	2712	6	14	1.7348E7
0	8789	2719	6	14	1.7349E7
0	8777	2726	6	14	1.735E7
0	8765	2734	6	14	1.7351E7
0	8752	2741	6	14	1.7352E7
0	8740	2748	6	14	1.7353E7
0	8728	2755	6	14	1.7354E7
0	8723	2744	3	14	1.7355E7
0	8727	2730	3	14	1.7356E7
0	8731	2717	3	14	1.7357E7
0	8733	2703	3	14	1.7358E7
0	8729	2689	3	14	1.7359E7
0	8723	2677	4	14	1.736E7
0	8716	2664	4	14	1.7361E7
0	8709	2652	4	14	1.7362E7
0	8702	2640	4	14	1.7363E7
0	8695	2627	4	14	1.7364E7
0	8689	2615	4	12	1.7365E7
0	8684	2606	4	9	1.7366E7
0	8680	2599	4	6	1.7367E7
0	8678	2595	4	3	1.7368E7
0	8675	2592	4	5	1.7369E7
0	8669	2593	5	7	1.737E7
0	8662	2598	6	9	1.7371E7
0	8653	2603	6	11	1.7372E7
0	8643	2610	6	12	1.7373E7
0	8631	2617	6	14	1.7374E7
0	8619	2624	6	14	1.7375E7
0	8607	2632	6	14	1.7376E7
0	8595	2639	6	14	1.7377E7
0	8583	2647	6	14	1.7378E7
0	8571	2654	6	14	1.7379E7
0	8559	2662	6	14	1.738E7
0	8547	2669	6	14	1.7381E7
0	8535	2677	6	14	1.7382E7
0	8527	2688	6	14	1.7383E7
0	8525	2702	7	14	1.7384E7
0	8518	2713	6	14	1.7385E7
0	8505	2719	6	14	1.7386E7
0	8493	2725	6	14	1.7387E7
0	8480	2732	6	14	1.7388E7
0	8467	2738	6	14	1.7389E7
0	8455	2744	6	14	1.739E7
0	8442	2750	6	14	1.7391E7
0	8429	2757	6	14	1.7392E7
0	8417	2763	6	14	1.7393E7
0	8404	2769	6	14	1.7394E7
0	8391	2775	6	14	1.7395E7
0	8379	2782	6	14	1.7396E7
0	8366	2788	6	14	1.7397E7
0	8354	2794	6	12	1.7398E7
0	8344	2799	6	9	1.7399E7
0	8337	2802	6	6	1.74E7
0	8333	2804	6	3	1.7401E7
0	8329	2806	6	5	1.7402E7
0	8324	2804	5	7	1.7403E7
0	8320	2797	4	9	1.7404E7
0	8315	2787	4	10	1.7405E7
0	8311	2779	4	7	1.7406E7
0	8308	2774	4	4	1.7407E7
0	8306	2771	4	2	1.7408E7
0	8306	2770	4	0	1.7409E7
0	8306	2770	4	0	1.741E7
0	8306	2770	4	0	1.7411E7
0	8306	2770	4	0	1.7412E7
0	8306	2770	4	0	1.7413E7
0	8306	2770	4	0	1.7414E7
0	8306	2770	4	0	1.7415E7
0	8306	2770	4	0	1.7416E7
0	8306	2770	4	0	1.7417E7
0	8306	2770	4	0	1.7418E7
0	8306	2770	4	0	1.7419E7
0	8306	2770	4	0	1.742E7
0	8306	2770	4	0	1.7421E7
0	8306	2770	4	0	1.7422E7
0	8306	2770	4	0	1.7423E7
0	8306	2770	4	0	1.7424E7
0	8306	2770	4	0	1.7425E7
0	8306	2770	4	0	1.7426E7
0	8306	2770	4	0	1.7427E7
0	8306	2770	4	0	1.7428E7
0	8305	2769	4	1	1.7429E7
0	8301	2768	4	3	1.743E7
0	8299	2764	4	5	1.7431E7
0	8295	2758	4	7	1.7432E7
0	8291	2751	4	9	1.7433E7
0	8285	2742	4	10	1.7434E7
0	8281	2735	4	7	1.7435E7
0	8277	2729	4	4	1.7436E7
0	8277	2725	3	4	1.7437E7
0	8280	2718	3	6	1.7438E7
0	8286	2714	2	8	1.7439E7
0	8295	2712	1	10	1.744E7
0	8306	2710	1	12	1.7441E7
0	8317	2705	2	14	1.7442E7
0	8328	2696	2	14	1.7443E7
0	8332	2683	3	14	1.7444E7
0	8326	2672	4	11	1.7445E7
0	8320	2666	4	8	1.7446E7
0	8314	2663	4	5	1.7447E7
0	8310	2662	5	3	1.7448E7
0	8306	2662	5	5	1.7449E7
0	8300	2663	5	7	1.745E7
0	8292	2668	6	9	1.7451E7
0	8283	2674	6	11	1.7452E7
0	8272	2680	6	13	1.7453E7
0	8260	2687	6	15	1.7454E7
0	8245	2695	6	17	1.7455E7
0	8229	2701	6	16	1.7456E7
0	8214	2709	6	16	1.7457E7
0	8199	2717	6	16	1.7458E7
0	8184	2726	6	16	1.7459E7
0	8169	2734	6	17	1.746E7
0	8155	2742	6	16	1.7461E7
0	8140	2750	6	17	1.7462E7
0	8125	2759	6	16	1.7463E7
0	8110	2767	6	16	1.7464E7
0	8095	2775	6	17	1.7465E7
0	8081	2783	6	14	1.7466E7
0	8070	2790	6	11	1.7467E7
0	8062	2796	6	8	1.7468E7
0	8057	2800	6	5	1.7469E7
0	8054	2802	6	3	1.747E7
0	8053	2803	6	0	1.7471E7
0	8053	2803	6	0	1.7472E7
0	8053	2803	6	0	1.7473E7
0	8053	2803	6	0	1.7474E7
0	8053	2803	6	0	1.7475E7
0	8053	2803	6	0	1.7476E7
0	8053	2803	6	0	1.7477E7
0	8053	2803	6	0	1.7478E7
0	8053	2803	6	0	1.7479E7
0	8053	2803	6	0	1.748E7
0	8053	2803	6	0	1.7481E7
0	8053	2803	6	0	1.7482E7
0	8053	2803	6	0	1.7483E7
0	8053	2803	6	0	1.7484E7
0	8053	2803	6	0	1.7485E7
0	8053	2803	6	0	1.7486E7
0	8053	2803	6	0	1.7487E7
0	8053	2803	6	0	1.7488E7
0	8053	2803	6	0	1.7489E7
0	8053	2803	6	0	1.749E7
0	8052	2803	6	1	1.7491E7
0	8050	2805	6	3	1.7492E7
0	8047	2807	6	5	1.7493E7
0	8042	2811	6	7	1.7494E7
0	8035	2816	6	9	1.7495E7
0	8027	2822	6	11	1.7496E7
0	8017	2829	6	13	1.7497E7
0	8006	2837	6	15	1.7498E7
0	7992	2847	6	16	1.7499E7
0	7979	2857	6	16	1.75E7
0	7965	2867	6	16	1.7501E7
0	7950	2876	6	16	1.7502E7
0	7936	2885	6	16	1.7503E7
0	7922	2894	6	16	1.7504E7
0	7906	2901	6	16	1.7505E7
0	7890	2907	5	16	1.7506E7
0	7874	2913	5	16	1.7507E7
0	7859	2919	5	16	1.7508E7
0	7843	2925	5	16	1.7509E7
0	7827	2930	5	16	1.751E7
0	7812	2934	5	16	1.7511E7
0	7795	2937	5	16	1.7512E7
0	7779	2933	5	16	1.7513E7
0	7768	2922	4	16	1.7514E7
0	7767	2905	3	16	1.7515E7
0	7775	2890	2	16	1.7516E7
0	7786	2877	2	17	1.7517E7
0	7798	2865	2	16	1.7518E7
0	7810	2853	2	17	1.7519E7
0	7822	2841	2	16	1.752E7
0	7833	2830	2	14	1.7521E7
0	7841	2821	2	10	1.7522E7
0	7848	2815	2	7	1.7523E7
0	7852	2811	2	4	1.7524E7
0	7855	2808	2	2	1.7525E7
0	7855	2807	2	0	1.7526E7
0	7855	2807	2	0	1.7527E7
0	7855	2807	2	0	1.7528E7
0	7855	2807	2	0	1.7529E7
0	7855	2807	2	0	1.753E7
0	7855	2807	2	0	1.7531E7
0	7855	2807	2	0	1.7532E7
0	7855	2807	2	0	1.7533E7
0	7855	2807	2	0	1.7534E7
0	7855	2807	2	0	1.7535E7
0	7855	2807	2	0	1.7536E7
0	7855	2807	2	0	1.7537E7
0	7855	2807	2	0	1.7538E7
0	7855	2807	2	0	1.7539E7
0	7855	2807	2	0	1.754E7
0	7855	2807	2	0	1.7541E7
0	7855	2807	2	0	1.7542E7
0	7855	2807	2	0	1.7543E7
0	7855	2807	2	0	1.7544E7
0	7855	2807	2	0	1.7545E7
0	7856	2807	2	1	1.7546E7
0	7858	2805	2	3	1.7547E7
0	7861	2801	2	5	1.7548E7
0	7866	2796	2	7	1.7549E7
0	7873	2791	2	9	1.755E7
0	7876	2786	2	11	1.7551E7
0	7887	2780	2	13	1.7552E7
0	7900	2775	1	15	1.7553E7
0	7916	2769	1	16	1.7554E7
0	7932	2764	1	17	1.7555E7
0	7948	2758	1	16	1.7556E7
0	7964	2752	2	17	1.7557E7
0	7979	2745	2	17	1.7558E7
0	7995	2738	2	17	1.7559E7
0	8010	2731	2	17	1.756E7
0	8026	2724	2	17	1.7561E7
0	8040	2715	2	16	1.7562E7
0	8054	2705	2	16	1.7563E7
0	8067	2694	2	17	1.7564E7
0	8065	2679	3	16	1.7565E7
0	8051	2669	4	16	1.7566E7
0	8034	2673	5	15	1.7567E7
0	8021	2677	5	12	1.7568E7
0	8011	2679	5	8	1.7569E7
0	8004	2680	5	6	1.757E7
0	7999	2679	5	3	1.7571E7
0	7997	2679	5	0	1.7572E7
0	7997	2679	5	0	1.7573E7
0	7997	2679	5	0	1.7574E7
0	7997	2679	5	0	1.7575E7
0	7997	2679	5	0	1.7576E7
0	7997	2679	5	0	1.7577E7
0	7997	2679	5	0	1.7578E7
0	7997	2679	5	0	1.7579E7
0	7997	2679	5	0	1.758E7
0	7997	2679	5	0	1.7581E7
0	7997	2679	5	0	1.7582E7
0	7997	2679	5	0	1.7583E7
0	7997	2679	5	0	1.7584E7
0	7997	2679	5	0	1.7585E7
0	7997	2679	5	0	1.7586E7
0	7997	2679	5	0	1.7587E7
0	7997	2679	5	0	1.7588E7
0	7997	2679	5	0	1.7589E7
0	7997	2679	5	0	1.759E7
0	7997	2679	5	0	1.7591E7
0	7997	2679	5	0	1.7592E7
0	7995	2678	5	2	1.7593E7
0	7991	2678	5	5	1.7594E7
0	7985	2676	5	6	1.7595E7
0	7977	2675	5	8	1.7596E7
0	7968	2672	5	10	1.7597E7
0	7957	2668	5	12	1.7598E7
0	7943	2666	5	14	1.7599E7
0	7928	2664	5	16	1.76E7
0	7911	2662	5	16	1.7601E7
0	7895	2661	5	17	1.7602E7
0	7878	2659	5	16	1.7603E7
0	7861	2657	5	16	1.7604E7
0	7844	2653	5	17	1.7605E7
0	7829	2650	5	14	1.7606E7
0	7817	2646	5	11	1.7607E7
0	7808	2643	5	7	1.7608E7
0	7802	2641	5	5	1.7609E7
0	7798	2639	5	2	1.761E7
0	7797	2639	5	0	1.7611E7
0	7797	2639	5	0	1.7612E7
0	7797	2639	5	0	1.7613E7
0	7797	2639	5	0	1.7614E7
0	7797	2639	5	0	1.7615E7
0	7797	2639	5	0	1.7616E7
0	7797	2639	5	0	1.7617E7
0	7797	2639	5	0	1.7618E7
0	7797	2639	5	0	1.7619E7
0	7797	2639	5	0	1.762E7
0	7797	2639	5	0	1.7621E7
0	7797	2639	5	0	1.7622E7
0	7797	2639	5	0	1.7623E7
0	7797	2639	5	0	1.7624E7
0	7797	2639	5	0	1.7625E7
0	7797	2639	5	0	1.7626E7
0	7797	2639	5	0	1.7627E7
0	7797	2639	5	0	1.7628E7
0	7797	2639	5	0	1.7629E7
0	7797	2639	5	0	1.763E7
0	7797	2639	5	1	1.7631E7
0	7794	2638	5	3	1.7632E7
0	7790	2636	5	5	1.7633E7
0	7784	2633	4	7	1.7634E7
0	7776	2630	4	9	1.7635E7
0	7767	2625	4	11	1.7636E7
0	7756	2619	4	13	1.7637E7
0	7744	2612	4	15	1.7638E7
0	7731	2603	4	17	1.7639E7
0	7717	2593	4	16	1.764E7
0	7703	2583	4	16	1.7641E7
0	7688	2576	5	17	1.7642E7
0	7671	2577	5	16	1.7643E7
0	7658	2587	6	16	1.7644E7
0	7650	2602	6	16	1.7645E7
0	7641	2617	6	16	1.7646E7
0	7632	2631	6	17	1.7647E7
0	7625	2646	6	17	1.7648E7
0	7618	2662	6	16	1.7649E7
0	7603	2665	5	17	1.765E7
0	7587	2658	4	17	1.7651E7
0	7574	2648	4	16	1.7652E7
0	7560	2640	4	16	1.7653E7
0	7547	2634	4	12	1.7654E7
0	7537	2629	4	9	1.7655E7
0	7530	2626	4	6	1.7656E7
0	7525	2624	4	4	1.7657E7
0	7523	2622	4	1	1.7658E7
0	7523	2622	4	0	1.7659E7
0	7523	2622	4	0	1.766E7
0	7523	2622	4	0	1.7661E7
0	7523	2622	4	0	1.7662E7
0	7523	2622	4	0	1.7663E7
0	7523	2622	4	0	1.7664E7
0	7523	2622	4	0	1.7665E7
0	7523	2622	4	0	1.7666E7
0	7523	2622	4	0	1.7667E7
0	7523	2622	4	0	1.7668E7
0	7523	2622	4	0	1.7669E7
0	7523	2622	4	0	1.767E7
0	7523	2622	4	0	1.7671E7
0	7523	2622	4	0	1.7672E7
0	7523	2622	4	0	1.7673E7
0	7523	2622	4	0	1.7674E7
0	7523	2622	4	0	1.7675E7
0	7523	2622	4	0	1.7676E7
0	7523	2622	4	0	1.7677E7
0	7523	2622	4	0	1.7678E7
0	7521	2621	4	2	1.7679E7
0	7518	2619	4	4	1.768E7
0	7514	2615	4	6	1.7681E7
0	7508	2610	4	8	1.7682E7
0	7502	2603	4	10	1.7683E7
0	7494	2595	4	12	1.7684E7
