1.458800273938557E7
1.4588002739386693E7
1.4588006E7
1.4588016E7
1.4588026E7
1.4588036E7
1.4588046E7
1.4588056E7
1.4588066E7
1.4588076E7
1.4588086E7
1.4588096E7
1.4588106E7
1.4588116E7
1.4588126E7
1.4588136E7
1.4588146E7
1.4588156E7
1.4588166E7
1.4588176E7
1.4588186E7
1.4588196E7
1.4588206E7
1.4588216E7
1.4588226E7
1.4588236E7
1.4588246E7
1.4588256E7
1.4588266E7
1.4588276E7
1.4588286E7
1.4588296E7
1.4588306E7
1.4588316E7
1.4588326E7
1.4588336E7
1.4588343109937217E7
1.458834310993834E7
1.4588346E7
1.4588356E7
1.4588366E7
1.4588376E7
1.4588386E7
1.4588396E7
1.4588406E7
1.4588416E7
1.4588426E7
1.4588436E7
1.4588446E7
1.4588456E7
1.4588466E7
1.4588476E7
1.4588486E7
1.4588496E7
1.4588506E7
1.4588516E7
1.4588526E7
1.4588536E7
1.4588546E7
1.4588556E7
1.4588566E7
1.4588576E7
1.4588586E7
1.4588596E7
1.4588606E7
1.4588616E7
1.4588626E7
1.4588636E7
1.4588646E7
1.4588656E7
1.4588666E7
1.4588676E7
1.4588686E7
1.4588696E7
1.4588706E7
1.4588716E7
1.4588726E7
1.4588736E7
1.4588746E7
1.4588756E7
1.4588766E7
1.4588776E7
1.4588786E7
1.4588796E7
1.4588806E7
1.4588816E7
1.4588826E7
1.459600189859053E7
1.4596001898591653E7
1.4596006E7
1.4596016E7
1.4596026E7
1.4596036E7
1.4596046E7
1.4596056E7
1.4596066E7
1.4596076E7
1.4596086E7
1.4596096E7
1.4596106E7
1.4596116E7
1.4596126E7
1.4596136E7
1.4596146E7
1.4596156E7
1.4596166E7
1.4596176E7
1.4596186E7
1.4596196E7
1.4596206E7
1.4596216E7
1.4596226E7
1.4596236E7
1.4596246E7
1.4596256E7
1.4596266E7
1.4596276E7
1.4596286E7
1.4596296E7
1.4596306E7
1.4596316E7
1.4596326E7
1.4596336E7
1.4596346E7
1.4596356E7
1.4596366E7
1.4596376E7
1.4596386E7
1.4596396E7
1.4596406E7
1.4596416E7
1.4596426E7
1.4596436E7
1.4596446E7
1.4596456E7
1.4596466E7
1.4596476E7
1.4596486E7
1.4596496E7
1.4596506E7
1.4596516E7
1.4596526E7
1.4596536E7
1.4596546E7
1.4596556E7
1.4596566E7
1.4596576E7
1.4596586E7
1.4596596E7
1.4596606E7
1.4596616E7
1.4596626E7
1.4596636E7
1.4596646E7
1.4596656E7
1.4596666E7
1.4596676E7
1.4596686E7
1.4596696E7
1.4596706E7
1.4596716E7
1.4596726E7
1.4596736E7
1.4596746E7
1.4596756E7
1.4596766E7
1.4596776E7
1.4596786E7
1.4596796E7
1.4596806E7
1.4596816E7
1.4596826E7
1.4596836E7
1.4596846E7
1.4596856E7
1.4596866E7
1.4596876E7
1.4596886E7
1.4596896E7
1.4596906E7
1.4596916E7
1.4596926E7
1.4596936E7
1.4596946E7
1.4887002468127692E7
1.4887002468128815E7
1.4887006E7
1.4887016E7
1.4887026E7
1.4887036E7
1.4887046E7
1.4887056E7
1.4887066E7
1.4887076E7
1.4887086E7
1.4887096E7
1.4887106E7
1.4887116E7
1.4887126E7
1.4887136E7
1.4887146E7
1.4887156E7
1.4887166E7
1.4887176E7
1.4887186E7
1.4887196E7
1.4887206E7
1.4887216E7
1.4887226E7
1.4887236E7
1.4887246E7
1.4887256E7
1.4887266E7
1.4887276E7
1.4887286E7
1.4887296E7
1.4887306E7
1.4887316E7
1.4887326E7
1.4887336E7
1.4887346E7
1.4887356E7
1.4887366E7
1.4887376E7
1.4887386E7
1.4887396E7
1.4887406E7
1.4887416E7
1.4887426E7
1.4887436E7
1.4887446E7
1.4887456E7
1.4887466E7
1.4887476E7
1.4887486E7
1.4887496E7
1.4887506E7
1.4887516E7
1.4887526E7
1.4887536E7
1.4887546E7
1.4887556E7
1.4887566E7
1.4887576E7
1.4887586E7
1.4887596E7
1.4887606E7
1.4887616E7
1.4887626E7
1.4887636E7
1.4887646E7
1.4887656E7
1.4887658974308278E7
1.4887658974309402E7
1.4887666E7
1.4887676E7
1.4887686E7
1.4887696E7
1.4887706E7
1.4887716E7
1.4887726E7
1.4887736E7
1.4887746E7
1.4887756E7
1.4887766E7
1.4887776E7
1.4887786E7
1.4887796E7
1.4887806E7
1.4887816E7
1.4887826E7
1.4887836E7
1.4887846E7
1.4887856E7
1.4887866E7
1.4887876E7
1.4887886E7
1.4887896E7
1.4887906E7
1.4887916E7
1.4887926E7
1.4887936E7
1.4887946E7
1.4887956E7
1.4887966E7
1.4887976E7
1.5053006E7
1.5053016E7
1.5053026E7
1.5053029277275527E7
1.505302927727665E7
1.5053036E7
1.5053046E7
1.5053056E7
1.5053066E7
1.5053076E7
1.5053086E7
1.5053096E7
1.5053106E7
1.5053116E7
1.5053126E7
1.5053136E7
1.5053146E7
1.5053156E7
1.5053166E7
1.5053176E7
1.5053186E7
1.5053196E7
1.5053206E7
1.5053216E7
1.5053226E7
1.5053236E7
1.5053246E7
1.5053256E7
1.5053266E7
1.5053276E7
1.5053286E7
1.5053296E7
1.5053306E7
1.5053316E7
1.5053326E7
1.5053336E7
1.5053346E7
1.5053356E7
1.5053366E7
1.5053376E7
1.5053386E7
1.5053396E7
1.5053406E7
1.5053416E7
1.5053426E7
1.5053436E7
1.5053446E7
1.5053456E7
1.5053466E7
1.5053476E7
1.5053486E7
1.5053496E7
1.5053506E7
1.5053516E7
1.5053526E7
1.5053529378882196E7
1.5053529378883319E7
1.5053536E7
1.5053546E7
1.5053556E7
1.5053566E7
1.5053576E7
1.5053586E7
1.5053596E7
1.5053606E7
1.5053616E7
1.5053626E7
1.5053636E7
1.5053646E7
1.5053656E7
1.5053666E7
1.5053676E7
1.5053686E7
1.5053696E7
1.5053706E7
1.5053716E7
1.5053726E7
1.5053736E7
1.5053746E7
1.5053756E7
1.5053766E7
1.5053776E7
1.5053786E7
1.5053796E7
1.5053806E7
1.5053816E7
1.5053826E7
1.5053836E7
1.5053846E7
1.5053856E7
1.5053866E7
1.5053876E7
1.5053886E7
1.5053896E7
1.5053906E7
1.5053916E7
1.5053926E7
1.5053936E7
1.5053946E7
1.5053956E7
1.5053966E7
1.5053976E7
1.5053986E7
1.5053996E7
1.5054006E7
1.5054016E7
1.5054026E7
1.5054036E7
1.5054046E7
1.5054056E7
1.5054066E7
1.5054076E7
1.5054086E7
1.5054096E7
1.5054106E7
1.5054116E7
1.5054126E7
1.5139005293705428E7
1.5139005293706551E7
1.5139006E7
1.5139015293705428E7
1.5139015293706551E7
1.5139016E7
1.5139025891108025E7
1.5139025891109148E7
1.5139026E7
1.5139036E7
1.5139044895004129E7
1.5139044895005252E7
1.5139046E7
1.5139054895004129E7
1.5139054895005252E7
1.5139056E7
1.5139066E7
1.5139076E7
1.5139086E7
1.5139096E7
1.5139106E7
1.5139116E7
1.5139126E7
1.5139136E7
1.5139146E7
1.5139156E7
1.5139166E7
1.5139176E7
1.5139186E7
1.5139196E7
1.5139206E7
1.5139216E7
1.5139226E7
1.5139236E7
1.5139246E7
1.5139256E7
1.5139266E7
1.5139276E7
1.5139286E7
1.5139296E7
1.5139306E7
1.5139316E7
1.5139326E7
1.5139336E7
1.5139346E7
1.5139356E7
1.5139366E7
1.5139376E7
1.5139386E7
1.5139396E7
1.5139406E7
1.5139416E7
1.5139426E7
1.5139436E7
1.5139446E7
1.5139456E7
1.5139466E7
1.5139476E7
1.5139486E7
1.5139496E7
1.5139506E7
1.5139516E7
1.5139526E7
1.5139536E7
1.5139546E7
1.5139556E7
1.5139566E7
1.5139576E7
1.5139578387097146E7
1.513957838709827E7
1.5139586E7
1.5139596E7
1.5139606E7
1.5139616E7
1.5139626E7
1.5139636E7
1.5139646E7
1.5139656E7
1.5139666E7
1.5139676E7
1.5139686E7
1.5139696E7
1.5139706E7
1.5139716E7
1.5139726E7
1.5139736E7
1.5139746E7
1.5139756E7
1.5139766E7
1.5139776E7
1.5139786E7
1.5139796E7
1.5139806E7
1.5139816E7
1.5139826E7
1.5139836E7
1.5139846E7
1.5139856E7
1.549900284417435E7
1.5499006E7
1.5499016E7
1.5499026E7
1.5499036E7
1.5499046E7
1.5499056E7
1.5499066E7
1.5499076E7
1.5499086E7
1.5499096E7
1.5499106E7
1.5499116E7
1.5499126E7
1.5499136E7
1.5499146E7
1.5499156E7
1.5499166E7
1.5499176E7
1.5499186E7
1.5499196E7
1.5499206E7
1.5499216E7
1.5499226E7
1.5499236E7
1.5499246E7
1.5499256E7
1.5499266E7
1.5499276E7
1.5499286E7
1.5499296E7
1.5499306E7
1.5499316E7
1.5499326E7
1.5499336E7
1.5499346E7
1.5499356E7
1.5499366E7
1.5499376E7
1.5499386E7
1.5499396E7
1.5499406E7
1.5499416E7
1.5499426E7
1.5499436E7
1.5499446E7
1.5499456E7
1.5499466E7
1.5499476E7
1.5499486E7
1.5499496E7
1.5499506E7
1.5499516E7
1.5499526E7
1.5499536E7
1.5499546E7
1.5499556E7
1.5499566E7
1.5499576E7
1.5499586E7
1.5499596E7
1.5499606E7
1.5499616E7
1.5499626E7
1.5499636E7
1.5499646E7
1.5499656E7
1.5499666E7
1.5499676E7
1.5499686E7
1.5499696E7
1.5499706E7
1.5499716E7
1.5499726E7
1.5499736E7
1.5499746E7
1.5499756E7
1.5499766E7
1.5499776E7
1.5499786E7
1.5499796E7
1.5499806E7
1.5499816E7
1.5499826E7
1.5499836E7
1.5499846E7
1.5499856E7
1.5499866E7
1.5499876E7
1.5499886E7
1.5499896E7
1.5499906E7
1.5499916E7
1.5499926E7
1.5499936E7
1.5499946E7
1.5499956E7
1.6068003207475865E7
1.6068006E7
1.6068016E7
1.6068026E7
1.6068036E7
1.6068046E7
1.6068056E7
1.6068066E7
1.6068076E7
1.6068086E7
1.6068096E7
1.6068106E7
1.6068116E7
1.6068126E7
1.6068136E7
1.6068146E7
1.6068156E7
1.6068166E7
1.6068176E7
1.6068186E7
1.6068196E7
1.6068206E7
1.6068216E7
1.6068226E7
1.6068236E7
1.6068246E7
1.6068256E7
1.6068266E7
1.6068276E7
1.6068286E7
1.6068296E7
1.6068306E7
1.6068316E7
1.6068326E7
1.6068336E7
1.6068346E7
1.6068356E7
1.6068366E7
1.6068376E7
1.6068386E7
1.6068396E7
1.6068406E7
1.6068416E7
1.6068426E7
1.6068436E7
1.6068446E7
1.6068456E7
1.6068466E7
1.6068476E7
1.6068486E7
1.6068496E7
1.6068506E7
1.6068516E7
1.6068526E7
1.6068536E7
1.6068546E7
1.6068556E7
1.6068566E7
1.6068576E7
1.6068586E7
1.6068596E7
1.6068606E7
1.6068616E7
1.6068626E7
1.6068636E7
1.6068646E7
1.6068656E7
1.6068666E7
1.6068676E7
1.6068686E7
1.6068696E7
1.6068706E7
1.6068716E7
1.6068726E7
1.6068736E7
1.6068746E7
1.6068756E7
1.6068766E7
1.6068776E7
1.6068786E7
1.6068796E7
1.6068806E7
1.6068816E7
1.6068826E7
1.6068836E7
1.6068846E7
1.6068856E7
