1.6349006E7
1.6349016E7
1.6349026E7
1.6349036E7
1.6349046E7
1.6349056E7
1.6349066E7
1.6349076E7
1.6349086E7
1.6349096E7
1.6349106E7
1.6349116E7
1.6349126E7
1.6349136E7
1.6349146E7
1.6349156E7
1.6349166E7
1.6349176E7
1.6349186E7
1.6349196E7
1.6349206E7
1.6349216E7
1.6349226E7
1.6349236E7
1.6349246E7
1.6349256E7
1.6349266E7
1.6349276E7
1.6349286E7
1.6349296E7
1.6349306E7
1.6349316E7
1.6349326E7
1.6349336E7
1.6349346E7
1.6349356E7
1.6349366E7
1.6349376E7
1.6349386E7
1.6349396E7
1.6349406E7
1.6349416E7
1.6349426E7
1.6349436E7
1.6349446E7
1.6349456E7
1.6349466E7
1.6349476E7
1.6349486E7
1.6349496E7
1.6349506E7
1.6349516E7
1.6349526E7
1.6349536E7
1.6349546E7
1.6349556E7
1.6349566E7
1.6349576E7
1.6349586E7
1.6349596E7
1.6349606E7
1.6349616E7
1.6349626E7
1.6349636E7
1.6349646E7
1.6349656E7
1.6349666E7
1.6349676E7
1.6349686E7
1.6349696E7
1.6349706E7
1.6349716E7
1.6349726E7
1.6349736E7
1.6410004843751686E7
1.641000484375281E7
1.6410006E7
1.6410016E7
1.6410026E7
1.6410036E7
1.6410046E7
1.6410056E7
1.6410066E7
1.6410076E7
1.6410086E7
1.6410096E7
1.6410106E7
1.6410116E7
1.6410126E7
1.6410136E7
1.6410146E7
1.6410156E7
1.6410166E7
1.6410176E7
1.6410186E7
1.6410196E7
1.6410206E7
1.6410216E7
1.6410226E7
1.6410236E7
1.6410246E7
1.6410256E7
1.6410266E7
1.6410276E7
1.6410286E7
1.6410296E7
1.6410306E7
1.6410316E7
1.6410326E7
1.6410336E7
1.6410346E7
1.6410356E7
1.6410366E7
1.6410376E7
1.6410386E7
1.6410396E7
1.6410406E7
1.6410416E7
1.6410426E7
1.6410436E7
1.6410446E7
1.6410456E7
1.6410466E7
1.6410476E7
1.6410486E7
1.6410496E7
1.6410506E7
1.6410516E7
1.6410526E7
1.6410536E7
1.6410546E7
1.6410556E7
1.6410566E7
1.6410576E7
1.6410586E7
1.6410596E7
1.6410606E7
1.6410616E7
1.6410626E7
1.6410636E7
1.6410646E7
1.6410656E7
1.6410666E7
1.6410676E7
1.6410686E7
1.6410696E7
1.6410706E7
1.6410716E7
1.6410726E7
1.6410736E7
1.6410746E7
1.6410756E7
1.6410766E7
1.6410776E7
1.6410786E7
1.6410796E7
1.6410806E7
1.6410816E7
1.6410826E7
1.6410836E7
1.6410846E7
1.6410856E7
1.6410866E7
1.6410876E7
1.6410886E7
1.6410896E7
1.6410906E7
1.6410916E7
1.6410926E7
1.6410936E7
1.6410946E7
1.6410956E7
1.6410966E7
1.6410976E7
1.641097774764779E7
1.6410977747648915E7
1.6410986E7
1.6410996E7
1.6672001722249713E7
1.6672001722250838E7
1.6672006E7
1.6672016E7
1.6672026E7
1.6672036E7
1.6672046E7
1.6672056E7
1.6672066E7
1.6672076E7
1.6672086E7
1.6672096E7
1.6672106E7
1.6672116E7
1.6672126E7
1.6672136E7
1.6672146E7
1.6672156E7
1.6672166E7
1.6672176E7
1.6672186E7
1.6672196E7
1.6672206E7
1.6672216E7
1.6672226E7
1.6672236E7
1.6672246E7
1.6672256E7
1.6672266E7
1.6672276E7
1.6672286E7
1.6672296E7
1.6672306E7
1.6672316E7
1.6672326E7
1.6672336E7
1.6672346E7
1.6672356E7
1.6672366E7
1.6672376E7
1.6672386E7
1.6672396E7
1.6672406E7
1.6672416E7
1.6672426E7
1.6672436E7
1.6672446E7
1.6672456E7
1.6672466E7
1.6672476E7
1.6672486E7
1.6672496E7
1.6672506E7
1.6672516E7
1.6672526E7
1.6672536E7
1.6672546E7
1.6672556E7
1.6672566E7
1.6672576E7
1.6672586E7
1.6672596E7
1.6672606E7
1.6672616E7
1.6672626E7
1.6672636E7
1.6672646E7
1.6672656E7
1.6672666E7
1.6672676E7
1.6672686E7
1.6672696E7
1.6672706E7
1.6672716E7
1.6672726E7
1.6672736E7
1.6672746E7
1.6672756E7
