0	10500	1743	4	0	0.0
0	10500	1743	4	0	1.6208E7
0	10499	1742	4	2	1.6209E7
0	10496	1741	4	4	1.621E7
0	10491	1739	4	6	1.6211E7
0	10484	1736	5	8	1.6212E7
0	10475	1732	5	10	1.6213E7
0	10465	1728	5	12	1.6214E7
0	10452	1723	5	13	1.6215E7
0	10438	1718	5	15	1.6216E7
0	10422	1714	5	16	1.6217E7
0	10405	1714	5	16	1.6218E7
0	10389	1715	5	16	1.6219E7
0	10373	1722	6	16	1.622E7
0	10360	1733	6	16	1.6221E7
0	10348	1743	6	16	1.6222E7
0	10335	1754	6	16	1.6223E7
0	10323	1765	6	16	1.6224E7
0	10310	1776	6	16	1.6225E7
0	10298	1787	6	16	1.6226E7
0	10285	1799	6	16	1.6227E7
0	10273	1810	6	16	1.6228E7
0	10261	1821	6	16	1.6229E7
0	10249	1832	6	16	1.623E7
0	10237	1843	6	16	1.6231E7
0	10225	1855	6	16	1.6232E7
0	10212	1866	6	16	1.6233E7
0	10200	1877	6	16	1.6234E7
0	10188	1888	6	16	1.6235E7
0	10176	1899	6	14	1.6236E7
0	10167	1908	6	11	1.6237E7
0	10160	1914	6	8	1.6238E7
0	10155	1919	6	5	1.6239E7
0	10152	1922	6	3	1.624E7
0	10151	1923	6	0	1.6241E7
0	10151	1923	6	0	1.6242E7
0	10151	1923	6	0	1.6243E7
0	10151	1923	6	0	1.6244E7
0	10151	1923	6	0	1.6245E7
0	10151	1923	6	0	1.6246E7
0	10151	1923	6	0	1.6247E7
0	10151	1923	6	0	1.6248E7
0	10151	1923	6	0	1.6249E7
0	10151	1923	6	0	1.625E7
0	10151	1923	6	0	1.6251E7
0	10151	1923	6	0	1.6252E7
0	10151	1923	6	0	1.6253E7
0	10151	1923	6	0	1.6254E7
0	10151	1923	6	0	1.6255E7
0	10151	1923	6	0	1.6256E7
0	10151	1923	6	0	1.6257E7
0	10151	1923	6	0	1.6258E7
0	10151	1923	6	0	1.6259E7
0	10151	1923	6	0	1.626E7
0	10152	1925	6	1	1.6261E7
0	10151	1927	6	3	1.6262E7
0	10147	1930	6	5	1.6263E7
0	10143	1934	6	6	1.6264E7
0	10137	1939	6	7	1.6265E7
0	10133	1943	6	4	1.6266E7
0	10130	1946	6	4	1.6267E7
0	10130	1951	6	6	1.6268E7
0	10134	1958	8	8	1.6269E7
0	10141	1965	8	10	1.627E7
0	10148	1973	8	12	1.6271E7
0	10157	1984	8	14	1.6272E7
0	10168	1995	8	16	1.6273E7
0	10179	2007	8	16	1.6274E7
0	10189	2020	8	16	1.6275E7
0	10200	2032	8	16	1.6276E7
0	10211	2045	8	16	1.6277E7
0	10222	2057	8	16	1.6278E7
0	10233	2069	8	16	1.6279E7
0	10244	2082	8	16	1.628E7
0	10254	2093	8	12	1.6281E7
0	10261	2101	8	9	1.6282E7
0	10266	2107	8	6	1.6283E7
0	10269	2110	8	2	1.6284E7
0	10269	2111	8	0	1.6285E7
0	10269	2111	8	0	1.6286E7
0	10269	2111	8	0	1.6287E7
0	10269	2111	8	0	1.6288E7
0	10269	2111	8	0	1.6289E7
0	10269	2111	8	0	1.629E7
0	10269	2111	8	0	1.6291E7
0	10269	2111	8	0	1.6292E7
0	10269	2111	8	0	1.6293E7
0	10269	2111	8	0	1.6294E7
0	10269	2111	8	0	1.6295E7
0	10269	2111	8	0	1.6296E7
0	10269	2111	8	0	1.6297E7
0	10269	2111	8	0	1.6298E7
0	10269	2111	8	0	1.6299E7
0	10269	2111	8	0	1.63E7
0	10269	2111	8	0	1.6301E7
0	10269	2111	8	0	1.6302E7
0	10269	2111	8	0	1.6303E7
0	10269	2111	8	0	1.6304E7
0	10269	2111	8	0	1.6305E7
0	10269	2111	8	0	1.6306E7
0	10269	2111	8	0	1.6307E7
0	10269	2111	8	0	1.6308E7
0	10269	2111	8	0	1.6309E7
0	10269	2111	8	0	1.631E7
0	10269	2111	8	0	1.6311E7
0	10269	2111	8	0	1.6312E7
0	10269	2111	8	0	1.6313E7
0	10270	2112	8	2	1.6314E7
0	10272	2113	8	0	1.6315E7
0	10272	2114	8	0	1.6316E7
0	10272	2114	8	0	1.6317E7
0	10272	2114	8	0	1.6318E7
0	10272	2114	8	0	1.6319E7
0	10272	2114	8	0	1.632E7
0	10272	2114	8	0	1.6321E7
0	10272	2114	8	0	1.6322E7
0	10272	2114	8	0	1.6323E7
0	10272	2114	8	0	1.6324E7
0	10272	2114	8	0	1.6325E7
0	10272	2114	8	0	1.6326E7
0	10272	2114	8	0	1.6327E7
0	10272	2114	8	0	1.6328E7
0	10272	2114	8	0	1.6329E7
0	10272	2114	8	0	1.633E7
0	10272	2114	8	0	1.6331E7
0	10272	2114	8	0	1.6332E7
0	10272	2114	8	0	1.6333E7
0	10272	2114	8	0	1.6334E7
0	10272	2114	8	0	1.6335E7
0	10273	2115	8	2	1.6336E7
0	10276	2118	8	4	1.6337E7
0	10280	2122	8	6	1.6338E7
0	10285	2128	8	8	1.6339E7
0	10291	2135	8	10	1.634E7
0	10299	2144	8	12	1.6341E7
0	10308	2154	8	14	1.6342E7
0	10318	2166	8	16	1.6343E7
0	10329	2178	8	16	1.6344E7
0	10340	2190	8	16	1.6345E7
0	10350	2202	8	13	1.6346E7
0	10358	2211	8	10	1.6347E7
0	10364	2217	8	7	1.6348E7
0	10367	2221	8	4	1.6349E7
0	10370	2224	8	2	1.635E7
0	10371	2226	8	3	1.6351E7
0	10372	2230	8	5	1.6352E7
0	10368	2234	7	6	1.6353E7
0	10363	2240	6	8	1.6354E7
0	10355	2246	6	10	1.6355E7
0	10346	2254	6	12	1.6356E7
0	10337	2262	6	10	1.6357E7
0	10330	2268	6	7	1.6358E7
0	10326	2272	6	5	1.6359E7
0	10323	2274	6	2	1.636E7
0	10321	2276	6	1	1.6361E7
0	10321	2276	6	0	1.6362E7
0	10320	2276	6	0	1.6363E7
0	10320	2277	6	0	1.6364E7
0	10320	2277	6	0	1.6365E7
0	10320	2277	6	0	1.6366E7
0	10320	2277	6	0	1.6367E7
0	10320	2277	6	0	1.6368E7
0	10320	2277	6	0	1.6369E7
0	10320	2277	6	0	1.637E7
0	10320	2277	6	0	1.6371E7
0	10320	2277	6	0	1.6372E7
0	10320	2277	6	0	1.6373E7
0	10320	2277	6	0	1.6374E7
0	10320	2277	6	0	1.6375E7
0	10320	2277	6	0	1.6376E7
0	10320	2277	6	0	1.6377E7
0	10320	2277	6	0	1.6378E7
0	10319	2278	6	2	1.6379E7
0	10317	2280	6	3	1.638E7
0	10313	2283	6	5	1.6381E7
0	10310	2286	6	3	1.6382E7
0	10308	2287	6	0	1.6383E7
0	10308	2287	6	0	1.6384E7
0	10308	2287	6	0	1.6385E7
0	10308	2287	6	0	1.6386E7
0	10308	2287	6	0	1.6387E7
0	10308	2287	6	0	1.6388E7
0	10308	2287	6	0	1.6389E7
0	10308	2287	6	0	1.639E7
0	10308	2287	6	0	1.6391E7
0	10308	2287	6	0	1.6392E7
0	10308	2287	6	0	1.6393E7
0	10308	2287	6	0	1.6394E7
0	10308	2287	6	0	1.6395E7
0	10308	2287	6	0	1.6396E7
0	10308	2287	6	0	1.6397E7
0	10308	2287	6	0	1.6398E7
0	10308	2287	6	0	1.6399E7
0	10308	2287	6	0	1.64E7
0	10308	2287	6	0	1.6401E7
0	10308	2287	6	0	1.6402E7
0	10308	2287	6	1	1.6403E7
0	10306	2289	6	3	1.6404E7
0	10303	2291	6	5	1.6405E7
0	10298	2296	6	7	1.6406E7
0	10292	2302	6	9	1.6407E7
0	10285	2309	6	11	1.6408E7
0	10275	2317	6	13	1.6409E7
0	10264	2327	6	15	1.641E7
0	10252	2337	6	16	1.6411E7
0	10239	2348	6	16	1.6412E7
0	10227	2359	6	16	1.6413E7
0	10214	2370	6	16	1.6414E7
0	10202	2381	6	16	1.6415E7
0	10189	2392	6	16	1.6416E7
0	10177	2402	6	16	1.6417E7
0	10164	2413	6	16	1.6418E7
0	10152	2424	6	16	1.6419E7
0	10139	2435	6	16	1.642E7
0	10127	2446	6	16	1.6421E7
0	10114	2457	6	16	1.6422E7
0	10102	2467	6	16	1.6423E7
0	10089	2478	6	16	1.6424E7
0	10077	2489	6	16	1.6425E7
0	10064	2500	6	16	1.6426E7
0	10052	2511	6	16	1.6427E7
0	10039	2522	6	16	1.6428E7
0	10027	2532	6	15	1.6429E7
0	10017	2541	6	11	1.643E7
0	10009	2548	6	8	1.6431E7
0	10004	2552	6	5	1.6432E7
0	10000	2555	6	3	1.6433E7
0	9999	2557	6	1	1.6434E7
0	9998	2557	6	0	1.6435E7
0	9997	2558	6	0	1.6436E7
0	9997	2558	6	0	1.6437E7
0	9997	2558	6	0	1.6438E7
0	9997	2558	6	0	1.6439E7
0	9997	2558	6	0	1.644E7
0	9997	2558	6	0	1.6441E7
0	9997	2558	6	0	1.6442E7
0	9997	2558	6	0	1.6443E7
0	9997	2558	6	0	1.6444E7
0	9997	2558	6	0	1.6445E7
0	9997	2558	6	0	1.6446E7
0	9997	2558	6	0	1.6447E7
0	9997	2558	6	0	1.6448E7
0	9997	2558	6	0	1.6449E7
0	9997	2558	6	0	1.645E7
0	9997	2558	6	0	1.6451E7
0	9997	2558	6	0	1.6452E7
0	9997	2558	6	0	1.6453E7
0	9997	2558	6	0	1.6454E7
0	9997	2558	6	0	1.6455E7
0	9997	2558	6	0	1.6456E7
0	9997	2558	6	0	1.6457E7
0	9997	2558	6	0	1.6458E7
0	9997	2558	6	0	1.6459E7
0	9997	2558	6	0	1.646E7
0	9997	2558	6	0	1.6461E7
0	9997	2558	6	0	1.6462E7
0	9997	2558	6	0	1.6463E7
0	9997	2558	6	0	1.6464E7
0	9997	2558	6	0	1.6465E7
0	9997	2558	6	0	1.6466E7
0	9997	2558	6	0	1.6467E7
0	9997	2558	6	0	1.6468E7
0	9997	2558	6	0	1.6469E7
0	9997	2558	6	0	1.647E7
0	9997	2558	6	0	1.6471E7
0	9996	2559	6	2	1.6472E7
0	9993	2561	6	4	1.6473E7
0	9989	2565	6	6	1.6474E7
0	9984	2570	6	8	1.6475E7
0	9977	2576	6	9	1.6476E7
0	9969	2583	6	11	1.6477E7
0	9960	2592	6	13	1.6478E7
0	9948	2602	6	15	1.6479E7
0	9937	2613	6	16	1.648E7
0	9925	2623	6	13	1.6481E7
0	9917	2630	6	10	1.6482E7
0	9911	2636	6	7	1.6483E7
0	9906	2640	6	4	1.6484E7
0	9904	2642	6	2	1.6485E7
0	9904	2642	6	0	1.6486E7
0	9904	2642	6	0	1.6487E7
0	9904	2642	6	0	1.6488E7
0	9904	2642	6	0	1.6489E7
0	9904	2642	6	0	1.649E7
0	9904	2642	6	0	1.6491E7
0	9904	2642	6	0	1.6492E7
0	9904	2642	6	0	1.6493E7
0	9904	2642	6	0	1.6494E7
0	9904	2642	6	0	1.6495E7
0	9904	2642	6	0	1.6496E7
0	9904	2642	6	0	1.6497E7
0	9904	2642	6	0	1.6498E7
0	9904	2642	6	0	1.6499E7
0	9904	2642	6	0	1.65E7
0	9904	2642	6	0	1.6501E7
0	9904	2642	6	0	1.6502E7
0	9904	2642	6	0	1.6503E7
0	9904	2642	6	0	1.6504E7
0	9904	2642	6	0	1.6505E7
0	9903	2643	6	2	1.6506E7
0	9900	2645	6	4	1.6507E7
0	9896	2649	6	6	1.6508E7
0	9891	2653	6	8	1.6509E7
0	9884	2659	6	10	1.651E7
0	9875	2667	6	12	1.6511E7
0	9866	2675	6	13	1.6512E7
0	9854	2685	6	15	1.6513E7
0	9842	2696	6	16	1.6514E7
0	9829	2706	6	16	1.6515E7
0	9817	2717	6	16	1.6516E7
0	9804	2728	6	16	1.6517E7
0	9792	2739	6	16	1.6518E7
0	9779	2750	6	16	1.6519E7
0	9767	2760	6	16	1.652E7
0	9754	2771	6	16	1.6521E7
0	9742	2782	6	16	1.6522E7
0	9729	2793	6	16	1.6523E7
0	9717	2804	6	16	1.6524E7
0	9704	2814	6	16	1.6525E7
0	9691	2825	6	16	1.6526E7
0	9678	2835	6	16	1.6527E7
0	9666	2846	6	16	1.6528E7
0	9654	2857	6	16	1.6529E7
0	9641	2868	6	16	1.653E7
0	9629	2879	6	16	1.6531E7
0	9616	2890	6	16	1.6532E7
0	9605	2900	6	13	1.6533E7
0	9596	2908	6	10	1.6534E7
0	9590	2913	6	7	1.6535E7
0	9586	2917	6	4	1.6536E7
0	9583	2919	6	2	1.6537E7
0	9582	2920	6	1	1.6538E7
0	9581	2921	6	0	1.6539E7
0	9581	2921	6	0	1.654E7
0	9581	2921	6	0	1.6541E7
0	9581	2921	6	0	1.6542E7
0	9581	2921	6	0	1.6543E7
0	9581	2921	6	0	1.6544E7
0	9581	2921	6	0	1.6545E7
0	9581	2921	6	0	1.6546E7
0	9581	2921	6	0	1.6547E7
0	9581	2921	6	0	1.6548E7
0	9581	2921	6	0	1.6549E7
0	9581	2921	6	0	1.655E7
0	9581	2921	6	0	1.6551E7
0	9581	2921	6	0	1.6552E7
0	9581	2921	6	0	1.6553E7
0	9581	2921	6	0	1.6554E7
0	9581	2921	6	0	1.6555E7
0	9581	2921	6	0	1.6556E7
0	9581	2921	6	0	1.6557E7
0	9581	2921	6	0	1.6558E7
0	9581	2921	6	0	1.6559E7
0	9581	2921	6	0	1.656E7
0	9581	2921	6	0	1.6561E7
0	9580	2922	6	2	1.6562E7
0	9577	2925	6	4	1.6563E7
0	9573	2928	6	6	1.6564E7
0	9567	2933	6	8	1.6565E7
0	9560	2940	6	10	1.6566E7
0	9552	2947	6	12	1.6567E7
0	9542	2956	6	12	1.6568E7
0	9534	2962	6	8	1.6569E7
0	9529	2967	6	6	1.657E7
0	9525	2970	6	3	1.6571E7
0	9524	2972	6	0	1.6572E7
0	9524	2972	6	0	1.6573E7
0	9524	2972	6	0	1.6574E7
0	9524	2972	6	0	1.6575E7
0	9524	2972	6	0	1.6576E7
0	9524	2972	6	0	1.6577E7
0	9524	2972	6	0	1.6578E7
0	9524	2972	6	0	1.6579E7
0	9524	2972	6	0	1.658E7
0	9524	2972	6	0	1.6581E7
0	9524	2972	6	0	1.6582E7
0	9524	2972	6	0	1.6583E7
0	9524	2972	6	0	1.6584E7
0	9524	2972	6	0	1.6585E7
0	9524	2972	6	0	1.6586E7
0	9524	2972	6	0	1.6587E7
0	9524	2972	6	0	1.6588E7
0	9524	2972	6	0	1.6589E7
0	9524	2972	6	0	1.659E7
0	9524	2972	6	0	1.6591E7
0	9523	2972	6	0	1.6592E7
0	9522	2973	6	3	1.6593E7
0	9518	2976	6	4	1.6594E7
0	9514	2980	6	6	1.6595E7
0	9508	2985	6	8	1.6596E7
0	9501	2991	6	10	1.6597E7
0	9492	2998	6	12	1.6598E7
0	9481	3007	6	14	1.6599E7
0	9469	3017	6	16	1.66E7
0	9456	3028	6	16	1.6601E7
0	9443	3038	6	16	1.6602E7
0	9430	3048	6	16	1.6603E7
0	9418	3059	6	16	1.6604E7
0	9405	3069	6	16	1.6605E7
0	9392	3079	6	16	1.6606E7
0	9378	3089	6	16	1.6607E7
0	9365	3099	6	16	1.6608E7
0	9352	3109	6	16	1.6609E7
0	9339	3119	6	16	1.661E7
0	9325	3128	6	16	1.6611E7
0	9312	3138	6	16	1.6612E7
0	9298	3148	6	16	1.6613E7
0	9285	3157	6	16	1.6614E7
0	9271	3167	6	16	1.6615E7
0	9258	3176	6	16	1.6616E7
0	9245	3186	6	16	1.6617E7
0	9231	3196	6	16	1.6618E7
0	9218	3205	6	16	1.6619E7
0	9204	3214	6	16	1.662E7
0	9190	3223	6	16	1.6621E7
0	9176	3231	6	16	1.6622E7
0	9161	3240	6	16	1.6623E7
0	9147	3249	6	16	1.6624E7
0	9133	3257	6	16	1.6625E7
0	9119	3266	6	16	1.6626E7
0	9105	3274	6	16	1.6627E7
0	9091	3283	6	16	1.6628E7
0	9076	3291	6	16	1.6629E7
0	9062	3299	6	16	1.663E7
0	9047	3307	6	16	1.6631E7
0	9033	3315	6	16	1.6632E7
0	9020	3322	6	13	1.6633E7
0	9009	3328	6	10	1.6634E7
0	9002	3332	6	7	1.6635E7
0	8997	3335	6	4	1.6636E7
0	8994	3337	6	2	1.6637E7
0	8994	3337	6	0	1.6638E7
0	8994	3337	6	0	1.6639E7
0	8994	3337	6	0	1.664E7
0	8994	3337	6	0	1.6641E7
0	8994	3337	6	0	1.6642E7
0	8994	3337	6	0	1.6643E7
0	8994	3337	6	0	1.6644E7
0	8994	3337	6	0	1.6645E7
0	8994	3337	6	0	1.6646E7
0	8994	3337	6	0	1.6647E7
0	8994	3337	6	0	1.6648E7
0	8994	3337	6	0	1.6649E7
0	8994	3337	6	0	1.665E7
0	8994	3337	6	0	1.6651E7
0	8994	3337	6	0	1.6652E7
0	8994	3337	6	0	1.6653E7
0	8994	3337	6	0	1.6654E7
0	8994	3337	6	0	1.6655E7
0	8994	3337	6	0	1.6656E7
0	8994	3337	6	0	1.6657E7
0	8993	3337	6	2	1.6658E7
0	8990	3339	6	4	1.6659E7
0	8985	3342	6	6	1.666E7
0	8978	3345	6	8	1.6661E7
0	8970	3349	6	10	1.6662E7
0	8960	3354	6	12	1.6663E7
0	8949	3361	6	14	1.6664E7
0	8935	3367	6	16	1.6665E7
0	8920	3375	6	16	1.6666E7
0	8905	3382	6	16	1.6667E7
0	8890	3389	6	16	1.6668E7
0	8875	3395	6	16	1.6669E7
0	8860	3403	6	16	1.667E7
0	8845	3411	6	16	1.6671E7
0	8830	3417	6	16	1.6672E7
0	8815	3424	6	16	1.6673E7
0	8800	3431	6	16	1.6674E7
0	8785	3438	6	16	1.6675E7
0	8770	3445	6	16	1.6676E7
0	8755	3451	6	16	1.6677E7
0	8740	3458	6	16	1.6678E7
0	8724	3464	5	16	1.6679E7
0	8709	3470	5	16	1.668E7
0	8694	3476	5	16	1.6681E7
0	8678	3482	5	16	1.6682E7
0	8663	3488	5	16	1.6683E7
0	8647	3495	5	16	1.6684E7
0	8632	3501	5	16	1.6685E7
0	8617	3506	5	16	1.6686E7
0	8601	3512	5	16	1.6687E7
0	8585	3517	5	16	1.6688E7
0	8570	3522	5	15	1.6689E7
0	8557	3527	5	11	1.669E7
0	8548	3530	5	8	1.6691E7
0	8541	3533	5	5	1.6692E7
0	8537	3534	5	3	1.6693E7
0	8535	3535	5	0	1.6694E7
0	8535	3535	5	0	1.6695E7
0	8535	3535	5	0	1.6696E7
0	8535	3535	5	0	1.6697E7
0	8535	3535	5	0	1.6698E7
0	8535	3535	5	0	1.6699E7
0	8535	3535	5	0	1.67E7
0	8535	3535	5	0	1.6701E7
0	8535	3535	5	0	1.6702E7
0	8535	3535	5	0	1.6703E7
0	8535	3535	5	0	1.6704E7
0	8535	3535	5	0	1.6705E7
0	8535	3535	5	0	1.6706E7
0	8535	3535	5	0	1.6707E7
0	8535	3535	5	0	1.6708E7
0	8535	3535	5	0	1.6709E7
0	8535	3535	5	0	1.671E7
0	8535	3535	5	0	1.6711E7
0	8535	3535	5	0	1.6712E7
0	8535	3535	5	0	1.6713E7
0	8535	3535	5	1	1.6714E7
0	8533	3535	5	3	1.6715E7
0	8529	3537	5	5	1.6716E7
0	8523	3539	5	7	1.6717E7
0	8515	3541	5	8	1.6718E7
0	8505	3544	5	10	1.6719E7
0	8494	3548	5	13	1.672E7
0	8480	3552	5	14	1.6721E7
0	8465	3556	5	16	1.6722E7
0	8449	3561	5	16	1.6723E7
0	8434	3566	5	16	1.6724E7
0	8418	3571	5	16	1.6725E7
0	8402	3576	5	16	1.6726E7
0	8386	3580	5	16	1.6727E7
0	8370	3585	5	16	1.6728E7
0	8354	3589	5	16	1.6729E7
0	8338	3593	5	16	1.673E7
0	8322	3598	5	16	1.6731E7
0	8306	3602	5	16	1.6732E7
0	8290	3606	5	16	1.6733E7
0	8274	3610	5	16	1.6734E7
0	8258	3614	5	16	1.6735E7
0	8242	3619	5	16	1.6736E7
0	8228	3622	5	13	1.6737E7
0	8217	3625	5	9	1.6738E7
0	8209	3626	5	6	1.6739E7
0	8203	3627	5	4	1.674E7
0	8200	3628	5	1	1.6741E7
0	8200	3628	5	0	1.6742E7
0	8200	3628	5	0	1.6743E7
0	8200	3628	5	0	1.6744E7
0	8200	3628	5	0	1.6745E7
0	8200	3628	5	0	1.6746E7
0	8200	3628	5	0	1.6747E7
0	8200	3628	5	0	1.6748E7
0	8200	3628	5	0	1.6749E7
0	8200	3628	5	0	1.675E7
0	8200	3628	5	0	1.6751E7
0	8200	3628	5	0	1.6752E7
0	8200	3628	5	0	1.6753E7
0	8200	3628	5	0	1.6754E7
0	8200	3628	5	0	1.6755E7
0	8200	3628	5	0	1.6756E7
0	8200	3628	5	0	1.6757E7
0	8200	3628	5	0	1.6758E7
0	8200	3628	5	0	1.6759E7
0	8200	3628	5	0	1.676E7
0	8200	3628	5	0	1.6761E7
0	8198	3628	5	2	1.6762E7
0	8196	3632	5	4	1.6763E7
0	8191	3633	5	5	1.6764E7
0	8184	3634	5	7	1.6765E7
0	8175	3636	5	9	1.6766E7
0	8165	3638	5	11	1.6767E7
0	8152	3640	5	13	1.6768E7
0	8138	3643	5	15	1.6769E7
0	8121	3646	5	16	1.677E7
0	8105	3649	5	16	1.6771E7
0	8089	3653	5	16	1.6772E7
0	8073	3657	5	16	1.6773E7
0	8057	3662	5	16	1.6774E7
0	8041	3665	5	16	1.6775E7
0	8025	3668	5	16	1.6776E7
0	8008	3670	5	16	1.6777E7
0	7992	3673	5	16	1.6778E7
0	7976	3676	5	16	1.6779E7
0	7959	3679	5	16	1.678E7
0	7945	3682	5	13	1.6781E7
0	7933	3684	5	9	1.6782E7
0	7925	3686	5	7	1.6783E7
0	7920	3687	5	4	1.6784E7
0	7917	3687	5	2	1.6785E7
0	7915	3688	5	1	1.6786E7
0	7914	3688	5	0	1.6787E7
0	7914	3688	5	0	1.6788E7
0	7914	3688	5	0	1.6789E7
0	7914	3688	5	0	1.679E7
0	7914	3688	5	0	1.6791E7
0	7914	3688	5	0	1.6792E7
0	7914	3688	5	0	1.6793E7
0	7914	3688	5	0	1.6794E7
0	7914	3688	5	0	1.6795E7
0	7914	3688	5	0	1.6796E7
0	7914	3688	5	0	1.6797E7
0	7914	3688	5	0	1.6798E7
0	7914	3688	5	0	1.6799E7
0	7914	3688	5	0	1.68E7
0	7914	3688	5	0	1.6801E7
0	7912	3688	5	2	1.6802E7
0	7909	3689	5	4	1.6803E7
0	7904	3690	5	6	1.6804E7
0	7896	3692	5	8	1.6805E7
0	7887	3694	5	10	1.6806E7
0	7875	3697	5	12	1.6807E7
0	7862	3700	5	14	1.6808E7
0	7847	3703	5	16	1.6809E7
0	7831	3707	5	16	1.681E7
0	7815	3710	5	16	1.6811E7
0	7799	3714	5	16	1.6812E7
0	7782	3717	5	16	1.6813E7
0	7766	3720	5	16	1.6814E7
0	7750	3723	5	16	1.6815E7
0	7734	3730	5	16	1.6816E7
0	7718	3733	5	16	1.6817E7
0	7702	3736	5	16	1.6818E7
0	7686	3740	5	16	1.6819E7
0	7669	3743	5	16	1.682E7
0	7653	3746	5	16	1.6821E7
0	7637	3749	5	16	1.6822E7
0	7621	3752	5	16	1.6823E7
0	7604	3755	5	16	1.6824E7
0	7588	3758	5	16	1.6825E7
0	7572	3761	5	16	1.6826E7
0	7555	3764	5	16	1.6827E7
0	7539	3767	5	16	1.6828E7
0	7523	3770	5	16	1.6829E7
0	7507	3773	5	16	1.683E7
0	7490	3776	5	16	1.6831E7
0	7474	3779	5	16	1.6832E7
0	7458	3783	5	16	1.6833E7
0	7442	3786	5	16	1.6834E7
0	7425	3789	5	16	1.6835E7
0	7409	3792	5	16	1.6836E7
0	7393	3795	5	16	1.6837E7
0	7376	3798	5	16	1.6838E7
0	7361	3804	5	16	1.6839E7
0	7345	3807	5	16	1.684E7
0	7328	3810	5	16	1.6841E7
0	7312	3813	5	16	1.6842E7
0	7296	3816	5	16	1.6843E7
0	7279	3819	5	16	1.6844E7
0	7263	3822	5	16	1.6845E7
0	7247	3825	5	16	1.6846E7
0	7231	3828	5	16	1.6847E7
0	7214	3831	5	16	1.6848E7
0	7198	3834	5	16	1.6849E7
0	7182	3836	5	16	1.685E7
0	7165	3839	5	16	1.6851E7
0	7149	3842	5	16	1.6852E7
0	7133	3845	5	16	1.6853E7
0	7116	3848	5	16	1.6854E7
0	7100	3851	5	16	1.6855E7
0	7084	3854	5	16	1.6856E7
0	7068	3858	5	16	1.6857E7
0	7052	3862	5	16	1.6858E7
0	7036	3865	5	14	1.6859E7
0	7024	3868	5	11	1.686E7
0	7015	3871	5	7	1.6861E7
0	7009	3872	5	5	1.6862E7
0	7006	3874	5	3	1.6863E7
0	7002	3877	6	6	1.6864E7
0	7000	3884	6	8	1.6865E7
0	6997	3895	7	10	1.6866E7
0	7000	3906	7	12	1.6867E7
0	7003	3920	7	14	1.6868E7
0	7007	3935	7	15	1.6869E7
0	7010	3948	7	13	1.687E7
0	7014	3959	7	10	1.6871E7
0	7016	3967	7	6	1.6872E7
0	7018	3973	7	4	1.6873E7
0	7019	3976	7	2	1.6874E7
0	7019	3977	7	1	1.6875E7
0	7019	3978	7	0	1.6876E7
0	7019	3978	7	0	1.6877E7
0	7019	3979	7	0	1.6878E7
0	7020	3979	7	0	1.6879E7
0	7020	3979	7	0	1.688E7
0	7020	3979	7	0	1.6881E7
0	7020	3979	7	0	1.6882E7
0	7020	3979	7	0	1.6883E7
0	7020	3979	7	0	1.6884E7
0	7020	3979	7	0	1.6885E7
0	7020	3979	7	0	1.6886E7
0	7020	3979	7	0	1.6887E7
0	7020	3979	7	0	1.6888E7
0	7020	3979	7	0	1.6889E7
0	7020	3979	7	0	1.689E7
0	7020	3979	7	0	1.6891E7
0	7020	3980	7	1	1.6892E7
0	7021	3982	7	3	1.6893E7
0	7022	3986	7	5	1.6894E7
0	7023	3991	7	4	1.6895E7
0	7024	3994	7	1	1.6896E7
0	7024	3994	7	0	1.6897E7
0	7024	3994	7	0	1.6898E7
0	7024	3994	7	0	1.6899E7
0	7024	3994	7	0	1.69E7
0	7024	3994	7	0	1.6901E7
0	7024	3994	7	0	1.6902E7
0	7024	3994	7	0	1.6903E7
0	7024	3994	7	0	1.6904E7
0	7024	3994	7	0	1.6905E7
0	7024	3994	7	0	1.6906E7
0	7024	3994	7	0	1.6907E7
0	7024	3994	7	0	1.6908E7
0	7024	3994	7	0	1.6909E7
0	7024	3994	7	0	1.691E7
0	7024	3994	7	0	1.6911E7
0	7024	3994	7	0	1.6912E7
0	7024	3994	7	0	1.6913E7
0	7024	3994	7	0	1.6914E7
0	7024	3994	7	0	1.6915E7
0	7024	3994	7	0	1.6916E7
0	7025	3996	7	2	1.6917E7
0	7026	3999	7	4	1.6918E7
0	7027	4005	7	6	1.6919E7
0	7030	4012	7	8	1.692E7
0	7032	4022	7	10	1.6921E7
0	7036	4033	7	12	1.6922E7
0	7040	4046	7	14	1.6923E7
0	7044	4061	7	16	1.6924E7
0	7049	4077	7	16	1.6925E7
0	7053	4093	7	15	1.6926E7
0	7057	4106	7	12	1.6927E7
0	7060	4116	7	9	1.6928E7
0	7063	4124	7	6	1.6929E7
0	7064	4128	7	3	1.693E7
0	7065	4131	7	2	1.6931E7
0	7065	4133	7	0	1.6932E7
0	7065	4133	7	0	1.6933E7
0	7065	4133	7	0	1.6934E7
0	7065	4133	7	0	1.6935E7
0	7065	4133	7	0	1.6936E7
0	7065	4133	7	0	1.6937E7
0	7065	4133	7	0	1.6938E7
0	7065	4133	7	0	1.6939E7
0	7065	4133	7	0	1.694E7
0	7065	4133	7	0	1.6941E7
0	7065	4133	7	0	1.6942E7
0	7065	4133	7	0	1.6943E7
0	7065	4133	7	0	1.6944E7
0	7065	4133	7	0	1.6945E7
0	7065	4133	7	0	1.6946E7
0	7065	4133	7	0	1.6947E7
0	7065	4133	7	0	1.6948E7
0	7065	4133	7	0	1.6949E7
0	7065	4133	7	0	1.695E7
0	7065	4133	7	0	1.6951E7
0	7065	4133	7	0	1.6952E7
0	7065	4133	7	0	1.6953E7
0	7065	4133	7	0	1.6954E7
0	7065	4133	7	0	1.6955E7
0	7065	4133	7	0	1.6956E7
0	7065	4133	7	0	1.6957E7
0	7065	4133	7	0	1.6958E7
0	7065	4133	7	0	1.6959E7
0	7065	4133	7	0	1.696E7
0	7065	4133	7	0	1.6961E7
0	7066	4135	7	2	1.6962E7
0	7067	4138	7	4	1.6963E7
0	7068	4143	7	6	1.6964E7
0	7070	4150	7	8	1.6965E7
0	7073	4160	7	10	1.6966E7
0	7076	4171	7	12	1.6967E7
0	7079	4182	7	10	1.6968E7
0	7082	4192	7	10	1.6969E7
0	7085	4202	7	10	1.697E7
0	7088	4213	7	12	1.6971E7
0	7082	4224	6	12	1.6972E7
0	7070	4228	5	14	1.6973E7
0	7056	4233	5	14	1.6974E7
0	7043	4238	5	14	1.6975E7
0	7030	4243	5	12	1.6976E7
0	7019	4246	5	10	1.6977E7
0	7010	4248	5	8	1.6978E7
0	7003	4250	5	6	1.6979E7
0	6998	4252	5	4	1.698E7
0	6994	4253	5	3	1.6981E7
0	6992	4253	5	1	1.6982E7
0	6990	4254	5	0	1.6983E7
0	6990	4254	5	0	1.6984E7
0	6990	4254	5	0	1.6985E7
0	6990	4254	5	0	1.6986E7
0	6990	4254	5	0	1.6987E7
0	6989	4254	5	0	1.6988E7
0	6989	4254	5	0	1.6989E7
0	6989	4254	5	0	1.699E7
0	6989	4254	5	0	1.6991E7
0	6989	4254	5	0	1.6992E7
0	6989	4254	5	0	1.6993E7
0	6989	4254	5	0	1.6994E7
0	6989	4254	5	0	1.6995E7
0	6989	4254	5	0	1.6996E7
0	6989	4254	5	0	1.6997E7
0	6989	4254	5	0	1.6998E7
0	6989	4254	5	0	1.6999E7
0	6989	4254	5	0	1.7E7
0	6989	4254	5	0	1.7001E7
0	6989	4254	5	0	1.7002E7
0	6989	4254	5	0	1.7003E7
0	6989	4254	5	0	1.7004E7
0	6989	4254	5	0	1.7005E7
0	6989	4254	5	0	1.7006E7
0	6989	4254	5	0	1.7007E7
0	6989	4254	5	0	1.7008E7
0	6989	4254	5	0	1.7009E7
0	6989	4254	5	0	1.701E7
0	6989	4254	5	0	1.7011E7
0	6989	4254	5	1	1.7012E7
0	6987	4255	5	3	1.7013E7
0	6983	4256	5	4	1.7014E7
0	6978	4258	5	6	1.7015E7
0	6971	4263	6	8	1.7016E7
0	6965	4270	6	10	1.7017E7
0	6957	4279	6	11	1.7018E7
0	6955	4293	7	14	1.7019E7
0	6954	4307	7	14	1.702E7
0	6953	4321	7	14	1.7021E7
0	6952	4336	7	14	1.7022E7
0	6951	4351	7	14	1.7023E7
0	6950	4365	7	14	1.7024E7
0	6949	4380	7	14	1.7025E7
0	6949	4395	7	14	1.7026E7
0	6949	4408	7	11	1.7027E7
0	6950	4418	7	9	1.7028E7
0	6950	4426	7	7	1.7029E7
0	6951	4432	7	5	1.703E7
0	6951	4436	7	2	1.7031E7
0	6951	4438	7	1	1.7032E7
0	6951	4439	7	0	1.7033E7
0	6951	4439	7	0	1.7034E7
0	6951	4439	7	0	1.7035E7
0	6951	4439	7	0	1.7036E7
0	6951	4440	7	0	1.7037E7
0	6951	4440	7	0	1.7038E7
0	6951	4440	7	0	1.7039E7
0	6951	4440	7	0	1.704E7
0	6951	4440	7	0	1.7041E7
0	6951	4440	7	0	1.7042E7
0	6951	4440	7	0	1.7043E7
0	6951	4440	7	0	1.7044E7
0	6951	4440	7	0	1.7045E7
0	6951	4440	7	0	1.7046E7
0	6951	4440	7	0	1.7047E7
0	6951	4440	7	0	1.7048E7
0	6951	4440	7	0	1.7049E7
0	6951	4440	7	0	1.705E7
0	6951	4440	7	1	1.7051E7
0	6951	4442	7	2	1.7052E7
0	6952	4446	7	4	1.7053E7
0	6952	4451	7	4	1.7054E7
0	6952	4455	7	2	1.7055E7
0	6952	4455	7	0	1.7056E7
0	6952	4455	7	0	1.7057E7
0	6952	4455	7	0	1.7058E7
0	6952	4455	7	0	1.7059E7
0	6952	4455	7	0	1.706E7
0	6952	4455	7	0	1.7061E7
0	6952	4455	7	0	1.7062E7
0	6952	4455	7	0	1.7063E7
0	6952	4455	7	0	1.7064E7
0	6952	4455	7	0	1.7065E7
0	6952	4455	7	0	1.7066E7
0	6952	4455	7	0	1.7067E7
0	6952	4455	7	0	1.7068E7
0	6952	4455	7	0	1.7069E7
0	6952	4455	7	0	1.707E7
0	6952	4455	7	0	1.7071E7
0	6952	4455	7	0	1.7072E7
0	6952	4455	7	0	1.7073E7
0	6952	4455	7	0	1.7074E7
0	6952	4455	7	0	1.7075E7
0	6952	4456	7	2	1.7076E7
0	6952	4460	7	3	1.7077E7
0	6953	4465	7	5	1.7078E7
0	6953	4472	7	7	1.7079E7
0	6953	4481	7	9	1.708E7
0	6954	4492	7	11	1.7081E7
0	6955	4505	7	13	1.7082E7
0	6955	4519	7	13	1.7083E7
0	6956	4531	7	10	1.7084E7
0	6957	4539	7	7	1.7085E7
0	6957	4545	7	4	1.7086E7
0	6957	4548	7	2	1.7087E7
0	6957	4550	7	1	1.7088E7
0	6957	4551	7	0	1.7089E7
0	6957	4551	7	0	1.709E7
0	6957	4551	7	0	1.7091E7
0	6961	4551	7	1	1.7092E7
0	6961	4553	7	3	1.7093E7
0	6961	4558	7	5	1.7094E7
0	6961	4562	7	3	1.7095E7
0	6961	4564	7	1	1.7096E7
0	6961	4565	7	0	1.7097E7
0	6961	4566	7	0	1.7098E7
0	6961	4566	7	0	1.7099E7
0	6961	4566	7	0	1.71E7
0	6961	4566	7	0	1.7101E7
0	6961	4567	7	2	1.7102E7
0	6962	4571	7	4	1.7103E7
0	6962	4576	7	6	1.7104E7
0	6962	4583	7	8	1.7105E7
0	6963	4593	7	10	1.7106E7
0	6963	4604	7	12	1.7107E7
0	6964	4618	7	14	1.7108E7
0	6965	4633	7	16	1.7109E7
0	6966	4649	7	16	1.711E7
0	6968	4666	7	16	1.7111E7
0	6971	4682	7	16	1.7112E7
0	6974	4698	7	16	1.7113E7
0	6980	4714	7	16	1.7114E7
0	6986	4729	7	16	1.7115E7
0	6993	4744	7	16	1.7116E7
0	6999	4760	7	16	1.7117E7
0	7005	4775	7	16	1.7118E7
0	7011	4791	7	16	1.7119E7
0	7018	4806	7	16	1.712E7
0	7024	4821	7	16	1.7121E7
0	7027	4838	7	16	1.7122E7
0	7033	4852	7	15	1.7123E7
0	7038	4865	7	11	1.7124E7
0	7042	4875	7	11	1.7125E7
0	7046	4885	7	10	1.7126E7
0	7050	4895	7	9	1.7127E7
0	7054	4904	7	9	1.7128E7
0	7057	4912	7	9	1.7129E7
0	7061	4921	7	9	1.713E7
0	7065	4930	7	10	1.7131E7
0	7069	4940	8	10	1.7132E7
0	7074	4949	8	10	1.7133E7
0	7079	4959	8	10	1.7134E7
0	7084	4968	8	10	1.7135E7
0	7089	4978	8	10	1.7136E7
0	7094	4987	8	10	1.7137E7
0	7099	4996	8	8	1.7138E7
0	7103	5003	8	6	1.7139E7
0	7105	5008	8	5	1.714E7
0	7107	5012	8	3	1.7141E7
0	7109	5015	8	2	1.7142E7
0	7110	5016	8	1	1.7143E7
0	7110	5017	8	0	1.7144E7
0	7110	5017	8	0	1.7145E7
0	7110	5018	8	0	1.7146E7
0	7110	5018	8	0	1.7147E7
0	7110	5018	8	0	1.7148E7
0	7110	5018	8	0	1.7149E7
0	7110	5018	8	0	1.715E7
0	7110	5018	8	0	1.7151E7
0	7110	5018	8	0	1.7152E7
0	7110	5018	8	0	1.7153E7
0	7110	5018	8	0	1.7154E7
0	7110	5018	8	0	1.7155E7
0	7110	5018	8	0	1.7156E7
0	7110	5018	8	0	1.7157E7
0	7111	5019	8	2	1.7158E7
0	7113	5022	8	4	1.7159E7
0	7115	5026	8	4	1.716E7
0	7117	5030	8	4	1.7161E7
0	7118	5033	8	3	1.7162E7
0	7120	5035	8	2	1.7163E7
0	7121	5037	8	1	1.7164E7
0	7121	5039	8	1	1.7165E7
0	7122	5039	8	0	1.7166E7
0	7122	5040	8	0	1.7167E7
0	7122	5040	8	0	1.7168E7
0	7122	5040	8	0	1.7169E7
0	7122	5040	8	0	1.717E7
0	7122	5040	8	0	1.7171E7
0	7122	5040	8	0	1.7172E7
0	7122	5040	8	0	1.7173E7
0	7122	5040	8	0	1.7174E7
0	7122	5040	8	0	1.7175E7
0	7122	5040	8	0	1.7176E7
0	7122	5040	8	0	1.7177E7
0	7122	5040	8	0	1.7178E7
0	7122	5040	8	0	1.7179E7
0	7122	5040	8	0	1.718E7
0	7122	5040	8	0	1.7181E7
0	7122	5040	8	0	1.7182E7
0	7122	5041	8	1	1.7183E7
0	7123	5042	8	2	1.7184E7
0	7125	5045	8	3	1.7185E7
0	7126	5048	8	2	1.7186E7
0	7127	5050	8	2	1.7187E7
0	7128	5052	8	1	1.7188E7
0	7128	5052	8	0	1.7189E7
0	7129	5053	8	0	1.719E7
0	7129	5053	8	0	1.7191E7
0	7129	5053	8	0	1.7192E7
0	7129	5053	8	0	1.7193E7
0	7129	5053	8	0	1.7194E7
0	7129	5053	8	0	1.7195E7
0	7129	5053	8	0	1.7196E7
0	7129	5053	8	0	1.7197E7
0	7129	5053	8	0	1.7198E7
0	7129	5053	8	0	1.7199E7
0	7129	5053	8	0	1.72E7
0	7129	5053	8	0	1.7201E7
0	7129	5053	8	0	1.7202E7
0	7129	5053	8	0	1.7203E7
0	7129	5053	8	0	1.7204E7
0	7129	5053	8	0	1.7205E7
0	7129	5053	8	0	1.7206E7
0	7129	5054	8	0	1.7207E7
0	7130	5055	8	2	1.7208E7
0	7131	5057	8	3	1.7209E7
0	7133	5061	8	4	1.721E7
0	7134	5064	8	2	1.7211E7
0	7135	5066	8	1	1.7212E7
0	7135	5066	8	0	1.7213E7
0	7136	5067	8	0	1.7214E7
0	7136	5067	8	0	1.7215E7
0	7136	5067	8	0	1.7216E7
0	7136	5067	8	0	1.7217E7
0	7136	5067	8	0	1.7218E7
0	7136	5067	8	0	1.7219E7
0	7136	5067	8	0	1.722E7
0	7136	5067	8	0	1.7221E7
0	7136	5067	8	0	1.7222E7
0	7136	5067	8	0	1.7223E7
0	7136	5067	8	0	1.7224E7
0	7136	5067	8	0	1.7225E7
0	7136	5067	8	0	1.7226E7
0	7136	5067	8	0	1.7227E7
0	7136	5067	8	0	1.7228E7
0	7136	5067	8	0	1.7229E7
0	7136	5067	8	0	1.723E7
0	7136	5067	8	0	1.7231E7
0	7136	5068	8	1	1.7232E7
0	7137	5070	8	2	1.7233E7
0	7139	5073	8	4	1.7234E7
0	7141	5078	8	4	1.7235E7
0	7143	5081	8	2	1.7236E7
0	7143	5081	8	0	1.7237E7
0	7143	5081	8	0	1.7238E7
0	7143	5081	8	0	1.7239E7
0	7143	5081	8	0	1.724E7
0	7143	5081	8	0	1.7241E7
0	7143	5081	8	0	1.7242E7
0	7143	5081	8	0	1.7243E7
0	7143	5081	8	0	1.7244E7
0	7143	5081	8	0	1.7245E7
0	7143	5081	8	0	1.7246E7
0	7143	5081	8	0	1.7247E7
0	7143	5081	8	0	1.7248E7
0	7143	5081	8	0	1.7249E7
0	7143	5081	8	0	1.725E7
0	7143	5081	8	0	1.7251E7
0	7143	5081	8	0	1.7252E7
0	7143	5081	8	0	1.7253E7
0	7143	5081	8	0	1.7254E7
0	7143	5081	8	0	1.7255E7
0	7143	5081	8	0	1.7256E7
0	7143	5082	8	2	1.7257E7
0	7145	5085	8	4	1.7258E7
0	7147	5090	8	6	1.7259E7
0	7151	5097	8	8	1.726E7
0	7155	5105	8	10	1.7261E7
0	7160	5116	8	12	1.7262E7
0	7167	5128	8	14	1.7263E7
0	7174	5142	8	16	1.7264E7
0	7181	5156	8	16	1.7265E7
0	7189	5171	8	16	1.7266E7
0	7196	5186	8	16	1.7267E7
0	7203	5201	8	16	1.7268E7
0	7211	5215	8	16	1.7269E7
0	7218	5229	8	14	1.727E7
0	7223	5240	8	10	1.7271E7
0	7228	5248	8	7	1.7272E7
0	7230	5254	8	4	1.7273E7
0	7232	5257	8	2	1.7274E7
0	7233	5259	8	1	1.7275E7
0	7233	5260	8	0	1.7276E7
0	7233	5260	8	0	1.7277E7
0	7233	5260	8	0	1.7278E7
0	7233	5260	8	0	1.7279E7
0	7233	5260	8	0	1.728E7
0	7233	5260	8	0	1.7281E7
0	7234	5260	8	1	1.7282E7
0	7235	5262	8	2	1.7283E7
0	7237	5266	8	4	1.7284E7
0	7239	5271	8	6	1.7285E7
0	7243	5278	8	8	1.7286E7
0	7247	5287	8	10	1.7287E7
0	7252	5297	8	11	1.7288E7
0	7256	5306	8	9	1.7289E7
0	7260	5314	8	7	1.729E7
0	7263	5319	8	5	1.7291E7
0	7265	5323	8	3	1.7292E7
0	7266	5326	8	2	1.7293E7
0	7267	5328	8	1	1.7294E7
0	7267	5329	8	0	1.7295E7
0	7267	5329	8	0	1.7296E7
0	7267	5329	8	0	1.7297E7
0	7268	5329	8	0	1.7298E7
0	7268	5329	8	0	1.7299E7
0	7268	5329	8	0	1.73E7
0	7268	5329	8	0	1.7301E7
0	7268	5329	8	0	1.7302E7
0	7268	5329	8	0	1.7303E7
0	7268	5329	8	0	1.7304E7
0	7268	5330	8	1	1.7305E7
0	7269	5332	8	2	1.7306E7
0	7270	5334	8	3	1.7307E7
0	7271	5337	8	2	1.7308E7
0	7273	5340	8	2	1.7309E7
0	7273	5341	8	1	1.731E7
0	7274	5342	8	0	1.7311E7
0	7274	5343	8	0	1.7312E7
0	7274	5343	8	0	1.7313E7
0	7274	5343	8	0	1.7314E7
0	7274	5343	8	0	1.7315E7
0	7274	5343	8	0	1.7316E7
0	7274	5343	8	0	1.7317E7
0	7274	5343	8	0	1.7318E7
0	7274	5343	8	0	1.7319E7
0	7274	5343	8	0	1.732E7
0	7274	5343	8	0	1.7321E7
0	7274	5343	8	0	1.7322E7
0	7274	5343	8	0	1.7323E7
0	7274	5343	8	0	1.7324E7
0	7274	5343	8	0	1.7325E7
0	7274	5343	8	0	1.7326E7
0	7274	5343	8	0	1.7327E7
0	7274	5343	8	0	1.7328E7
0	7274	5343	8	0	1.7329E7
0	7274	5343	8	0	1.733E7
0	7274	5343	8	0	1.7331E7
0	7274	5343	8	0	1.7332E7
0	7274	5343	8	0	1.7333E7
0	7274	5343	8	0	1.7334E7
0	7274	5343	8	0	1.7335E7
0	7274	5343	8	0	1.7336E7
0	7274	5343	8	0	1.7337E7
0	7274	5343	8	0	1.7338E7
0	7274	5343	8	0	1.7339E7
0	7274	5343	8	0	1.734E7
0	7274	5343	8	0	1.7341E7
0	7274	5343	8	0	1.7342E7
0	7274	5343	8	0	1.7343E7
0	7274	5343	8	0	1.7344E7
0	7274	5343	8	0	1.7345E7
0	7274	5343	8	0	1.7346E7
0	7274	5343	8	0	1.7347E7
0	7274	5343	8	0	1.7348E7
0	7274	5343	8	0	1.7349E7
0	7274	5343	8	0	1.735E7
0	7274	5343	8	0	1.7351E7
0	7274	5343	8	0	1.7352E7
0	7274	5343	8	0	1.7353E7
0	7274	5343	8	0	1.7354E7
0	7274	5343	8	0	1.7355E7
0	7274	5343	8	0	1.7356E7
0	7274	5343	8	0	1.7357E7
0	7274	5343	8	0	1.7358E7
0	7274	5343	8	0	1.7359E7
0	7274	5343	8	0	1.736E7
0	7274	5343	8	0	1.7361E7
0	7274	5343	8	0	1.7362E7
0	7275	5344	8	2	1.7363E7
0	7277	5348	8	4	1.7364E7
0	7279	5352	8	4	1.7365E7
0	7280	5355	8	2	1.7366E7
0	7281	5356	8	1	1.7367E7
0	7281	5357	8	0	1.7368E7
0	7281	5357	8	0	1.7369E7
0	7281	5357	8	0	1.737E7
0	7281	5357	8	0	1.7371E7
0	7281	5357	8	0	1.7372E7
0	7281	5357	8	0	1.7373E7
0	7281	5357	8	0	1.7374E7
0	7281	5357	8	0	1.7375E7
0	7281	5357	8	0	1.7376E7
0	7281	5357	8	0	1.7377E7
0	7281	5357	8	0	1.7378E7
0	7281	5357	8	0	1.7379E7
0	7281	5357	8	0	1.738E7
0	7281	5357	8	0	1.7381E7
0	7281	5357	8	0	1.7382E7
0	7281	5357	8	0	1.7383E7
0	7281	5358	8	0	1.7384E7
0	7282	5359	8	1	1.7385E7
0	7283	5361	8	3	1.7386E7
0	7285	5365	8	4	1.7387E7
0	7286	5368	8	2	1.7388E7
0	7287	5370	8	1	1.7389E7
0	7287	5370	8	0	1.739E7
0	7288	5371	8	0	1.7391E7
0	7288	5371	8	0	1.7392E7
0	7288	5371	8	0	1.7393E7
0	7288	5371	8	0	1.7394E7
0	7288	5371	8	0	1.7395E7
0	7288	5371	8	0	1.7396E7
0	7288	5371	8	0	1.7397E7
0	7288	5371	8	0	1.7398E7
0	7288	5371	8	0	1.7399E7
0	7288	5371	8	0	1.74E7
0	7288	5371	8	0	1.7401E7
0	7288	5371	8	0	1.7402E7
0	7288	5371	8	0	1.7403E7
0	7288	5371	8	0	1.7404E7
0	7288	5371	8	0	1.7405E7
0	7288	5371	8	0	1.7406E7
0	7288	5371	8	0	1.7407E7
0	7288	5371	8	0	1.7408E7
0	7288	5372	8	1	1.7409E7
0	7289	5374	8	2	1.741E7
0	7291	5377	8	4	1.7411E7
0	7293	5382	8	4	1.7412E7
0	7294	5385	8	2	1.7413E7
0	7295	5385	8	0	1.7414E7
0	7295	5385	8	0	1.7415E7
0	7295	5385	8	0	1.7416E7
0	7295	5385	8	0	1.7417E7
0	7295	5385	8	0	1.7418E7
0	7295	5385	8	0	1.7419E7
0	7295	5385	8	0	1.742E7
0	7295	5385	8	0	1.7421E7
0	7295	5385	8	0	1.7422E7
0	7295	5385	8	0	1.7423E7
0	7295	5385	8	0	1.7424E7
0	7295	5385	8	0	1.7425E7
0	7295	5385	8	0	1.7426E7
0	7295	5385	8	0	1.7427E7
0	7295	5385	8	0	1.7428E7
0	7295	5385	8	0	1.7429E7
0	7295	5385	8	0	1.743E7
0	7295	5385	8	0	1.7431E7
0	7295	5385	8	0	1.7432E7
0	7295	5385	8	0	1.7433E7
0	7295	5387	8	2	1.7434E7
0	7297	5389	8	4	1.7435E7
0	7298	5393	8	3	1.7436E7
0	7299	5395	8	1	1.7437E7
0	7300	5396	8	0	1.7438E7
0	7300	5396	8	0	1.7439E7
0	7300	5396	8	0	1.744E7
0	7300	5396	8	0	1.7441E7
0	7301	5398	8	2	1.7442E7
0	7302	5401	8	4	1.7443E7
0	7305	5406	8	6	1.7444E7
0	7308	5413	8	8	1.7445E7
0	7312	5421	8	10	1.7446E7
0	7317	5431	8	12	1.7447E7
0	7323	5443	8	14	1.7448E7
0	7330	5457	8	16	1.7449E7
0	7337	5471	8	16	1.745E7
0	7344	5486	8	16	1.7451E7
0	7352	5501	8	16	1.7452E7
0	7359	5516	8	16	1.7453E7
0	7366	5531	8	16	1.7454E7
0	7373	5544	8	13	1.7455E7
0	7378	5555	8	10	1.7456E7
0	7382	5563	8	7	1.7457E7
0	7384	5568	8	4	1.7458E7
0	7386	5571	8	2	1.7459E7
0	7386	5572	8	1	1.746E7
0	7387	5573	8	0	1.7461E7
0	7388	5575	8	2	1.7462E7
0	7389	5578	8	4	1.7463E7
0	7392	5583	8	6	1.7464E7
0	7397	5590	8	8	1.7465E7
0	7402	5598	8	10	1.7466E7
0	7408	5608	8	12	1.7467E7
0	7414	5621	8	14	1.7468E7
0	7421	5635	8	16	1.7469E7
0	7429	5649	8	16	1.747E7
0	7436	5664	8	16	1.7471E7
0	7443	5679	7	16	1.7472E7
0	7447	5695	7	16	1.7473E7
0	7449	5710	7	13	1.7474E7
0	7450	5722	7	10	1.7475E7
0	7449	5731	7	7	1.7476E7
0	7447	5736	7	4	1.7477E7
0	7447	5740	7	2	1.7478E7
0	7446	5741	7	1	1.7479E7
0	7446	5742	7	0	1.748E7
0	7446	5743	7	0	1.7481E7
0	7446	5743	7	0	1.7482E7
0	7446	5743	7	0	1.7483E7
0	7446	5743	7	0	1.7484E7
0	7446	5743	7	0	1.7485E7
0	7446	5743	7	0	1.7486E7
0	7446	5743	7	0	1.7487E7
0	7446	5743	7	0	1.7488E7
0	7446	5743	7	0	1.7489E7
0	7446	5743	7	0	1.749E7
0	7446	5743	7	0	1.7491E7
0	7446	5743	7	0	1.7492E7
0	7446	5743	7	0	1.7493E7
0	7446	5743	7	0	1.7494E7
0	7446	5743	7	0	1.7495E7
0	7446	5743	7	0	1.7496E7
0	7446	5743	7	0	1.7497E7
0	7446	5743	7	0	1.7498E7
0	7446	5743	7	0	1.7499E7
0	7446	5743	7	0	1.75E7
0	7446	5743	7	0	1.7501E7
0	7446	5743	7	0	1.7502E7
0	7446	5743	7	0	1.7503E7
0	7446	5743	7	0	1.7504E7
0	7446	5743	7	0	1.7505E7
0	7446	5743	7	0	1.7506E7
0	7446	5743	7	0	1.7507E7
0	7446	5743	7	0	1.7508E7
0	7446	5743	7	0	1.7509E7
0	7446	5743	7	0	1.751E7
0	7446	5743	7	0	1.7511E7
0	7446	5743	7	0	1.7512E7
0	7446	5743	7	0	1.7513E7
0	7446	5743	7	0	1.7514E7
0	7446	5743	7	0	1.7515E7
0	7446	5743	7	0	1.7516E7
0	7443	5742	7	0	1.7517E7
0	7443	5742	7	0	1.7518E7
0	7443	5742	7	0	1.7519E7
0	7443	5742	7	0	1.752E7
0	7443	5742	7	0	1.7521E7
0	7442	5743	7	2	1.7522E7
0	7442	5747	7	4	1.7523E7
0	7440	5751	7	5	1.7524E7
0	7438	5758	7	7	1.7525E7
0	7434	5766	7	9	1.7526E7
0	7430	5776	7	11	1.7527E7
0	7425	5788	7	13	1.7528E7
0	7421	5799	7	10	1.7529E7
0	7417	5807	7	7	1.753E7
0	7415	5813	7	4	1.7531E7
0	7414	5816	7	2	1.7532E7
0	7413	5818	7	1	1.7533E7
0	7413	5819	7	0	1.7534E7
0	7413	5819	7	0	1.7535E7
0	7412	5819	7	0	1.7536E7
0	7412	5819	7	0	1.7537E7
0	7412	5819	7	0	1.7538E7
0	7412	5819	7	0	1.7539E7
0	7412	5819	7	0	1.754E7
0	7412	5819	7	0	1.7541E7
0	7412	5819	7	0	1.7542E7
0	7412	5819	7	0	1.7543E7
0	7412	5819	7	0	1.7544E7
0	7412	5819	7	0	1.7545E7
0	7412	5819	7	0	1.7546E7
0	7412	5819	7	0	1.7547E7
0	7412	5819	7	0	1.7548E7
0	7412	5819	7	0	1.7549E7
0	7412	5819	7	0	1.755E7
0	7412	5819	7	0	1.7551E7
0	7412	5819	7	0	1.7552E7
0	7412	5819	7	0	1.7553E7
0	7412	5819	7	0	1.7554E7
0	7412	5819	7	0	1.7555E7
0	7412	5819	7	0	1.7556E7
0	7412	5819	7	0	1.7557E7
0	7412	5821	7	2	1.7558E7
0	7410	5824	7	4	1.7559E7
0	7408	5829	6	6	1.756E7
0	7405	5836	7	8	1.7561E7
0	7402	5845	7	10	1.7562E7
0	7398	5856	7	12	1.7563E7
0	7393	5868	7	14	1.7564E7
0	7387	5882	7	16	1.7565E7
0	7381	5897	7	16	1.7566E7
0	7375	5913	7	16	1.7567E7
0	7369	5928	7	16	1.7568E7
0	7364	5944	7	16	1.7569E7
0	7356	5958	6	16	1.757E7
0	7340	5962	5	16	1.7571E7
0	7324	5965	5	16	1.7572E7
0	7309	5967	5	14	1.7573E7
0	7296	5968	5	11	1.7574E7
0	7287	5967	5	7	1.7575E7
0	7281	5966	5	5	1.7576E7
0	7277	5966	5	2	1.7577E7
0	7275	5966	5	1	1.7578E7
0	7274	5966	5	0	1.7579E7
0	7274	5966	5	0	1.758E7
0	7274	5966	5	0	1.7581E7
0	7274	5966	5	0	1.7582E7
0	7274	5966	5	0	1.7583E7
0	7274	5966	5	0	1.7584E7
0	7274	5966	5	0	1.7585E7
0	7274	5966	5	0	1.7586E7
0	7274	5966	5	0	1.7587E7
0	7274	5966	5	0	1.7588E7
0	7274	5966	5	0	1.7589E7
0	7274	5966	5	0	1.759E7
0	7274	5966	5	0	1.7591E7
0	7274	5966	5	0	1.7592E7
0	7274	5966	5	0	1.7593E7
0	7274	5966	5	0	1.7594E7
0	7274	5966	5	0	1.7595E7
0	7274	5966	5	0	1.7596E7
0	7274	5966	5	0	1.7597E7
0	7274	5966	5	0	1.7598E7
0	7274	5966	5	0	1.7599E7
0	7274	5966	5	0	1.76E7
0	7274	5966	5	0	1.7601E7
0	7272	5966	5	2	1.7602E7
0	7269	5965	5	4	1.7603E7
0	7263	5965	5	6	1.7604E7
0	7256	5964	5	8	1.7605E7
0	7247	5963	5	10	1.7606E7
0	7235	5961	5	12	1.7607E7
0	7222	5958	5	14	1.7608E7
0	7207	5955	5	16	1.7609E7
0	7190	5952	5	16	1.761E7
0	7174	5948	5	16	1.7611E7
0	7158	5945	5	16	1.7612E7
0	7142	5941	5	16	1.7613E7
0	7126	5938	5	16	1.7614E7
0	7109	5935	5	16	1.7615E7
0	7093	5932	5	16	1.7616E7
0	7077	5928	5	16	1.7617E7
0	7061	5925	5	16	1.7618E7
0	7044	5922	5	16	1.7619E7
0	7028	5918	5	16	1.762E7
0	7012	5915	5	16	1.7621E7
0	6996	5912	5	16	1.7622E7
0	6980	5908	5	16	1.7623E7
0	6963	5905	5	16	1.7624E7
0	6947	5902	5	16	1.7625E7
0	6931	5898	5	16	1.7626E7
0	6915	5895	5	15	1.7627E7
0	6902	5892	5	11	1.7628E7
0	6892	5890	5	8	1.7629E7
0	6886	5889	5	5	1.763E7
0	6881	5888	5	3	1.7631E7
0	6880	5888	5	0	1.7632E7
0	6880	5888	5	0	1.7633E7
0	6880	5888	5	0	1.7634E7
0	6880	5888	5	0	1.7635E7
0	6880	5888	5	0	1.7636E7
0	6880	5888	5	0	1.7637E7
0	6880	5888	5	0	1.7638E7
0	6880	5888	5	0	1.7639E7
0	6880	5888	5	0	1.764E7
0	6880	5888	5	0	1.7641E7
0	6880	5888	5	0	1.7642E7
0	6880	5888	5	0	1.7643E7
0	6880	5888	5	0	1.7644E7
0	6880	5888	5	0	1.7645E7
0	6880	5888	5	0	1.7646E7
0	6880	5888	5	0	1.7647E7
0	6880	5888	5	0	1.7648E7
0	6880	5888	5	0	1.7649E7
0	6880	5888	5	0	1.765E7
0	6880	5888	5	0	1.7651E7
0	6879	5888	5	1	1.7652E7
0	6877	5887	5	3	1.7653E7
0	6873	5886	5	5	1.7654E7
0	6867	5885	5	7	1.7655E7
0	6859	5884	5	9	1.7656E7
0	6849	5882	5	10	1.7657E7
0	6838	5879	5	12	1.7658E7
0	6824	5876	5	14	1.7659E7
0	6810	5874	5	16	1.766E7
0	6794	5871	5	16	1.7661E7
0	6778	5868	5	16	1.7662E7
0	6762	5865	5	16	1.7663E7
0	6746	5862	5	16	1.7664E7
0	6731	5859	5	14	1.7665E7
0	6719	5857	5	10	1.7666E7
0	6710	5855	5	7	1.7667E7
0	6705	5854	5	4	1.7668E7
0	6701	5854	5	2	1.7669E7
0	6700	5854	5	0	1.767E7
0	6700	5854	5	0	1.7671E7
0	6700	5854	5	0	1.7672E7
0	6700	5854	5	0	1.7673E7
0	6700	5854	5	0	1.7674E7
0	6700	5854	5	0	1.7675E7
0	6700	5854	5	0	1.7676E7
0	6700	5854	5	0	1.7677E7
0	6700	5854	5	0	1.7678E7
0	6700	5854	5	0	1.7679E7
0	6700	5854	5	0	1.768E7
0	6700	5854	5	0	1.7681E7
0	6700	5854	5	0	1.7682E7
0	6700	5854	5	0	1.7683E7
0	6700	5854	5	0	1.7684E7
0	6700	5854	5	0	1.7685E7
0	6700	5854	5	0	1.7686E7
0	6700	5854	5	0	1.7687E7
0	6700	5854	5	0	1.7688E7
0	6700	5854	5	0	1.7689E7
0	6699	5854	5	1	1.769E7
0	6696	5853	5	3	1.7691E7
0	6692	5852	5	5	1.7692E7
0	6685	5850	5	7	1.7693E7
0	6677	5847	5	9	1.7694E7
0	6671	5839	4	11	1.7695E7
0	6667	5827	3	13	1.7696E7
0	6662	5813	3	15	1.7697E7
0	6657	5797	3	16	1.7698E7
0	6651	5782	3	16	1.7699E7
0	6644	5766	4	16	1.77E7
0	6630	5756	4	16	1.7701E7
0	6616	5748	4	16	1.7702E7
0	6599	5743	5	16	1.7703E7
0	6583	5742	5	16	1.7704E7
0	6566	5743	5	16	1.7705E7
0	6550	5744	5	16	1.7706E7
0	6533	5745	5	16	1.7707E7
0	6516	5746	5	16	1.7708E7
0	6500	5745	5	16	1.7709E7
0	6483	5745	5	16	1.771E7
0	6466	5744	5	16	1.7711E7
0	6450	5743	5	14	1.7712E7
0	6437	5742	5	11	1.7713E7
0	6427	5741	5	8	1.7714E7
0	6421	5740	5	5	1.7715E7
0	6417	5740	5	3	1.7716E7
0	6414	5740	5	1	1.7717E7
0	6413	5740	5	0	1.7718E7
0	6413	5740	5	0	1.7719E7
0	6413	5740	5	0	1.772E7
0	6413	5739	5	0	1.7721E7
0	6413	5739	5	0	1.7722E7
0	6413	5739	5	0	1.7723E7
0	6413	5739	5	0	1.7724E7
0	6413	5739	5	0	1.7725E7
0	6413	5739	5	0	1.7726E7
0	6413	5739	5	0	1.7727E7
0	6413	5739	5	0	1.7728E7
0	6413	5739	5	0	1.7729E7
0	6413	5739	5	0	1.773E7
0	6413	5739	5	0	1.7731E7
0	6411	5739	5	2	1.7732E7
0	6407	5739	5	4	1.7733E7
0	6402	5738	5	6	1.7734E7
0	6394	5737	5	8	1.7735E7
0	6385	5736	5	10	1.7736E7
0	6373	5735	5	12	1.7737E7
0	6360	5734	5	14	1.7738E7
0	6344	5734	5	16	1.7739E7
0	6328	5732	5	16	1.774E7
0	6312	5731	5	14	1.7741E7
0	6299	5731	5	11	1.7742E7
0	6289	5730	5	8	1.7743E7
0	6282	5729	5	5	1.7744E7
0	6278	5729	5	3	1.7745E7
0	6277	5729	5	0	1.7746E7
0	6277	5729	5	0	1.7747E7
0	6277	5729	5	0	1.7748E7
0	6277	5729	5	0	1.7749E7
0	6277	5729	5	0	1.775E7
0	6277	5729	5	0	1.7751E7
0	6277	5729	5	0	1.7752E7
0	6277	5729	5	0	1.7753E7
0	6277	5729	5	0	1.7754E7
0	6277	5729	5	0	1.7755E7
0	6277	5729	5	0	1.7756E7
0	6277	5729	5	0	1.7757E7
0	6277	5729	5	0	1.7758E7
0	6277	5729	5	0	1.7759E7
0	6277	5729	5	0	1.776E7
0	6277	5729	5	0	1.7761E7
0	6277	5729	5	0	1.7762E7
0	6277	5729	5	0	1.7763E7
0	6277	5729	5	0	1.7764E7
0	6277	5729	5	0	1.7765E7
0	6276	5729	5	1	1.7766E7
0	6274	5729	5	3	1.7767E7
0	6269	5728	5	5	1.7768E7
0	6263	5728	5	7	1.7769E7
0	6254	5727	5	9	1.777E7
0	6243	5726	5	11	1.7771E7
0	6231	5725	5	13	1.7772E7
0	6216	5725	5	15	1.7773E7
0	6200	5724	5	16	1.7774E7
0	6183	5723	5	16	1.7775E7
0	6167	5722	5	16	1.7776E7
0	6150	5721	5	16	1.7777E7
0	6136	5720	5	12	1.7778E7
0	6125	5720	5	9	1.7779E7
0	6117	5719	5	6	1.778E7
0	6112	5719	5	4	1.7781E7
0	6109	5719	5	2	1.7782E7
0	6107	5719	5	1	1.7783E7
0	6106	5719	5	0	1.7784E7
0	6106	5719	5	0	1.7785E7
0	6106	5719	5	0	1.7786E7
0	6106	5719	5	0	1.7787E7
0	6106	5719	5	0	1.7788E7
0	6106	5719	5	0	1.7789E7
0	6106	5719	5	0	1.779E7
0	6106	5719	5	0	1.7791E7
0	6106	5719	5	0	1.7792E7
0	6106	5719	5	0	1.7793E7
0	6106	5719	5	0	1.7794E7
0	6106	5719	5	0	1.7795E7
0	6106	5719	5	0	1.7796E7
0	6106	5719	5	0	1.7797E7
0	6106	5719	5	0	1.7798E7
0	6106	5719	5	0	1.7799E7
0	6106	5719	5	0	1.78E7
0	6106	5719	5	0	1.7801E7
0	6106	5719	5	0	1.7802E7
0	6106	5719	5	0	1.7803E7
0	6106	5719	5	0	1.7804E7
0	6106	5719	5	0	1.7805E7
0	6106	5719	5	0	1.7806E7
0	6106	5719	5	0	1.7807E7
0	6106	5719	5	0	1.7808E7
0	6106	5719	5	0	1.7809E7
0	6106	5719	5	0	1.781E7
0	6106	5719	5	0	1.7811E7
0	6106	5719	5	0	1.7812E7
0	6106	5719	5	0	1.7813E7
0	6106	5719	5	0	1.7814E7
0	6106	5719	5	0	1.7815E7
0	6106	5719	5	0	1.7816E7
0	6106	5719	5	0	1.7817E7
0	6106	5719	5	0	1.7818E7
0	6106	5719	5	0	1.7819E7
0	6106	5719	5	0	1.782E7
0	6106	5719	5	0	1.7821E7
0	6104	5719	5	2	1.7822E7
0	6101	5719	5	4	1.7823E7
0	6096	5718	5	6	1.7824E7
0	6089	5718	5	8	1.7825E7
0	6079	5717	5	10	1.7826E7
0	6068	5716	5	12	1.7827E7
0	6055	5715	5	14	1.7828E7
0	6040	5714	5	15	1.7829E7
0	6024	5712	5	16	1.783E7
0	6007	5711	5	16	1.7831E7
0	5991	5709	5	16	1.7832E7
0	5974	5708	5	16	1.7833E7
0	5958	5706	5	16	1.7834E7
0	5941	5704	5	16	1.7835E7
0	5925	5702	5	16	1.7836E7
0	5908	5700	5	16	1.7837E7
0	5892	5698	5	16	1.7838E7
0	5877	5696	5	13	1.7839E7
0	5866	5695	5	10	1.784E7
0	5858	5694	5	6	1.7841E7
0	5852	5694	5	4	1.7842E7
0	5849	5693	5	2	1.7843E7
0	5849	5693	5	0	1.7844E7
0	5849	5693	5	0	1.7845E7
0	5849	5693	5	0	1.7846E7
0	5849	5693	5	0	1.7847E7
0	5849	5693	5	0	1.7848E7
0	5849	5693	5	0	1.7849E7
0	5849	5693	5	0	1.785E7
0	5849	5693	5	0	1.7851E7
0	5849	5693	5	0	1.7852E7
0	5849	5693	5	0	1.7853E7
0	5849	5693	5	0	1.7854E7
0	5849	5693	5	0	1.7855E7
0	5849	5693	5	0	1.7856E7
0	5849	5693	5	0	1.7857E7
0	5849	5693	5	0	1.7858E7
0	5849	5693	5	0	1.7859E7
0	5849	5693	5	0	1.786E7
0	5849	5693	5	0	1.7861E7
0	5849	5693	5	0	1.7862E7
0	5849	5693	5	0	1.7863E7
0	5847	5693	5	2	1.7864E7
0	5844	5693	5	4	1.7865E7
0	5839	5692	5	6	1.7866E7
0	5832	5692	5	7	1.7867E7
0	5823	5691	5	10	1.7868E7
0	5812	5690	5	12	1.7869E7
0	5799	5689	5	14	1.787E7
0	5784	5688	5	15	1.7871E7
