1.4641002184593296E7
1.464100218459443E7
1.4641006E7
1.4641016E7
1.4641026E7
1.4641036E7
1.4641046E7
1.4641056E7
1.4641066E7
1.4641076E7
1.4641086E7
1.4641096E7
1.4641106E7
1.4641116E7
1.4641126E7
1.4641136E7
1.4641146E7
1.4641156E7
1.4641166E7
1.4641176E7
1.4641186E7
1.4641196E7
1.4641206E7
1.4641216E7
1.4641226E7
1.4641236E7
1.4641246E7
1.4641256E7
1.4641266E7
1.4641276E7
1.4641286E7
1.4641296E7
1.4641306E7
1.4641316E7
1.4641319832541086E7
1.464131983254222E7
1.4641326E7
1.4641336E7
1.4641346E7
1.4641356E7
1.4641366E7
1.4641376E7
1.4641386E7
1.4641396E7
1.4641406E7
1.4641416E7
1.4641426E7
1.4641436E7
1.4641446E7
1.4641456E7
1.4641466E7
1.4641476E7
1.4641486E7
1.4641496E7
1.4641506E7
1.4641516E7
1.4641526E7
1.4641536E7
1.4641546E7
1.4641556E7
1.4641566E7
1.4641576E7
1.4641586E7
1.4641596E7
1.4641606E7
1.4641616E7
1.4641626E7
1.4641636E7
1.4641646E7
1.4641656E7
1.4641666E7
1.4641676E7
1.4641686E7
1.4641696E7
1.490100119391343E7
1.4901006E7
1.4901016E7
1.4901026E7
1.4901036E7
1.4901046E7
1.4901056E7
1.4901066E7
1.4901076E7
1.4901086E7
1.4901096E7
1.4901106E7
1.4901116E7
1.4901126E7
1.4901136E7
1.4901146E7
1.4901156E7
1.4901166E7
1.4901176E7
1.4901186E7
1.4901196E7
1.4901206E7
1.4901216E7
1.4901226E7
1.4901236E7
1.4901246E7
1.4901256E7
1.4901266E7
1.4901276E7
1.4901286E7
1.4901296E7
1.4901306E7
1.4901316E7
1.4901326E7
1.4901336E7
1.4901346E7
1.4901356E7
1.4901366E7
1.4901376E7
1.4901386E7
1.4901396E7
1.4901406E7
1.4901416E7
1.4901426E7
1.4901436E7
1.4901446E7
1.4901456E7
1.4901466E7
1.4901476E7
1.4901486E7
1.4901496E7
1.4901506E7
1.4901516E7
1.4901526E7
1.4901536E7
1.4901546E7
1.4901556E7
1.4901566E7
1.4901576E7
1.4901586E7
1.4901596E7
1.4901606E7
1.4901616E7
1.4901626E7
1.4901636E7
1.4901646E7
1.4901656E7
1.4901666E7
1.4901676E7
1.4901686E7
1.4901696E7
1.4901706E7
1.4901716E7
1.4901726E7
1.4901736E7
1.4901746E7
1.4901756E7
1.4901766E7
1.4901776E7
1.4901786E7
1.4901796E7
1.4901806E7
1.4901816E7
1.4901826E7
1.4901836E7
1.4901846E7
1.4901856E7
1.4901866E7
1.4901876E7
1.4901886E7
1.4901896E7
1.4901906E7
1.4901916E7
1.4901926E7
1.4901936E7
1.4901946E7
1.4901956E7
1.4901966E7
1.4901976E7
1.4901986E7
1.4901996E7
1.4902006E7
1.4902016E7
1.4902026E7
1.4902036E7
1.4902046E7
1.4902056E7
1.4902066E7
1.4902076E7
1.4902086E7
1.4902096E7
1.4902106E7
1.4902116E7
1.4902126E7
1.4902136E7
1.4902146E7
1.4902156E7
1.4902166E7
1.4902176E7
1.4902186E7
1.5062006E7
1.5062008917817563E7
1.5062016E7
1.5062026E7
1.5062036E7
1.5062046E7
1.5062056E7
1.5062066E7
1.5062076E7
1.5062086E7
1.5062096E7
1.5062106E7
1.5062116E7
1.5062126E7
1.5062136E7
1.5062146E7
1.5062156E7
1.5062166E7
1.5062176E7
1.5062186E7
1.5062196E7
1.5062206E7
1.5062216E7
1.5062226E7
1.5062236E7
1.5062246E7
1.5062256E7
1.5062266E7
1.5062276E7
1.5062286E7
1.5062296E7
1.5062306E7
1.5062316E7
1.5062326E7
1.5062336E7
1.5062346E7
1.5062356E7
1.5062366E7
1.5062376E7
1.5062386E7
1.5062396E7
1.5062406E7
1.5062416E7
1.5062426E7
1.5062436E7
1.5062446E7
1.5062456E7
1.5062466E7
1.5062476E7
1.5062486E7
1.5062496E7
1.5062506E7
1.5062516E7
1.5062526E7
1.5062536E7
1.5062546E7
1.5062556E7
1.5062566E7
1.5062576E7
1.5062586E7
1.5062596E7
1.5062606E7
1.5062616E7
1.5062626E7
1.5062636E7
1.5062646E7
1.5062656E7
1.5062666E7
1.5062676E7
1.5062686E7
1.5062696E7
1.5062706E7
1.5062716E7
1.5062726E7
1.5062736E7
1.5062746E7
1.5062756E7
1.5062766E7
1.5062776E7
1.5062786E7
1.5062796E7
1.5409006E7
1.5409009695484612E7
1.5409016E7
1.5409019695484612E7
1.5409026E7
1.5409029695484612E7
1.5409036E7
1.5409039695484612E7
1.5409046E7
1.5409056E7
1.5409066E7
1.5409076E7
1.5409086E7
1.5409096E7
1.5409106E7
1.5409116E7
1.5409126E7
1.5409136E7
1.5409146E7
1.5409156E7
1.5409166E7
1.5409176E7
1.5409186E7
1.5409196E7
1.5409206E7
1.5409216E7
1.5409226E7
1.5409236E7
1.5409246E7
1.5409256E7
1.5409266E7
1.5409276E7
1.5409286E7
1.5409296E7
1.5409306E7
1.5409316E7
1.5409326E7
1.5409336E7
1.5409346E7
1.5409356E7
1.5409366E7
1.5409376E7
1.5409386E7
1.5409396E7
1.5409406E7
1.5409416E7
1.5409426E7
1.5409436E7
1.5409446E7
1.5409456E7
1.5409466E7
1.5409476E7
1.5409486E7
1.5409496E7
1.5409506E7
1.5409516E7
1.5409526E7
1.5409536E7
1.5409546E7
1.5409556E7
1.5409566E7
1.5409576E7
1.5409586E7
1.5409596E7
1.5409606E7
1.5409616E7
1.5409626E7
1.5409636E7
1.5409646E7
1.5409656E7
1.5409666E7
1.5409676E7
1.5409686E7
1.5409696E7
1.5409706E7
1.5409716E7
1.5409726E7
1.5409736E7
1.5409746E7
1.5409756E7
1.5409766E7
1.5409776E7
1.5409786E7
1.5409796E7
1.5409806E7
1.5409816E7
1.5409826E7
1.5409836E7
1.5409846E7
1.5409856E7
1.5409866E7
1.5409876E7
1.5409886E7
1.5409896E7
1.5409906E7
1.5409916E7
1.5409926E7
1.5409936E7
1.5409946E7
1.5409956E7
1.5409966E7
1.5409976E7
1.5409986E7
1.5409996E7
1.5410006E7
1.5410016E7
1.5410026E7
1.5410036E7
1.5410046E7
1.5410056E7
1.5410066E7
1.5410076E7
1.5410086E7
1.5410096E7
1.5410106E7
1.5410116E7
