0	7016	6884	4	0	0.0
0	7016	6884	4	0	1.4454E7
0	7015	6883	4	2	1.4455E7
0	7012	6881	4	4	1.4456E7
0	7008	6878	4	6	1.4457E7
0	7002	6874	4	7	1.4458E7
0	6997	6870	4	5	1.4459E7
0	6994	6867	4	2	1.446E7
0	6993	6867	4	0	1.4461E7
0	6993	6867	4	0	1.4462E7
0	6993	6867	4	0	1.4463E7
0	6993	6867	4	0	1.4464E7
0	6993	6867	4	0	1.4465E7
0	6993	6867	4	0	1.4466E7
0	6993	6867	4	0	1.4467E7
0	6993	6867	4	0	1.4468E7
0	6993	6867	4	0	1.4469E7
0	6993	6867	4	0	1.447E7
0	6993	6867	4	0	1.4471E7
0	6993	6867	4	0	1.4472E7
0	6993	6867	4	0	1.4473E7
0	6993	6867	4	0	1.4474E7
0	6993	6867	4	0	1.4475E7
0	6993	6867	4	0	1.4476E7
0	6993	6867	4	0	1.4477E7
0	6993	6867	4	0	1.4478E7
0	6993	6867	4	0	1.4479E7
0	6993	6867	4	0	1.448E7
0	6993	6866	4	1	1.4481E7
0	6991	6864	4	3	1.4482E7
0	6987	6862	4	5	1.4483E7
0	6980	6860	4	7	1.4484E7
0	6973	6854	4	9	1.4485E7
0	6966	6847	4	11	1.4486E7
0	6957	6838	4	13	1.4487E7
0	6946	6828	4	15	1.4488E7
0	6935	6817	4	16	1.4489E7
0	6924	6804	4	16	1.449E7
0	6912	6792	4	16	1.4491E7
0	6902	6779	4	16	1.4492E7
0	6892	6766	4	16	1.4493E7
0	6883	6755	4	12	1.4494E7
0	6876	6746	4	9	1.4495E7
0	6871	6740	4	6	1.4496E7
0	6868	6736	4	4	1.4497E7
0	6865	6733	4	5	1.4498E7
0	6861	6729	4	7	1.4499E7
0	6853	6728	5	9	1.45E7
0	6842	6730	5	11	1.4501E7
0	6832	6726	4	13	1.4502E7
0	6817	6725	5	15	1.4503E7
0	6802	6718	4	16	1.4504E7
0	6787	6713	5	14	1.4505E7
0	6775	6709	5	11	1.4506E7
0	6766	6706	5	8	1.4507E7
0	6760	6704	5	5	1.4508E7
0	6756	6702	5	3	1.4509E7
0	6755	6702	5	0	1.451E7
0	6755	6702	5	0	1.4511E7
0	6755	6702	5	0	1.4512E7
0	6755	6702	5	0	1.4513E7
0	6755	6702	5	0	1.4514E7
0	6755	6702	5	0	1.4515E7
0	6755	6702	5	0	1.4516E7
0	6755	6702	5	0	1.4517E7
0	6755	6702	5	0	1.4518E7
0	6755	6702	5	0	1.4519E7
0	6755	6702	5	0	1.452E7
0	6755	6702	5	0	1.4521E7
0	6755	6702	5	0	1.4522E7
0	6755	6702	5	0	1.4523E7
0	6755	6702	5	0	1.4524E7
0	6755	6702	5	0	1.4525E7
0	6755	6702	5	0	1.4526E7
0	6755	6702	5	0	1.4527E7
0	6755	6702	5	0	1.4528E7
0	6755	6702	5	0	1.4529E7
0	6754	6702	5	1	1.453E7
0	6752	6701	5	3	1.4531E7
0	6747	6700	5	5	1.4532E7
0	6741	6698	5	7	1.4533E7
0	6733	6695	5	9	1.4534E7
0	6723	6690	5	11	1.4535E7
0	6711	6685	4	13	1.4536E7
0	6698	6679	4	14	1.4537E7
0	6687	6674	4	11	1.4538E7
0	6678	6670	4	8	1.4539E7
0	6672	6668	4	5	1.454E7
0	6668	6666	4	3	1.4541E7
0	6666	6665	4	1	1.4542E7
0	6665	6665	4	0	1.4543E7
0	6665	6664	4	0	1.4544E7
0	6665	6664	4	0	1.4545E7
0	6665	6664	4	0	1.4546E7
0	6665	6664	4	0	1.4547E7
0	6665	6664	4	0	1.4548E7
0	6665	6664	4	0	1.4549E7
0	6665	6664	4	0	1.455E7
0	6665	6664	4	0	1.4551E7
0	6665	6664	4	0	1.4552E7
0	6665	6664	4	0	1.4553E7
0	6665	6664	4	0	1.4554E7
0	6665	6664	4	0	1.4555E7
0	6665	6664	4	0	1.4556E7
0	6665	6664	4	0	1.4557E7
0	6665	6664	4	0	1.4558E7
0	6665	6664	4	0	1.4559E7
0	6665	6664	4	0	1.456E7
0	6665	6664	4	0	1.4561E7
0	6665	6664	4	0	1.4562E7
0	6665	6664	4	0	1.4563E7
0	6665	6664	4	0	1.4564E7
0	6665	6664	4	0	1.4565E7
0	6665	6664	4	0	1.4566E7
0	6665	6664	4	0	1.4567E7
0	6665	6664	4	0	1.4568E7
0	6665	6664	4	0	1.4569E7
0	6665	6664	4	0	1.457E7
0	6665	6664	4	0	1.4571E7
0	6665	6664	4	0	1.4572E7
0	6665	6664	4	0	1.4573E7
0	6665	6664	4	0	1.4574E7
0	6665	6664	4	0	1.4575E7
0	6665	6664	4	0	1.4576E7
0	6665	6664	4	0	1.4577E7
0	6665	6664	4	0	1.4578E7
0	6665	6664	4	0	1.4579E7
0	6665	6664	4	0	1.458E7
0	6665	6664	4	0	1.4581E7
0	6663	6664	4	2	1.4582E7
0	6660	6662	4	4	1.4583E7
0	6656	6660	4	6	1.4584E7
0	6649	6657	4	8	1.4585E7
0	6641	6653	4	10	1.4586E7
0	6631	6648	4	12	1.4587E7
0	6619	6642	4	14	1.4588E7
0	6605	6636	4	16	1.4589E7
0	6591	6628	4	16	1.459E7
0	6576	6620	4	16	1.4591E7
0	6563	6610	4	16	1.4592E7
0	6550	6601	4	14	1.4593E7
0	6541	6592	4	11	1.4594E7
0	6534	6586	4	8	1.4595E7
0	6529	6581	4	5	1.4596E7
0	6526	6578	4	3	1.4597E7
0	6526	6578	4	0	1.4598E7
0	6526	6578	4	0	1.4599E7
0	6526	6578	4	0	1.46E7
0	6526	6578	4	0	1.4601E7
0	6526	6578	4	0	1.4602E7
0	6526	6578	4	0	1.4603E7
0	6526	6578	4	0	1.4604E7
0	6526	6578	4	0	1.4605E7
0	6526	6578	4	0	1.4606E7
0	6526	6578	4	0	1.4607E7
0	6526	6578	4	0	1.4608E7
0	6526	6578	4	0	1.4609E7
0	6526	6578	4	0	1.461E7
0	6526	6578	4	0	1.4611E7
0	6526	6578	4	0	1.4612E7
0	6526	6578	4	0	1.4613E7
0	6526	6578	4	0	1.4614E7
0	6526	6578	4	0	1.4615E7
0	6526	6578	4	0	1.4616E7
0	6526	6578	4	0	1.4617E7
0	6525	6577	4	1	1.4618E7
0	6523	6575	4	3	1.4619E7
0	6519	6572	4	5	1.462E7
0	6514	6567	4	7	1.4621E7
0	6508	6561	4	9	1.4622E7
0	6500	6554	4	11	1.4623E7
0	6488	6548	4	13	1.4624E7
0	6477	6539	4	15	1.4625E7
0	6464	6528	4	16	1.4626E7
0	6451	6518	4	16	1.4627E7
0	6439	6507	4	16	1.4628E7
0	6426	6497	4	16	1.4629E7
0	6413	6486	4	16	1.463E7
0	6400	6476	4	16	1.4631E7
0	6387	6466	4	16	1.4632E7
0	6374	6455	4	16	1.4633E7
0	6361	6445	4	16	1.4634E7
0	6348	6435	4	16	1.4635E7
0	6335	6424	4	16	1.4636E7
0	6322	6414	4	16	1.4637E7
0	6309	6404	4	16	1.4638E7
0	6297	6394	4	14	1.4639E7
0	6287	6387	4	10	1.464E7
0	6280	6381	4	7	1.4641E7
0	6275	6379	4	4	1.4642E7
0	6271	6377	4	2	1.4643E7
0	6270	6376	4	1	1.4644E7
0	6269	6376	4	0	1.4645E7
0	6269	6376	4	0	1.4646E7
0	6268	6376	4	0	1.4647E7
0	6268	6376	4	0	1.4648E7
0	6268	6376	4	0	1.4649E7
0	6268	6376	4	0	1.465E7
0	6268	6376	4	0	1.4651E7
0	6268	6376	4	0	1.4652E7
0	6268	6376	4	0	1.4653E7
0	6268	6376	4	0	1.4654E7
0	6268	6376	4	0	1.4655E7
0	6268	6376	4	0	1.4656E7
0	6268	6376	4	0	1.4657E7
0	6268	6376	4	0	1.4658E7
0	6268	6376	4	0	1.4659E7
0	6268	6376	4	0	1.466E7
0	6268	6376	4	0	1.4661E7
0	6268	6376	4	0	1.4662E7
0	6268	6376	4	0	1.4663E7
0	6268	6376	4	0	1.4664E7
0	6268	6376	4	0	1.4665E7
0	6268	6376	4	0	1.4666E7
0	6268	6376	4	0	1.4667E7
0	6268	6376	4	0	1.4668E7
0	6268	6376	4	0	1.4669E7
0	6268	6376	4	0	1.467E7
0	6268	6376	4	0	1.4671E7
0	6268	6376	4	0	1.4672E7
0	6268	6376	4	0	1.4673E7
0	6268	6376	4	0	1.4674E7
0	6268	6376	4	0	1.4675E7
0	6268	6376	4	0	1.4676E7
0	6268	6376	4	0	1.4677E7
0	6268	6376	4	0	1.4678E7
0	6268	6376	4	0	1.4679E7
0	6268	6376	4	0	1.468E7
0	6268	6376	4	0	1.4681E7
0	6268	6376	4	0	1.4682E7
0	6268	6376	4	0	1.4683E7
0	6268	6376	4	0	1.4684E7
0	6268	6376	4	0	1.4685E7
0	6268	6376	4	0	1.4686E7
0	6267	6375	4	2	1.4687E7
0	6263	6374	4	4	1.4688E7
0	6257	6373	5	6	1.4689E7
0	6250	6376	5	8	1.469E7
0	6244	6385	6	10	1.4691E7
0	6242	6396	7	12	1.4692E7
0	6240	6409	7	14	1.4693E7
0	6237	6424	7	16	1.4694E7
0	6235	6439	7	13	1.4695E7
0	6233	6451	7	10	1.4696E7
0	6231	6459	7	7	1.4697E7
0	6230	6465	7	4	1.4698E7
0	6229	6468	7	2	1.4699E7
0	6229	6469	7	0	1.47E7
0	6229	6469	7	0	1.4701E7
0	6229	6469	7	0	1.4702E7
0	6229	6469	7	0	1.4703E7
0	6229	6469	7	0	1.4704E7
0	6229	6469	7	0	1.4705E7
0	6229	6469	7	0	1.4706E7
0	6229	6469	7	0	1.4707E7
0	6229	6469	7	0	1.4708E7
0	6229	6469	7	0	1.4709E7
0	6229	6469	7	0	1.471E7
0	6229	6469	7	0	1.4711E7
0	6229	6469	7	0	1.4712E7
0	6229	6469	7	0	1.4713E7
0	6229	6469	7	0	1.4714E7
0	6229	6469	7	0	1.4715E7
0	6229	6469	7	0	1.4716E7
0	6229	6469	7	0	1.4717E7
0	6229	6469	7	0	1.4718E7
0	6229	6469	7	0	1.4719E7
0	6229	6470	7	2	1.472E7
0	6228	6473	7	3	1.4721E7
0	6228	6478	7	5	1.4722E7
0	6227	6485	7	7	1.4723E7
0	6225	6494	7	9	1.4724E7
0	6224	6504	7	11	1.4725E7
0	6222	6517	7	13	1.4726E7
0	6220	6532	7	15	1.4727E7
0	6217	6548	7	16	1.4728E7
0	6215	6564	7	16	1.4729E7
0	6213	6581	7	16	1.473E7
0	6210	6597	7	16	1.4731E7
0	6208	6614	7	16	1.4732E7
0	6205	6630	7	16	1.4733E7
0	6203	6646	7	16	1.4734E7
0	6200	6663	7	16	1.4735E7
0	6198	6679	7	16	1.4736E7
0	6195	6696	7	16	1.4737E7
0	6193	6712	7	16	1.4738E7
0	6191	6729	7	16	1.4739E7
0	6188	6745	7	16	1.474E7
0	6186	6761	7	16	1.4741E7
0	6183	6778	7	16	1.4742E7
0	6181	6794	7	16	1.4743E7
0	6179	6811	7	16	1.4744E7
0	6177	6825	7	12	1.4745E7
0	6176	6836	7	9	1.4746E7
0	6175	6843	7	6	1.4747E7
0	6174	6848	7	4	1.4748E7
0	6174	6851	7	2	1.4749E7
0	6173	6853	7	0	1.475E7
0	6173	6853	7	0	1.4751E7
0	6173	6854	7	0	1.4752E7
0	6173	6854	7	0	1.4753E7
0	6173	6854	7	0	1.4754E7
0	6173	6854	7	0	1.4755E7
0	6173	6854	7	0	1.4756E7
0	6173	6854	7	0	1.4757E7
0	6173	6854	7	0	1.4758E7
0	6173	6854	7	0	1.4759E7
0	6173	6854	7	0	1.476E7
0	6173	6854	7	0	1.4761E7
0	6173	6855	7	2	1.4762E7
0	6171	6857	7	4	1.4763E7
0	6165	6861	6	6	1.4764E7
0	6158	6860	5	8	1.4765E7
0	6151	6860	5	5	1.4766E7
0	6146	6859	5	3	1.4767E7
0	6142	6859	5	6	1.4768E7
0	6134	6860	5	7	1.4769E7
0	6126	6863	5	9	1.477E7
0	6117	6868	6	11	1.4771E7
0	6105	6874	6	13	1.4772E7
0	6093	6880	6	12	1.4773E7
0	6084	6885	6	8	1.4774E7
0	6078	6888	6	5	1.4775E7
0	6073	6890	6	3	1.4776E7
0	6071	6891	6	0	1.4777E7
0	6071	6891	6	0	1.4778E7
0	6071	6891	6	0	1.4779E7
0	6071	6891	6	0	1.478E7
0	6071	6891	6	0	1.4781E7
0	6071	6891	6	0	1.4782E7
0	6071	6891	6	0	1.4783E7
0	6071	6891	6	0	1.4784E7
0	6071	6891	6	0	1.4785E7
0	6071	6891	6	0	1.4786E7
0	6071	6891	6	0	1.4787E7
0	6071	6891	6	0	1.4788E7
0	6071	6891	6	0	1.4789E7
0	6071	6891	6	0	1.479E7
0	6071	6891	6	0	1.4791E7
0	6071	6891	6	0	1.4792E7
0	6071	6891	6	0	1.4793E7
0	6071	6891	6	0	1.4794E7
0	6071	6891	6	0	1.4795E7
0	6071	6891	6	0	1.4796E7
0	6071	6891	6	0	1.4797E7
0	6069	6892	6	3	1.4798E7
0	6065	6894	6	5	1.4799E7
0	6060	6897	6	6	1.48E7
0	6053	6900	6	8	1.4801E7
0	6043	6904	6	10	1.4802E7
0	6032	6908	5	12	1.4803E7
0	6019	6912	5	14	1.4804E7
0	6004	6917	5	16	1.4805E7
0	5989	6922	5	16	1.4806E7
0	5973	6927	5	16	1.4807E7
0	5957	6932	5	16	1.4808E7
0	5941	6937	5	16	1.4809E7
0	5925	6942	5	16	1.481E7
0	5909	6946	5	16	1.4811E7
0	5893	6951	5	16	1.4812E7
0	5878	6957	6	16	1.4813E7
0	5864	6966	6	16	1.4814E7
0	5850	6976	6	16	1.4815E7
0	5838	6987	6	16	1.4816E7
0	5825	6998	6	16	1.4817E7
0	5813	7008	6	16	1.4818E7
0	5800	7018	6	16	1.4819E7
0	5787	7029	6	16	1.482E7
0	5774	7039	6	16	1.4821E7
0	5761	7050	6	16	1.4822E7
0	5748	7061	6	16	1.4823E7
0	5736	7072	6	16	1.4824E7
0	5723	7082	6	16	1.4825E7
0	5711	7093	6	16	1.4826E7
0	5698	7104	6	16	1.4827E7
0	5686	7115	6	16	1.4828E7
0	5673	7126	6	16	1.4829E7
0	5661	7137	6	16	1.483E7
0	5648	7148	6	16	1.4831E7
0	5636	7159	6	16	1.4832E7
0	5623	7170	6	16	1.4833E7
0	5610	7180	6	16	1.4834E7
0	5602	7166	4	16	1.4835E7
0	5595	7151	4	16	1.4836E7
0	5588	7136	4	16	1.4837E7
0	5581	7121	4	16	1.4838E7
0	5574	7106	4	16	1.4839E7
0	5566	7091	4	16	1.484E7
0	5559	7077	4	16	1.4841E7
0	5551	7062	4	16	1.4842E7
0	5543	7048	4	16	1.4843E7
0	5535	7033	4	16	1.4844E7
0	5526	7019	4	16	1.4845E7
0	5518	7005	4	14	1.4846E7
0	5511	6994	4	11	1.4847E7
0	5506	6986	4	8	1.4848E7
0	5502	6980	4	5	1.4849E7
0	5499	6978	4	3	1.485E7
0	5495	6975	4	6	1.4851E7
0	5493	6968	4	8	1.4852E7
0	5493	6959	3	9	1.4853E7
0	5492	6948	3	12	1.4854E7
0	5490	6935	3	14	1.4855E7
0	5487	6920	3	16	1.4856E7
0	5481	6903	3	17	1.4857E7
0	5475	6885	3	19	1.4858E7
0	5470	6869	3	15	1.4859E7
0	5467	6856	3	12	1.486E7
0	5465	6846	3	8	1.4861E7
0	5463	6839	3	5	1.4862E7
0	5462	6834	3	3	1.4863E7
0	5461	6832	3	0	1.4864E7
0	5461	6832	3	0	1.4865E7
0	5461	6832	3	0	1.4866E7
0	5461	6832	3	0	1.4867E7
0	5461	6832	3	0	1.4868E7
0	5461	6832	3	0	1.4869E7
0	5461	6832	3	0	1.487E7
0	5461	6832	3	0	1.4871E7
0	5461	6832	3	0	1.4872E7
0	5461	6832	3	0	1.4873E7
0	5461	6832	3	0	1.4874E7
0	5461	6832	3	0	1.4875E7
0	5461	6832	3	0	1.4876E7
0	5461	6832	3	0	1.4877E7
0	5461	6832	3	0	1.4878E7
0	5461	6832	3	0	1.4879E7
0	5461	6832	3	0	1.488E7
0	5461	6832	3	0	1.4881E7
0	5461	6832	3	0	1.4882E7
0	5461	6832	3	0	1.4883E7
0	5461	6832	3	0	1.4884E7
0	5461	6830	3	2	1.4885E7
0	5460	6826	3	5	1.4886E7
0	5459	6820	3	7	1.4887E7
0	5457	6812	3	8	1.4888E7
0	5455	6803	3	10	1.4889E7
0	5452	6791	3	12	1.489E7
0	5448	6778	3	14	1.4891E7
0	5444	6763	3	16	1.4892E7
0	5440	6746	3	18	1.4893E7
0	5435	6727	3	20	1.4894E7
0	5430	6709	3	17	1.4895E7
0	5426	6695	3	13	1.4896E7
0	5423	6684	3	10	1.4897E7
0	5420	6672	3	12	1.4898E7
0	5417	6659	3	14	1.4899E7
0	5413	6644	3	16	1.49E7
0	5410	6630	3	12	1.4901E7
0	5408	6620	3	9	1.4902E7
0	5407	6612	3	6	1.4903E7
0	5408	6607	3	3	1.4904E7
0	5408	6604	3	1	1.4905E7
0	5408	6604	3	0	1.4906E7
0	5408	6604	3	0	1.4907E7
0	5408	6604	3	0	1.4908E7
0	5408	6604	3	0	1.4909E7
0	5408	6604	3	0	1.491E7
0	5408	6604	3	0	1.4911E7
0	5408	6604	3	0	1.4912E7
0	5408	6604	3	0	1.4913E7
0	5408	6604	3	0	1.4914E7
0	5408	6604	3	0	1.4915E7
0	5408	6604	3	0	1.4916E7
0	5408	6604	3	0	1.4917E7
0	5408	6604	3	0	1.4918E7
0	5408	6604	3	0	1.4919E7
0	5408	6604	3	0	1.492E7
0	5408	6604	3	0	1.4921E7
0	5408	6604	3	0	1.4922E7
0	5408	6604	3	0	1.4923E7
0	5408	6604	3	0	1.4924E7
0	5408	6604	3	0	1.4925E7
0	5408	6602	3	2	1.4926E7
0	5409	6599	3	4	1.4927E7
0	5409	6594	3	6	1.4928E7
0	5410	6587	3	7	1.4929E7
0	5413	6578	3	9	1.493E7
0	5417	6568	3	11	1.4931E7
0	5423	6557	2	13	1.4932E7
0	5430	6544	2	15	1.4933E7
0	5440	6531	2	17	1.4934E7
0	5452	6517	2	19	1.4935E7
0	5466	6503	2	19	1.4936E7
0	5481	6490	2	19	1.4937E7
0	5497	6477	2	19	1.4938E7
0	5513	6466	2	19	1.4939E7
0	5530	6456	2	19	1.494E7
0	5547	6445	2	19	1.4941E7
0	5564	6434	2	19	1.4942E7
0	5580	6424	2	19	1.4943E7
0	5597	6413	2	19	1.4944E7
0	5614	6402	2	19	1.4945E7
0	5631	6391	2	19	1.4946E7
0	5647	6381	2	19	1.4947E7
0	5664	6370	2	19	1.4948E7
0	5681	6360	2	18	1.4949E7
0	5694	6351	2	14	1.495E7
0	5705	6344	2	11	1.4951E7
0	5713	6339	2	7	1.4952E7
0	5718	6336	2	5	1.4953E7
0	5722	6334	2	3	1.4954E7
0	5723	6333	2	0	1.4955E7
0	5723	6333	2	0	1.4956E7
0	5723	6333	2	0	1.4957E7
0	5723	6333	2	0	1.4958E7
0	5723	6333	2	0	1.4959E7
0	5723	6333	2	0	1.496E7
0	5723	6333	2	0	1.4961E7
0	5723	6333	2	0	1.4962E7
0	5723	6333	2	0	1.4963E7
0	5723	6333	2	0	1.4964E7
0	5723	6333	2	0	1.4965E7
0	5723	6333	2	0	1.4966E7
0	5723	6333	2	0	1.4967E7
0	5723	6333	2	0	1.4968E7
0	5723	6333	2	0	1.4969E7
0	5723	6333	2	0	1.497E7
0	5723	6333	2	0	1.4971E7
0	5723	6333	2	0	1.4972E7
0	5723	6333	2	0	1.4973E7
0	5723	6333	2	0	1.4974E7
0	5723	6332	2	1	1.4975E7
0	5725	6331	2	3	1.4976E7
0	5729	6328	2	5	1.4977E7
0	5734	6325	2	7	1.4978E7
0	5741	6320	2	9	1.4979E7
0	5750	6315	2	10	1.498E7
0	5760	6308	2	13	1.4981E7
0	5772	6301	2	14	1.4982E7
0	5785	6292	2	17	1.4983E7
0	5801	6282	2	18	1.4984E7
0	5818	6272	2	19	1.4985E7
0	5835	6263	2	19	1.4986E7
0	5853	6255	2	19	1.4987E7
0	5872	6247	2	19	1.4988E7
0	5890	6239	2	19	1.4989E7
0	5908	6231	2	19	1.499E7
0	5926	6222	2	19	1.4991E7
0	5945	6217	1	19	1.4992E7
0	5964	6211	1	19	1.4993E7
0	5983	6205	1	19	1.4994E7
0	6003	6199	1	19	1.4995E7
0	6022	6193	1	19	1.4996E7
0	6041	6187	1	19	1.4997E7
0	6059	6180	2	18	1.4998E7
0	6074	6183	1	16	1.4999E7
0	6091	6184	1	16	1.5E7
0	6107	6184	1	16	1.5001E7
0	6124	6185	1	16	1.5002E7
0	6140	6186	1	16	1.5003E7
0	6156	6187	1	13	1.5004E7
0	6168	6188	1	10	1.5005E7
0	6176	6188	1	7	1.5006E7
0	6182	6189	1	4	1.5007E7
0	6186	6189	1	2	1.5008E7
0	6187	6189	1	0	1.5009E7
0	6187	6189	1	0	1.501E7
0	6187	6189	1	0	1.5011E7
0	6187	6189	1	0	1.5012E7
0	6187	6189	1	0	1.5013E7
0	6187	6189	1	0	1.5014E7
0	6187	6189	1	0	1.5015E7
0	6187	6189	1	0	1.5016E7
0	6187	6189	1	0	1.5017E7
0	6187	6189	1	0	1.5018E7
0	6187	6189	1	0	1.5019E7
0	6187	6189	1	0	1.502E7
0	6187	6189	1	0	1.5021E7
0	6187	6189	1	0	1.5022E7
0	6187	6189	1	0	1.5023E7
0	6187	6189	1	0	1.5024E7
0	6187	6189	1	0	1.5025E7
0	6187	6189	1	0	1.5026E7
0	6187	6189	1	0	1.5027E7
0	6187	6189	1	0	1.5028E7
0	6188	6189	1	2	1.5029E7
0	6192	6186	1	4	1.503E7
0	6197	6187	1	6	1.5031E7
0	6204	6188	1	8	1.5032E7
0	6214	6188	1	10	1.5033E7
0	6225	6190	1	12	1.5034E7
0	6238	6191	1	13	1.5035E7
0	6250	6192	1	9	1.5036E7
0	6258	6193	1	7	1.5037E7
0	6263	6194	1	4	1.5038E7
0	6267	6194	1	4	1.5039E7
0	6273	6194	1	6	1.504E7
0	6280	6192	1	8	1.5041E7
0	6291	6185	2	10	1.5042E7
0	6292	6174	3	12	1.5043E7
0	6294	6160	3	14	1.5044E7
0	6297	6145	3	16	1.5045E7
0	6300	6128	3	16	1.5046E7
0	6303	6112	3	16	1.5047E7
0	6305	6098	3	13	1.5048E7
0	6307	6086	3	9	1.5049E7
0	6308	6078	3	6	1.505E7
0	6309	6073	3	4	1.5051E7
0	6310	6070	3	1	1.5052E7
0	6310	6070	3	0	1.5053E7
0	6310	6070	3	0	1.5054E7
0	6310	6070	3	0	1.5055E7
0	6310	6070	3	0	1.5056E7
0	6310	6070	3	0	1.5057E7
0	6310	6070	3	0	1.5058E7
0	6310	6070	3	0	1.5059E7
0	6310	6070	3	0	1.506E7
0	6310	6070	3	0	1.5061E7
0	6310	6070	3	0	1.5062E7
0	6310	6070	3	0	1.5063E7
0	6310	6070	3	0	1.5064E7
0	6310	6070	3	0	1.5065E7
0	6310	6070	3	0	1.5066E7
0	6310	6070	3	0	1.5067E7
0	6310	6070	3	0	1.5068E7
0	6310	6070	3	0	1.5069E7
0	6310	6070	3	0	1.507E7
0	6310	6070	3	0	1.5071E7
0	6310	6070	3	0	1.5072E7
0	6310	6068	3	2	1.5073E7
0	6311	6065	3	4	1.5074E7
0	6311	6059	3	6	1.5075E7
0	6313	6052	3	8	1.5076E7
0	6314	6045	3	5	1.5077E7
0	6314	6040	3	3	1.5078E7
0	6315	6038	3	1	1.5079E7
0	6315	6037	3	0	1.508E7
0	6315	6036	3	0	1.5081E7
0	6315	6036	3	0	1.5082E7
0	6315	6036	3	0	1.5083E7
0	6315	6036	3	0	1.5084E7
0	6315	6036	3	0	1.5085E7
0	6315	6036	3	0	1.5086E7
0	6315	6036	3	0	1.5087E7
0	6315	6036	3	0	1.5088E7
0	6315	6036	3	0	1.5089E7
0	6315	6036	3	0	1.509E7
0	6315	6036	3	0	1.5091E7
0	6315	6036	3	0	1.5092E7
0	6315	6036	3	0	1.5093E7
0	6315	6036	3	0	1.5094E7
0	6315	6036	3	0	1.5095E7
0	6315	6036	3	0	1.5096E7
0	6315	6036	3	0	1.5097E7
0	6315	6036	3	0	1.5098E7
0	6315	6036	3	0	1.5099E7
0	6315	6036	3	0	1.51E7
0	6315	6036	3	0	1.5101E7
0	6315	6036	3	0	1.5102E7
0	6315	6036	3	0	1.5103E7
0	6315	6036	3	0	1.5104E7
0	6315	6036	3	0	1.5105E7
0	6315	6036	3	0	1.5106E7
0	6315	6036	3	0	1.5107E7
0	6315	6036	3	0	1.5108E7
0	6315	6036	3	0	1.5109E7
0	6315	6036	3	0	1.511E7
0	6315	6036	3	0	1.5111E7
0	6315	6036	3	0	1.5112E7
0	6315	6036	3	0	1.5113E7
0	6315	6036	3	0	1.5114E7
0	6315	6036	3	0	1.5115E7
0	6315	6036	3	0	1.5116E7
0	6315	6036	3	0	1.5117E7
0	6315	6036	3	0	1.5118E7
0	6315	6036	3	0	1.5119E7
0	6315	6036	3	0	1.512E7
0	6315	6036	3	0	1.5121E7
0	6315	6034	3	2	1.5122E7
0	6315	6031	3	4	1.5123E7
0	6316	6025	3	6	1.5124E7
0	6317	6018	3	8	1.5125E7
0	6315	6008	3	10	1.5126E7
0	6316	5996	3	12	1.5127E7
0	6317	5983	3	14	1.5128E7
0	6319	5968	3	16	1.5129E7
0	6322	5951	3	16	1.513E7
0	6324	5935	3	16	1.5131E7
0	6327	5919	3	16	1.5132E7
0	6331	5903	3	16	1.5133E7
0	6336	5887	3	16	1.5134E7
0	6341	5871	3	16	1.5135E7
0	6346	5855	3	16	1.5136E7
0	6351	5839	3	16	1.5137E7
0	6356	5823	3	16	1.5138E7
0	6361	5807	3	16	1.5139E7
0	6367	5794	2	13	1.514E7
0	6373	5784	2	10	1.5141E7
0	6376	5776	2	7	1.5142E7
0	6379	5771	2	4	1.5143E7
0	6381	5768	2	2	1.5144E7
0	6381	5767	2	1	1.5145E7
0	6382	5766	2	0	1.5146E7
0	6382	5766	2	0	1.5147E7
0	6382	5766	2	0	1.5148E7
0	6382	5766	2	0	1.5149E7
0	6382	5766	2	0	1.515E7
0	6382	5766	2	0	1.5151E7
0	6382	5766	2	0	1.5152E7
0	6382	5766	2	0	1.5153E7
0	6382	5766	2	0	1.5154E7
0	6382	5766	2	0	1.5155E7
0	6382	5766	2	0	1.5156E7
0	6382	5766	2	0	1.5157E7
0	6382	5766	2	0	1.5158E7
0	6382	5766	2	0	1.5159E7
0	6382	5766	2	0	1.516E7
0	6382	5766	2	0	1.5161E7
0	6382	5766	2	0	1.5162E7
0	6382	5766	2	0	1.5163E7
0	6382	5766	2	0	1.5164E7
0	6382	5766	2	0	1.5165E7
0	6382	5766	2	0	1.5166E7
0	6383	5764	2	2	1.5167E7
0	6384	5761	2	4	1.5168E7
0	6387	5756	2	6	1.5169E7
0	6391	5750	2	8	1.517E7
0	6397	5743	2	10	1.5171E7
0	6406	5735	2	11	1.5172E7
0	6419	5730	1	13	1.5173E7
0	6430	5720	2	15	1.5174E7
0	6441	5708	2	16	1.5175E7
0	6448	5693	2	16	1.5176E7
0	6454	5677	3	16	1.5177E7
0	6461	5662	3	16	1.5178E7
0	6467	5646	3	16	1.5179E7
0	6473	5631	3	16	1.518E7
0	6479	5615	3	16	1.5181E7
0	6485	5600	3	15	1.5182E7
0	6489	5587	3	11	1.5183E7
0	6493	5578	3	8	1.5184E7
0	6495	5571	3	5	1.5185E7
0	6497	5567	3	3	1.5186E7
0	6498	5566	3	0	1.5187E7
0	6498	5566	3	0	1.5188E7
0	6498	5566	3	0	1.5189E7
0	6498	5566	3	0	1.519E7
0	6498	5566	3	0	1.5191E7
0	6498	5566	3	0	1.5192E7
0	6498	5566	3	0	1.5193E7
0	6498	5566	3	0	1.5194E7
0	6498	5566	3	0	1.5195E7
0	6498	5566	3	0	1.5196E7
0	6498	5566	3	0	1.5197E7
0	6498	5566	3	0	1.5198E7
0	6498	5566	3	0	1.5199E7
0	6498	5566	3	0	1.52E7
0	6498	5566	3	0	1.5201E7
0	6498	5566	3	0	1.5202E7
0	6498	5566	3	0	1.5203E7
0	6498	5566	3	0	1.5204E7
0	6498	5566	3	0	1.5205E7
0	6498	5566	3	0	1.5206E7
0	6498	5565	3	1	1.5207E7
0	6499	5563	3	3	1.5208E7
0	6500	5559	3	5	1.5209E7
0	6502	5553	3	6	1.521E7
0	6502	5545	3	8	1.5211E7
0	6506	5535	3	10	1.5212E7
0	6510	5524	3	12	1.5213E7
0	6515	5511	3	14	1.5214E7
0	6520	5497	3	16	1.5215E7
0	6526	5481	3	16	1.5216E7
0	6532	5465	3	16	1.5217E7
0	6537	5450	3	16	1.5218E7
0	6542	5434	3	16	1.5219E7
0	6547	5418	3	16	1.522E7
0	6553	5402	3	16	1.5221E7
0	6557	5387	3	16	1.5222E7
0	6560	5373	3	11	1.5223E7
0	6561	5364	3	7	1.5224E7
0	6561	5359	3	2	1.5225E7
0	6561	5358	3	0	1.5226E7
0	6561	5358	3	0	1.5227E7
0	6561	5358	3	0	1.5228E7
0	6561	5358	3	0	1.5229E7
0	6561	5358	3	0	1.523E7
0	6561	5358	3	0	1.5231E7
0	6561	5358	3	0	1.5232E7
0	6561	5358	3	0	1.5233E7
0	6561	5358	3	0	1.5234E7
0	6561	5358	3	0	1.5235E7
0	6561	5358	3	0	1.5236E7
0	6561	5358	3	0	1.5237E7
0	6561	5358	3	0	1.5238E7
0	6561	5358	3	0	1.5239E7
0	6561	5358	3	0	1.524E7
0	6561	5358	3	0	1.5241E7
0	6561	5358	3	0	1.5242E7
0	6561	5358	3	0	1.5243E7
0	6561	5358	3	0	1.5244E7
0	6561	5358	3	0	1.5245E7
0	6561	5358	3	0	1.5246E7
0	6561	5358	3	0	1.5247E7
0	6561	5358	3	0	1.5248E7
0	6561	5358	3	0	1.5249E7
0	6561	5358	3	0	1.525E7
0	6561	5358	3	0	1.5251E7
0	6561	5358	3	0	1.5252E7
0	6561	5358	3	0	1.5253E7
0	6561	5358	3	0	1.5254E7
0	6561	5358	3	0	1.5255E7
0	6561	5358	3	0	1.5256E7
0	6561	5358	3	0	1.5257E7
0	6561	5358	3	0	1.5258E7
0	6561	5358	3	0	1.5259E7
0	6561	5358	3	0	1.526E7
0	6561	5358	3	0	1.5261E7
0	6561	5356	3	2	1.5262E7
0	6563	5353	3	4	1.5263E7
0	6563	5347	3	6	1.5264E7
0	6562	5340	3	7	1.5265E7
0	6561	5334	3	4	1.5266E7
0	6560	5331	3	2	1.5267E7
0	6560	5329	3	1	1.5268E7
0	6560	5328	3	0	1.5269E7
0	6560	5328	3	0	1.527E7
0	6560	5328	3	0	1.5271E7
0	6560	5328	3	0	1.5272E7
0	6560	5328	3	0	1.5273E7
0	6560	5328	3	0	1.5274E7
0	6560	5328	3	0	1.5275E7
0	6560	5328	3	0	1.5276E7
0	6560	5328	3	0	1.5277E7
0	6560	5328	3	0	1.5278E7
0	6560	5328	3	0	1.5279E7
0	6560	5328	3	0	1.528E7
0	6560	5327	3	0	1.5281E7
0	6559	5326	3	2	1.5282E7
0	6559	5323	3	4	1.5283E7
0	6558	5317	3	6	1.5284E7
0	6558	5310	3	8	1.5285E7
0	6557	5301	3	9	1.5286E7
0	6555	5290	3	11	1.5287E7
0	6551	5278	3	13	1.5288E7
0	6547	5263	3	15	1.5289E7
0	6542	5248	3	16	1.529E7
0	6538	5232	3	16	1.5291E7
0	6533	5216	3	16	1.5292E7
0	6528	5200	3	16	1.5293E7
0	6523	5184	3	16	1.5294E7
0	6518	5168	3	16	1.5295E7
0	6516	5154	3	12	1.5296E7
0	6514	5143	3	9	1.5297E7
0	6513	5135	3	6	1.5298E7
0	6512	5130	3	4	1.5299E7
0	6511	5127	3	2	1.53E7
0	6511	5126	3	1	1.5301E7
0	6511	5123	3	3	1.5302E7
0	6510	5119	3	5	1.5303E7
0	6509	5113	3	7	1.5304E7
0	6509	5105	3	9	1.5305E7
0	6509	5094	3	11	1.5306E7
0	6509	5082	3	13	1.5307E7
0	6509	5068	3	15	1.5308E7
0	6509	5051	3	16	1.5309E7
0	6508	5035	3	16	1.531E7
0	6508	5018	3	16	1.5311E7
0	6509	5002	3	16	1.5312E7
0	6511	4985	3	16	1.5313E7
0	6511	4969	3	16	1.5314E7
0	6512	4952	3	16	1.5315E7
0	6514	4937	3	13	1.5316E7
0	6515	4925	3	10	1.5317E7
0	6516	4916	3	7	1.5318E7
0	6516	4910	3	4	1.5319E7
0	6516	4906	3	2	1.532E7
0	6516	4906	3	0	1.5321E7
0	6516	4906	3	0	1.5322E7
0	6516	4906	3	0	1.5323E7
0	6516	4906	3	0	1.5324E7
0	6516	4906	3	0	1.5325E7
0	6516	4906	3	0	1.5326E7
0	6516	4906	3	0	1.5327E7
0	6516	4906	3	0	1.5328E7
0	6516	4906	3	0	1.5329E7
0	6516	4906	3	0	1.533E7
0	6516	4906	3	0	1.5331E7
0	6516	4906	3	0	1.5332E7
0	6516	4906	3	0	1.5333E7
0	6516	4906	3	0	1.5334E7
0	6516	4906	3	0	1.5335E7
0	6516	4906	3	0	1.5336E7
0	6516	4906	3	0	1.5337E7
0	6516	4906	3	0	1.5338E7
0	6516	4906	3	0	1.5339E7
0	6516	4906	3	0	1.534E7
0	6516	4905	3	2	1.5341E7
0	6517	4901	3	4	1.5342E7
0	6517	4896	3	6	1.5343E7
0	6518	4889	3	8	1.5344E7
0	6519	4879	3	10	1.5345E7
0	6518	4868	3	12	1.5346E7
0	6516	4855	3	14	1.5347E7
0	6513	4839	3	16	1.5348E7
0	6511	4823	3	16	1.5349E7
0	6508	4807	3	16	1.535E7
0	6505	4790	3	16	1.5351E7
0	6503	4774	3	16	1.5352E7
0	6500	4757	3	16	1.5353E7
0	6497	4741	3	16	1.5354E7
0	6495	4725	3	16	1.5355E7
0	6492	4708	3	16	1.5356E7
0	6489	4692	3	16	1.5357E7
0	6487	4675	3	16	1.5358E7
0	6502	4667	1	16	1.5359E7
0	6518	4663	1	15	1.536E7
0	6531	4660	1	12	1.5361E7
0	6544	4656	1	14	1.5362E7
0	6559	4653	1	16	1.5363E7
0	6576	4649	1	16	1.5364E7
0	6591	4643	1	16	1.5365E7
0	6608	4640	1	16	1.5366E7
0	6624	4637	1	16	1.5367E7
0	6640	4634	1	16	1.5368E7
0	6657	4631	1	16	1.5369E7
0	6673	4628	1	16	1.537E7
0	6689	4625	1	16	1.5371E7
0	6706	4622	1	16	1.5372E7
0	6722	4619	1	16	1.5373E7
0	6738	4616	1	16	1.5374E7
0	6755	4613	1	16	1.5375E7
0	6771	4610	1	16	1.5376E7
0	6787	4607	1	16	1.5377E7
0	6804	4604	1	16	1.5378E7
0	6820	4602	1	16	1.5379E7
0	6836	4599	1	16	1.538E7
0	6853	4596	1	16	1.5381E7
0	6869	4593	1	16	1.5382E7
0	6886	4591	1	16	1.5383E7
0	6902	4588	1	16	1.5384E7
0	6918	4586	1	16	1.5385E7
0	6935	4583	1	16	1.5386E7
0	6951	4581	1	16	1.5387E7
0	6964	4577	1	12	1.5388E7
0	6974	4564	2	14	1.5389E7
0	6974	4549	3	16	1.539E7
0	6973	4532	3	16	1.5391E7
0	6972	4515	3	16	1.5392E7
0	6971	4499	3	16	1.5393E7
0	6970	4482	3	16	1.5394E7
0	6969	4466	3	16	1.5395E7
0	6968	4449	3	16	1.5396E7
0	6967	4433	3	16	1.5397E7
0	6966	4416	3	16	1.5398E7
0	6966	4400	3	14	1.5399E7
0	6973	4394	2	11	1.54E7
0	6982	4396	1	8	1.5401E7
0	6988	4397	1	5	1.5402E7
0	6992	4397	1	2	1.5403E7
0	6994	4398	1	1	1.5404E7
0	6995	4398	1	0	1.5405E7
0	6996	4398	1	0	1.5406E7
0	6996	4398	1	1	1.5407E7
0	6998	4398	1	2	1.5408E7
0	7002	4399	1	4	1.5409E7
0	7008	4400	1	6	1.541E7
0	7016	4402	1	8	1.5411E7
0	7017	4411	7	11	1.5412E7
0	7018	4423	7	12	1.5413E7
0	7018	4436	7	12	1.5414E7
0	7019	4448	7	12	1.5415E7
0	7019	4461	7	13	1.5416E7
0	7020	4474	7	13	1.5417E7
0	7021	4487	7	11	1.5418E7
0	7022	4498	7	9	1.5419E7
0	7022	4506	7	7	1.542E7
0	7023	4512	7	5	1.5421E7
0	7023	4517	7	3	1.5422E7
0	7023	4519	7	1	1.5423E7
0	7023	4520	7	0	1.5424E7
0	7023	4520	7	0	1.5425E7
0	7023	4521	7	0	1.5426E7
0	7023	4521	7	0	1.5427E7
0	7023	4521	7	0	1.5428E7
0	7023	4521	7	0	1.5429E7
0	7023	4521	7	0	1.543E7
0	7023	4521	7	0	1.5431E7
0	7023	4521	7	0	1.5432E7
0	7023	4521	7	0	1.5433E7
0	7023	4521	7	0	1.5434E7
0	7023	4521	7	0	1.5435E7
0	7023	4521	7	0	1.5436E7
0	7023	4521	7	0	1.5437E7
0	7023	4521	7	0	1.5438E7
0	7023	4521	7	0	1.5439E7
0	7023	4521	7	0	1.544E7
0	7023	4521	7	0	1.5441E7
0	7023	4521	7	1	1.5442E7
0	7023	4524	7	3	1.5443E7
0	7023	4528	7	5	1.5444E7
0	7023	4533	7	4	1.5445E7
0	7023	4536	7	2	1.5446E7
0	7023	4537	7	0	1.5447E7
0	7023	4537	7	0	1.5448E7
0	7023	4537	7	0	1.5449E7
0	7023	4537	7	0	1.545E7
0	7023	4537	7	0	1.5451E7
0	7023	4537	7	0	1.5452E7
0	7023	4537	7	0	1.5453E7
0	7023	4537	7	0	1.5454E7
0	7023	4537	7	0	1.5455E7
0	7023	4537	7	0	1.5456E7
0	7023	4537	7	0	1.5457E7
0	7023	4537	7	0	1.5458E7
0	7023	4537	7	0	1.5459E7
0	7023	4537	7	0	1.546E7
0	7023	4537	7	0	1.5461E7
0	7023	4537	7	0	1.5462E7
0	7023	4537	7	0	1.5463E7
0	7023	4537	7	0	1.5464E7
0	7023	4537	7	0	1.5465E7
0	7023	4537	7	0	1.5466E7
0	7027	4539	7	2	1.5467E7
0	7027	4543	7	4	1.5468E7
0	7027	4549	7	6	1.5469E7
0	7026	4556	7	8	1.547E7
0	7019	4564	6	10	1.5471E7
0	7009	4569	6	12	1.5472E7
0	6995	4571	5	14	1.5473E7
0	6979	4574	5	16	1.5474E7
0	6967	4583	6	16	1.5475E7
0	6963	4599	7	16	1.5476E7
0	6964	4616	7	16	1.5477E7
0	6965	4633	7	16	1.5478E7
0	6965	4649	7	14	1.5479E7
0	6967	4661	7	11	1.548E7
0	6969	4671	7	8	1.5481E7
0	6970	4680	7	10	1.5482E7
0	6972	4691	7	12	1.5483E7
0	6976	4704	7	14	1.5484E7
0	6982	4718	7	16	1.5485E7
0	6988	4734	7	16	1.5486E7
0	6994	4749	7	16	1.5487E7
0	7001	4764	7	16	1.5488E7
0	7007	4780	7	16	1.5489E7
0	7013	4795	7	16	1.549E7
0	7019	4810	7	16	1.5491E7
0	7026	4826	7	16	1.5492E7
0	7029	4842	7	16	1.5493E7
0	7035	4858	7	16	1.5494E7
0	7041	4873	7	16	1.5495E7
0	7048	4889	7	16	1.5496E7
0	7053	4903	7	13	1.5497E7
0	7058	4913	7	10	1.5498E7
0	7061	4921	7	7	1.5499E7
0	7063	4926	7	4	1.55E7
0	7064	4929	7	2	1.5501E7
0	7065	4931	7	1	1.5502E7
0	7065	4931	7	0	1.5503E7
0	7065	4932	7	0	1.5504E7
0	7065	4932	7	0	1.5505E7
0	7065	4932	7	0	1.5506E7
0	7065	4932	7	0	1.5507E7
0	7065	4932	7	0	1.5508E7
0	7065	4932	7	0	1.5509E7
0	7065	4932	7	0	1.551E7
0	7065	4932	7	0	1.5511E7
0	7065	4932	7	0	1.5512E7
0	7065	4932	7	0	1.5513E7
0	7065	4932	7	0	1.5514E7
0	7065	4932	7	0	1.5515E7
0	7065	4932	7	0	1.5516E7
0	7065	4932	7	0	1.5517E7
0	7065	4932	7	0	1.5518E7
0	7065	4932	7	0	1.5519E7
0	7065	4932	7	0	1.552E7
0	7065	4932	7	0	1.5521E7
0	7066	4933	7	2	1.5522E7
0	7067	4936	8	4	1.5523E7
0	7070	4942	8	6	1.5524E7
0	7073	4947	8	5	1.5525E7
0	7076	4953	8	7	1.5526E7
0	7080	4961	8	9	1.5527E7
0	7085	4970	8	11	1.5528E7
0	7090	4980	8	11	1.5529E7
0	7096	4990	8	11	1.553E7
0	7101	5000	8	11	1.5531E7
0	7107	5011	8	12	1.5532E7
0	7113	5022	8	12	1.5533E7
0	7119	5034	8	12	1.5534E7
0	7124	5044	8	10	1.5535E7
0	7128	5051	8	7	1.5536E7
0	7131	5058	8	6	1.5537E7
0	7133	5062	8	3	1.5538E7
0	7135	5065	8	2	1.5539E7
0	7135	5066	8	0	1.554E7
0	7135	5066	8	0	1.5541E7
0	7136	5067	8	0	1.5542E7
0	7136	5067	8	0	1.5543E7
0	7136	5067	8	0	1.5544E7
0	7136	5067	8	0	1.5545E7
0	7136	5067	8	0	1.5546E7
0	7136	5067	8	0	1.5547E7
0	7136	5067	8	0	1.5548E7
0	7136	5067	8	0	1.5549E7
0	7136	5067	8	0	1.555E7
0	7136	5067	8	0	1.5551E7
0	7136	5067	8	0	1.5552E7
0	7136	5067	8	0	1.5553E7
0	7136	5067	8	0	1.5554E7
0	7136	5067	8	0	1.5555E7
0	7136	5067	8	0	1.5556E7
0	7136	5067	8	0	1.5557E7
0	7136	5067	8	0	1.5558E7
0	7136	5068	8	1	1.5559E7
0	7137	5070	8	3	1.556E7
0	7139	5074	8	5	1.5561E7
0	7141	5078	8	4	1.5562E7
0	7143	5081	8	1	1.5563E7
0	7143	5081	8	0	1.5564E7
0	7143	5081	8	0	1.5565E7
0	7143	5081	8	0	1.5566E7
0	7143	5081	8	0	1.5567E7
0	7143	5081	8	0	1.5568E7
0	7143	5081	8	0	1.5569E7
0	7143	5081	8	0	1.557E7
0	7143	5081	8	0	1.5571E7
0	7143	5081	8	0	1.5572E7
0	7143	5081	8	0	1.5573E7
0	7143	5081	8	0	1.5574E7
0	7143	5081	8	0	1.5575E7
0	7143	5081	8	0	1.5576E7
0	7143	5081	8	0	1.5577E7
0	7143	5081	8	0	1.5578E7
0	7143	5081	8	0	1.5579E7
0	7143	5081	8	0	1.558E7
0	7143	5081	8	0	1.5581E7
0	7143	5081	8	0	1.5582E7
0	7143	5081	8	0	1.5583E7
0	7144	5082	8	2	1.5584E7
0	7145	5086	8	4	1.5585E7
0	7148	5091	8	6	1.5586E7
0	7152	5098	8	8	1.5587E7
0	7156	5107	8	10	1.5588E7
0	7161	5117	8	12	1.5589E7
0	7167	5129	8	14	1.559E7
0	7175	5143	8	16	1.5591E7
0	7182	5158	8	16	1.5592E7
0	7190	5173	8	16	1.5593E7
0	7197	5188	8	16	1.5594E7
0	7205	5203	8	16	1.5595E7
0	7212	5217	8	16	1.5596E7
0	7219	5231	8	13	1.5597E7
0	7224	5241	8	10	1.5598E7
0	7228	5249	8	7	1.5599E7
0	7231	5254	8	4	1.56E7
0	7232	5257	8	2	1.5601E7
0	7233	5259	8	2	1.5602E7
0	7234	5262	8	3	1.5603E7
0	7236	5266	8	5	1.5604E7
0	7239	5271	8	6	1.5605E7
0	7242	5278	8	8	1.5606E7
0	7247	5286	8	10	1.5607E7
0	7252	5297	8	11	1.5608E7
0	7256	5306	8	9	1.5609E7
0	7260	5313	8	7	1.561E7
0	7262	5319	8	5	1.5611E7
0	7264	5323	8	3	1.5612E7
0	7266	5326	8	2	1.5613E7
0	7267	5328	8	1	1.5614E7
0	7267	5328	8	0	1.5615E7
0	7267	5329	8	0	1.5616E7
0	7267	5329	8	0	1.5617E7
0	7268	5329	8	0	1.5618E7
0	7268	5329	8	0	1.5619E7
0	7268	5329	8	0	1.562E7
0	7268	5329	8	0	1.5621E7
0	7268	5329	8	0	1.5622E7
0	7268	5329	8	0	1.5623E7
0	7268	5329	8	0	1.5624E7
0	7268	5329	8	0	1.5625E7
0	7268	5329	8	0	1.5626E7
0	7268	5329	8	0	1.5627E7
0	7268	5331	8	2	1.5628E7
0	7270	5333	8	3	1.5629E7
0	7271	5337	8	3	1.563E7
0	7273	5340	8	2	1.5631E7
0	7273	5341	8	1	1.5632E7
0	7274	5342	8	0	1.5633E7
0	7274	5343	8	0	1.5634E7
0	7274	5343	8	0	1.5635E7
0	7274	5343	8	0	1.5636E7
0	7274	5343	8	0	1.5637E7
0	7274	5343	8	0	1.5638E7
0	7274	5343	8	0	1.5639E7
0	7274	5343	8	0	1.564E7
0	7274	5343	8	0	1.5641E7
0	7274	5343	8	0	1.5642E7
0	7274	5343	8	0	1.5643E7
0	7274	5343	8	0	1.5644E7
0	7274	5343	8	0	1.5645E7
0	7274	5343	8	0	1.5646E7
0	7274	5343	8	0	1.5647E7
0	7274	5343	8	0	1.5648E7
0	7274	5343	8	0	1.5649E7
0	7274	5343	8	0	1.565E7
0	7274	5343	8	0	1.5651E7
0	7274	5343	8	0	1.5652E7
0	7274	5343	8	0	1.5653E7
0	7274	5343	8	0	1.5654E7
0	7274	5343	8	0	1.5655E7
0	7274	5343	8	0	1.5656E7
0	7274	5343	8	0	1.5657E7
0	7274	5343	8	0	1.5658E7
0	7274	5343	8	0	1.5659E7
0	7274	5343	8	0	1.566E7
0	7274	5343	8	0	1.5661E7
0	7274	5343	8	0	1.5662E7
0	7274	5343	8	0	1.5663E7
0	7274	5343	8	0	1.5664E7
0	7274	5343	8	0	1.5665E7
0	7274	5343	8	0	1.5666E7
0	7274	5343	8	0	1.5667E7
0	7274	5343	8	0	1.5668E7
0	7274	5343	8	0	1.5669E7
0	7274	5343	8	0	1.567E7
0	7274	5343	8	0	1.5671E7
0	7274	5343	8	0	1.5672E7
0	7274	5343	8	0	1.5673E7
0	7274	5343	8	0	1.5674E7
0	7274	5343	8	0	1.5675E7
0	7274	5343	8	0	1.5676E7
0	7274	5343	8	0	1.5677E7
0	7274	5343	8	0	1.5678E7
0	7274	5343	8	0	1.5679E7
0	7274	5343	8	0	1.568E7
0	7274	5343	8	0	1.5681E7
0	7274	5343	8	0	1.5682E7
0	7275	5344	8	2	1.5683E7
0	7277	5348	8	4	1.5684E7
0	7279	5352	8	4	1.5685E7
0	7280	5355	8	2	1.5686E7
0	7281	5356	8	1	1.5687E7
0	7281	5357	8	0	1.5688E7
0	7281	5357	8	0	1.5689E7
0	7281	5357	8	0	1.569E7
0	7281	5357	8	0	1.5691E7
0	7281	5357	8	0	1.5692E7
0	7281	5357	8	0	1.5693E7
0	7281	5357	8	0	1.5694E7
0	7281	5357	8	0	1.5695E7
0	7281	5357	8	0	1.5696E7
0	7281	5357	8	0	1.5697E7
0	7281	5357	8	0	1.5698E7
0	7281	5357	8	0	1.5699E7
0	7281	5357	8	0	1.57E7
0	7281	5357	8	0	1.5701E7
0	7281	5357	8	0	1.5702E7
0	7281	5357	8	0	1.5703E7
0	7281	5358	8	0	1.5704E7
0	7282	5359	8	1	1.5705E7
0	7283	5362	8	3	1.5706E7
0	7285	5365	8	4	1.5707E7
0	7286	5368	8	2	1.5708E7
0	7287	5370	8	1	1.5709E7
0	7288	5371	8	0	1.571E7
0	7288	5371	8	0	1.5711E7
0	7288	5371	8	0	1.5712E7
0	7288	5371	8	0	1.5713E7
0	7288	5371	8	0	1.5714E7
0	7288	5371	8	0	1.5715E7
0	7288	5371	8	0	1.5716E7
0	7288	5371	8	0	1.5717E7
0	7288	5371	8	0	1.5718E7
0	7288	5371	8	0	1.5719E7
0	7288	5371	8	0	1.572E7
0	7288	5371	8	0	1.5721E7
0	7288	5371	8	0	1.5722E7
0	7288	5371	8	0	1.5723E7
0	7288	5371	8	0	1.5724E7
0	7288	5371	8	0	1.5725E7
0	7288	5371	8	0	1.5726E7
0	7288	5371	8	0	1.5727E7
0	7288	5371	8	0	1.5728E7
0	7288	5372	8	1	1.5729E7
0	7289	5374	8	2	1.573E7
0	7291	5377	8	4	1.5731E7
0	7293	5382	8	4	1.5732E7
0	7294	5385	8	2	1.5733E7
0	7295	5385	8	0	1.5734E7
0	7295	5385	8	0	1.5735E7
0	7295	5385	8	0	1.5736E7
0	7295	5385	8	0	1.5737E7
0	7295	5385	8	0	1.5738E7
0	7295	5385	8	0	1.5739E7
0	7295	5385	8	0	1.574E7
0	7295	5385	8	0	1.5741E7
0	7295	5385	8	0	1.5742E7
0	7295	5385	8	0	1.5743E7
0	7295	5385	8	0	1.5744E7
0	7295	5385	8	0	1.5745E7
0	7295	5385	8	0	1.5746E7
0	7295	5385	8	0	1.5747E7
0	7295	5385	8	0	1.5748E7
0	7295	5385	8	0	1.5749E7
0	7295	5385	8	0	1.575E7
0	7295	5385	8	0	1.5751E7
0	7295	5385	8	0	1.5752E7
0	7298	5384	8	0	1.5753E7
0	7301	5384	8	2	1.5754E7
0	7303	5387	8	4	1.5755E7
0	7304	5390	8	2	1.5756E7
0	7305	5392	8	1	1.5757E7
0	7306	5393	8	0	1.5758E7
0	7306	5393	8	0	1.5759E7
0	7306	5393	8	0	1.576E7
0	7306	5393	8	0	1.5761E7
0	7307	5395	8	2	1.5762E7
0	7309	5398	8	4	1.5763E7
0	7314	5401	8	7	1.5764E7
0	7321	5404	8	9	1.5765E7
0	7331	5407	1	11	1.5766E7
0	7343	5409	1	13	1.5767E7
0	7357	5412	1	14	1.5768E7
0	7372	5415	1	16	1.5769E7
0	7389	5418	1	15	1.577E7
0	7402	5421	1	11	1.5771E7
0	7412	5423	1	8	1.5772E7
0	7419	5424	1	5	1.5773E7
0	7424	5425	1	3	1.5774E7
0	7426	5426	1	1	1.5775E7
0	7427	5426	1	0	1.5776E7
0	7428	5426	1	0	1.5777E7
0	7428	5426	1	0	1.5778E7
0	7428	5426	1	0	1.5779E7
0	7428	5426	1	0	1.578E7
0	7428	5426	1	0	1.5781E7
0	7428	5426	1	0	1.5782E7
0	7428	5426	1	0	1.5783E7
0	7428	5426	1	0	1.5784E7
0	7428	5426	1	0	1.5785E7
0	7428	5426	1	0	1.5786E7
0	7428	5426	1	0	1.5787E7
0	7428	5426	1	0	1.5788E7
0	7428	5426	1	0	1.5789E7
0	7428	5426	1	0	1.579E7
0	7428	5426	1	0	1.5791E7
0	7428	5426	1	0	1.5792E7
0	7428	5426	1	0	1.5793E7
0	7428	5426	1	0	1.5794E7
0	7428	5426	1	0	1.5795E7
0	7428	5426	1	0	1.5796E7
0	7430	5426	1	2	1.5797E7
0	7433	5427	1	4	1.5798E7
0	7439	5429	1	6	1.5799E7
0	7446	5430	1	8	1.58E7
0	7455	5432	1	10	1.5801E7
0	7466	5433	1	12	1.5802E7
0	7479	5433	1	14	1.5803E7
0	7494	5434	1	16	1.5804E7
0	7510	5431	1	15	1.5805E7
0	7522	5425	2	11	1.5806E7
0	7530	5420	2	8	1.5807E7
0	7536	5416	2	5	1.5808E7
0	7539	5414	2	3	1.5809E7
0	7541	5413	2	0	1.581E7
0	7541	5413	2	0	1.5811E7
0	7541	5413	2	0	1.5812E7
0	7541	5413	2	0	1.5813E7
0	7541	5413	2	0	1.5814E7
0	7541	5413	2	0	1.5815E7
0	7541	5413	2	0	1.5816E7
0	7541	5413	2	0	1.5817E7
0	7541	5413	2	0	1.5818E7
0	7541	5413	2	0	1.5819E7
0	7541	5413	2	0	1.582E7
0	7541	5413	2	0	1.5821E7
0	7541	5413	2	0	1.5822E7
0	7541	5413	2	0	1.5823E7
0	7541	5413	2	0	1.5824E7
0	7541	5413	2	0	1.5825E7
0	7541	5413	2	0	1.5826E7
0	7541	5413	2	0	1.5827E7
0	7541	5413	2	0	1.5828E7
0	7541	5413	2	0	1.5829E7
0	7541	5412	2	1	1.583E7
0	7543	5411	2	3	1.5831E7
0	7547	5408	2	5	1.5832E7
0	7550	5402	2	7	1.5833E7
0	7557	5398	2	9	1.5834E7
0	7566	5392	2	11	1.5835E7
0	7576	5385	2	13	1.5836E7
0	7589	5377	2	15	1.5837E7
0	7602	5368	2	16	1.5838E7
0	7616	5359	2	16	1.5839E7
0	7632	5354	1	16	1.584E7
0	7649	5350	1	16	1.5841E7
0	7666	5349	1	16	1.5842E7
0	7682	5352	1	16	1.5843E7
0	7698	5357	1	16	1.5844E7
0	7714	5362	1	16	1.5845E7
0	7728	5372	8	16	1.5846E7
0	7741	5379	8	13	1.5847E7
0	7750	5385	8	10	1.5848E7
0	7757	5390	8	6	1.5849E7
0	7761	5394	8	4	1.585E7
0	7763	5396	8	2	1.5851E7
0	7763	5397	8	0	1.5852E7
0	7763	5397	8	0	1.5853E7
0	7763	5397	8	0	1.5854E7
0	7763	5397	8	0	1.5855E7
0	7763	5397	8	0	1.5856E7
0	7763	5397	8	0	1.5857E7
0	7763	5397	8	0	1.5858E7
0	7763	5397	8	0	1.5859E7
0	7763	5397	8	0	1.586E7
0	7763	5397	8	0	1.5861E7
0	7763	5397	8	0	1.5862E7
0	7763	5397	8	0	1.5863E7
0	7763	5397	8	0	1.5864E7
0	7763	5397	8	0	1.5865E7
0	7763	5397	8	0	1.5866E7
0	7763	5397	8	0	1.5867E7
0	7763	5397	8	0	1.5868E7
0	7763	5397	8	0	1.5869E7
0	7763	5397	8	0	1.587E7
0	7763	5397	8	0	1.5871E7
0	7764	5398	8	2	1.5872E7
0	7767	5400	8	4	1.5873E7
0	7771	5404	8	6	1.5874E7
0	7776	5409	8	8	1.5875E7
0	7783	5415	8	10	1.5876E7
0	7790	5423	8	12	1.5877E7
0	7797	5434	8	13	1.5878E7
0	7805	5447	8	15	1.5879E7
0	7813	5461	8	16	1.588E7
0	7821	5476	8	16	1.5881E7
0	7829	5490	8	16	1.5882E7
0	7837	5505	8	16	1.5883E7
0	7845	5519	8	16	1.5884E7
0	7853	5533	8	14	1.5885E7
0	7859	5543	8	10	1.5886E7
0	7864	5552	8	7	1.5887E7
0	7866	5557	8	5	1.5888E7
0	7868	5561	8	2	1.5889E7
0	7869	5562	8	0	1.589E7
0	7869	5562	8	0	1.5891E7
0	7869	5562	8	0	1.5892E7
0	7869	5562	8	0	1.5893E7
0	7869	5562	8	0	1.5894E7
0	7869	5562	8	0	1.5895E7
0	7869	5562	8	0	1.5896E7
0	7869	5562	8	0	1.5897E7
0	7869	5562	8	0	1.5898E7
0	7869	5562	8	0	1.5899E7
0	7869	5562	8	0	1.59E7
0	7869	5562	8	0	1.5901E7
0	7869	5562	8	0	1.5902E7
0	7869	5562	8	0	1.5903E7
0	7869	5562	8	0	1.5904E7
0	7869	5562	8	0	1.5905E7
0	7869	5562	8	0	1.5906E7
0	7869	5562	8	0	1.5907E7
0	7869	5562	8	0	1.5908E7
0	7869	5562	8	0	1.5909E7
0	7869	5562	8	1	1.591E7
0	7871	5565	8	3	1.5911E7
0	7873	5569	8	6	1.5912E7
0	7876	5575	8	7	1.5913E7
0	7880	5583	8	9	1.5914E7
0	7885	5593	8	11	1.5915E7
0	7891	5604	8	13	1.5916E7
0	7898	5617	8	15	1.5917E7
0	7906	5632	8	16	1.5918E7
0	7914	5646	8	16	1.5919E7
0	7921	5661	8	16	1.592E7
0	7928	5676	8	16	1.5921E7
0	7934	5691	8	15	1.5922E7
0	7940	5704	8	11	1.5923E7
0	7944	5713	8	8	1.5924E7
0	7947	5719	8	5	1.5925E7
0	7949	5724	8	3	1.5926E7
0	7950	5726	8	1	1.5927E7
0	7950	5727	8	0	1.5928E7
0	7950	5727	8	0	1.5929E7
0	7950	5728	8	0	1.593E7
0	7950	5728	8	0	1.5931E7
0	7951	5729	8	2	1.5932E7
0	7952	5732	8	4	1.5933E7
0	7954	5737	8	6	1.5934E7
0	7957	5744	7	8	1.5935E7
0	7961	5752	7	9	1.5936E7
0	7963	5763	7	11	1.5937E7
0	7964	5776	7	13	1.5938E7
0	7959	5790	7	15	1.5939E7
0	7953	5805	6	16	1.594E7
0	7946	5819	6	14	1.5941E7
0	7941	5830	6	10	1.5942E7
0	7938	5838	6	7	1.5943E7
0	7935	5844	6	4	1.5944E7
0	7933	5847	6	2	1.5945E7
0	7933	5848	6	0	1.5946E7
0	7933	5848	6	0	1.5947E7
0	7933	5848	6	0	1.5948E7
0	7933	5848	6	0	1.5949E7
0	7933	5848	6	0	1.595E7
0	7933	5848	6	0	1.5951E7
0	7933	5848	6	0	1.5952E7
0	7933	5848	6	0	1.5953E7
0	7933	5848	6	0	1.5954E7
0	7933	5848	6	0	1.5955E7
0	7933	5848	6	0	1.5956E7
0	7933	5848	6	0	1.5957E7
0	7933	5848	6	0	1.5958E7
0	7933	5848	6	0	1.5959E7
0	7933	5848	6	0	1.596E7
0	7933	5848	6	0	1.5961E7
0	7933	5848	6	0	1.5962E7
0	7933	5848	6	0	1.5963E7
0	7933	5848	6	0	1.5964E7
0	7933	5848	6	0	1.5965E7
0	7933	5849	6	1	1.5966E7
0	7935	5852	6	3	1.5967E7
0	7933	5857	6	5	1.5968E7
0	7930	5863	6	7	1.5969E7
0	7927	5871	6	9	1.597E7
0	7923	5880	6	11	1.5971E7
0	7921	5892	7	13	1.5972E7
0	7921	5907	7	14	1.5973E7
0	7921	5919	7	10	1.5974E7
0	7921	5929	7	7	1.5975E7
0	7921	5935	7	5	1.5976E7
0	7921	5939	7	2	1.5977E7
0	7920	5941	7	1	1.5978E7
0	7920	5942	7	0	1.5979E7
0	7920	5942	7	0	1.598E7
0	7920	5942	7	0	1.5981E7
0	7920	5942	7	0	1.5982E7
0	7920	5942	7	0	1.5983E7
0	7920	5942	7	0	1.5984E7
0	7920	5942	7	0	1.5985E7
0	7920	5942	7	0	1.5986E7
0	7920	5942	7	0	1.5987E7
0	7920	5942	7	0	1.5988E7
0	7920	5942	7	0	1.5989E7
0	7920	5942	7	0	1.599E7
0	7920	5942	7	0	1.5991E7
0	7920	5942	7	0	1.5992E7
0	7920	5942	7	0	1.5993E7
0	7920	5942	7	0	1.5994E7
0	7920	5942	7	0	1.5995E7
0	7920	5942	7	0	1.5996E7
0	7920	5942	7	0	1.5997E7
0	7920	5942	7	0	1.5998E7
0	7920	5942	7	0	1.5999E7
0	7920	5942	7	0	1.6E7
0	7920	5942	7	0	1.6001E7
0	7920	5942	7	0	1.6002E7
0	7920	5942	7	0	1.6003E7
0	7920	5942	7	0	1.6004E7
0	7920	5942	7	0	1.6005E7
0	7920	5942	7	0	1.6006E7
0	7920	5942	7	0	1.6007E7
0	7920	5942	7	0	1.6008E7
0	7920	5942	7	0	1.6009E7
0	7920	5942	7	0	1.601E7
0	7920	5942	7	0	1.6011E7
0	7920	5942	7	0	1.6012E7
0	7920	5942	7	0	1.6013E7
0	7920	5942	7	0	1.6014E7
0	7920	5942	7	0	1.6015E7
0	7920	5942	7	0	1.6016E7
0	7920	5942	7	0	1.6017E7
0	7920	5942	7	0	1.6018E7
0	7920	5942	7	0	1.6019E7
0	7920	5942	7	0	1.602E7
0	7920	5942	7	0	1.6021E7
0	7920	5942	7	0	1.6022E7
0	7920	5942	7	0	1.6023E7
0	7920	5942	7	0	1.6024E7
0	7920	5944	7	2	1.6025E7
0	7920	5947	7	4	1.6026E7
0	7920	5952	7	6	1.6027E7
0	7920	5960	7	8	1.6028E7
0	7921	5969	7	9	1.6029E7
0	7921	5980	7	11	1.603E7
0	7921	5992	7	13	1.6031E7
0	7921	6007	7	15	1.6032E7
0	7922	6024	7	16	1.6033E7
0	7924	6039	7	14	1.6034E7
0	7925	6052	7	11	1.6035E7
0	7926	6061	7	8	1.6036E7
0	7927	6068	7	5	1.6037E7
0	7928	6072	7	3	1.6038E7
0	7931	6076	8	6	1.6039E7
0	7938	6081	8	8	1.604E7
0	7948	6080	1	10	1.6041E7
0	7959	6080	1	11	1.6042E7
0	7969	6080	1	8	1.6043E7
0	7975	6080	1	5	1.6044E7
0	7980	6080	1	3	1.6045E7
0	7981	6080	1	0	1.6046E7
0	7981	6080	1	0	1.6047E7
0	7981	6080	1	0	1.6048E7
0	7981	6080	1	0	1.6049E7
0	7981	6080	1	0	1.605E7
0	7981	6080	1	0	1.6051E7
0	7981	6080	1	0	1.6052E7
0	7981	6080	1	0	1.6053E7
0	7981	6080	1	0	1.6054E7
0	7981	6080	1	0	1.6055E7
0	7981	6080	1	0	1.6056E7
0	7981	6080	1	0	1.6057E7
0	7981	6080	1	0	1.6058E7
0	7981	6080	1	0	1.6059E7
0	7981	6080	1	0	1.606E7
0	7981	6080	1	0	1.6061E7
0	7981	6080	1	0	1.6062E7
0	7981	6080	1	0	1.6063E7
0	7981	6080	1	0	1.6064E7
0	7981	6080	1	0	1.6065E7
0	7982	6080	1	1	1.6066E7
0	7984	6080	1	3	1.6067E7
0	7989	6080	1	5	1.6068E7
0	7995	6080	1	7	1.6069E7
0	8003	6080	1	9	1.607E7
0	8013	6080	1	11	1.6071E7
0	8026	6079	1	13	1.6072E7
0	8040	6078	1	14	1.6073E7
0	8056	6076	1	16	1.6074E7
0	8074	6073	1	19	1.6075E7
0	8093	6070	1	19	1.6076E7
0	8113	6067	1	19	1.6077E7
0	8132	6063	1	20	1.6078E7
0	8152	6060	1	19	1.6079E7
0	8172	6056	1	19	1.608E7
0	8191	6052	1	18	1.6081E7
0	8207	6048	1	14	1.6082E7
0	8219	6045	1	11	1.6083E7
0	8228	6043	1	8	1.6084E7
0	8234	6041	1	5	1.6085E7
0	8238	6040	1	2	1.6086E7
0	8240	6040	1	0	1.6087E7
0	8240	6040	1	0	1.6088E7
0	8240	6040	1	0	1.6089E7
0	8240	6040	1	0	1.609E7
0	8240	6040	1	0	1.6091E7
0	8240	6040	1	0	1.6092E7
0	8240	6040	1	0	1.6093E7
0	8240	6040	1	0	1.6094E7
0	8240	6040	1	0	1.6095E7
0	8240	6040	1	0	1.6096E7
0	8240	6040	1	0	1.6097E7
0	8240	6040	1	0	1.6098E7
0	8240	6040	1	0	1.6099E7
0	8240	6040	1	0	1.61E7
0	8240	6040	1	0	1.6101E7
0	8240	6040	1	0	1.6102E7
0	8240	6040	1	0	1.6103E7
0	8240	6040	1	0	1.6104E7
0	8240	6040	1	0	1.6105E7
0	8240	6040	1	0	1.6106E7
0	8240	6040	1	1	1.6107E7
0	8243	6039	1	3	1.6108E7
0	8247	6038	1	5	1.6109E7
0	8254	6036	1	7	1.611E7
0	8262	6034	1	9	1.6111E7
0	8273	6031	1	11	1.6112E7
0	8285	6028	1	13	1.6113E7
0	8299	6025	1	15	1.6114E7
0	8316	6021	1	17	1.6115E7
0	8334	6016	1	19	1.6116E7
0	8353	6012	1	19	1.6117E7
0	8373	6006	1	19	1.6118E7
0	8392	6001	1	19	1.6119E7
0	8407	6003	1	16	1.612E7
0	8413	6018	7	16	1.6121E7
0	8418	6034	7	16	1.6122E7
0	8424	6050	7	16	1.6123E7
0	8429	6065	7	16	1.6124E7
0	8435	6081	7	16	1.6125E7
0	8440	6096	7	14	1.6126E7
0	8445	6108	7	11	1.6127E7
0	8448	6117	7	8	1.6128E7
0	8450	6123	7	5	1.6129E7
0	8451	6127	7	3	1.613E7
0	8451	6128	7	0	1.6131E7
0	8451	6128	7	0	1.6132E7
0	8451	6128	7	0	1.6133E7
0	8451	6128	7	0	1.6134E7
0	8451	6128	7	0	1.6135E7
0	8451	6128	7	0	1.6136E7
0	8451	6128	7	0	1.6137E7
0	8451	6128	7	0	1.6138E7
0	8451	6128	7	0	1.6139E7
0	8451	6128	7	0	1.614E7
0	8451	6128	7	0	1.6141E7
0	8451	6128	7	0	1.6142E7
0	8451	6128	7	0	1.6143E7
0	8451	6128	7	0	1.6144E7
0	8451	6128	7	0	1.6145E7
0	8451	6128	7	0	1.6146E7
0	8451	6128	7	0	1.6147E7
0	8451	6128	7	0	1.6148E7
0	8451	6128	7	0	1.6149E7
0	8451	6128	7	0	1.615E7
0	8451	6129	7	1	1.6151E7
0	8452	6131	7	3	1.6152E7
0	8453	6135	7	4	1.6153E7
0	8454	6141	7	6	1.6154E7
0	8456	6148	7	8	1.6155E7
0	8457	6158	7	10	1.6156E7
0	8459	6170	7	12	1.6157E7
0	8461	6184	7	14	1.6158E7
0	8463	6199	7	16	1.6159E7
0	8466	6216	7	16	1.616E7
0	8468	6232	7	16	1.6161E7
0	8471	6249	7	16	1.6162E7
0	8473	6265	7	16	1.6163E7
0	8476	6282	7	16	1.6164E7
0	8478	6298	7	16	1.6165E7
0	8482	6314	7	16	1.6166E7
0	8485	6331	7	16	1.6167E7
0	8488	6347	7	16	1.6168E7
0	8491	6363	7	16	1.6169E7
0	8493	6380	7	16	1.617E7
0	8496	6396	7	16	1.6171E7
0	8499	6412	7	16	1.6172E7
0	8501	6429	7	16	1.6173E7
0	8504	6445	7	16	1.6174E7
0	8506	6462	7	16	1.6175E7
0	8509	6478	7	16	1.6176E7
0	8512	6494	7	16	1.6177E7
0	8515	6511	7	16	1.6178E7
0	8518	6527	7	16	1.6179E7
0	8521	6543	7	16	1.618E7
0	8523	6560	7	16	1.6181E7
0	8525	6576	7	16	1.6182E7
0	8527	6593	7	16	1.6183E7
0	8528	6609	7	15	1.6184E7
0	8527	6622	7	11	1.6185E7
0	8527	6632	7	8	1.6186E7
0	8526	6639	7	5	1.6187E7
0	8525	6643	7	3	1.6188E7
0	8525	6645	7	0	1.6189E7
0	8525	6645	7	0	1.619E7
0	8525	6645	7	0	1.6191E7
0	8525	6645	7	0	1.6192E7
0	8525	6645	7	0	1.6193E7
0	8525	6645	7	0	1.6194E7
0	8525	6645	7	0	1.6195E7
0	8525	6645	7	0	1.6196E7
0	8525	6645	7	0	1.6197E7
0	8525	6645	7	0	1.6198E7
0	8525	6645	7	0	1.6199E7
0	8525	6645	7	0	1.62E7
0	8525	6645	7	0	1.6201E7
0	8525	6645	7	0	1.6202E7
0	8525	6645	7	0	1.6203E7
0	8525	6645	7	0	1.6204E7
0	8525	6645	7	0	1.6205E7
0	8525	6645	7	0	1.6206E7
0	8525	6645	7	0	1.6207E7
0	8525	6645	7	0	1.6208E7
0	8525	6646	7	0	1.6209E7
0	8525	6648	7	3	1.621E7
0	8524	6652	7	5	1.6211E7
0	8524	6658	7	6	1.6212E7
0	8523	6666	7	8	1.6213E7
0	8521	6676	7	11	1.6214E7
0	8520	6688	7	13	1.6215E7
0	8509	6691	5	15	1.6216E7
0	8493	6688	5	16	1.6217E7
0	8477	6684	5	16	1.6218E7
0	8461	6681	5	16	1.6219E7
0	8445	6677	5	16	1.622E7
0	8429	6674	5	16	1.6221E7
0	8414	6671	5	15	1.6222E7
0	8400	6668	5	12	1.6223E7
0	8390	6665	5	9	1.6224E7
0	8383	6664	5	6	1.6225E7
0	8378	6663	5	3	1.6226E7
0	8376	6663	5	0	1.6227E7
0	8376	6663	5	0	1.6228E7
0	8376	6663	5	0	1.6229E7
0	8376	6663	5	0	1.623E7
0	8376	6663	5	0	1.6231E7
0	8376	6663	5	0	1.6232E7
0	8376	6663	5	0	1.6233E7
0	8376	6663	5	0	1.6234E7
0	8376	6663	5	0	1.6235E7
0	8376	6663	5	0	1.6236E7
0	8376	6663	5	0	1.6237E7
0	8376	6663	5	0	1.6238E7
0	8376	6663	5	0	1.6239E7
0	8376	6663	5	0	1.624E7
0	8376	6663	5	0	1.6241E7
0	8376	6663	5	0	1.6242E7
0	8376	6663	5	0	1.6243E7
0	8376	6663	5	0	1.6244E7
0	8376	6663	5	0	1.6245E7
0	8376	6663	5	0	1.6246E7
0	8376	6663	5	0	1.6247E7
0	8374	6662	5	3	1.6248E7
0	8369	6661	5	5	1.6249E7
0	8363	6660	5	7	1.625E7
0	8355	6658	5	9	1.6251E7
0	8345	6656	5	11	1.6252E7
0	8333	6654	5	13	1.6253E7
0	8319	6655	5	14	1.6254E7
0	8303	6654	5	16	1.6255E7
0	8287	6654	5	16	1.6256E7
0	8270	6654	5	16	1.6257E7
0	8254	6656	5	16	1.6258E7
0	8238	6660	5	16	1.6259E7
0	8222	6664	5	16	1.626E7
0	8206	6668	5	16	1.6261E7
0	8190	6671	5	16	1.6262E7
0	8173	6675	5	16	1.6263E7
0	8157	6679	5	16	1.6264E7
0	8141	6683	5	16	1.6265E7
0	8125	6687	5	16	1.6266E7
0	8109	6691	5	16	1.6267E7
0	8093	6695	5	16	1.6268E7
0	8076	6698	5	16	1.6269E7
0	8060	6701	5	16	1.627E7
0	8045	6703	5	13	1.6271E7
0	8034	6704	5	9	1.6272E7
0	8026	6704	5	6	1.6273E7
0	8021	6705	5	4	1.6274E7
0	8017	6705	5	4	1.6275E7
0	8010	6706	5	7	1.6276E7
0	8005	6712	6	8	1.6277E7
0	8000	6721	6	10	1.6278E7
0	7999	6733	7	12	1.6279E7
0	7998	6747	7	14	1.628E7
0	7996	6763	7	16	1.6281E7
0	7993	6776	7	12	1.6282E7
0	7991	6787	7	9	1.6283E7
0	7988	6794	7	6	1.6284E7
0	7987	6799	7	4	1.6285E7
0	7986	6801	7	1	1.6286E7
0	7986	6801	7	0	1.6287E7
0	7986	6801	7	0	1.6288E7
0	7986	6801	7	0	1.6289E7
0	7986	6801	7	0	1.629E7
0	7986	6801	7	0	1.6291E7
0	7986	6801	7	0	1.6292E7
0	7986	6801	7	0	1.6293E7
0	7986	6801	7	0	1.6294E7
0	7986	6801	7	0	1.6295E7
0	7986	6801	7	0	1.6296E7
0	7986	6801	7	0	1.6297E7
0	7986	6801	7	0	1.6298E7
0	7986	6801	7	0	1.6299E7
0	7986	6801	7	0	1.63E7
0	7986	6801	7	0	1.6301E7
0	7986	6801	7	0	1.6302E7
0	7986	6801	7	0	1.6303E7
0	7986	6801	7	0	1.6304E7
0	7986	6801	7	0	1.6305E7
0	7985	6802	7	0	1.6306E7
0	7985	6803	7	2	1.6307E7
0	7983	6807	7	4	1.6308E7
0	7981	6812	6	6	1.6309E7
0	7978	6819	6	8	1.631E7
0	7974	6828	7	10	1.6311E7
