1.2759003447684392E7
1.275900344769233E7
1.2759006E7
1.2759016E7
1.2759026E7
1.2759036E7
1.2759046E7
1.2759056E7
1.2759066E7
1.2759076E7
1.2759086E7
1.2759096E7
1.2759099464090036E7
1.2759099464097975E7
1.2759106E7
1.2759116E7
1.2759126E7
1.2759136E7
1.2759146E7
1.2759156E7
1.2759166E7
1.2759176E7
1.2759186E7
1.2759196E7
1.2759206E7
1.2759216E7
1.2759226E7
1.2759236E7
1.2759246E7
1.2759256E7
1.2759266E7
1.2759276E7
1.2759286E7
1.2759296E7
1.2759306E7
1.2759316E7
1.2759326E7
1.2759336E7
1.2759346E7
1.2759356E7
1.2759366E7
1.2759376E7
1.2759386E7
1.2759396E7
1.2759406E7
1.2759416E7
1.2759426E7
1.2759436E7
1.2759446E7
1.2759456E7
1.2759466E7
1.2759476E7
1.2759486E7
1.2759496E7
1.2759506E7
1.2759516E7
1.2759526E7
1.2759536E7
1.2759546E7
1.2759556E7
1.2759566E7
1.2759576E7
1.2759586E7
1.2759596E7
1.2759606E7
1.2759616E7
1.2759626E7
1.2759636E7
1.2759646E7
1.2759656E7
1.2759666E7
1.2759676E7
1.2759686E7
1.2759696E7
1.2759706E7
1.2759716E7
1.2759726E7
1.2759736E7
1.2759746E7
1.2759756E7
1.2759766E7
1.2759776E7
1.2759786E7
1.2759796E7
1.2759806E7
1.2759816E7
1.2759826E7
1.2759836E7
1.2759846E7
1.2759856E7
1.2759866E7
1.2759876E7
1.2759886E7
1.2834001779795036E7
1.2834001779802974E7
1.2834006E7
1.2834016E7
1.2834020630145358E7
1.2834020630153297E7
1.2834026E7
1.2834036E7
1.2834046E7
1.2834056E7
1.2834066E7
1.2834076E7
1.2834086E7
1.2834096E7
1.2834106E7
1.2834116E7
1.2834126E7
1.2834136E7
1.2834146E7
1.2834156E7
1.2834166E7
1.2834176E7
1.2834186E7
1.2834196E7
1.2834206E7
1.2834216E7
1.2834226E7
1.2834236E7
1.2834246E7
1.2834256E7
1.2834266E7
1.2834276E7
1.2834286E7
1.2834296E7
1.2834306E7
1.2834316E7
1.2834326E7
1.2834336E7
1.2834346E7
1.2834356E7
1.2834366E7
1.2834376E7
1.2834386E7
1.2834396E7
1.2834406E7
1.2834416E7
1.2834426E7
1.2834436E7
1.2834446E7
1.2834456E7
1.2834466E7
1.2834476E7
1.2834486E7
1.2834496E7
1.2834506E7
1.2834516E7
1.2834526E7
1.2834536E7
1.2834546E7
1.2834556E7
1.2834566E7
1.2834576E7
1.2834586E7
1.2834596E7
1.2834606E7
1.2834616E7
1.2834626E7
1.2834636E7
1.2834646E7
1.2834656E7
1.2834666E7
1.2834676E7
1.2834686E7
1.2834696E7
1.2834706E7
1.2834707630145358E7
1.2834707630153297E7
1.2834716E7
1.2834726E7
1.2834736E7
1.2834746E7
1.2834756E7
1.2834766E7
1.2834776E7
1.2834786E7
1.2834796E7
1.2834806E7
1.2834816E7
1.2834826E7
1.2834836E7
1.2834846E7
1.2834856E7
1.2834866E7
1.2834876E7
1.2834886E7
1.2834896E7
1.2834906E7
1.2834916E7
1.2834926E7
1.2834936E7
1.2834946E7
1.2834956E7
1.2834966E7
1.2834976E7
1.2834986E7
1.2834996E7
1.2835006E7
1.2835016E7
1.2835026E7
1.2835036E7
1.2835046E7
1.2835056E7
1.2835066E7
1.2906005978238817E7
1.2906005978246756E7
1.2906006E7
1.2906015978238817E7
1.2906015978246756E7
1.2906016E7
1.2906026E7
1.290602604949914E7
1.2906026049507078E7
1.2906036E7
1.2906036205748603E7
1.2906036205756541E7
1.2906046E7
1.290604604949914E7
1.2906046049507078E7
1.2906056E7
1.2906056205748603E7
1.2906056205756541E7
1.2906066E7
1.2906066091018062E7
1.2906066091026E7
1.2906076E7
1.290607601975774E7
1.2906076019765679E7
1.2906086E7
1.2906086091018062E7
1.2906086091026E7
1.2906096E7
1.290609604949914E7
1.2906096049507078E7
1.2906106E7
1.290610604949914E7
1.2906106049507078E7
1.2906116E7
1.290611604949914E7
1.2906116049507078E7
1.2906126E7
1.290612601975774E7
1.2906126019765679E7
1.2906136E7
1.2906146E7
1.2906156E7
1.2906166E7
1.2906176E7
1.2906186E7
1.2906196E7
1.2906206E7
1.2906216E7
1.2906226E7
1.2906236E7
1.2906246E7
1.2906256E7
1.2906266E7
1.2906276E7
1.2906286E7
1.2906296E7
1.2906306E7
1.2906316E7
1.2906326E7
1.2906336E7
1.2906346E7
1.2906356E7
1.2906366E7
1.2906376E7
1.2906386E7
1.2906396E7
1.2906406E7
1.2906416E7
1.2906426E7
1.2906436E7
1.2906446E7
1.2906456E7
1.2906466E7
1.2906476E7
1.2906486E7
1.2906496E7
1.2906506E7
1.2906516E7
1.2906526E7
1.2906536E7
1.2906546E7
1.2906556E7
1.2906566E7
1.2906576E7
1.2906586E7
1.2906596E7
1.2906606E7
1.2906616E7
1.2906626E7
1.2906636E7
1.2906646E7
1.2906656E7
1.2906666E7
1.2906676E7
1.2906686E7
1.2906696E7
1.2906706E7
1.2906716E7
1.2906726E7
1.2906736E7
1.2906746E7
1.2906756E7
1.2906766E7
1.2906776E7
1.2906786E7
1.2906796E7
1.2906806E7
1.2906816E7
1.2906826E7
1.2906836E7
1.2906846E7
1.2906856E7
1.2906866E7
1.2906876E7
1.2906886E7
1.2906896E7
1.2906906E7
1.2906916E7
1.3115005108436069E7
1.3115006E7
1.3115015108436069E7
1.3115016E7
1.3115025108436069E7
1.3115026E7
1.3115035108436069E7
1.3115036E7
1.3115045108436069E7
1.3115046E7
1.3115055108436069E7
1.3115056E7
1.3115066E7
1.3115075108436069E7
1.3115076E7
1.3115085108436069E7
1.3115086E7
1.3115095108436069E7
1.3115096E7
1.3115105108436069E7
1.3115106E7
1.3115115108436069E7
1.3115116E7
1.3115125108436069E7
1.3115126E7
1.3115135108436069E7
1.3115136E7
1.3115145108436069E7
1.3115146E7
1.3115156E7
1.3115165108436069E7
1.3115166E7
1.3115175108436069E7
1.3115176E7
1.3115186E7
1.3115195108436069E7
1.3115196E7
1.3115205108436069E7
1.3115206E7
1.3115215108436069E7
1.3115216E7
1.3115225108436069E7
1.3115226E7
1.3115235108436069E7
1.3115236E7
1.3115245108436069E7
1.3115246E7
1.3115255108436069E7
1.3115256E7
1.3115265108436069E7
1.3115266E7
1.3115275108436069E7
1.3115276E7
1.3115286E7
1.3115295108436069E7
1.3115296E7
1.3115305108436069E7
1.3115306E7
1.3115315108436069E7
1.3115316E7
1.3115325108436069E7
1.3115326E7
1.3115335108436069E7
1.3115336E7
1.3115345108436069E7
1.3115346E7
1.3115355108436069E7
1.3115356E7
1.3115365108436069E7
1.3115366E7
1.3115375108436069E7
1.3115376E7
1.3115385108436069E7
1.3115386E7
1.3115396E7
1.3115405108436069E7
1.3115406E7
1.3115415108436069E7
1.3115416E7
1.3115425108436069E7
1.3115426E7
1.3115435108436069E7
1.3115436E7
1.3115445108436069E7
1.3115446E7
1.3115455108436069E7
1.3115456E7
1.3115465108436069E7
1.3115466E7
1.3115475108436069E7
1.3115476E7
1.3115485108436069E7
1.3115486E7
1.3115495108436069E7
1.3115496E7
1.3115505108436069E7
1.3115506E7
1.3115516E7
1.3115525108436069E7
1.3115526E7
1.3115535108436069E7
1.3115536E7
1.3115546E7
1.3115555108436069E7
1.3115556E7
1.3115565108436069E7
1.3115566E7
1.3115576E7
1.3115585108436069E7
1.3115586E7
1.3115595108436069E7
1.3115596E7
1.3115606E7
1.3115615108436069E7
1.3115616E7
1.3115625108436069E7
1.3115626E7
1.3115635108436069E7
1.3115636E7
1.3115645108436069E7
1.3115646E7
1.3115655108436069E7
1.3115656E7
1.3115665108436069E7
1.3115666E7
1.3115675108436069E7
1.3115676E7
1.3115685108436069E7
1.3115686E7
1.3115695108436069E7
1.3115696E7
1.3115705108436069E7
1.3115706E7
1.3115715108436069E7
1.3115716E7
1.3115725108436069E7
1.3115726E7
1.3115735108436069E7
1.3115736E7
1.3115746E7
1.3115756E7
1.3115766E7
1.3115776E7
1.3115786E7
1.3115796E7
1.3115806E7
1.3115816E7
1.3115826E7
1.3115836E7
1.3115846E7
1.3115856E7
1.3115866E7
1.3115876E7
1.3115886E7
1.3115896E7
1.3115906E7
1.3115916E7
1.3115926E7
1.3115936E7
1.3115946E7
1.3115956E7
1.3115966E7
1.3115976E7
1.3115986E7
1.3115996E7
1.3116006E7
1.3116016E7
1.3116026E7
1.3116036E7
1.3116046E7
1.3116056E7
1.3116066E7
1.3116076E7
1.3116086E7
1.3261006E7
1.3261006141639194E7
1.3261016E7
1.3261016141639194E7
1.3261026E7
1.3261026141639194E7
1.3261036E7
1.3261036141639194E7
1.3261046E7
1.3261046141639194E7
1.3261056E7
1.3261056141639194E7
1.3261066E7
1.3261066141639194E7
1.3261076E7
1.3261076141639194E7
1.3261086E7
1.3261086141639194E7
1.3261096E7
1.3261096141639194E7
1.3261106E7
1.3261106141639194E7
1.3261116E7
1.3261116141639194E7
1.3261126E7
1.3261126141639194E7
1.3261136E7
1.3261136141639194E7
1.3261146E7
1.3261146141639194E7
1.3261156E7
1.3261166E7
1.3261176E7
1.3261176141639194E7
1.3261186E7
1.3261196E7
1.3261196141639194E7
1.3261206E7
1.3261206141639194E7
1.3261216E7
1.3261216141639194E7
1.3261226E7
1.3261226141639194E7
1.3261236E7
1.3261236141639194E7
1.3261246E7
1.3261246141639194E7
1.3261256E7
1.3261256141639194E7
1.3261266E7
1.3261266141639194E7
1.3261276E7
1.3261276141639194E7
1.3261286E7
1.3261286141639194E7
1.3261296E7
1.3261296141639194E7
1.3261306E7
1.3261306141639194E7
1.3261316E7
1.3261316141639194E7
1.3261326E7
1.3261326141639194E7
1.3261336E7
1.3261336141639194E7
1.3261346E7
1.3261346141639194E7
1.3261356E7
1.3261356141639194E7
1.3261366E7
1.3261366141639194E7
1.3261376E7
1.3261376141639194E7
1.3261386E7
1.3261386141639194E7
1.3261396E7
1.3261406E7
1.3261406141639194E7
1.3261416E7
1.3261416141639194E7
1.3261426E7
1.3261426141639194E7
1.3261436E7
1.3261436141639194E7
1.3261446E7
1.3261446141639194E7
1.3261456E7
1.3261456141639194E7
1.3261466E7
1.3261466141639194E7
1.3261476E7
1.3261476141639194E7
1.3261486E7
1.3261486141639194E7
1.3261496E7
1.3261496141639194E7
1.3261506E7
1.3261506141639194E7
1.3261516E7
1.3261516141639194E7
1.3261526E7
1.3261526141639194E7
1.3261536E7
1.3261536141639194E7
1.3261546E7
1.3261546141639194E7
1.3261556E7
1.3261556141639194E7
1.3261566E7
1.3261566141639194E7
1.3261576E7
1.3261576141639194E7
1.3261586E7
1.3261586141639194E7
1.3261596E7
1.3261596141639194E7
1.3261606E7
1.3261606141639194E7
1.3261616E7
1.3261616141639194E7
1.3261626E7
1.3261626141639194E7
1.3261636E7
1.3261636141639194E7
1.3261646E7
1.3261646141639194E7
1.3261656E7
1.3261656141639194E7
1.3261666E7
1.3261666141639194E7
1.3261676E7
1.3261686E7
1.3261686141639194E7
1.3261696E7
1.3261696141639194E7
1.3261706E7
1.3261706141639194E7
1.3261716E7
1.3261716141639194E7
1.3261726E7
1.3261736E7
1.3261746E7
1.3261756E7
1.3261766E7
1.3261776E7
1.3261786E7
1.3261796E7
1.3261806E7
1.3261816E7
1.3261826E7
1.3261836E7
1.3261846E7
1.3261856E7
1.3261866E7
1.3261876E7
1.3261886E7
1.3261896E7
1.3261906E7
1.3261916E7
1.3261926E7
1.3261936E7
1.3261946E7
1.3261956E7
1.3261966E7
1.3261976E7
1.3261986E7
1.3261996E7
1.3262006E7
1.3262016E7
1.3262026E7
1.3262036E7
1.3262046E7
1.3262056E7
1.3262066E7
1.3262076E7
1.3262086E7
1.3262096E7
1.3262106E7
1.3262116E7
1.3262126E7
1.3262136E7
1.3262146E7
1.3262156E7
