9104002.04121222
9104002.04122043
9104006.0
9104016.0
9104026.0
9104036.0
9104046.0
9104056.0
9104066.0
9104076.0
9104086.0
9104096.0
9104106.0
9104116.0
9104126.0
9104136.0
9104146.0
9104156.0
9104166.0
9104176.0
9104186.0
9104196.0
9104206.0
9104216.0
9104226.0
9104236.0
9104246.0
9104256.0
9104266.0
9104276.0
9104286.0
9104296.0
9104306.0
9104316.0
9104326.0
9104336.0
9104346.0
9104356.0
9104366.0
9104376.0
9104386.0
9104396.0
9104406.0
9104416.0
9104426.0
9104436.0
9104446.0
9104456.0
9104466.0
9104476.0
9104486.0
9104496.0
9104506.0
9104516.0
9104526.0
9104536.0
9104546.0
9104556.0
9104566.0
9104576.0
9104586.0
9104596.0
9104606.0
9104616.0
9104626.0
9104636.0
9104646.0
9104656.0
9104666.0
9104676.0
9104686.0
9104696.0
9104706.0
9104716.0
9104726.0
9104736.0
9104746.0
9104756.0
9104766.0
9104776.0
9104786.0
9104789.760854086
9104789.760862296
9104796.0
9104806.0
9104816.0
9104826.0
9104836.0
9104846.0
9104856.0
9104866.0
9104876.0
9104886.0
9104896.0
9104906.0
9104916.0
9104926.0
9104928.760854086
9104928.760862296
9104936.0
9104946.0
9104956.0
9104966.0
9104976.0
9104986.0
9104996.0
9105006.0
9105016.0
9105026.0
9105036.0
9105046.0
9105056.0
9105066.0
9105076.0
9105086.0
9105096.0
9105106.0
9105116.0
9105126.0
9105136.0
9105146.0
9592005.029701132
9592005.029709343
9592006.0
9592016.0
9592025.029701132
9592025.029709343
9592026.0
9592036.0
9592045.029701132
9592045.029709343
9592046.0
9592055.029701132
9592055.029709343
9592056.0
9592065.029701132
9592065.029709343
9592066.0
9592075.029701132
9592075.029709343
9592076.0
9592086.0
9592095.029701132
9592095.029709343
9592096.0
9592105.029701132
9592105.029709343
9592106.0
9592115.029701132
9592115.029709343
9592116.0
9592125.029701132
9592125.029709343
9592126.0
9592135.029701132
9592135.029709343
9592136.0
9592145.029701132
9592145.029709343
9592146.0
9592155.029701132
9592155.029709343
9592156.0
9592165.029701132
9592165.029709343
9592166.0
9592175.029701132
9592175.029709343
9592176.0
9592185.029701132
9592185.029709343
9592186.0
9592195.029701132
9592195.029709343
9592196.0
9592205.029701132
9592205.029709343
9592206.0
9592215.029701132
9592215.029709343
9592216.0
9592225.029701132
9592225.029709343
9592226.0
9592235.029701132
9592235.029709343
9592236.0
9592245.029701132
9592245.029709343
9592246.0
9592255.029701132
9592255.029709343
9592256.0
9592265.029701132
9592265.029709343
9592266.0
9592275.029701132
9592275.029709343
9592276.0
9592285.029701132
9592285.029709343
9592286.0
9592295.029701132
9592295.029709343
9592296.0
9592305.029701132
9592305.029709343
9592306.0
9592315.029701132
9592315.029709343
9592316.0
9592326.0
9592335.029701132
9592335.029709343
9592336.0
9592345.029701132
9592345.029709343
9592346.0
9592355.029701132
9592355.029709343
9592356.0
9592365.029701132
9592365.029709343
9592366.0
9592375.029701132
9592375.029709343
9592376.0
9592385.029701132
9592385.029709343
9592386.0
9592395.029701132
9592395.029709343
9592396.0
9592405.029701132
9592405.029709343
9592406.0
9592416.0
9592425.029701132
9592425.029709343
9592426.0
9592435.029701132
9592435.029709343
9592436.0
9592445.029701132
9592445.029709343
9592446.0
9592455.029701132
9592455.029709343
9592456.0
9592465.029701132
9592465.029709343
9592466.0
9592475.029701132
9592475.029709343
9592476.0
9592485.029701132
9592485.029709343
9592486.0
9592495.029701132
9592495.029709343
9592496.0
9592505.029701132
9592505.029709343
9592506.0
9592515.029701132
9592515.029709343
9592516.0
9592525.029701132
9592525.029709343
9592526.0
9592535.029701132
9592535.029709343
9592536.0
9592545.029701132
9592545.029709343
9592546.0
9592556.0
9592565.029701132
9592565.029709343
9592566.0
9592576.0
9592586.0
9592595.029701132
9592595.029709343
9592596.0
9592605.029701132
9592605.029709343
9592606.0
9592615.029701132
9592615.029709343
9592616.0
9592626.0
9592635.029701132
9592635.029709343
9592636.0
9592645.029701132
9592645.029709343
9592646.0
9592656.0
9592665.029701132
9592665.029709343
9592666.0
9592675.029701132
9592675.029709343
9592676.0
9592685.029701132
9592685.029709343
9592686.0
9592696.0
9592705.029701132
9592705.029709343
9592706.0
9592715.029701132
9592715.029709343
9592716.0
9592725.029701132
9592725.029709343
9592726.0
9592736.0
9592746.0
9592756.0
1.0115006E7
1.0115016E7
1.0115026E7
1.0115036E7
1.0115046E7
1.0115056E7
1.0115066E7
1.0115076E7
1.0115086E7
1.0115096E7
1.0115106E7
1.0115116E7
1.0115126E7
1.0115136E7
1.0115146E7
1.0115156E7
1.0115166E7
1.0115176E7
1.0115186E7
1.0115196E7
1.0115206E7
1.0115216E7
1.0115226E7
1.0115236E7
1.0115246E7
1.0115256E7
1.0115266E7
1.0115276E7
1.0115286E7
1.0115296E7
1.0115306E7
1.0115316E7
1.0115326E7
1.0115336E7
1.0115346E7
1.0115356E7
1.0115366E7
1.0115376E7
1.0115386E7
1.0115396E7
1.0115397086193169E7
1.0115406E7
1.0115416E7
1.0115426E7
1.0115436E7
1.0115446E7
1.0115456E7
1.0115466E7
1.0115476E7
1.0115486E7
1.0115496E7
1.0115506E7
1.0115516E7
1.0115526E7
1.0115536E7
1.0115546E7
1.0115556E7
1.0115566E7
1.0115576E7
1.0115586E7
1.0115596E7
1.0115606E7
1.0115616E7
1.0115626E7
1.0115636E7
1.0115646E7
1.0115656E7
1.0115666E7
1.0115676E7
1.0115686E7
1.0115696E7
1.0115706E7
1.0115716E7
1.0115726E7
1.0115736E7
1.0115746E7
1.033600339667075E7
1.0336006E7
1.0336016E7
1.0336026E7
1.0336036E7
1.0336046E7
1.0336056E7
1.0336066E7
1.0336076E7
1.0336086E7
1.0336096E7
1.0336106E7
1.0336116E7
1.0336126E7
1.0336136E7
1.0336146E7
1.0336156E7
1.0336166E7
1.0336176E7
1.0336186E7
1.0336196E7
1.0336206E7
1.0336216E7
1.0336226E7
1.0336236E7
1.0336246E7
1.0336256E7
1.0336266E7
1.0336276E7
1.0336286E7
1.0336296E7
1.0336306E7
1.0336316E7
1.0336326E7
1.0336336E7
1.0336346E7
1.0336356E7
1.0336366E7
1.0336376E7
1.0336386E7
1.0336396E7
1.0336406E7
1.0336416E7
1.0336426E7
1.0336436E7
1.0336446E7
1.0336456E7
1.0336466E7
1.0336476E7
1.0336486E7
1.0336496E7
1.0336506E7
1.0336516E7
1.0336526E7
1.0336536E7
1.0336546E7
1.0336556E7
1.0336566E7
1.0336576E7
1.0336586E7
1.0336596E7
1.0336606E7
1.0336616E7
1.0336626E7
1.0336636E7
1.0336646E7
1.0336656E7
1.0336666E7
1.0336676E7
1.0336686E7
1.0336696E7
1.0336706E7
1.0336716E7
1.0336726E7
1.0336736E7
1.0336746E7
1.0336756E7
1.0336766E7
1.0336776E7
1.0336786E7
1.0336796E7
1.0336806E7
1.0336816E7
1.0336826E7
1.0336836E7
1.0336846E7
1.0336856E7
1.0336866E7
1.0336876E7
1.0336886E7
1.0336896E7
1.0336906E7
1.0336916E7
1.0336926E7
1.0336936E7
1.0336946E7
1.0336956E7
1.0336966E7
1.0336976E7
1.0336986E7
1.0336996E7
1.0337006E7
1.0337016E7
1.0337026E7
1.0337036E7
1.0337046E7
1.0337056E7
1.0337066E7
1.0501004656409672E7
1.0501006E7
1.0501014656409672E7
1.0501016E7
1.0501026E7
1.0501034656409672E7
1.0501036E7
1.0501044656409672E7
1.0501046E7
1.0501054656409672E7
1.0501056E7
1.0501064656409672E7
1.0501066E7
1.0501074656409672E7
1.0501076E7
1.0501084656409672E7
1.0501086E7
1.0501094656409672E7
1.0501096E7
1.0501104656409672E7
1.0501106E7
1.0501114656409672E7
1.0501116E7
1.0501124656409672E7
1.0501124981890643E7
1.0501126E7
1.0501134656409672E7
1.0501136E7
1.0501146E7
1.0501154656409672E7
1.0501156E7
1.0501164656409672E7
1.0501166E7
1.0501174656409672E7
1.0501176E7
1.0501184656409672E7
1.0501186E7
1.0501194656409672E7
1.0501196E7
1.0501204656409672E7
1.0501206E7
1.0501214656409672E7
1.0501216E7
1.0501224656409672E7
1.0501226E7
1.0501234656409672E7
1.0501236E7
1.0501244656409672E7
1.0501246E7
1.0501254656409672E7
1.0501256E7
1.0501264656409672E7
1.0501266E7
1.0501274656409672E7
1.0501276E7
1.0501284656409672E7
1.0501286E7
1.0501294656409672E7
1.0501296E7
1.0501304656409672E7
1.0501306E7
1.0501316E7
1.0501324656409672E7
1.0501326E7
1.0501334656409672E7
1.0501336E7
1.0501344656409672E7
1.0501346E7
1.0501354656409672E7
1.0501356E7
1.0501364656409672E7
1.0501366E7
1.0501374656409672E7
1.0501376E7
1.0501386E7
1.0501394656409672E7
1.0501396E7
1.0501404656409672E7
1.0501406E7
1.0501416E7
1.0501424656409672E7
1.0501426E7
1.0501434656409672E7
1.0501436E7
1.0501446E7
1.0501456E7
1.0501464656409672E7
1.0501466E7
1.0501476E7
1.0501484656409672E7
1.0501486E7
1.0501494656409672E7
1.0501496E7
1.0501504656409672E7
1.0501506E7
1.0501514656409672E7
1.0501516E7
1.0501524656409672E7
1.0501526E7
1.0501534656409672E7
1.0501536E7
1.0501544656409672E7
1.0501546E7
1.0501554656409672E7
1.0501556E7
1.0501564656409672E7
1.0501566E7
1.0501574656409672E7
1.0501576E7
1.0501584656409672E7
1.0501586E7
1.0501594656409672E7
1.0501596E7
1.0501604656409672E7
1.0501606E7
1.0501614656409672E7
1.0501616E7
1.0501624656409672E7
1.0501626E7
1.0501636E7
1.0501644656409672E7
1.0501646E7
1.0501654656409672E7
1.0501656E7
1.0501664656409672E7
1.0501666E7
1.0501674656409672E7
1.0501676E7
1.0501684656409672E7
1.0501686E7
1.0501694656409672E7
1.0501696E7
1.0501704656409672E7
1.0501706E7
1.0501716E7
1.0501726E7
1.0501734656409672E7
1.0501736E7
1.0501746E7
1.0501756E7
1.0501766E7
1.0501776E7
1.0501786E7
1.0501796E7
1.0501806E7
1.0501816E7
1.0501826E7
1.0501836E7
1.0501846E7
1.0501856E7
1.0501866E7
1.0501876E7
1.0501886E7
1.0501896E7
1.0501906E7
1.0501916E7
1.0501926E7
1.0501936E7
1.0501946E7
1.0501956E7
1.0501966E7
1.0501976E7
1.0501986E7
1.0501996E7
1.0502006E7
1.0502016E7
1.0502026E7
1.0502036E7
1.0502046E7
1.0502056E7
1.0502066E7
1.0502076E7
1.0502086E7
1.0502096E7
1.0502106E7
1.0502116E7
1.0502126E7
1.0502136E7
1.0502146E7
1.0694006E7
1.069400706607764E7
1.0694016E7
1.069401706607764E7
1.0694026E7
1.069402706607764E7
1.0694036E7
1.069403706607764E7
1.0694046E7
1.069404706607764E7
1.0694056E7
1.069405706607764E7
1.0694066E7
1.069406706607764E7
1.0694076E7
1.069407706607764E7
1.0694086E7
1.0694096E7
1.069409706607764E7
1.0694106E7
1.0694116E7
1.069411706607764E7
1.0694126E7
1.069412706607764E7
1.0694136E7
1.069413706607764E7
1.0694146E7
1.069414706607764E7
1.0694156E7
1.069415706607764E7
1.0694166E7
1.069416706607764E7
1.0694176E7
1.069417706607764E7
1.0694186E7
1.069418706607764E7
1.0694196E7
1.069419706607764E7
1.0694206E7
1.069420706607764E7
1.0694216E7
1.069421706607764E7
1.0694226E7
1.069422706607764E7
1.0694236E7
1.069423706607764E7
1.0694246E7
1.069424706607764E7
1.0694256E7
1.0694266E7
1.0694276E7
1.069427706607764E7
1.0694286E7
1.069428706607764E7
1.0694296E7
1.069429706607764E7
1.0694306E7
1.069430706607764E7
1.0694316E7
1.069431706607764E7
1.0694326E7
1.069432706607764E7
1.0694336E7
1.069433706607764E7
1.0694346E7
1.069434706607764E7
1.0694356E7
1.069435706607764E7
1.0694366E7
1.069436706607764E7
1.0694376E7
1.069437706607764E7
1.0694386E7
1.069438706607764E7
1.0694396E7
1.069439706607764E7
1.0694406E7
1.069440706607764E7
1.0694416E7
1.069441706607764E7
1.0694426E7
1.069442706607764E7
1.0694436E7
1.069443706607764E7
1.0694446E7
1.069444706607764E7
1.0694456E7
1.069445706607764E7
1.0694466E7
1.069446706607764E7
1.0694476E7
1.069447706607764E7
1.0694486E7
1.0694496E7
1.069449706607764E7
1.0694506E7
1.069450706607764E7
1.0694516E7
1.069451706607764E7
1.0694526E7
1.069452706607764E7
1.0694536E7
1.0694546E7
1.069454706607764E7
1.0694556E7
1.069455706607764E7
1.0694566E7
1.069456706607764E7
1.0694576E7
1.069457706607764E7
1.0694586E7
1.069458706607764E7
1.0694596E7
1.069459706607764E7
1.0694606E7
1.069460706607764E7
1.0694616E7
1.069461706607764E7
1.0694626E7
1.069462706607764E7
1.0694636E7
1.069463706607764E7
1.0694646E7
1.069464706607764E7
1.0694656E7
1.069465706607764E7
1.0694666E7
1.069466706607764E7
1.0694676E7
1.069467706607764E7
1.0694686E7
1.069468706607764E7
1.0694696E7
1.069469706607764E7
1.0694706E7
1.069470706607764E7
1.0694716E7
1.069471706607764E7
1.0694726E7
1.069472706607764E7
1.0694736E7
1.069473706607764E7
1.0694746E7
1.069474706607764E7
1.0694756E7
1.069475706607764E7
1.0694766E7
1.069476706607764E7
1.0694776E7
1.069477706607764E7
1.0694786E7
1.069478706607764E7
1.0694796E7
1.069479706607764E7
1.0694806E7
1.069480706607764E7
1.0694816E7
1.069481706607764E7
1.0694826E7
1.069482706607764E7
1.0694836E7
1.069483706607764E7
1.0694846E7
1.069484706607764E7
1.0694856E7
1.069485706607764E7
1.0694866E7
1.0694876E7
1.0694886E7
1.0694896E7
1.0694906E7
1.0694916E7
1.0694926E7
1.0694936E7
1.0694946E7
1.0694956E7
1.0694966E7
1.0694976E7
1.0694986E7
1.0694996E7
1.0695006E7
1.0695016E7
1.0695026E7
1.0695036E7
1.0695046E7
1.0695056E7
1.0695066E7
1.0695076E7
1.0695086E7
1.0695096E7
1.0695106E7
1.0695116E7
1.0695126E7
1.0695136E7
1.0695146E7
1.1023002814004272E7
1.1023006E7
1.1023016E7
1.1023026E7
1.1023036E7
1.1023046E7
1.1023056E7
1.1023066E7
1.1023076E7
1.1023086E7
1.1023096E7
1.1023106E7
1.1023116E7
1.1023126E7
1.1023136E7
1.1023146E7
1.1023156E7
1.1023166E7
1.1023176E7
1.1023186E7
1.1023196E7
1.1023206E7
1.1023216E7
1.1023226E7
1.1023236E7
1.1023246E7
1.1023256E7
1.1023266E7
1.1023276E7
1.1023286E7
1.1023296E7
1.1023306E7
1.1023316E7
1.1023326E7
1.1023336E7
1.1023346E7
1.1023356E7
1.1023366E7
1.1023376E7
1.1023386E7
1.1023396E7
1.1023406E7
1.1023416E7
1.1023426E7
1.1023436E7
1.1023446E7
1.1023456E7
1.1023466E7
1.1023476E7
1.1023486E7
1.1023496E7
1.1023506E7
1.1023516E7
1.1023526E7
1.1023536E7
1.1023546E7
1.1023556E7
1.1023566E7
1.1023576E7
1.1023586E7
1.1023596E7
1.1023606E7
1.1023616E7
1.1023626E7
1.1023636E7
1.1023637986739354E7
1.1023646E7
1.1023656E7
1.1023666E7
1.1023676E7
1.1023686E7
1.1023696E7
1.1023706E7
1.1023716E7
1.1023726E7
1.1023736E7
1.1023746E7
1.1023756E7
1.1023766E7
1.1023776E7
1.1023786E7
1.1023796E7
1.1023806E7
1.1023816E7
1.1023826E7
1.1023836E7
1.1023846E7
1.1023856E7
1.1023866E7
1.1023876E7
1.124300312650618E7
1.1243006E7
1.1243016E7
1.1243026E7
1.1243036E7
1.1243046E7
1.1243056E7
1.1243066E7
1.1243076E7
1.1243086E7
1.1243096E7
1.1243106E7
1.1243116E7
1.1243126E7
1.1243136E7
1.1243146E7
1.1243148142990308E7
1.1243156E7
1.1243166E7
1.1243176E7
1.1243186E7
1.1243196E7
1.1243206E7
1.1243216E7
1.1243226E7
1.1243236E7
1.1243246E7
1.1243256E7
1.1243266E7
1.1243276E7
1.1243286E7
1.1243296E7
1.1243306E7
1.1243316E7
1.1243326E7
1.1243336E7
1.1243346E7
1.1243356E7
1.1243366E7
1.1243376E7
1.1243386E7
1.1243396E7
1.1243406E7
1.1243416E7
1.1243426E7
1.1243436E7
1.1243446E7
1.1243456E7
1.1243466E7
1.1243476E7
1.1243486E7
1.1243496E7
1.1243506E7
1.1243516E7
1.1243526E7
1.1243536E7
1.1243546E7
1.1243556E7
1.1243566E7
1.1243576E7
1.1243586E7
1.1243596E7
1.1243606E7
1.1243616E7
1.1243626E7
1.1243636E7
1.1243646E7
1.1243656E7
1.1243666E7
1.1243676E7
1.1243686E7
1.1243696E7
1.1243706E7
1.1243716E7
1.1243726E7
1.1243736E7
1.1243746E7
1.1243756E7
1.1243766E7
1.1635004736793369E7
1.1635006E7
1.1635014736793369E7
1.1635016E7
1.1635024736793369E7
1.1635026E7
1.1635034736793369E7
1.1635036E7
1.1635046E7
1.1635054736793369E7
1.1635056E7
1.1635064736793369E7
1.1635066E7
1.1635076E7
1.1635084736793369E7
1.1635086E7
1.1635094736793369E7
1.1635096E7
1.1635104736793369E7
1.1635106E7
1.1635114736793369E7
1.1635116E7
1.1635124736793369E7
1.1635126E7
1.1635134736793369E7
1.1635136E7
1.1635144736793369E7
1.1635146E7
1.1635154736793369E7
1.1635156E7
1.1635164736793369E7
1.1635166E7
1.1635174736793369E7
1.1635176E7
1.1635184736793369E7
1.1635186E7
1.1635194736793369E7
1.1635196E7
1.1635206E7
1.1635214736793369E7
1.1635216E7
1.1635224736793369E7
1.1635226E7
1.1635234736793369E7
1.1635236E7
1.1635244736793369E7
1.1635246E7
1.1635254736793369E7
1.1635256E7
1.1635264736793369E7
1.1635266E7
1.1635274736793369E7
1.1635276E7
1.1635284736793369E7
1.1635286E7
1.1635294736793369E7
1.1635296E7
1.1635304736793369E7
1.1635306E7
1.1635314736793369E7
1.1635316E7
1.1635324736793369E7
1.1635326E7
1.1635334736793369E7
1.1635336E7
1.1635344736793369E7
1.1635346E7
1.1635354736793369E7
1.1635356E7
1.1635364736793369E7
1.1635366E7
1.1635374736793369E7
1.1635376E7
1.1635384736793369E7
1.1635386E7
1.1635394736793369E7
1.1635396E7
1.1635404736793369E7
1.1635406E7
1.1635414736793369E7
1.1635416E7
1.1635424736793369E7
1.1635426E7
1.1635434736793369E7
1.1635436E7
1.1635444736793369E7
1.1635446E7
1.1635454736793369E7
1.1635456E7
1.1635464736793369E7
1.1635466E7
1.1635474736793369E7
1.1635476E7
1.1635486E7
1.1635494736793369E7
1.1635496E7
1.1635504736793369E7
1.1635506E7
1.1635514736793369E7
1.1635516E7
1.1635524736793369E7
1.1635526E7
1.1635534736793369E7
1.1635536E7
1.1635544736793369E7
1.1635546E7
1.1635554736793369E7
1.1635556E7
1.1635564736793369E7
1.1635566E7
1.1635574736793369E7
1.1635576E7
1.1635584736793369E7
1.1635586E7
1.1635594736793369E7
1.1635596E7
1.1635604736793369E7
1.1635606E7
1.1635614736793369E7
1.1635616E7
1.1635624736793369E7
1.1635626E7
1.1635634736793369E7
1.1635636E7
1.1635644736793369E7
1.1635646E7
1.1635654736793369E7
1.1635656E7
1.1635664736793369E7
1.1635666E7
1.1635674736793369E7
1.1635676E7
1.1635684736793369E7
1.1635686E7
1.1635694736793369E7
1.1635696E7
1.1635704736793369E7
1.1635706E7
1.1635714736793369E7
1.1635716E7
1.1635724736793369E7
1.1635726E7
1.1635734736793369E7
1.1635736E7
1.1635746E7
1.1635756E7
1.1635766E7
1.1635776E7
1.1635786E7
1.1635796E7
1.1734004779029697E7
1.1734006E7
1.1734014779029697E7
1.1734016E7
1.1734024779029697E7
1.1734026E7
1.1734034779029697E7
1.1734036E7
1.1734046E7
1.1734054779029697E7
1.1734056E7
1.1734064779029697E7
1.1734066E7
1.1734074779029697E7
1.1734076E7
1.1734084779029697E7
1.1734086E7
1.1734094779029697E7
1.1734096E7
1.1734104779029697E7
1.1734106E7
1.1734114779029697E7
1.1734116E7
1.1734124779029697E7
1.1734126E7
1.1734134779029697E7
1.1734136E7
1.1734144779029697E7
1.1734146E7
1.1734154779029697E7
1.1734156E7
1.1734164779029697E7
1.1734166E7
1.1734174779029697E7
1.1734176E7
1.1734184779029697E7
1.1734186E7
1.1734194779029697E7
1.1734196E7
1.1734206E7
1.1734214779029697E7
1.1734216E7
1.1734224779029697E7
1.1734226E7
1.1734234779029697E7
1.1734236E7
1.1734244779029697E7
1.1734246E7
1.1734256E7
1.1734266E7
1.1734274779029697E7
1.1734276E7
1.1734284779029697E7
1.1734286E7
1.1734294779029697E7
1.1734296E7
1.1734304779029697E7
1.1734306E7
1.1734314779029697E7
1.1734316E7
1.1734324779029697E7
1.1734326E7
1.1734334779029697E7
1.1734336E7
1.1734344779029697E7
1.1734346E7
1.1734354779029697E7
1.1734356E7
1.1734364779029697E7
1.1734366E7
1.1734374779029697E7
1.1734376E7
1.1734384779029697E7
1.1734386E7
1.1734394779029697E7
1.1734396E7
1.1734404779029697E7
1.1734406E7
1.1734414779029697E7
1.1734416E7
1.1734424779029697E7
1.1734426E7
1.1734436E7
1.1734444779029697E7
1.1734446E7
1.1734454779029697E7
1.1734456E7
1.1734464779029697E7
1.1734466E7
1.1734474779029697E7
1.1734476E7
1.1734484779029697E7
1.1734486E7
1.1734494779029697E7
1.1734496E7
1.1734504779029697E7
1.1734506E7
1.1734516E7
1.1734524779029697E7
1.1734526E7
1.1734534779029697E7
1.1734536E7
1.1734544779029697E7
1.1734546E7
1.1734554779029697E7
1.1734556E7
1.1734564779029697E7
1.1734566E7
1.1734576E7
1.1734584779029697E7
1.1734586E7
1.1734596E7
1.1734604779029697E7
1.1734606E7
1.1734614779029697E7
1.1734616E7
1.1734624779029697E7
1.1734626E7
1.1734634779029697E7
1.1734636E7
1.1734644779029697E7
1.1734646E7
1.1734654779029697E7
1.1734656E7
1.1734664779029697E7
1.1734666E7
1.1734674779029697E7
1.1734676E7
1.1734686E7
1.1734694779029697E7
1.1734696E7
1.1734704779029697E7
1.1734706E7
1.1734716E7
1.1734724779029697E7
1.1734726E7
1.1734736E7
1.1734746E7
1.1734756E7
1.1734766E7
1.1734776E7
1.1734786E7
1.1734796E7
1.1734806E7
1.1734816E7
1.1734826E7
1.1734836E7
1.1734846E7
1.1734856E7
1.1734866E7
1.1734876E7
1.1734886E7
1.1734896E7
1.1734906E7
1.1734916E7
1.1734926E7
1.1734936E7
1.1734946E7
1.1734956E7
1.1734966E7
1.1734976E7
1.1734986E7
1.1734996E7
1.1735006E7
1.1735016E7
