5879002.699765655
5879002.699766787
5879006.0
5879016.0
5879026.0
5879036.0
5879046.0
5879056.0
5879066.0
5879076.0
5879086.0
5879096.0
5879106.0
5879116.0
5879126.0
5879136.0
5879146.0
5879156.0
5879166.0
5879176.0
5879186.0
5879196.0
5879206.0
5879216.0
5879226.0
5879236.0
5879246.0
5879256.0
5879266.0
5879276.0
5879286.0
5879296.0
5879306.0
5879316.0
5879326.0
5879336.0
5879346.0
5879356.0
5879366.0
5879376.0
5879386.0
5879396.0
5879406.0
5879416.0
5879426.0
5879436.0
5879446.0
5879456.0
5879466.0
5879476.0
5879486.0
5879496.0
5879506.0
5879516.0
5879526.0
5879536.0
5879546.0
5879556.0
5879566.0
5879576.0
5879586.0
5879596.0
5879606.0
5879616.0
5879626.0
5879636.0
5879646.0
5879656.0
5879666.0
5879676.0
5879686.0
5879696.0
5879706.0
5879716.0
5879726.0
5879736.0
5879746.0
5879756.0
5879766.0
5879776.0
5879786.0
5879796.0
5879806.0
5879816.0
5879826.0
5879836.0
5879846.0
5879856.0
5879866.0
5879876.0
5879886.0
5879896.0
5879906.0
6137006.0
6137009.309537384
6137009.309538515
6137016.0
6137026.0
6137036.0
6137046.0
6137056.0
6137066.0
6137076.0
6137086.0
6137096.0
6137106.0
6137116.0
6137126.0
6137136.0
6137146.0
6137156.0
6137166.0
6137176.0
6137186.0
6137196.0
6137206.0
6137216.0
6137226.0
6137236.0
6137246.0
6137256.0
6137266.0
6137276.0
6137286.0
6137296.0
6137306.0
6137316.0
6137326.0
6137336.0
6137346.0
6137356.0
6137366.0
6137376.0
6137386.0
6137396.0
6137406.0
6137416.0
6137426.0
6137436.0
6137446.0
6137456.0
6137466.0
6137476.0
6137486.0
6137496.0
6137506.0
6137516.0
6137526.0
6137536.0
6137546.0
6137556.0
6137566.0
6137576.0
6137586.0
6137596.0
6137606.0
6137616.0
6137626.0
6137636.0
6137646.0
6137656.0
6137666.0
6137676.0
6137686.0
6137696.0
6137706.0
6137716.0
6137726.0
6137736.0
6137746.0
6137756.0
6260002.551537248
6260006.0
6260016.0
6260026.0
6260036.0
6260046.0
6260056.0
6260066.0
6260076.0
6260086.0
6260096.0
6260106.0
6260116.0
6260126.0
6260136.0
6260146.0
6260156.0
6260166.0
6260176.0
6260186.0
6260196.0
6260206.0
6260216.0
6260226.0
6260236.0
6260246.0
6260256.0
6260266.0
6260276.0
6260286.0
6260296.0
6260306.0
6260316.0
6260326.0
6260336.0
6260346.0
6260356.0
6260366.0
6260376.0
6260386.0
6260396.0
6260406.0
6260416.0
6260426.0
6260436.0
6260446.0
6260456.0
6260466.0
6260476.0
6260486.0
6260496.0
6260506.0
6260516.0
6260526.0
6260536.0
6260546.0
6260556.0
6260566.0
6260576.0
6260586.0
6260596.0
6260606.0
6260616.0
6260626.0
6260636.0
6260646.0
6260656.0
6260666.0
6260676.0
6260686.0
6260696.0
6260706.0
6260716.0
6260726.0
6260736.0
6260746.0
6260756.0
6260766.0
6260776.0
6438006.0
6438016.0
6438026.0
6438036.0
6438046.0
6438056.0
6438066.0
6438076.0
6438086.0
6438096.0
6438106.0
6438116.0
6438126.0
6438136.0
6438146.0
6438156.0
6438166.0
6438176.0
6438186.0
6438196.0
6438206.0
6438216.0
6438226.0
6438236.0
6438246.0
6438256.0
6438266.0
6438276.0
6438286.0
6438296.0
6438306.0
6438316.0
6438326.0
6438336.0
6438346.0
6438356.0
6438366.0
6438376.0
6438386.0
6438396.0
6438406.0
6438416.0
6438426.0
6438436.0
6438446.0
6438456.0
6438466.0
6438476.0
6438486.0
6438496.0
6438506.0
6438516.0
6438526.0
6438536.0
6438546.0
6438556.0
6438566.0
6438576.0
6438586.0
6438596.0
6438606.0
6438616.0
6438626.0
6438636.0
6438646.0
6438656.0
6438666.0
6438676.0
6438686.0
6438696.0
6438706.0
6438716.0
6438726.0
6438736.0
6438746.0
6438756.0
6438766.0
6438776.0
6438786.0
6438796.0
6438806.0
6438816.0
6438826.0
6438836.0
6438841.894937888
6438846.0
6438856.0
6438866.0
6438876.0
6438886.0
6438896.0
6438906.0
6438916.0
6438926.0
6438936.0
6438946.0
6438956.0
6438966.0
6438976.0
6438986.0
6438996.0
6439006.0
6439016.0
6439026.0
6439036.0
6439046.0
6439056.0
6439066.0
6439076.0
6439086.0
6439096.0
6439106.0
6439116.0
6439126.0
6697003.026391956
6697006.0
6697016.0
6697026.0
6697036.0
6697046.0
6697056.0
6697066.0
6697076.0
6697086.0
6697096.0
6697106.0
6697116.0
6697126.0
6697136.0
6697146.0
6697156.0
6697166.0
6697176.0
6697186.0
6697196.0
6697206.0
6697216.0
6697226.0
6697236.0
6697246.0
6697256.0
6697266.0
6697276.0
6697286.0
6697296.0
6697306.0
6697316.0
6697326.0
6697336.0
6697346.0
6697356.0
6697366.0
6697375.705144182
6697376.0
6697386.0
6697396.0
6697406.0
6697416.0
6697426.0
6697436.0
6697446.0
6697456.0
6697466.0
6697476.0
6697486.0
6697496.0
6697506.0
6697516.0
6697526.0
6697536.0
6697546.0
6697556.0
6697566.0
6697576.0
6697586.0
6697596.0
6697606.0
6697616.0
6697626.0
6697636.0
6697646.0
6697656.0
6697666.0
6697676.0
6697686.0
6697696.0
6697706.0
6697716.0
6697726.0
6697736.0
6697746.0
6697756.0
6697766.0
6697776.0
6697786.0
6697796.0
6697806.0
6697816.0
6697826.0
6697836.0
6697846.0
6697856.0
6697866.0
6697876.0
6697886.0
6697896.0
6697906.0
6697916.0
6697926.0
6697936.0
6697946.0
6697956.0
6697966.0
6697976.0
6697986.0
6697996.0
6698006.0
6698016.0
6698026.0
6752006.0
6752010.291752311
6752016.0
6752026.0
6752036.0
6752046.0
6752056.0
6752066.0
6752076.0
6752086.0
6752096.0
6752106.0
6752116.0
6752126.0
6752136.0
6752146.0
6752156.0
6752166.0
6752176.0
6752186.0
6752196.0
6752206.0
6752216.0
6752226.0
6752236.0
6752246.0
6752256.0
6752266.0
6752276.0
6752286.0
6752296.0
6752306.0
6752316.0
6752326.0
6752336.0
6752346.0
6752356.0
6752366.0
6752376.0
6752386.0
6752396.0
6752406.0
6752416.0
6752426.0
6752436.0
6752446.0
6752456.0
6752466.0
6752476.0
6752486.0
6752496.0
6752506.0
6752516.0
6752526.0
6752536.0
6752546.0
6752556.0
6752566.0
6752576.0
6752586.0
6752596.0
6752606.0
6752616.0
6752626.0
6752636.0
6752646.0
6752656.0
6752666.0
6752676.0
6752686.0
6752696.0
6752706.0
6752716.0
6752726.0
6752736.0
6752746.0
6752756.0
6752766.0
6752776.0
6752786.0
6752796.0
6752806.0
6752816.0
6752826.0
6752836.0
6752846.0
6752856.0
6752866.0
6752876.0
6752886.0
6752896.0
6752906.0
6752916.0
6752926.0
6752936.0
6752946.0
6752956.0
6752966.0
6752976.0
6752986.0
6752996.0
6753006.0
6753016.0
6753026.0
6753036.0
6753046.0
6753056.0
6753066.0
6753076.0
6753086.0
6753096.0
6753106.0
6753116.0
6753126.0
6753136.0
6753146.0
6753156.0
6753166.0
6753176.0
6753186.0
7080002.598907925
7080006.0
7080012.598907925
7080016.0
7080026.0
7080032.598907925
7080036.0
7080046.0
7080056.0
7080066.0
7080076.0
7080086.0
7080096.0
7080106.0
7080116.0
7080126.0
7080136.0
7080146.0
7080156.0
7080166.0
7080176.0
7080186.0
7080196.0
7080206.0
7080216.0
7080226.0
7080236.0
7080246.0
7080256.0
7080266.0
7080276.0
7080286.0
7080296.0
7080306.0
7080316.0
7080326.0
7080336.0
7080346.0
7080356.0
7080366.0
7080376.0
7080386.0
7080396.0
7080406.0
7080416.0
7080426.0
7080436.0
7080446.0
7080456.0
7080466.0
7080476.0
7080486.0
7080496.0
7080506.0
7080516.0
7080526.0
7080536.0
7080546.0
7080556.0
7080566.0
7080576.0
7080586.0
7080596.0
7080606.0
7080616.0
7080626.0
7080636.0
7080646.0
7080656.0
7080666.0
7080676.0
7080686.0
7080696.0
7080706.0
7080716.0
7080726.0
7080736.0
7080746.0
7080756.0
7080766.0
7080776.0
7080786.0
7080796.0
7080806.0
7080816.0
7080826.0
7080836.0
7080846.0
7080856.0
7080866.0
7080876.0
7080886.0
7080896.0
7080906.0
7080916.0
7080926.0
7080936.0
7080946.0
7080956.0
7080966.0
7080976.0
7080986.0
7080996.0
7081006.0
7081016.0
7081026.0
7081036.0
7081046.0
7081056.0
7081066.0
7081076.0
