1.63040027442378E7
1.630400274424601E7
1.6304006E7
1.6304016E7
1.6304026E7
1.6304036E7
1.6304046E7
1.6304056E7
1.6304066E7
1.6304076E7
1.6304086E7
1.6304096E7
1.6304106E7
1.6304116E7
1.6304126E7
1.6304136E7
1.6304146E7
1.6304156E7
1.6304166E7
1.6304176E7
1.6304186E7
1.6304196E7
1.6304206E7
1.6304216E7
1.6304226E7
1.6304236E7
1.6304246E7
1.6304256E7
1.6304266E7
1.6304276E7
1.6304286E7
1.6304296E7
1.6304306E7
1.6304316E7
1.6304326E7
1.6304336E7
1.6304346E7
1.6304356E7
1.6304366E7
1.6304376E7
1.6304386E7
1.6304396E7
1.6304406E7
1.6304416E7
1.6304426E7
1.6304436E7
1.6304446E7
1.6304456E7
1.6304466E7
1.6304476E7
1.6304486E7
1.6304496E7
1.6304506E7
1.6304516E7
1.6304526E7
1.6304536E7
1.6304546E7
1.6304556E7
1.6304566E7
1.6304576E7
1.6304586E7
1.6304596E7
1.6304606E7
1.6304616E7
1.6304626E7
1.6304636E7
1.6304646E7
1.6304656E7
1.6304666E7
1.6304676E7
1.6304686E7
1.6304696E7
1.6304706E7
1.6304716E7
1.6304718112366876E7
1.6304718112375086E7
1.6304726E7
1.6304736E7
1.6304746E7
1.6304756E7
1.6304766E7
1.6304776E7
1.6304786E7
1.6304796E7
1.6304806E7
1.6304816E7
1.6304826E7
1.6304836E7
1.6304846E7
1.6304856E7
1.6304866E7
1.6304876E7
1.6304886E7
1.6304896E7
1.6304906E7
1.6304916E7
1.6304926E7
1.6304936E7
1.6304946E7
1.6304956E7
1.6304966E7
1.688000236861436E7
1.6880006E7
1.6880016E7
1.6880026E7
1.6880036E7
1.6880046E7
1.6880056E7
1.6880066E7
1.6880076E7
1.6880086E7
1.6880096E7
1.6880106E7
1.6880116E7
1.6880126E7
1.6880136E7
1.6880146E7
1.6880156E7
1.6880166E7
1.6880176E7
1.6880186E7
1.6880196E7
1.6880206E7
1.6880216E7
1.6880226E7
1.6880236E7
1.6880246E7
1.6880256E7
1.6880266E7
1.6880276E7
1.6880286E7
1.6880296E7
1.6880306E7
1.6880316E7
1.6880326E7
1.6880336E7
1.6880346E7
1.6880356E7
1.6880366E7
1.6880376E7
1.6880386E7
1.6880396E7
1.6880406E7
1.6880416E7
1.6880426E7
1.6880436E7
1.6880446E7
1.6880456E7
1.6880466E7
1.6880476E7
1.6880486E7
1.6880496E7
1.6880506E7
1.6880516E7
1.6880526E7
1.6880536E7
1.6880546E7
1.6880556E7
1.6880566E7
1.6880576E7
1.6880586E7
1.6880596E7
1.6880606E7
1.6880616E7
1.6880626E7
1.6880636E7
1.6880646E7
1.6880656E7
1.6880666E7
1.6880676E7
1.6880686E7
1.6880696E7
1.6880706E7
1.6880716E7
1.6880726E7
1.6880736E7
1.6880746E7
1.6880756E7
1.6880766E7
1.6880776E7
1.6880786E7
1.6880796E7
1.6880806E7
1.6880816E7
1.6880826E7
1.6880836E7
1.6880846E7
1.6880856E7
1.6880866E7
1.6880876E7
1.6880886E7
1.6880896E7
1.6880906E7
1.6880916E7
1.6880926E7
1.6880936E7
1.6880946E7
1.6880956E7
1.6880966E7
1.6880976E7
1.7106006E7
1.7106016E7
1.7106026E7
1.7106036E7
1.7106046E7
1.7106056E7
1.7106066E7
1.7106076E7
1.7106086E7
1.7106096E7
1.7106106E7
1.7106116E7
1.7106126E7
1.7106136E7
1.7106146E7
1.7106156E7
1.7106166E7
1.7106176E7
1.7106186E7
1.7106196E7
1.7106206E7
1.7106216E7
1.7106226E7
1.7106236E7
1.7106246E7
1.7106256E7
1.7106266E7
1.7106276E7
1.7106286E7
1.7106296E7
1.7106306E7
1.7106316E7
1.7106326E7
1.7106336E7
1.7106346E7
1.7106356E7
1.7106366E7
1.7106376E7
1.7106386E7
1.7106396E7
1.7106406E7
1.7106416E7
1.7106426E7
1.7106436E7
1.7106446E7
1.7106456E7
1.7106466E7
1.7106476E7
1.7106486E7
1.7106496E7
1.7106506E7
1.7106516E7
1.7106526E7
1.7106536E7
1.7106546E7
1.7106556E7
1.7106566E7
1.7106576E7
1.7106586E7
1.7106596E7
1.7106606E7
1.7106616E7
1.7106626E7
1.7106636E7
1.7106646E7
1.7106656E7
1.7106666E7
1.7106676E7
1.7106686E7
1.7106696E7
1.7106706E7
1.7106716E7
1.7106726E7
1.7106736E7
1.7106746E7
1.7106756E7
1.7106766E7
1.7106776E7
1.7106786E7
1.7106796E7
1.7106806E7
1.7106816E7
1.7106826E7
1.7106836E7
1.7106846E7
1.7106856E7
1.7106866E7
1.7106876E7
1.7106886E7
1.7106896E7
1.7252006E7
1.7252016E7
1.7252026E7
1.7252036E7
1.725204385848681E7
1.7252046E7
1.7252056E7
1.7252066E7
1.7252076E7
1.7252086E7
1.7252096E7
1.7252106E7
1.7252116E7
1.7252126E7
1.7252136E7
1.7252146E7
1.7252156E7
1.7252166E7
1.7252176E7
1.7252186E7
1.7252196E7
1.7252206E7
1.7252216E7
1.7252226E7
1.7252236E7
1.7252246E7
1.7252256E7
1.7252266E7
1.7252276E7
1.7252286E7
1.7252296E7
1.7252306E7
1.7252316E7
1.7252326E7
1.7252336E7
1.7252346E7
1.7252356E7
1.7252366E7
1.7252376E7
1.7252386E7
1.7252396E7
1.7252406E7
1.7252416E7
1.7252426E7
1.7252436E7
1.7252446E7
1.7252456E7
1.7252466E7
1.7252476E7
1.7252486E7
1.7252496E7
1.7252506E7
1.7252516E7
1.7252526E7
1.7252536E7
1.7252546E7
1.7252556E7
1.7252566E7
1.7252576E7
1.7252586E7
1.7252596E7
1.7252606E7
1.7252616E7
1.7252626E7
1.7252636E7
1.7252646E7
1.7252656E7
1.7252666E7
1.7252676E7
1.7252686E7
1.7252696E7
1.7252706E7
1.7252716E7
1.7252726E7
1.7252736E7
1.7252746E7
1.7252756E7
1.7252766E7
1.7252776E7
1.7252786E7
1.7252796E7
1.7252806E7
1.7252816E7
1.7252826E7
1.7252836E7
1.7252846E7
1.7252856E7
1.7252866E7
1.7252876E7
1.7252886E7
1.7252896E7
1.7252906E7
1.7252916E7
1.7252926E7
1.7252936E7
1.7252946E7
1.7252956E7
1.736400529697363E7
1.7364006E7
1.736401529697363E7
1.7364016E7
1.736402529697363E7
1.7364026E7
1.736403529697363E7
1.7364036E7
1.736404529697363E7
1.7364046E7
1.736405529697363E7
1.7364056E7
1.736406529697363E7
1.7364066E7
1.736407529697363E7
1.7364076E7
1.736408529697363E7
1.7364086E7
1.736409529697363E7
1.7364096E7
1.736410529697363E7
1.7364106E7
1.736411529697363E7
1.7364116E7
1.736412529697363E7
1.7364126E7
1.736413529697363E7
1.7364136E7
1.736414529697363E7
1.7364146E7
1.736415529697363E7
1.7364156E7
1.736416529697363E7
1.7364166E7
1.736417529697363E7
1.7364176E7
1.736418529697363E7
1.7364186E7
1.7364196E7
1.736420529697363E7
1.7364206E7
1.7364216E7
1.736422529697363E7
1.7364226E7
1.736423529697363E7
1.7364236E7
1.736424529697363E7
1.7364246E7
1.736425529697363E7
1.7364256E7
1.736426529697363E7
1.7364266E7
1.736427529697363E7
1.7364276E7
1.736428529697363E7
1.7364286E7
1.7364296E7
1.7364306E7
1.736431529697363E7
1.7364316E7
1.736432529697363E7
1.7364326E7
1.736433529697363E7
1.7364336E7
1.736434529697363E7
1.7364346E7
1.736435529697363E7
1.7364356E7
1.736436529697363E7
1.7364366E7
1.736437529697363E7
1.7364376E7
1.736438529697363E7
1.7364386E7
1.736439529697363E7
1.7364396E7
1.736440529697363E7
1.7364406E7
1.7364416E7
1.736442529697363E7
1.7364426E7
1.736443529697363E7
1.7364436E7
1.736444529697363E7
1.7364446E7
1.736445529697363E7
1.7364456E7
1.736446529697363E7
1.7364466E7
1.736447529697363E7
1.7364476E7
1.736448529697363E7
1.7364486E7
1.736449529697363E7
1.7364496E7
1.736450529697363E7
1.7364506E7
1.736451529697363E7
1.7364516E7
1.736452529697363E7
1.7364526E7
1.736453529697363E7
1.7364536E7
1.736454529697363E7
1.7364546E7
1.736455529697363E7
1.7364556E7
1.736456529697363E7
1.7364566E7
1.736457529697363E7
1.7364576E7
1.736458529697363E7
1.7364586E7
1.736459529697363E7
1.7364596E7
1.7364604278648533E7
1.736460529697363E7
1.7364606E7
1.736461529697363E7
1.7364616E7
1.736462529697363E7
1.7364626E7
1.736463529697363E7
1.7364636E7
1.7364646E7
1.736465529697363E7
1.7364656E7
1.736466529697363E7
1.7364666E7
1.736467529697363E7
1.7364676E7
1.736468529697363E7
1.7364686E7
1.736469529697363E7
1.7364696E7
1.736470529697363E7
1.7364706E7
1.736471529697363E7
1.7364716E7
1.736472529697363E7
1.7364726E7
1.736473529697363E7
1.7364736E7
1.7364746E7
1.7364756E7
1.7364766E7
1.7364776E7
1.7364786E7
1.7364796E7
1.7364806E7
1.7364816E7
1.7364826E7
1.7364836E7
1.7364846E7
1.7364856E7
1.7364866E7
1.7364876E7
1.7364886E7
1.7364896E7
1.7364906E7
1.7364916E7
1.7364926E7
1.7364936E7
1.7364946E7
1.7364956E7
1.7364966E7
1.7364976E7
1.7364986E7
1.7364996E7
1.7365006E7
1.7365016E7
1.7365026E7
1.7365036E7
1.7365046E7
1.7365056E7
1.7365066E7
1.7365076E7
1.7365086E7
1.7365096E7
1.7365106E7
1.7365116E7
1.7365126E7
1.7580006E7
1.7580016E7
1.7580016499938797E7
1.7580026E7
1.7580026499938797E7
1.7580036E7
1.7580036499938797E7
1.7580046E7
1.7580046499938797E7
1.7580056E7
1.7580056499938797E7
1.7580066E7
1.7580066499938797E7
1.7580076E7
1.7580076499938797E7
1.7580086E7
1.7580086499938797E7
1.7580096E7
1.7580096499938797E7
1.7580106E7
1.7580106499938797E7
1.7580116E7
1.7580116499938797E7
1.7580126E7
1.7580126499938797E7
1.7580136E7
1.7580146E7
1.7580156E7
1.7580166E7
1.7580176E7
1.7580186E7
1.7580196E7
1.7580206E7
1.7580216E7
1.7580226E7
1.7580236E7
1.7580246E7
1.7580256E7
1.7580266E7
1.7580276E7
1.7580286E7
1.7580296E7
1.7580306E7
1.7580316E7
1.7580326E7
1.7580336E7
1.7580346E7
1.7580356E7
1.7580366E7
1.7580376E7
1.7580386E7
1.7580396E7
1.7580406E7
1.7580416E7
1.7580426E7
1.7580436E7
1.7580446E7
1.7580456E7
1.7580466E7
1.7580476E7
1.7580486E7
1.7580496E7
1.7580506E7
1.7580516E7
1.7580526E7
1.7580536E7
1.7580546E7
1.7580556E7
1.7580566E7
1.7580576E7
1.7580586E7
1.7580596E7
1.7580606E7
1.7580616E7
1.7580626E7
1.7580636E7
1.7580646E7
1.7580656E7
1.7580666E7
1.7580676E7
1.7580686E7
1.7580696E7
1.7580706E7
1.7580716E7
1.7580726E7
1.7580736E7
1.7580746E7
1.7580756E7
1.7580766E7
1.7580776E7
1.7580786E7
1.7580796E7
1.7580806E7
1.7580816E7
1.7580826E7
1.7580836E7
1.7580846E7
1.7580856E7
1.7580866E7
1.7580876E7
1.7580886E7
1.7580895156257644E7
1.7580896E7
1.7580906E7
1.7580916E7
1.7580926E7
1.7580936E7
1.7580946E7
1.7580956E7
1.7580966E7
1.7580976E7
1.7580986E7
1.7580996E7
1.7581006E7
1.7581016E7
1.7581026E7
1.7581036E7
1.7581046E7
1.7581056E7
1.7581066E7
1.7581076E7
1.7581086E7
1.7581096E7
1.7581106E7
1.7581116E7
1.7581126E7
1.7581136E7
1.7581146E7
1.7725006E7
1.7725007767761063E7
1.7725016E7
1.7725017767761063E7
1.7725026E7
1.7725027767761063E7
1.7725036E7
1.7725037767761063E7
1.7725046E7
1.7725047767761063E7
1.7725056E7
1.7725057767761063E7
1.7725066E7
1.7725067767761063E7
1.7725076E7
1.7725077767761063E7
1.7725086E7
1.7725096E7
1.7725097767761063E7
1.7725106E7
1.7725107767761063E7
1.7725116E7
1.7725117767761063E7
1.7725126E7
1.7725127767761063E7
1.7725136E7
1.7725146E7
1.7725156E7
1.7725166E7
1.7725176E7
1.7725186E7
1.7725196E7
1.7725206E7
1.7725216E7
1.7725226E7
1.7725236E7
1.7725246E7
1.7725256E7
1.7725266E7
1.7725276E7
1.7725286E7
1.7725296E7
1.7725306E7
1.7725316E7
1.7725326E7
1.7725336E7
1.7725346E7
1.7725356E7
1.7725366E7
1.7725376E7
1.7725386E7
1.7725396E7
1.7725406E7
1.7725416E7
1.7725426E7
1.7725436E7
1.7725446E7
1.7725456E7
1.7725466E7
1.7725476E7
1.7725486E7
1.7725496E7
1.7725506E7
1.7725516E7
1.7725526E7
1.7725536E7
1.7725546E7
1.7725556E7
1.7725566E7
1.7725576E7
1.7725586E7
1.7725596E7
1.7725606E7
1.7725616E7
1.7725626E7
1.7725636E7
1.7725646E7
1.7725656E7
1.7725666E7
1.7725676E7
1.7725686E7
1.7725696E7
1.7725706E7
1.7725716E7
1.7725726E7
1.7725736E7
