168	6976	4587	6985	4579	6985	4579	12.041594578792296	12.041594578792296	0.0	14
168	6976	4587	6985	4579	6985	4579	12.041594578792296	12.041594578792296	0.0	14
168	6976	4587	6985	4579	6985	4579	12.041594578792296	12.041594578792296	0.0	14
168	6976	4587	6985	4579	6985	4579	12.041594578792296	12.041594578792296	0.0	14
168	6976	4587	6985	4579	6985	4579	12.041594578792296	12.041594578792296	0.0	14
168	6976	4587	6985	4579	6985	4579	12.041594578792296	12.041594578792296	0.0	14
168	6976	4587	6985	4579	6985	4579	12.041594578792296	12.041594578792296	0.0	14
168	6976	4587	6985	4579	6985	4579	12.041594578792296	12.041594578792296	0.0	14
168	6976	4587	6985	4579	6985	4579	12.041594578792296	12.041594578792296	0.0	14
169	6985	4579	7000	4577	7000	4577	15.132745950421556	15.132745950421556	0.0	14
169	6985	4579	7000	4577	7000	4577	15.132745950421556	15.132745950421556	0.0	14
169	6985	4579	7000	4577	7000	4577	15.132745950421556	15.132745950421556	0.0	14
169	6985	4579	7000	4577	7000	4577	15.132745950421556	15.132745950421556	0.0	14
169	6985	4579	7000	4577	7000	4577	15.132745950421556	15.132745950421556	0.0	14
169	6985	4579	7000	4577	7000	4577	15.132745950421556	15.132745950421556	0.0	14
169	6985	4579	7000	4577	7000	4577	15.132745950421556	15.132745950421556	0.0	14
169	6985	4579	7000	4577	7000	4577	15.132745950421556	15.132745950421556	0.0	14
169	6985	4579	7000	4577	7000	4577	15.132745950421556	15.132745950421556	0.0	14
170	7000	4577	7015	4574	7015	4574	15.297058540778355	15.297058540778355	0.0	14
170	7000	4577	7015	4574	7015	4574	15.297058540778355	15.297058540778355	0.0	14
170	7000	4577	7015	4574	7015	4574	15.297058540778355	15.297058540778355	0.0	14
170	7000	4577	7015	4574	7015	4574	15.297058540778355	15.297058540778355	0.0	14
170	7000	4577	7015	4574	7015	4574	15.297058540778355	15.297058540778355	0.0	14
170	7000	4577	7015	4574	7015	4574	15.297058540778355	15.297058540778355	0.0	14
170	7000	4577	7015	4574	7015	4574	15.297058540778355	15.297058540778355	0.0	14
170	7000	4577	7015	4574	7015	4574	15.297058540778355	15.297058540778355	0.0	14
170	7000	4577	7015	4574	7015	4574	15.297058540778355	15.297058540778355	0.0	14
171	7015	4574	7027	4566	7027	4566	14.422205101855956	14.422205101855956	0.0	14
171	7015	4574	7027	4566	7027	4566	14.422205101855956	14.422205101855956	0.0	14
171	7015	4574	7027	4566	7027	4566	14.422205101855956	14.422205101855956	0.0	14
171	7015	4574	7027	4566	7027	4566	14.422205101855956	14.422205101855956	0.0	14
171	7015	4574	7027	4566	7027	4566	14.422205101855956	14.422205101855956	0.0	14
171	7015	4574	7027	4566	7027	4566	14.422205101855956	14.422205101855956	0.0	14
171	7015	4574	7027	4566	7027	4566	14.422205101855956	14.422205101855956	0.0	14
171	7015	4574	7027	4566	7027	4566	14.422205101855956	14.422205101855956	0.0	14
171	7015	4574	7027	4566	7027	4566	14.422205101855956	14.422205101855956	0.0	14
172	7027	4566	7033	4553	7033	4553	14.317821063276353	14.317821063276353	0.0	14
172	7027	4566	7033	4553	7033	4553	14.317821063276353	14.317821063276353	0.0	14
172	7027	4566	7033	4553	7033	4553	14.317821063276353	14.317821063276353	0.0	14
172	7027	4566	7033	4553	7033	4553	14.317821063276353	14.317821063276353	0.0	14
172	7027	4566	7033	4553	7033	4553	14.317821063276353	14.317821063276353	0.0	14
172	7027	4566	7033	4553	7033	4553	14.317821063276353	14.317821063276353	0.0	14
172	7027	4566	7033	4553	7033	4553	14.317821063276353	14.317821063276353	0.0	14
172	7027	4566	7033	4553	7033	4553	14.317821063276353	14.317821063276353	0.0	14
172	7027	4566	7033	4553	7033	4553	14.317821063276353	14.317821063276353	0.0	14
173	7033	4553	7034	4541	7034	4541	12.041594578792296	12.041594578792296	0.0	13
173	7033	4553	7034	4541	7034	4541	12.041594578792296	12.041594578792296	0.0	13
173	7033	4553	7034	4541	7034	4541	12.041594578792296	12.041594578792296	0.0	13
173	7033	4553	7034	4541	7034	4541	12.041594578792296	12.041594578792296	0.0	13
173	7033	4553	7034	4541	7034	4541	12.041594578792296	12.041594578792296	0.0	13
173	7033	4553	7034	4541	7034	4541	12.041594578792296	12.041594578792296	0.0	13
173	7033	4553	7034	4541	7034	4541	12.041594578792296	12.041594578792296	0.0	13
173	7033	4553	7034	4541	7034	4541	12.041594578792296	12.041594578792296	0.0	13
173	7033	4553	7034	4541	7034	4541	12.041594578792296	12.041594578792296	0.0	13
174	7034	4541	7033	4533	7033	4533	8.06225774829855	8.06225774829855	0.0	9
174	7034	4541	7033	4533	7033	4533	8.06225774829855	8.06225774829855	0.0	9
174	7034	4541	7033	4533	7033	4533	8.06225774829855	8.06225774829855	0.0	9
174	7034	4541	7033	4533	7033	4533	8.06225774829855	8.06225774829855	0.0	9
174	7034	4541	7033	4533	7033	4533	8.06225774829855	8.06225774829855	0.0	9
174	7034	4541	7033	4533	7033	4533	8.06225774829855	8.06225774829855	0.0	9
174	7034	4541	7033	4533	7033	4533	8.06225774829855	8.06225774829855	0.0	9
174	7034	4541	7033	4533	7033	4533	8.06225774829855	8.06225774829855	0.0	9
174	7034	4541	7033	4533	7033	4533	8.06225774829855	8.06225774829855	0.0	9
175	7033	4533	7033	4528	7033	4528	5.0	5.0	0.0	6
175	7033	4533	7033	4528	7033	4528	5.0	5.0	0.0	6
175	7033	4533	7033	4528	7033	4528	5.0	5.0	0.0	6
175	7033	4533	7033	4528	7033	4528	5.0	5.0	0.0	6
175	7033	4533	7033	4528	7033	4528	5.0	5.0	0.0	6
175	7033	4533	7033	4528	7033	4528	5.0	5.0	0.0	6
175	7033	4533	7033	4528	7033	4528	5.0	5.0	0.0	6
175	7033	4533	7033	4528	7033	4528	5.0	5.0	0.0	6
175	7033	4533	7033	4528	7033	4528	5.0	5.0	0.0	6
176	7033	4528	7033	4525	7033	4525	3.0	3.0	0.0	4
176	7033	4528	7033	4525	7033	4525	3.0	3.0	0.0	4
176	7033	4528	7033	4525	7033	4525	3.0	3.0	0.0	4
176	7033	4528	7033	4525	7033	4525	3.0	3.0	0.0	4
176	7033	4528	7033	4525	7033	4525	3.0	3.0	0.0	4
176	7033	4528	7033	4525	7033	4525	3.0	3.0	0.0	4
176	7033	4528	7033	4525	7033	4525	3.0	3.0	0.0	4
176	7033	4528	7033	4525	7033	4525	3.0	3.0	0.0	4
176	7033	4528	7033	4525	7033	4525	3.0	3.0	0.0	4
177	7033	4525	7033	4524	7033	4524	1.0	1.0	0.0	1
177	7033	4525	7033	4524	7033	4524	1.0	1.0	0.0	1
177	7033	4525	7033	4524	7033	4524	1.0	1.0	0.0	1
177	7033	4525	7033	4524	7033	4524	1.0	1.0	0.0	1
177	7033	4525	7033	4524	7033	4524	1.0	1.0	0.0	1
177	7033	4525	7033	4524	7033	4524	1.0	1.0	0.0	1
177	7033	4525	7033	4524	7033	4524	1.0	1.0	0.0	1
177	7033	4525	7033	4524	7033	4524	1.0	1.0	0.0	1
177	7033	4525	7033	4524	7033	4524	1.0	1.0	0.0	1
198	7033	4523	7033	4519	7033	4519	4.0	4.0	0.0	2
198	7033	4523	7033	4519	7033	4519	4.0	4.0	0.0	2
198	7033	4523	7033	4519	7033	4519	4.0	4.0	0.0	2
198	7033	4523	7033	4519	7033	4519	4.0	4.0	0.0	2
198	7033	4523	7033	4519	7033	4519	4.0	4.0	0.0	2
198	7033	4523	7033	4519	7033	4519	4.0	4.0	0.0	2
198	7033	4523	7033	4519	7033	4519	4.0	4.0	0.0	2
198	7033	4523	7033	4519	7033	4519	4.0	4.0	0.0	2
198	7033	4523	7033	4519	7033	4519	4.0	4.0	0.0	2
199	7033	4519	7029	4513	7029	4513	7.211102550927978	7.211102550927978	0.0	4
199	7033	4519	7029	4513	7029	4513	7.211102550927978	7.211102550927978	0.0	4
199	7033	4519	7029	4513	7029	4513	7.211102550927978	7.211102550927978	0.0	4
199	7033	4519	7029	4513	7029	4513	7.211102550927978	7.211102550927978	0.0	4
199	7033	4519	7029	4513	7029	4513	7.211102550927978	7.211102550927978	0.0	4
199	7033	4519	7029	4513	7029	4513	7.211102550927978	7.211102550927978	0.0	4
199	7033	4519	7029	4513	7029	4513	7.211102550927978	7.211102550927978	0.0	4
199	7033	4519	7029	4513	7029	4513	7.211102550927978	7.211102550927978	0.0	4
199	7033	4519	7029	4513	7029	4513	7.211102550927978	7.211102550927978	0.0	4
200	7029	4513	7029	4505	7029	4505	8.0	8.0	0.0	6
200	7029	4513	7029	4505	7029	4505	8.0	8.0	0.0	6
200	7029	4513	7029	4505	7029	4505	8.0	8.0	0.0	6
200	7029	4513	7029	4505	7029	4505	8.0	8.0	0.0	6
200	7029	4513	7029	4505	7029	4505	8.0	8.0	0.0	6
200	7029	4513	7029	4505	7029	4505	8.0	8.0	0.0	6
200	7029	4513	7029	4505	7029	4505	8.0	8.0	0.0	6
200	7029	4513	7029	4505	7029	4505	8.0	8.0	0.0	6
200	7029	4513	7029	4505	7029	4505	8.0	8.0	0.0	6
201	7029	4505	7028	4496	7028	4496	9.055385138137417	9.055385138137417	0.0	8
201	7029	4505	7028	4496	7028	4496	9.055385138137417	9.055385138137417	0.0	8
201	7029	4505	7028	4496	7028	4496	9.055385138137417	9.055385138137417	0.0	8
201	7029	4505	7028	4496	7028	4496	9.055385138137417	9.055385138137417	0.0	8
201	7029	4505	7028	4496	7028	4496	9.055385138137417	9.055385138137417	0.0	8
201	7029	4505	7028	4496	7028	4496	9.055385138137417	9.055385138137417	0.0	8
201	7029	4505	7028	4496	7028	4496	9.055385138137417	9.055385138137417	0.0	8
201	7029	4505	7028	4496	7028	4496	9.055385138137417	9.055385138137417	0.0	8
201	7029	4505	7028	4496	7028	4496	9.055385138137417	9.055385138137417	0.0	8
202	7028	4496	7027	4484	7027	4484	12.041594578792296	12.041594578792296	0.0	10
202	7028	4496	7027	4484	7027	4484	12.041594578792296	12.041594578792296	0.0	10
202	7028	4496	7027	4484	7027	4484	12.041594578792296	12.041594578792296	0.0	10
202	7028	4496	7027	4484	7027	4484	12.041594578792296	12.041594578792296	0.0	10
202	7028	4496	7027	4484	7027	4484	12.041594578792296	12.041594578792296	0.0	10
202	7028	4496	7027	4484	7027	4484	12.041594578792296	12.041594578792296	0.0	10
202	7028	4496	7027	4484	7027	4484	12.041594578792296	12.041594578792296	0.0	10
202	7028	4496	7027	4484	7027	4484	12.041594578792296	12.041594578792296	0.0	10
202	7028	4496	7027	4484	7027	4484	12.041594578792296	12.041594578792296	0.0	10
203	7027	4484	7026	4471	7026	4471	13.038404810405298	13.038404810405298	0.0	12
203	7027	4484	7026	4471	7026	4471	13.038404810405298	13.038404810405298	0.0	12
203	7027	4484	7026	4471	7026	4471	13.038404810405298	13.038404810405298	0.0	12
203	7027	4484	7026	4471	7026	4471	13.038404810405298	13.038404810405298	0.0	12
203	7027	4484	7026	4471	7026	4471	13.038404810405298	13.038404810405298	0.0	12
203	7027	4484	7026	4471	7026	4471	13.038404810405298	13.038404810405298	0.0	12
203	7027	4484	7026	4471	7026	4471	13.038404810405298	13.038404810405298	0.0	12
203	7027	4484	7026	4471	7026	4471	13.038404810405298	13.038404810405298	0.0	12
203	7027	4484	7026	4471	7026	4471	13.038404810405298	13.038404810405298	0.0	12
204	7026	4471	7026	4457	7026	4457	14.0	14.0	0.0	14
204	7026	4471	7026	4457	7026	4457	14.0	14.0	0.0	14
204	7026	4471	7026	4457	7026	4457	14.0	14.0	0.0	14
204	7026	4471	7026	4457	7026	4457	14.0	14.0	0.0	14
204	7026	4471	7026	4457	7026	4457	14.0	14.0	0.0	14
204	7026	4471	7026	4457	7026	4457	14.0	14.0	0.0	14
204	7026	4471	7026	4457	7026	4457	14.0	14.0	0.0	14
204	7026	4471	7026	4457	7026	4457	14.0	14.0	0.0	14
204	7026	4471	7026	4457	7026	4457	14.0	14.0	0.0	14
205	7026	4457	7025	4442	7025	4442	15.033296378372908	15.033296378372908	0.0	14
205	7026	4457	7025	4442	7025	4442	15.033296378372908	15.033296378372908	0.0	14
205	7026	4457	7025	4442	7025	4442	15.033296378372908	15.033296378372908	0.0	14
205	7026	4457	7025	4442	7025	4442	15.033296378372908	15.033296378372908	0.0	14
205	7026	4457	7025	4442	7025	4442	15.033296378372908	15.033296378372908	0.0	14
205	7026	4457	7025	4442	7025	4442	15.033296378372908	15.033296378372908	0.0	14
205	7026	4457	7025	4442	7025	4442	15.033296378372908	15.033296378372908	0.0	14
205	7026	4457	7025	4442	7025	4442	15.033296378372908	15.033296378372908	0.0	14
205	7026	4457	7025	4442	7025	4442	15.033296378372908	15.033296378372908	0.0	14
439	5923	4316	5909	4317	5909	4317	14.035668847618199	14.035668847618199	0.0	14
439	5923	4316	5909	4317	5909	4317	14.035668847618199	14.035668847618199	0.0	14
439	5923	4316	5909	4317	5909	4317	14.035668847618199	14.035668847618199	0.0	14
439	5923	4316	5909	4317	5909	4317	14.035668847618199	14.035668847618199	0.0	14
439	5923	4316	5909	4317	5909	4317	14.035668847618199	14.035668847618199	0.0	14
439	5923	4316	5909	4317	5909	4317	14.035668847618199	14.035668847618199	0.0	14
439	5923	4316	5909	4317	5909	4317	14.035668847618199	14.035668847618199	0.0	14
439	5923	4316	5909	4317	5909	4317	14.035668847618199	14.035668847618199	0.0	14
439	5923	4316	5909	4317	5909	4317	14.035668847618199	14.035668847618199	0.0	14
440	5909	4317	5894	4317	5894	4317	15.0	15.0	0.0	14
440	5909	4317	5894	4317	5894	4317	15.0	15.0	0.0	14
440	5909	4317	5894	4317	5894	4317	15.0	15.0	0.0	14
440	5909	4317	5894	4317	5894	4317	15.0	15.0	0.0	14
440	5909	4317	5894	4317	5894	4317	15.0	15.0	0.0	14
440	5909	4317	5894	4317	5894	4317	15.0	15.0	0.0	14
440	5909	4317	5894	4317	5894	4317	15.0	15.0	0.0	14
440	5909	4317	5894	4317	5894	4317	15.0	15.0	0.0	14
440	5909	4317	5894	4317	5894	4317	15.0	15.0	0.0	14
441	5894	4317	5879	4318	5879	4318	15.033296378372908	15.033296378372908	0.0	14
441	5894	4317	5879	4318	5879	4318	15.033296378372908	15.033296378372908	0.0	14
441	5894	4317	5879	4318	5879	4318	15.033296378372908	15.033296378372908	0.0	14
441	5894	4317	5879	4318	5879	4318	15.033296378372908	15.033296378372908	0.0	14
441	5894	4317	5879	4318	5879	4318	15.033296378372908	15.033296378372908	0.0	14
441	5894	4317	5879	4318	5879	4318	15.033296378372908	15.033296378372908	0.0	14
441	5894	4317	5879	4318	5879	4318	15.033296378372908	15.033296378372908	0.0	14
441	5894	4317	5879	4318	5879	4318	15.033296378372908	15.033296378372908	0.0	14
441	5894	4317	5879	4318	5879	4318	15.033296378372908	15.033296378372908	0.0	14
442	5879	4318	5865	4320	5865	4320	14.142135623730951	14.142135623730951	0.0	14
442	5879	4318	5865	4320	5865	4320	14.142135623730951	14.142135623730951	0.0	14
442	5879	4318	5865	4320	5865	4320	14.142135623730951	14.142135623730951	0.0	14
442	5879	4318	5865	4320	5865	4320	14.142135623730951	14.142135623730951	0.0	14
442	5879	4318	5865	4320	5865	4320	14.142135623730951	14.142135623730951	0.0	14
442	5879	4318	5865	4320	5865	4320	14.142135623730951	14.142135623730951	0.0	14
442	5879	4318	5865	4320	5865	4320	14.142135623730951	14.142135623730951	0.0	14
442	5879	4318	5865	4320	5865	4320	14.142135623730951	14.142135623730951	0.0	14
442	5879	4318	5865	4320	5865	4320	14.142135623730951	14.142135623730951	0.0	14
443	5865	4320	5850	4322	5850	4322	15.132745950421556	15.132745950421556	0.0	14
443	5865	4320	5850	4322	5850	4322	15.132745950421556	15.132745950421556	0.0	14
443	5865	4320	5850	4322	5850	4322	15.132745950421556	15.132745950421556	0.0	14
443	5865	4320	5850	4322	5850	4322	15.132745950421556	15.132745950421556	0.0	14
443	5865	4320	5850	4322	5850	4322	15.132745950421556	15.132745950421556	0.0	14
443	5865	4320	5850	4322	5850	4322	15.132745950421556	15.132745950421556	0.0	14
443	5865	4320	5850	4322	5850	4322	15.132745950421556	15.132745950421556	0.0	14
443	5865	4320	5850	4322	5850	4322	15.132745950421556	15.132745950421556	0.0	14
443	5865	4320	5850	4322	5850	4322	15.132745950421556	15.132745950421556	0.0	14
444	5850	4322	5836	4324	5836	4324	14.142135623730951	14.142135623730951	0.0	14
444	5850	4322	5836	4324	5836	4324	14.142135623730951	14.142135623730951	0.0	14
444	5850	4322	5836	4324	5836	4324	14.142135623730951	14.142135623730951	0.0	14
444	5850	4322	5836	4324	5836	4324	14.142135623730951	14.142135623730951	0.0	14
444	5850	4322	5836	4324	5836	4324	14.142135623730951	14.142135623730951	0.0	14
444	5850	4322	5836	4324	5836	4324	14.142135623730951	14.142135623730951	0.0	14
444	5850	4322	5836	4324	5836	4324	14.142135623730951	14.142135623730951	0.0	14
444	5850	4322	5836	4324	5836	4324	14.142135623730951	14.142135623730951	0.0	14
444	5850	4322	5836	4324	5836	4324	14.142135623730951	14.142135623730951	0.0	14
445	5836	4324	5821	4326	5821	4326	15.132745950421556	15.132745950421556	0.0	14
445	5836	4324	5821	4326	5821	4326	15.132745950421556	15.132745950421556	0.0	14
445	5836	4324	5821	4326	5821	4326	15.132745950421556	15.132745950421556	0.0	14
445	5836	4324	5821	4326	5821	4326	15.132745950421556	15.132745950421556	0.0	14
445	5836	4324	5821	4326	5821	4326	15.132745950421556	15.132745950421556	0.0	14
445	5836	4324	5821	4326	5821	4326	15.132745950421556	15.132745950421556	0.0	14
445	5836	4324	5821	4326	5821	4326	15.132745950421556	15.132745950421556	0.0	14
445	5836	4324	5821	4326	5821	4326	15.132745950421556	15.132745950421556	0.0	14
445	5836	4324	5821	4326	5821	4326	15.132745950421556	15.132745950421556	0.0	14
446	5821	4326	5806	4328	5806	4328	15.132745950421556	15.132745950421556	0.0	14
446	5821	4326	5806	4328	5806	4328	15.132745950421556	15.132745950421556	0.0	14
446	5821	4326	5806	4328	5806	4328	15.132745950421556	15.132745950421556	0.0	14
446	5821	4326	5806	4328	5806	4328	15.132745950421556	15.132745950421556	0.0	14
446	5821	4326	5806	4328	5806	4328	15.132745950421556	15.132745950421556	0.0	14
446	5821	4326	5806	4328	5806	4328	15.132745950421556	15.132745950421556	0.0	14
446	5821	4326	5806	4328	5806	4328	15.132745950421556	15.132745950421556	0.0	14
446	5821	4326	5806	4328	5806	4328	15.132745950421556	15.132745950421556	0.0	14
446	5821	4326	5806	4328	5806	4328	15.132745950421556	15.132745950421556	0.0	14
447	5806	4328	5792	4330	5792	4330	14.142135623730951	14.142135623730951	0.0	14
447	5806	4328	5792	4330	5792	4330	14.142135623730951	14.142135623730951	0.0	14
447	5806	4328	5792	4330	5792	4330	14.142135623730951	14.142135623730951	0.0	14
447	5806	4328	5792	4330	5792	4330	14.142135623730951	14.142135623730951	0.0	14
447	5806	4328	5792	4330	5792	4330	14.142135623730951	14.142135623730951	0.0	14
447	5806	4328	5792	4330	5792	4330	14.142135623730951	14.142135623730951	0.0	14
447	5806	4328	5792	4330	5792	4330	14.142135623730951	14.142135623730951	0.0	14
447	5806	4328	5792	4330	5792	4330	14.142135623730951	14.142135623730951	0.0	14
447	5806	4328	5792	4330	5792	4330	14.142135623730951	14.142135623730951	0.0	14
448	5792	4330	5777	4332	5777	4332	15.132745950421556	15.132745950421556	0.0	14
448	5792	4330	5777	4332	5777	4332	15.132745950421556	15.132745950421556	0.0	14
448	5792	4330	5777	4332	5777	4332	15.132745950421556	15.132745950421556	0.0	14
448	5792	4330	5777	4332	5777	4332	15.132745950421556	15.132745950421556	0.0	14
448	5792	4330	5777	4332	5777	4332	15.132745950421556	15.132745950421556	0.0	14
448	5792	4330	5777	4332	5777	4332	15.132745950421556	15.132745950421556	0.0	14
448	5792	4330	5777	4332	5777	4332	15.132745950421556	15.132745950421556	0.0	14
448	5792	4330	5777	4332	5777	4332	15.132745950421556	15.132745950421556	0.0	14
448	5792	4330	5777	4332	5777	4332	15.132745950421556	15.132745950421556	0.0	14
449	5777	4332	5763	4334	5763	4334	14.142135623730951	14.142135623730951	0.0	14
449	5777	4332	5763	4334	5763	4334	14.142135623730951	14.142135623730951	0.0	14
449	5777	4332	5763	4334	5763	4334	14.142135623730951	14.142135623730951	0.0	14
449	5777	4332	5763	4334	5763	4334	14.142135623730951	14.142135623730951	0.0	14
449	5777	4332	5763	4334	5763	4334	14.142135623730951	14.142135623730951	0.0	14
449	5777	4332	5763	4334	5763	4334	14.142135623730951	14.142135623730951	0.0	14
449	5777	4332	5763	4334	5763	4334	14.142135623730951	14.142135623730951	0.0	14
449	5777	4332	5763	4334	5763	4334	14.142135623730951	14.142135623730951	0.0	14
449	5777	4332	5763	4334	5763	4334	14.142135623730951	14.142135623730951	0.0	14
450	5763	4334	5748	4336	5748	4336	15.132745950421556	15.132745950421556	0.0	14
450	5763	4334	5748	4336	5748	4336	15.132745950421556	15.132745950421556	0.0	14
450	5763	4334	5748	4336	5748	4336	15.132745950421556	15.132745950421556	0.0	14
450	5763	4334	5748	4336	5748	4336	15.132745950421556	15.132745950421556	0.0	14
450	5763	4334	5748	4336	5748	4336	15.132745950421556	15.132745950421556	0.0	14
450	5763	4334	5748	4336	5748	4336	15.132745950421556	15.132745950421556	0.0	14
450	5763	4334	5748	4336	5748	4336	15.132745950421556	15.132745950421556	0.0	14
450	5763	4334	5748	4336	5748	4336	15.132745950421556	15.132745950421556	0.0	14
450	5763	4334	5748	4336	5748	4336	15.132745950421556	15.132745950421556	0.0	14
802	4578	3729	4564	3725	4564	3725	14.560219778561036	14.560219778561036	0.0	14
802	4578	3729	4564	3725	4564	3725	14.560219778561036	14.560219778561036	0.0	14
802	4578	3729	4564	3725	4564	3725	14.560219778561036	14.560219778561036	0.0	14
802	4578	3729	4564	3725	4564	3725	14.560219778561036	14.560219778561036	0.0	14
802	4578	3729	4564	3725	4564	3725	14.560219778561036	14.560219778561036	0.0	14
802	4578	3729	4564	3725	4564	3725	14.560219778561036	14.560219778561036	0.0	14
802	4578	3729	4564	3725	4564	3725	14.560219778561036	14.560219778561036	0.0	14
802	4578	3729	4564	3725	4564	3725	14.560219778561036	14.560219778561036	0.0	14
802	4578	3729	4564	3725	4564	3725	14.560219778561036	14.560219778561036	0.0	14
803	4564	3725	4549	3721	4549	3721	15.524174696260024	15.524174696260024	0.0	14
803	4564	3725	4549	3721	4549	3721	15.524174696260024	15.524174696260024	0.0	14
803	4564	3725	4549	3721	4549	3721	15.524174696260024	15.524174696260024	0.0	14
803	4564	3725	4549	3721	4549	3721	15.524174696260024	15.524174696260024	0.0	14
803	4564	3725	4549	3721	4549	3721	15.524174696260024	15.524174696260024	0.0	14
803	4564	3725	4549	3721	4549	3721	15.524174696260024	15.524174696260024	0.0	14
803	4564	3725	4549	3721	4549	3721	15.524174696260024	15.524174696260024	0.0	14
803	4564	3725	4549	3721	4549	3721	15.524174696260024	15.524174696260024	0.0	14
803	4564	3725	4549	3721	4549	3721	15.524174696260024	15.524174696260024	0.0	14
804	4549	3721	4535	3717	4535	3717	14.560219778561036	14.560219778561036	0.0	14
804	4549	3721	4535	3717	4535	3717	14.560219778561036	14.560219778561036	0.0	14
804	4549	3721	4535	3717	4535	3717	14.560219778561036	14.560219778561036	0.0	14
804	4549	3721	4535	3717	4535	3717	14.560219778561036	14.560219778561036	0.0	14
804	4549	3721	4535	3717	4535	3717	14.560219778561036	14.560219778561036	0.0	14
804	4549	3721	4535	3717	4535	3717	14.560219778561036	14.560219778561036	0.0	14
804	4549	3721	4535	3717	4535	3717	14.560219778561036	14.560219778561036	0.0	14
804	4549	3721	4535	3717	4535	3717	14.560219778561036	14.560219778561036	0.0	14
804	4549	3721	4535	3717	4535	3717	14.560219778561036	14.560219778561036	0.0	14
805	4535	3717	4523	3714	4523	3714	12.36931687685298	12.36931687685298	0.0	14
805	4535	3717	4523	3714	4523	3714	12.36931687685298	12.36931687685298	0.0	14
805	4535	3717	4523	3714	4523	3714	12.36931687685298	12.36931687685298	0.0	14
805	4535	3717	4523	3714	4523	3714	12.36931687685298	12.36931687685298	0.0	14
805	4535	3717	4523	3714	4523	3714	12.36931687685298	12.36931687685298	0.0	14
805	4535	3717	4523	3714	4523	3714	12.36931687685298	12.36931687685298	0.0	14
805	4535	3717	4523	3714	4523	3714	12.36931687685298	12.36931687685298	0.0	14
805	4535	3717	4523	3714	4523	3714	12.36931687685298	12.36931687685298	0.0	14
805	4535	3717	4523	3714	4523	3714	12.36931687685298	12.36931687685298	0.0	14
806	4523	3714	4513	3712	4513	3712	10.198039027185569	10.198039027185569	0.0	11
806	4523	3714	4513	3712	4513	3712	10.198039027185569	10.198039027185569	0.0	11
806	4523	3714	4513	3712	4513	3712	10.198039027185569	10.198039027185569	0.0	11
806	4523	3714	4513	3712	4513	3712	10.198039027185569	10.198039027185569	0.0	11
806	4523	3714	4513	3712	4513	3712	10.198039027185569	10.198039027185569	0.0	11
806	4523	3714	4513	3712	4513	3712	10.198039027185569	10.198039027185569	0.0	11
806	4523	3714	4513	3712	4513	3712	10.198039027185569	10.198039027185569	0.0	11
806	4523	3714	4513	3712	4513	3712	10.198039027185569	10.198039027185569	0.0	11
806	4523	3714	4513	3712	4513	3712	10.198039027185569	10.198039027185569	0.0	11
807	4513	3712	4507	3711	4507	3711	6.082762530298219	6.082762530298219	0.0	8
807	4513	3712	4507	3711	4507	3711	6.082762530298219	6.082762530298219	0.0	8
807	4513	3712	4507	3711	4507	3711	6.082762530298219	6.082762530298219	0.0	8
807	4513	3712	4507	3711	4507	3711	6.082762530298219	6.082762530298219	0.0	8
807	4513	3712	4507	3711	4507	3711	6.082762530298219	6.082762530298219	0.0	8
807	4513	3712	4507	3711	4507	3711	6.082762530298219	6.082762530298219	0.0	8
807	4513	3712	4507	3711	4507	3711	6.082762530298219	6.082762530298219	0.0	8
807	4513	3712	4507	3711	4507	3711	6.082762530298219	6.082762530298219	0.0	8
807	4513	3712	4507	3711	4507	3711	6.082762530298219	6.082762530298219	0.0	8
808	4507	3711	4503	3710	4503	3710	4.123105625617661	4.123105625617661	0.0	5
808	4507	3711	4503	3710	4503	3710	4.123105625617661	4.123105625617661	0.0	5
808	4507	3711	4503	3710	4503	3710	4.123105625617661	4.123105625617661	0.0	5
808	4507	3711	4503	3710	4503	3710	4.123105625617661	4.123105625617661	0.0	5
808	4507	3711	4503	3710	4503	3710	4.123105625617661	4.123105625617661	0.0	5
808	4507	3711	4503	3710	4503	3710	4.123105625617661	4.123105625617661	0.0	5
808	4507	3711	4503	3710	4503	3710	4.123105625617661	4.123105625617661	0.0	5
808	4507	3711	4503	3710	4503	3710	4.123105625617661	4.123105625617661	0.0	5
808	4507	3711	4503	3710	4503	3710	4.123105625617661	4.123105625617661	0.0	5
809	4503	3710	4501	3709	4501	3709	2.23606797749979	2.23606797749979	0.0	3
809	4503	3710	4501	3709	4501	3709	2.23606797749979	2.23606797749979	0.0	3
809	4503	3710	4501	3709	4501	3709	2.23606797749979	2.23606797749979	0.0	3
809	4503	3710	4501	3709	4501	3709	2.23606797749979	2.23606797749979	0.0	3
809	4503	3710	4501	3709	4501	3709	2.23606797749979	2.23606797749979	0.0	3
809	4503	3710	4501	3709	4501	3709	2.23606797749979	2.23606797749979	0.0	3
809	4503	3710	4501	3709	4501	3709	2.23606797749979	2.23606797749979	0.0	3
809	4503	3710	4501	3709	4501	3709	2.23606797749979	2.23606797749979	0.0	3
809	4503	3710	4501	3709	4501	3709	2.23606797749979	2.23606797749979	0.0	3
830	4501	3709	4498	3708	4498	3708	3.1622776601683795	3.1622776601683795	0.0	1
830	4501	3709	4498	3708	4498	3708	3.1622776601683795	3.1622776601683795	0.0	1
830	4501	3709	4498	3708	4498	3708	3.1622776601683795	3.1622776601683795	0.0	1
830	4501	3709	4498	3708	4498	3708	3.1622776601683795	3.1622776601683795	0.0	1
830	4501	3709	4498	3708	4498	3708	3.1622776601683795	3.1622776601683795	0.0	1
830	4501	3709	4498	3708	4498	3708	3.1622776601683795	3.1622776601683795	0.0	1
830	4501	3709	4498	3708	4498	3708	3.1622776601683795	3.1622776601683795	0.0	1
830	4501	3709	4498	3708	4498	3708	3.1622776601683795	3.1622776601683795	0.0	1
830	4501	3709	4498	3708	4498	3708	3.1622776601683795	3.1622776601683795	0.0	1
831	4498	3708	4494	3707	4494	3707	4.123105625617661	4.123105625617661	0.0	3
831	4498	3708	4494	3707	4494	3707	4.123105625617661	4.123105625617661	0.0	3
831	4498	3708	4494	3707	4494	3707	4.123105625617661	4.123105625617661	0.0	3
831	4498	3708	4494	3707	4494	3707	4.123105625617661	4.123105625617661	0.0	3
831	4498	3708	4494	3707	4494	3707	4.123105625617661	4.123105625617661	0.0	3
831	4498	3708	4494	3707	4494	3707	4.123105625617661	4.123105625617661	0.0	3
831	4498	3708	4494	3707	4494	3707	4.123105625617661	4.123105625617661	0.0	3
831	4498	3708	4494	3707	4494	3707	4.123105625617661	4.123105625617661	0.0	3
831	4498	3708	4494	3707	4494	3707	4.123105625617661	4.123105625617661	0.0	3
832	4494	3707	4488	3706	4488	3706	6.082762530298219	6.082762530298219	0.0	5
832	4494	3707	4488	3706	4488	3706	6.082762530298219	6.082762530298219	0.0	5
832	4494	3707	4488	3706	4488	3706	6.082762530298219	6.082762530298219	0.0	5
832	4494	3707	4488	3706	4488	3706	6.082762530298219	6.082762530298219	0.0	5
832	4494	3707	4488	3706	4488	3706	6.082762530298219	6.082762530298219	0.0	5
832	4494	3707	4488	3706	4488	3706	6.082762530298219	6.082762530298219	0.0	5
832	4494	3707	4488	3706	4488	3706	6.082762530298219	6.082762530298219	0.0	5
832	4494	3707	4488	3706	4488	3706	6.082762530298219	6.082762530298219	0.0	5
832	4494	3707	4488	3706	4488	3706	6.082762530298219	6.082762530298219	0.0	5
833	4488	3706	4479	3704	4479	3704	9.219544457292887	9.219544457292887	0.0	7
833	4488	3706	4479	3704	4479	3704	9.219544457292887	9.219544457292887	0.0	7
833	4488	3706	4479	3704	4479	3704	9.219544457292887	9.219544457292887	0.0	7
833	4488	3706	4479	3704	4479	3704	9.219544457292887	9.219544457292887	0.0	7
833	4488	3706	4479	3704	4479	3704	9.219544457292887	9.219544457292887	0.0	7
833	4488	3706	4479	3704	4479	3704	9.219544457292887	9.219544457292887	0.0	7
833	4488	3706	4479	3704	4479	3704	9.219544457292887	9.219544457292887	0.0	7
833	4488	3706	4479	3704	4479	3704	9.219544457292887	9.219544457292887	0.0	7
833	4488	3706	4479	3704	4479	3704	9.219544457292887	9.219544457292887	0.0	7
834	4479	3704	4469	3701	4469	3701	10.44030650891055	10.44030650891055	0.0	9
834	4479	3704	4469	3701	4469	3701	10.44030650891055	10.44030650891055	0.0	9
834	4479	3704	4469	3701	4469	3701	10.44030650891055	10.44030650891055	0.0	9
834	4479	3704	4469	3701	4469	3701	10.44030650891055	10.44030650891055	0.0	9
834	4479	3704	4469	3701	4469	3701	10.44030650891055	10.44030650891055	0.0	9
834	4479	3704	4469	3701	4469	3701	10.44030650891055	10.44030650891055	0.0	9
834	4479	3704	4469	3701	4469	3701	10.44030650891055	10.44030650891055	0.0	9
834	4479	3704	4469	3701	4469	3701	10.44030650891055	10.44030650891055	0.0	9
834	4479	3704	4469	3701	4469	3701	10.44030650891055	10.44030650891055	0.0	9
835	4469	3701	4457	3698	4457	3698	12.36931687685298	12.36931687685298	0.0	11
835	4469	3701	4457	3698	4457	3698	12.36931687685298	12.36931687685298	0.0	11
835	4469	3701	4457	3698	4457	3698	12.36931687685298	12.36931687685298	0.0	11
835	4469	3701	4457	3698	4457	3698	12.36931687685298	12.36931687685298	0.0	11
835	4469	3701	4457	3698	4457	3698	12.36931687685298	12.36931687685298	0.0	11
835	4469	3701	4457	3698	4457	3698	12.36931687685298	12.36931687685298	0.0	11
835	4469	3701	4457	3698	4457	3698	12.36931687685298	12.36931687685298	0.0	11
835	4469	3701	4457	3698	4457	3698	12.36931687685298	12.36931687685298	0.0	11
835	4469	3701	4457	3698	4457	3698	12.36931687685298	12.36931687685298	0.0	11
836	4457	3698	4443	3695	4443	3695	14.317821063276353	14.317821063276353	0.0	13
836	4457	3698	4443	3695	4443	3695	14.317821063276353	14.317821063276353	0.0	13
836	4457	3698	4443	3695	4443	3695	14.317821063276353	14.317821063276353	0.0	13
836	4457	3698	4443	3695	4443	3695	14.317821063276353	14.317821063276353	0.0	13
836	4457	3698	4443	3695	4443	3695	14.317821063276353	14.317821063276353	0.0	13
836	4457	3698	4443	3695	4443	3695	14.317821063276353	14.317821063276353	0.0	13
836	4457	3698	4443	3695	4443	3695	14.317821063276353	14.317821063276353	0.0	13
836	4457	3698	4443	3695	4443	3695	14.317821063276353	14.317821063276353	0.0	13
836	4457	3698	4443	3695	4443	3695	14.317821063276353	14.317821063276353	0.0	13
837	4443	3695	4428	3691	4428	3691	15.524174696260024	15.524174696260024	0.0	14
837	4443	3695	4428	3691	4428	3691	15.524174696260024	15.524174696260024	0.0	14
837	4443	3695	4428	3691	4428	3691	15.524174696260024	15.524174696260024	0.0	14
837	4443	3695	4428	3691	4428	3691	15.524174696260024	15.524174696260024	0.0	14
837	4443	3695	4428	3691	4428	3691	15.524174696260024	15.524174696260024	0.0	14
837	4443	3695	4428	3691	4428	3691	15.524174696260024	15.524174696260024	0.0	14
837	4443	3695	4428	3691	4428	3691	15.524174696260024	15.524174696260024	0.0	14
837	4443	3695	4428	3691	4428	3691	15.524174696260024	15.524174696260024	0.0	14
837	4443	3695	4428	3691	4428	3691	15.524174696260024	15.524174696260024	0.0	14
838	4428	3691	4414	3688	4414	3688	14.317821063276353	14.317821063276353	0.0	14
838	4428	3691	4414	3688	4414	3688	14.317821063276353	14.317821063276353	0.0	14
838	4428	3691	4414	3688	4414	3688	14.317821063276353	14.317821063276353	0.0	14
838	4428	3691	4414	3688	4414	3688	14.317821063276353	14.317821063276353	0.0	14
838	4428	3691	4414	3688	4414	3688	14.317821063276353	14.317821063276353	0.0	14
838	4428	3691	4414	3688	4414	3688	14.317821063276353	14.317821063276353	0.0	14
838	4428	3691	4414	3688	4414	3688	14.317821063276353	14.317821063276353	0.0	14
838	4428	3691	4414	3688	4414	3688	14.317821063276353	14.317821063276353	0.0	14
838	4428	3691	4414	3688	4414	3688	14.317821063276353	14.317821063276353	0.0	14
839	4414	3688	4400	3685	4400	3685	14.317821063276353	14.317821063276353	0.0	14
839	4414	3688	4400	3685	4400	3685	14.317821063276353	14.317821063276353	0.0	14
839	4414	3688	4400	3685	4400	3685	14.317821063276353	14.317821063276353	0.0	14
839	4414	3688	4400	3685	4400	3685	14.317821063276353	14.317821063276353	0.0	14
839	4414	3688	4400	3685	4400	3685	14.317821063276353	14.317821063276353	0.0	14
839	4414	3688	4400	3685	4400	3685	14.317821063276353	14.317821063276353	0.0	14
839	4414	3688	4400	3685	4400	3685	14.317821063276353	14.317821063276353	0.0	14
839	4414	3688	4400	3685	4400	3685	14.317821063276353	14.317821063276353	0.0	14
839	4414	3688	4400	3685	4400	3685	14.317821063276353	14.317821063276353	0.0	14
944	3434	3429	3426	3427	3426	3427	8.246211251235321	8.246211251235321	0.0	9
944	3434	3429	3426	3427	3426	3427	8.246211251235321	8.246211251235321	0.0	9
944	3434	3429	3426	3427	3426	3427	8.246211251235321	8.246211251235321	0.0	9
944	3434	3429	3426	3427	3426	3427	8.246211251235321	8.246211251235321	0.0	9
944	3434	3429	3426	3427	3426	3427	8.246211251235321	8.246211251235321	0.0	9
944	3434	3429	3426	3427	3426	3427	8.246211251235321	8.246211251235321	0.0	9
944	3434	3429	3426	3427	3426	3427	8.246211251235321	8.246211251235321	0.0	9
944	3434	3429	3426	3427	3426	3427	8.246211251235321	8.246211251235321	0.0	9
944	3434	3429	3426	3427	3426	3427	8.246211251235321	8.246211251235321	0.0	9
1420	1366	3470	1366	3477	1366	3477	7.0	7.0	0.0	9
1420	1366	3470	1366	3477	1366	3477	7.0	7.0	0.0	9
1420	1366	3470	1366	3477	1366	3477	7.0	7.0	0.0	9
1420	1366	3470	1366	3477	1366	3477	7.0	7.0	0.0	9
1420	1366	3470	1366	3477	1366	3477	7.0	7.0	0.0	9
1420	1366	3470	1366	3477	1366	3477	7.0	7.0	0.0	9
1421	1366	3477	1366	3482	1366	3482	5.0	5.0	0.0	6
1421	1366	3477	1366	3482	1366	3482	5.0	5.0	0.0	6
1421	1366	3477	1366	3482	1366	3482	5.0	5.0	0.0	6
1421	1366	3477	1366	3482	1366	3482	5.0	5.0	0.0	6
1421	1366	3477	1366	3482	1366	3482	5.0	5.0	0.0	6
1421	1366	3477	1366	3482	1366	3482	5.0	5.0	0.0	6
1421	1366	3477	1366	3482	1366	3482	5.0	5.0	0.0	6
1421	1366	3477	1366	3482	1366	3482	5.0	5.0	0.0	6
1421	1366	3477	1366	3482	1366	3482	5.0	5.0	0.0	6
1422	1366	3482	1366	3484	1366	3484	2.0	2.0	0.0	3
1422	1366	3482	1366	3484	1366	3484	2.0	2.0	0.0	3
1422	1366	3482	1366	3484	1366	3484	2.0	2.0	0.0	3
1422	1366	3482	1366	3484	1366	3484	2.0	2.0	0.0	3
1422	1366	3482	1366	3484	1366	3484	2.0	2.0	0.0	3
1422	1366	3482	1366	3484	1366	3484	2.0	2.0	0.0	3
1422	1366	3482	1366	3484	1366	3484	2.0	2.0	0.0	3
1422	1366	3482	1366	3484	1366	3484	2.0	2.0	0.0	3
1422	1366	3482	1366	3484	1366	3484	2.0	2.0	0.0	3
1444	1366	3486	1369	3491	1369	3491	5.830951894845301	5.830951894845301	0.0	3
1444	1366	3486	1369	3491	1369	3491	5.830951894845301	5.830951894845301	0.0	3
1444	1366	3486	1369	3491	1369	3491	5.830951894845301	5.830951894845301	0.0	3
1444	1366	3486	1369	3491	1369	3491	5.830951894845301	5.830951894845301	0.0	3
1444	1366	3486	1369	3491	1369	3491	5.830951894845301	5.830951894845301	0.0	3
1444	1366	3486	1369	3491	1369	3491	5.830951894845301	5.830951894845301	0.0	3
1444	1366	3486	1369	3491	1369	3491	5.830951894845301	5.830951894845301	0.0	3
1444	1366	3486	1369	3491	1369	3491	5.830951894845301	5.830951894845301	0.0	3
1444	1366	3486	1369	3491	1369	3491	5.830951894845301	5.830951894845301	0.0	3
1445	1369	3491	1369	3497	1369	3497	6.0	6.0	0.0	5
1445	1369	3491	1369	3497	1369	3497	6.0	6.0	0.0	5
1445	1369	3491	1369	3497	1369	3497	6.0	6.0	0.0	5
1445	1369	3491	1369	3497	1369	3497	6.0	6.0	0.0	5
1445	1369	3491	1369	3497	1369	3497	6.0	6.0	0.0	5
1445	1369	3491	1369	3497	1369	3497	6.0	6.0	0.0	5
1446	1369	3497	1369	3505	1369	3505	8.0	8.0	0.0	7
1446	1369	3497	1369	3505	1369	3505	8.0	8.0	0.0	7
1446	1369	3497	1369	3505	1369	3505	8.0	8.0	0.0	7
1446	1369	3497	1369	3505	1369	3505	8.0	8.0	0.0	7
1446	1369	3497	1369	3505	1369	3505	8.0	8.0	0.0	7
1446	1369	3497	1369	3505	1369	3505	8.0	8.0	0.0	7
1446	1369	3497	1369	3505	1369	3505	8.0	8.0	0.0	7
1446	1369	3497	1369	3505	1369	3505	8.0	8.0	0.0	7
1447	1369	3505	1368	3515	1368	3515	10.04987562112089	10.04987562112089	0.0	9
1447	1369	3505	1368	3515	1368	3515	10.04987562112089	10.04987562112089	0.0	9
1447	1369	3505	1368	3515	1368	3515	10.04987562112089	10.04987562112089	0.0	9
1447	1369	3505	1368	3515	1368	3515	10.04987562112089	10.04987562112089	0.0	9
1447	1369	3505	1368	3515	1368	3515	10.04987562112089	10.04987562112089	0.0	9
1447	1369	3505	1368	3515	1368	3515	10.04987562112089	10.04987562112089	0.0	9
1447	1369	3505	1368	3515	1368	3515	10.04987562112089	10.04987562112089	0.0	9
1447	1369	3505	1368	3515	1368	3515	10.04987562112089	10.04987562112089	0.0	9
1448	1368	3515	1368	3528	1368	3528	13.0	13.0	0.0	11
1448	1368	3515	1368	3528	1368	3528	13.0	13.0	0.0	11
1448	1368	3515	1368	3528	1368	3528	13.0	13.0	0.0	11
1448	1368	3515	1368	3528	1368	3528	13.0	13.0	0.0	11
1448	1368	3515	1368	3528	1368	3528	13.0	13.0	0.0	11
1448	1368	3515	1368	3528	1368	3528	13.0	13.0	0.0	11
1448	1368	3515	1368	3528	1368	3528	13.0	13.0	0.0	11
1448	1368	3515	1368	3528	1368	3528	13.0	13.0	0.0	11
1448	1368	3515	1368	3528	1368	3528	13.0	13.0	0.0	11
1449	1368	3528	1368	3542	1368	3542	14.0	14.0	0.0	13
1449	1368	3528	1368	3542	1368	3542	14.0	14.0	0.0	13
1449	1368	3528	1368	3542	1368	3542	14.0	14.0	0.0	13
1449	1368	3528	1368	3542	1368	3542	14.0	14.0	0.0	13
1449	1368	3528	1368	3542	1368	3542	14.0	14.0	0.0	13
1449	1368	3528	1368	3542	1368	3542	14.0	14.0	0.0	13
1449	1368	3528	1368	3542	1368	3542	14.0	14.0	0.0	13
1449	1368	3528	1368	3542	1368	3542	14.0	14.0	0.0	13
1449	1368	3528	1368	3542	1368	3542	14.0	14.0	0.0	13
1450	1368	3542	1368	3558	1368	3558	16.0	16.0	0.0	15
1450	1368	3542	1368	3558	1368	3558	16.0	16.0	0.0	15
1450	1368	3542	1368	3558	1368	3558	16.0	16.0	0.0	15
1450	1368	3542	1368	3558	1368	3558	16.0	16.0	0.0	15
1450	1368	3542	1368	3558	1368	3558	16.0	16.0	0.0	15
1450	1368	3542	1368	3558	1368	3558	16.0	16.0	0.0	15
1450	1368	3542	1368	3558	1368	3558	16.0	16.0	0.0	15
1450	1368	3542	1368	3558	1368	3558	16.0	16.0	0.0	15
1450	1368	3542	1368	3558	1368	3558	16.0	16.0	0.0	15
1451	1368	3558	1367	3571	1367	3571	13.038404810405298	13.038404810405298	0.0	14
1451	1368	3558	1367	3571	1367	3571	13.038404810405298	13.038404810405298	0.0	14
1451	1368	3558	1367	3571	1367	3571	13.038404810405298	13.038404810405298	0.0	14
1451	1368	3558	1367	3571	1367	3571	13.038404810405298	13.038404810405298	0.0	14
1451	1368	3558	1367	3571	1367	3571	13.038404810405298	13.038404810405298	0.0	14
1451	1368	3558	1367	3571	1367	3571	13.038404810405298	13.038404810405298	0.0	14
1451	1368	3558	1367	3571	1367	3571	13.038404810405298	13.038404810405298	0.0	14
1451	1368	3558	1367	3571	1367	3571	13.038404810405298	13.038404810405298	0.0	14
1451	1368	3558	1367	3571	1367	3571	13.038404810405298	13.038404810405298	0.0	14
1452	1367	3571	1367	3580	1367	3580	9.0	9.0	0.0	11
1452	1367	3571	1367	3580	1367	3580	9.0	9.0	0.0	11
1452	1367	3571	1367	3580	1367	3580	9.0	9.0	0.0	11
1452	1367	3571	1367	3580	1367	3580	9.0	9.0	0.0	11
1452	1367	3571	1367	3580	1367	3580	9.0	9.0	0.0	11
1452	1367	3571	1367	3580	1367	3580	9.0	9.0	0.0	11
1452	1367	3571	1367	3580	1367	3580	9.0	9.0	0.0	11
1452	1367	3571	1367	3580	1367	3580	9.0	9.0	0.0	11
1452	1367	3571	1367	3580	1367	3580	9.0	9.0	0.0	11
1453	1367	3580	1367	3587	1367	3587	7.0	7.0	0.0	8
1453	1367	3580	1367	3587	1367	3587	7.0	7.0	0.0	8
1453	1367	3580	1367	3587	1367	3587	7.0	7.0	0.0	8
1453	1367	3580	1367	3587	1367	3587	7.0	7.0	0.0	8
1453	1367	3580	1367	3587	1367	3587	7.0	7.0	0.0	8
1453	1367	3580	1367	3587	1367	3587	7.0	7.0	0.0	8
1453	1367	3580	1367	3587	1367	3587	7.0	7.0	0.0	8
1453	1367	3580	1367	3587	1367	3587	7.0	7.0	0.0	8
1453	1367	3580	1367	3587	1367	3587	7.0	7.0	0.0	8
1454	1367	3587	1367	3593	1367	3593	6.0	6.0	0.0	5
1454	1367	3587	1367	3593	1367	3593	6.0	6.0	0.0	5
1454	1367	3587	1367	3593	1367	3593	6.0	6.0	0.0	5
1454	1367	3587	1367	3593	1367	3593	6.0	6.0	0.0	5
1454	1367	3587	1367	3593	1367	3593	6.0	6.0	0.0	5
1454	1367	3587	1367	3593	1367	3593	6.0	6.0	0.0	5
