1.0859003380727883E7
1.0859003380735833E7
1.0859006E7
1.0859016E7
1.0859026E7
1.0859036E7
1.0859046E7
1.0859056E7
1.0859066E7
1.0859076E7
1.0859086E7
1.0859096E7
1.0859100430611787E7
1.0859100430619737E7
1.0859106E7
1.0859116E7
1.0859126E7
1.0859136E7
1.0859146E7
1.0859156E7
1.0859166E7
1.0859176E7
1.0859186E7
1.0859196E7
1.0859206E7
1.0859216E7
1.0859226E7
1.0859236E7
1.0859246E7
1.0859256E7
1.0859266E7
1.0859276E7
1.0859286E7
1.0859296E7
1.0859306E7
1.0859316E7
1.0859326E7
1.0859336E7
1.0859346E7
1.0859356E7
1.0859366E7
1.0859376E7
1.0859386E7
1.0859396E7
1.0859406E7
1.0859416E7
1.0859426E7
1.0859436E7
1.0859446E7
1.0859456E7
1.0859466E7
1.0859476E7
1.0859486E7
1.0859496E7
1.0859506E7
1.0859516E7
1.0859526E7
1.0859536E7
1.0859546E7
1.0859556E7
1.0859566E7
1.0859576E7
1.0859586E7
1.0859596E7
1.0859606E7
1.0859616E7
1.0859626E7
1.0859636E7
1.0859646E7
1.0859656E7
1.0859666E7
1.0859676E7
1.0859686E7
1.0859696E7
1.0859706E7
1.0859716E7
1.0859726E7
1.0859736E7
1.0859746E7
1.0859756E7
1.0859766E7
1.0859776E7
1.0859786E7
1.0859796E7
1.0859806E7
1.0859816E7
1.0859826E7
1.0859836E7
1.0859846E7
1.0859856E7
1.0859866E7
1.0859876E7
1.0859886E7
1.0859896E7
1.0859906E7
1.0859916E7
1.0859926E7
1.0859936E7
1.0859946E7
1.0859956E7
1.0859966E7
1.0859976E7
1.0859986E7
1.0859996E7
1.1024001979670282E7
1.1024001979678232E7
1.1024006E7
1.1024016E7
1.1024026E7
1.1024036E7
1.1024046E7
1.1024056E7
1.1024066E7
1.1024076E7
1.1024086E7
1.1024096E7
1.1024106E7
1.1024116E7
1.1024126E7
1.1024136E7
1.1024146E7
1.1024156E7
1.1024166E7
1.1024176E7
1.1024186E7
1.1024196E7
1.1024206E7
1.1024216E7
1.1024226E7
1.1024236E7
1.1024246E7
1.1024256E7
1.1024266E7
1.1024276E7
1.1024282730082987E7
1.1024282730090937E7
1.1024286E7
1.1024296E7
1.1024306E7
1.1024316E7
1.1024326E7
1.1024336E7
1.1024346E7
1.1024356E7
1.1024366E7
1.1024376E7
1.1024386E7
1.1024396E7
1.1024406E7
1.1024416E7
1.1024426E7
1.1024436E7
1.1024446E7
1.1024456E7
1.1024466E7
1.1024476E7
1.1024486E7
1.1024496E7
1.1024506E7
1.1024516E7
1.1024526E7
1.1024536E7
1.1024546E7
1.1024556E7
1.1024566E7
1.1024576E7
1.1024586E7
1.1024596E7
1.1024606E7
1.1024616E7
1.1024626E7
1.1024636E7
1.1024646E7
1.1024656E7
1.1024666E7
1.1024676E7
1.1024686E7
1.1024696E7
1.1024706E7
1.1024716E7
1.1024726E7
1.1024736E7
1.1024746E7
1.1024756E7
1.1024766E7
1.1024776E7
1.1024786E7
1.1024796E7
1.1024806E7
1.1024816E7
1.1024826E7
1.1024836E7
1.1024846E7
1.1024856E7
1.1024866E7
1.1024876E7
1.1024886E7
1.1024896E7
1.1024906E7
1.112900087851904E7
1.112900087852699E7
1.1129006E7
1.1129016E7
1.1129026E7
1.1129036E7
1.1129046E7
1.1129056E7
1.1129066E7
1.1129076E7
1.1129086E7
1.1129096E7
1.1129106E7
1.1129116E7
1.1129126E7
1.1129136E7
1.1129146E7
1.1129156E7
1.1129159179507365E7
1.1129159179515315E7
1.1129166E7
1.1129176E7
1.1129186E7
1.1129196E7
1.1129206E7
1.1129216E7
1.1129226E7
1.1129236E7
1.1129246E7
1.1129256E7
1.1129266E7
1.1129276E7
1.1129286E7
1.1129296E7
1.1129306E7
1.1129316E7
1.1129326E7
1.1129336E7
1.1129346E7
1.1129356E7
1.1129366E7
1.1129376E7
1.1129386E7
1.1129396E7
1.1129406E7
1.1129416E7
1.1129426E7
1.1129436E7
1.1129446E7
1.1129456E7
1.1129466E7
1.1129476E7
1.1129486E7
1.1129496E7
1.1129506E7
1.1129516E7
1.1129526E7
1.1129536E7
1.1129546E7
1.1129556E7
1.1129566E7
1.1129576E7
1.1129586E7
1.1129596E7
1.1129606E7
1.1129616E7
1.1129626E7
1.1129636E7
1.1129646E7
1.1129656E7
1.1129666E7
1.1129676E7
1.1129686E7
1.1129696E7
1.1129706E7
1.1129716E7
1.1286003041058894E7
1.1286003041066844E7
1.1286006E7
1.1286016E7
1.1286026E7
1.1286036E7
1.1286046E7
1.1286056E7
1.1286066E7
1.1286076E7
1.1286086E7
1.1286096E7
1.1286106E7
1.1286116E7
1.1286126E7
1.1286136E7
1.1286146E7
1.1286156E7
1.1286166E7
1.1286176E7
1.1286186E7
1.1286196E7
1.1286206E7
1.1286216E7
1.1286226E7
1.1286236E7
1.1286246E7
1.1286256E7
1.1286266E7
1.1286276E7
1.1286286E7
1.1286296E7
1.1286306E7
1.1286316E7
1.1286326E7
1.1286336E7
1.1286346E7
1.1286356E7
1.1286366E7
1.1286376E7
1.1286386E7
1.1286396E7
1.1286406E7
1.1286416E7
1.1286426E7
1.1286436E7
1.1286446E7
1.1286456E7
1.1286466E7
1.1286476E7
1.1286486E7
1.1286496E7
1.1286506E7
1.1286516E7
1.1286526E7
1.1286536E7
1.1286546E7
1.1286556E7
1.1286566E7
1.1286576E7
1.1286586E7
1.1286596E7
1.1286606E7
1.1286616E7
1.1286626E7
1.1286636E7
1.1286646E7
1.1286656E7
1.1286666E7
1.1286676E7
1.1286686E7
1.1286696E7
1.1286706E7
1.1286716E7
1.1286726E7
1.1286736E7
1.1286746E7
1.1286756E7
1.1286766E7
1.1286776E7
1.1286786E7
1.1286796E7
1.1286806E7
1.1286816E7
1.1286826E7
1.1286836E7
1.1286846E7
1.1286856E7
1.1286866E7
1.1286876E7
1.1286886E7
1.1286896E7
1.1286906E7
1.1286916E7
1.1286926E7
1.1286936E7
1.1286946E7
1.1286956E7
1.1286966E7
1.1286976E7
1.1286986E7
1.1286996E7
1.1287006E7
1.1287016E7
1.1287026E7
1.1287036E7
1.1287046E7
1.1287056E7
1.1287066E7
1.1287076E7
1.1287086E7
1.1287096E7
1.1287106E7
1.1287116E7
1.1287126E7
1.1287136E7
1.1287146E7
1.1287156E7
1.1287166E7
1.1407005373633977E7
1.1407005373641927E7
1.1407006E7
1.1407016E7
1.1407025373633977E7
1.1407025373641927E7
1.1407026E7
1.1407035373633977E7
1.1407035373641927E7
1.1407036E7
1.1407045373633977E7
1.1407045373641927E7
1.1407046E7
1.1407055373633977E7
1.1407055373641927E7
1.1407056E7
1.1407065373633977E7
1.1407065373641927E7
1.1407066E7
1.1407075373633977E7
1.1407075373641927E7
1.1407076E7
1.1407085373633977E7
1.1407085373641927E7
1.1407086E7
1.1407096E7
1.1407105373633977E7
1.1407105373641927E7
1.1407106E7
1.1407115373633977E7
1.1407115373641927E7
1.1407116E7
1.1407125373633977E7
1.1407125373641927E7
1.1407126E7
1.1407136E7
1.1407145373633977E7
1.1407145373641927E7
1.1407146E7
1.1407155373633977E7
1.1407155373641927E7
1.1407156E7
1.1407165373633977E7
1.1407165373641927E7
1.1407166E7
1.1407175373633977E7
1.1407175373641927E7
1.1407176E7
1.1407185373633977E7
1.1407185373641927E7
1.1407186E7
1.1407195373633977E7
1.1407195373641927E7
1.1407196E7
1.1407205373633977E7
1.1407205373641927E7
1.1407206E7
1.1407215373633977E7
1.1407215373641927E7
1.1407216E7
1.1407225373633977E7
1.1407225373641927E7
1.1407226E7
1.1407235373633977E7
1.1407235373641927E7
1.1407236E7
1.1407245373633977E7
1.1407245373641927E7
1.1407246E7
1.1407255373633977E7
1.1407255373641927E7
1.1407256E7
1.1407265373633977E7
1.1407265373641927E7
1.1407266E7
1.1407275373633977E7
1.1407275373641927E7
1.1407276E7
1.1407285373633977E7
1.1407285373641927E7
1.1407286E7
1.1407295373633977E7
1.1407295373641927E7
1.1407296E7
1.1407305373633977E7
1.1407305373641927E7
1.1407306E7
1.1407315373633977E7
1.1407315373641927E7
1.1407316E7
1.1407325373633977E7
1.1407325373641927E7
1.1407326E7
1.1407335373633977E7
1.1407335373641927E7
1.1407336E7
1.1407346E7
1.1407355373633977E7
1.1407355373641927E7
1.1407356E7
1.1407365373633977E7
1.1407365373641927E7
1.1407366E7
1.1407375373633977E7
1.1407375373641927E7
1.1407376E7
1.1407385373633977E7
1.1407385373641927E7
1.1407386E7
1.1407395373633977E7
1.1407395373641927E7
1.1407396E7
1.1407405373633977E7
1.1407405373641927E7
1.1407406E7
1.1407415373633977E7
1.1407415373641927E7
1.1407416E7
1.1407425373633977E7
1.1407425373641927E7
1.1407426E7
1.1407435373633977E7
1.1407435373641927E7
1.1407436E7
1.1407445373633977E7
1.1407445373641927E7
1.1407446E7
1.1407455373633977E7
1.1407455373641927E7
1.1407456E7
1.1407465373633977E7
1.1407465373641927E7
1.1407466E7
1.1407475373633977E7
1.1407475373641927E7
1.1407476E7
1.1407486E7
1.1407495373633977E7
1.1407495373641927E7
1.1407496E7
1.1407505373633977E7
1.1407505373641927E7
1.1407506E7
1.1407515373633977E7
1.1407515373641927E7
1.1407516E7
1.1407525373633977E7
1.1407525373641927E7
1.1407526E7
1.1407535373633977E7
1.1407535373641927E7
1.1407536E7
1.1407545373633977E7
1.1407545373641927E7
1.1407546E7
1.1407555373633977E7
1.1407555373641927E7
1.1407556E7
1.1407566E7
1.1407572427064834E7
1.1407572427072784E7
1.1407575373633977E7
1.1407575373641927E7
1.1407576E7
1.1407585373633977E7
1.1407585373641927E7
1.1407586E7
1.1407595373633977E7
1.1407595373641927E7
1.1407596E7
1.1407605373633977E7
1.1407605373641927E7
1.1407606E7
1.1407615373633977E7
1.1407615373641927E7
1.1407616E7
1.1407625373633977E7
1.1407625373641927E7
1.1407626E7
1.1407635373633977E7
1.1407635373641927E7
1.1407636E7
1.1407646E7
1.1407655373633977E7
1.1407655373641927E7
1.1407656E7
1.1407665373633977E7
1.1407665373641927E7
1.1407666E7
1.1407675373633977E7
1.1407675373641927E7
1.1407676E7
1.1407685373633977E7
1.1407685373641927E7
1.1407686E7
1.1407695373633977E7
1.1407695373641927E7
1.1407696E7
1.1407705373633977E7
1.1407705373641927E7
1.1407706E7
1.1407715373633977E7
1.1407715373641927E7
1.1407716E7
1.1407726E7
1.1407735373633977E7
1.1407735373641927E7
1.1407736E7
1.1407746E7
1.1407756E7
1.1407766E7
1.1407776E7
1.1407786E7
1.1505006E7
1.1505008222694036E7
1.1505008222701985E7
1.1505016E7
1.1505018222694036E7
1.1505018222701985E7
1.1505026E7
1.1505028222694036E7
1.1505028222701985E7
1.1505036E7
1.1505038222694036E7
1.1505038222701985E7
1.1505046E7
1.1505048222694036E7
1.1505048222701985E7
1.1505056E7
1.1505058222694036E7
1.1505058222701985E7
1.1505066E7
1.1505068222694036E7
1.1505068222701985E7
1.1505076E7
1.1505078222694036E7
1.1505078222701985E7
1.1505086E7
1.1505096E7
1.1505098222694036E7
1.1505098222701985E7
1.1505106E7
1.1505108222694036E7
1.1505108222701985E7
1.1505116E7
1.1505118222694036E7
1.1505118222701985E7
1.1505126E7
1.1505128222694036E7
1.1505128222701985E7
1.1505136E7
1.1505138222694036E7
1.1505138222701985E7
1.1505146E7
1.1505148222694036E7
1.1505148222701985E7
1.1505156E7
1.1505158222694036E7
1.1505158222701985E7
1.1505166E7
1.1505168222694036E7
1.1505168222701985E7
1.1505176E7
1.1505178222694036E7
1.1505178222701985E7
1.1505186E7
1.1505188222694036E7
1.1505188222701985E7
1.1505193851594863E7
1.1505193851602813E7
1.1505196E7
1.1505198222694036E7
1.1505198222701985E7
1.1505206E7
1.1505208222694036E7
1.1505208222701985E7
1.1505216E7
1.1505218222694036E7
1.1505218222701985E7
1.1505226E7
1.1505236E7
1.1505238222694036E7
1.1505238222701985E7
1.1505246E7
1.1505248222694036E7
1.1505248222701985E7
1.1505256E7
1.1505258222694036E7
1.1505258222701985E7
1.1505266E7
1.1505268222694036E7
1.1505268222701985E7
1.1505276E7
1.1505286E7
1.1505288222694036E7
1.1505288222701985E7
1.1505296E7
1.1505298222694036E7
1.1505298222701985E7
1.1505306E7
1.1505308222694036E7
1.1505308222701985E7
1.1505316E7
1.1505318222694036E7
1.1505318222701985E7
1.1505326E7
1.1505328222694036E7
1.1505328222701985E7
1.1505336E7
1.1505338222694036E7
1.1505338222701985E7
1.1505346E7
1.1505348222694036E7
1.1505348222701985E7
1.1505356E7
1.1505358222694036E7
1.1505358222701985E7
1.1505366E7
1.1505368222694036E7
1.1505368222701985E7
1.1505376E7
1.1505378222694036E7
1.1505378222701985E7
1.1505386E7
1.1505388222694036E7
1.1505388222701985E7
1.1505396E7
1.1505406E7
1.1505408222694036E7
1.1505408222701985E7
1.1505416E7
1.1505418222694036E7
1.1505418222701985E7
1.1505426E7
1.1505428222694036E7
1.1505428222701985E7
1.1505436E7
1.1505446E7
1.1505448222694036E7
1.1505448222701985E7
1.1505456E7
1.1505458222694036E7
1.1505458222701985E7
1.1505466E7
1.1505468222694036E7
1.1505468222701985E7
1.1505476E7
1.1505478222694036E7
1.1505478222701985E7
1.1505486E7
1.1505488222694036E7
1.1505488222701985E7
1.1505496E7
1.1505498222694036E7
1.1505498222701985E7
1.1505506E7
1.1505508222694036E7
1.1505508222701985E7
1.1505516E7
1.1505518222694036E7
1.1505518222701985E7
1.1505526E7
1.1505528222694036E7
1.1505528222701985E7
1.1505536E7
1.1505538222694036E7
1.1505538222701985E7
1.1505546E7
1.1505548222694036E7
1.1505548222701985E7
1.1505556E7
1.1505558222694036E7
1.1505558222701985E7
1.1505566E7
1.1505568222694036E7
1.1505568222701985E7
1.1505576E7
1.1505578222694036E7
1.1505578222701985E7
1.1505586E7
1.1505588222694036E7
1.1505588222701985E7
1.1505596E7
1.1505606E7
1.1505608222694036E7
1.1505608222701985E7
1.1505616E7
1.1505618222694036E7
1.1505618222701985E7
1.1505626E7
1.1505628222694036E7
1.1505628222701985E7
1.1505636E7
1.1505638222694036E7
1.1505638222701985E7
1.1505646E7
1.1505648222694036E7
1.1505648222701985E7
1.1505656E7
1.1505658222694036E7
1.1505658222701985E7
1.1505666E7
1.1505668222694036E7
1.1505668222701985E7
1.1505676E7
1.1505678222694036E7
1.1505678222701985E7
1.1505686E7
1.1505696E7
1.1505698222694036E7
1.1505698222701985E7
1.1505706E7
1.1505716E7
1.1505718222694036E7
1.1505718222701985E7
1.1505726E7
1.1505728222694036E7
1.1505728222701985E7
1.1505736E7
1.1505738222694036E7
1.1505738222701985E7
1.1505746E7
1.1505748222694036E7
1.1505748222701985E7
1.1505756E7
1.1505758222694036E7
1.1505758222701985E7
1.1505766E7
1.1505768222694036E7
1.1505768222701985E7
1.1505776E7
1.1505778222694036E7
1.1505778222701985E7
1.1505786E7
1.1505788222694036E7
1.1505788222701985E7
1.1505796E7
1.1505806E7
1.1505808222694036E7
1.1505808222701985E7
1.1505816E7
1.1505818222694036E7
1.1505818222701985E7
1.1505826E7
1.1505828222694036E7
1.1505828222701985E7
1.1505836E7
1.1505838222694036E7
1.1505838222701985E7
1.1505846E7
1.1505848222694036E7
1.1505848222701985E7
1.1505856E7
1.1505858222694036E7
1.1505858222701985E7
1.1505862851594863E7
1.1505862851602813E7
1.1505866E7
1.1505876E7
1.1505886E7
1.1505896E7
1.1505906E7
1.1505916E7
1.1505926E7
1.1505936E7
1.1505946E7
1.1505956E7
1.1505966E7
1.1505976E7
1.1505986E7
1.1505996E7
1.1506006E7
1.1506016E7
1.1506026E7
1.1506036E7
1.1506046E7
1.1506056E7
1.1506066E7
1.1506076E7
1.1506086E7
1.1506096E7
1.1506106E7
1.1506116E7
