1.821600368340465E7
1.8216003683412887E7
1.8216006E7
1.8216016E7
1.8216026E7
1.8216036E7
1.8216046E7
1.8216056E7
1.8216066E7
1.8216076E7
1.8216086E7
1.8216096E7
1.8216106E7
1.8216116E7
1.8216126E7
1.8216136E7
1.8216146E7
1.8216156E7
1.8216166E7
1.8216176E7
1.8216186E7
1.8216196E7
1.8216206E7
1.8216216E7
1.8216226E7
1.8216236E7
1.8216246E7
1.8216256E7
1.8216266E7
1.8216276E7
1.8216286E7
1.8216296E7
1.8216306E7
1.8216316E7
1.8216326E7
1.8216336E7
1.8216346E7
1.8216356E7
1.8216366E7
1.8216376E7
1.8216386E7
1.8216396E7
1.8216406E7
1.8216416E7
1.8216426E7
1.8216436E7
1.8216446E7
1.8216456E7
1.8216466E7
1.8216476E7
1.8216486E7
1.8216496E7
1.8216506E7
1.8216516E7
1.8216526E7
1.8216536E7
1.8216546E7
1.8216556E7
1.8216566E7
1.8216576E7
1.8216586E7
1.8216596E7
1.8216606E7
1.8216616E7
1.8216626E7
1.8216636E7
1.8216646E7
1.8216656E7
1.8216666E7
1.8216676E7
1.8216686E7
1.8216696E7
1.8216706E7
1.8216716E7
1.8216726E7
1.8216736E7
1.8216746E7
1.8216756E7
1.8216766E7
1.8216776E7
1.8216786E7
1.8216796E7
1.8216806E7
1.8216816E7
1.8216826E7
