0	8141	6364	1	0	0.0
0	8141	6364	1	0	1.981E7
0	8142	6364	1	2	1.9811E7
0	8145	6363	1	4	1.9812E7
0	8151	6362	1	6	1.9813E7
0	8158	6361	1	6	1.9814E7
0	8163	6360	1	4	1.9815E7
0	8166	6359	1	1	1.9816E7
0	8166	6359	1	0	1.9817E7
0	8166	6359	1	0	1.9818E7
0	8166	6359	1	0	1.9819E7
0	8166	6359	1	0	1.982E7
0	8166	6359	1	0	1.9821E7
0	8166	6359	1	0	1.9822E7
0	8166	6359	1	0	1.9823E7
0	8166	6359	1	0	1.9824E7
0	8166	6359	1	0	1.9825E7
0	8166	6359	1	0	1.9826E7
0	8166	6359	1	0	1.9827E7
0	8166	6359	1	0	1.9828E7
0	8166	6359	1	0	1.9829E7
0	8166	6359	1	0	1.983E7
0	8166	6359	1	0	1.9831E7
0	8166	6359	1	0	1.9832E7
0	8166	6359	1	0	1.9833E7
0	8166	6359	1	0	1.9834E7
0	8166	6359	1	0	1.9835E7
0	8166	6359	1	0	1.9836E7
0	8167	6359	1	2	1.9837E7
0	8171	6358	1	4	1.9838E7
0	8176	6357	1	6	1.9839E7
0	8182	6359	1	8	1.984E7
0	8184	6369	7	10	1.9841E7
0	8186	6380	7	12	1.9842E7
0	8188	6393	7	13	1.9843E7
0	8191	6406	7	13	1.9844E7
0	8193	6419	7	13	1.9845E7
0	8195	6432	7	13	1.9846E7
0	8197	6446	7	13	1.9847E7
0	8200	6459	7	13	1.9848E7
0	8202	6472	7	13	1.9849E7
0	8204	6485	7	13	1.985E7
0	8206	6498	7	13	1.9851E7
0	8208	6510	7	10	1.9852E7
0	8210	6519	7	7	1.9853E7
0	8211	6525	7	5	1.9854E7
0	8212	6529	7	4	1.9855E7
0	8213	6534	7	6	1.9856E7
0	8218	6538	8	8	1.9857E7
0	8228	6538	1	10	1.9858E7
0	8239	6537	1	12	1.9859E7
0	8253	6536	1	13	1.986E7
0	8266	6535	1	13	1.9861E7
0	8279	6534	1	13	1.9862E7
0	8292	6533	1	13	1.9863E7
0	8306	6531	1	13	1.9864E7
0	8319	6530	1	13	1.9865E7
0	8325	6540	8	13	1.9866E7
0	8327	6553	7	13	1.9867E7
0	8329	6566	7	13	1.9868E7
0	8332	6579	7	13	1.9869E7
0	8334	6592	7	13	1.987E7
0	8336	6606	7	13	1.9871E7
0	8338	6619	7	13	1.9872E7
0	8340	6631	7	10	1.9873E7
0	8342	6640	7	7	1.9874E7
0	8343	6646	7	4	1.9875E7
0	8344	6649	7	4	1.9876E7
0	8345	6655	7	6	1.9877E7
0	8347	6662	7	8	1.9878E7
0	8355	6668	8	10	1.9879E7
0	8366	6671	1	11	1.988E7
0	8376	6673	1	8	1.9881E7
0	8383	6674	1	5	1.9882E7
0	8387	6675	1	3	1.9883E7
0	8388	6675	1	0	1.9884E7
0	8388	6675	1	0	1.9885E7
0	8388	6675	1	0	1.9886E7
0	8388	6675	1	0	1.9887E7
0	8388	6675	1	0	1.9888E7
0	8388	6675	1	0	1.9889E7
0	8388	6675	1	0	1.989E7
0	8388	6675	1	0	1.9891E7
0	8388	6675	1	0	1.9892E7
0	8388	6675	1	0	1.9893E7
0	8388	6675	1	0	1.9894E7
0	8388	6675	1	0	1.9895E7
0	8388	6675	1	0	1.9896E7
0	8388	6675	1	0	1.9897E7
0	8388	6675	1	0	1.9898E7
0	8388	6675	1	0	1.9899E7
0	8388	6675	1	0	1.99E7
0	8388	6675	1	0	1.9901E7
0	8388	6675	1	0	1.9902E7
0	8388	6675	1	0	1.9903E7
0	8389	6675	1	1	1.9904E7
0	8391	6676	1	3	1.9905E7
0	8396	6677	1	5	1.9906E7
0	8402	6678	1	7	1.9907E7
0	8410	6680	1	9	1.9908E7
0	8420	6682	1	11	1.9909E7
0	8432	6685	1	12	1.991E7
0	8445	6687	1	13	1.9911E7
0	8458	6690	1	13	1.9912E7
0	8472	6693	1	13	1.9913E7
0	8485	6696	1	13	1.9914E7
0	8498	6699	1	13	1.9915E7
0	8511	6702	1	13	1.9916E7
0	8524	6700	1	13	1.9917E7
0	8530	6688	2	13	1.9918E7
0	8531	6675	3	13	1.9919E7
0	8533	6662	3	11	1.992E7
0	8534	6653	3	8	1.9921E7
0	8535	6646	3	5	1.9922E7
0	8536	6642	3	3	1.9923E7
0	8536	6640	3	0	1.9924E7
0	8536	6640	3	0	1.9925E7
0	8536	6640	3	0	1.9926E7
0	8536	6640	3	0	1.9927E7
0	8536	6640	3	0	1.9928E7
0	8536	6640	3	0	1.9929E7
0	8536	6640	3	0	1.993E7
0	8536	6640	3	0	1.9931E7
0	8536	6640	3	0	1.9932E7
0	8536	6640	3	0	1.9933E7
0	8536	6640	3	0	1.9934E7
0	8536	6640	3	0	1.9935E7
0	8536	6640	3	0	1.9936E7
0	8536	6640	3	0	1.9937E7
0	8536	6640	3	0	1.9938E7
0	8536	6640	3	0	1.9939E7
0	8536	6640	3	0	1.994E7
0	8536	6640	3	0	1.9941E7
0	8536	6640	3	0	1.9942E7
0	8536	6640	3	0	1.9943E7
0	8536	6640	3	1	1.9944E7
0	8536	6637	3	3	1.9945E7
0	8537	6633	3	5	1.9946E7
0	8537	6626	3	7	1.9947E7
0	8538	6618	3	9	1.9948E7
0	8538	6607	3	11	1.9949E7
0	8537	6594	3	13	1.995E7
0	8549	6591	1	13	1.9951E7
0	8562	6591	1	13	1.9952E7
0	8576	6590	1	13	1.9953E7
0	8589	6590	1	13	1.9954E7
0	8602	6589	1	13	1.9955E7
0	8616	6588	1	13	1.9956E7
0	8629	6587	1	13	1.9957E7
0	8642	6586	1	13	1.9958E7
0	8655	6585	1	13	1.9959E7
0	8668	6583	1	11	1.996E7
0	8678	6581	1	8	1.9961E7
0	8685	6580	1	5	1.9962E7
0	8689	6579	1	3	1.9963E7
0	8692	6577	1	5	1.9964E7
0	8692	6570	3	7	1.9965E7
0	8691	6561	3	9	1.9966E7
0	8689	6550	3	11	1.9967E7
0	8688	6538	3	13	1.9968E7
0	8685	6525	3	11	1.9969E7
0	8684	6516	3	8	1.997E7
0	8683	6509	3	5	1.9971E7
0	8682	6505	3	3	1.9972E7
0	8682	6503	3	0	1.9973E7
0	8682	6503	3	0	1.9974E7
0	8682	6503	3	0	1.9975E7
0	8682	6503	3	0	1.9976E7
0	8682	6503	3	0	1.9977E7
0	8682	6503	3	0	1.9978E7
0	8682	6503	3	0	1.9979E7
0	8682	6503	3	0	1.998E7
0	8682	6503	3	0	1.9981E7
0	8682	6503	3	0	1.9982E7
0	8682	6503	3	0	1.9983E7
0	8682	6503	3	0	1.9984E7
0	8682	6503	3	0	1.9985E7
0	8682	6503	3	0	1.9986E7
0	8682	6503	3	0	1.9987E7
0	8682	6503	3	0	1.9988E7
0	8682	6503	3	0	1.9989E7
0	8682	6503	3	0	1.999E7
0	8682	6503	3	0	1.9991E7
0	8682	6503	3	0	1.9992E7
0	8682	6503	3	1	1.9993E7
0	8681	6500	3	3	1.9994E7
0	8681	6496	3	5	1.9995E7
0	8680	6489	3	7	1.9996E7
0	8678	6481	3	9	1.9997E7
0	8677	6471	3	11	1.9998E7
0	8675	6459	3	13	1.9999E7
0	8673	6445	3	13	2.0E7
0	8671	6432	3	13	2.0001E7
0	8669	6419	3	13	2.0002E7
0	8666	6406	3	13	2.0003E7
0	8664	6393	3	13	2.0004E7
0	8662	6380	3	13	2.0005E7
0	8660	6366	3	13	2.0006E7
0	8658	6353	3	13	2.0007E7
0	8656	6340	3	13	2.0008E7
0	8654	6327	3	13	2.0009E7
0	8652	6314	3	13	2.001E7
0	8650	6300	3	13	2.0011E7
0	8649	6289	3	10	2.0012E7
0	8648	6280	3	7	2.0013E7
0	8648	6274	3	4	2.0014E7
0	8648	6271	3	2	2.0015E7
0	8647	6270	3	0	2.0016E7
0	8647	6270	3	0	2.0017E7
0	8647	6270	3	0	2.0018E7
0	8647	6270	3	0	2.0019E7
0	8647	6270	3	0	2.002E7
0	8647	6270	3	0	2.0021E7
0	8647	6270	3	0	2.0022E7
0	8647	6270	3	0	2.0023E7
0	8647	6270	3	0	2.0024E7
0	8647	6270	3	0	2.0025E7
0	8647	6270	3	0	2.0026E7
0	8647	6270	3	0	2.0027E7
0	8647	6270	3	0	2.0028E7
0	8647	6270	3	0	2.0029E7
0	8647	6270	3	0	2.003E7
0	8647	6270	3	0	2.0031E7
0	8647	6270	3	0	2.0032E7
0	8647	6270	3	0	2.0033E7
0	8647	6270	3	0	2.0034E7
0	8647	6270	3	0	2.0035E7
0	8647	6269	3	1	2.0036E7
0	8647	6266	3	4	2.0037E7
0	8647	6261	3	6	2.0038E7
0	8647	6254	3	7	2.0039E7
0	8647	6245	3	9	2.004E7
0	8647	6234	3	11	2.0041E7
0	8647	6221	3	13	2.0042E7
0	8648	6207	3	13	2.0043E7
0	8650	6194	3	13	2.0044E7
0	8651	6181	3	13	2.0045E7
0	8654	6168	3	13	2.0046E7
0	8657	6155	3	13	2.0047E7
0	8660	6142	3	13	2.0048E7
0	8663	6131	3	10	2.0049E7
0	8667	6123	2	7	2.005E7
0	8671	6119	2	4	2.0051E7
0	8673	6116	2	4	2.0052E7
0	8677	6111	2	6	2.0053E7
0	8678	6104	3	8	2.0054E7
0	8672	6096	4	10	2.0055E7
0	8664	6087	4	12	2.0056E7
0	8656	6076	4	14	2.0057E7
0	8649	6061	4	16	2.0058E7
0	8642	6047	4	16	2.0059E7
0	8636	6032	4	16	2.006E7
0	8630	6017	3	16	2.0061E7
0	8625	6002	3	16	2.0062E7
0	8619	5987	3	15	2.0063E7
0	8613	5972	3	16	2.0064E7
0	8607	5957	4	15	2.0065E7
0	8591	5951	5	15	2.0066E7
0	8576	5952	5	13	2.0067E7
0	8564	5952	5	10	2.0068E7
0	8556	5953	5	7	2.0069E7
0	8550	5954	5	4	2.007E7
0	8547	5954	5	2	2.0071E7
0	8546	5954	5	0	2.0072E7
0	8546	5954	5	0	2.0073E7
0	8546	5954	5	0	2.0074E7
0	8546	5954	5	0	2.0075E7
0	8546	5954	5	0	2.0076E7
0	8546	5954	5	0	2.0077E7
0	8546	5954	5	0	2.0078E7
0	8546	5954	5	0	2.0079E7
0	8546	5954	5	0	2.008E7
0	8546	5954	5	0	2.0081E7
0	8546	5954	5	0	2.0082E7
0	8546	5954	5	0	2.0083E7
0	8546	5954	5	0	2.0084E7
0	8546	5954	5	0	2.0085E7
0	8546	5954	5	0	2.0086E7
0	8546	5954	5	0	2.0087E7
0	8546	5954	5	0	2.0088E7
0	8546	5954	5	0	2.0089E7
0	8546	5954	5	0	2.009E7
0	8546	5954	5	0	2.0091E7
0	8545	5954	5	2	2.0092E7
0	8542	5954	5	3	2.0093E7
0	8537	5955	5	6	2.0094E7
0	8530	5956	5	8	2.0095E7
0	8521	5958	5	9	2.0096E7
0	8510	5960	5	11	2.0097E7
0	8498	5964	5	13	2.0098E7
0	8483	5967	5	15	2.0099E7
0	8468	5971	5	16	2.01E7
0	8452	5975	5	16	2.0101E7
0	8437	5979	5	16	2.0102E7
0	8421	5983	5	15	2.0103E7
0	8406	5987	5	16	2.0104E7
0	8390	5991	5	16	2.0105E7
0	8375	5996	5	15	2.0106E7
0	8361	5999	5	13	2.0107E7
0	8350	6002	5	9	2.0108E7
0	8342	6004	5	6	2.0109E7
0	8337	6005	5	4	2.011E7
0	8334	6006	5	1	2.0111E7
0	8334	6006	5	0	2.0112E7
0	8334	6006	5	0	2.0113E7
0	8334	6006	5	0	2.0114E7
0	8334	6006	5	0	2.0115E7
0	8334	6006	5	0	2.0116E7
0	8334	6006	5	0	2.0117E7
0	8334	6006	5	0	2.0118E7
0	8334	6006	5	0	2.0119E7
0	8334	6006	5	0	2.012E7
0	8334	6006	5	0	2.0121E7
0	8334	6006	5	0	2.0122E7
0	8334	6006	5	0	2.0123E7
0	8334	6006	5	0	2.0124E7
0	8334	6006	5	0	2.0125E7
0	8334	6006	5	0	2.0126E7
0	8334	6006	5	0	2.0127E7
0	8334	6006	5	0	2.0128E7
0	8334	6006	5	0	2.0129E7
0	8334	6006	5	0	2.013E7
0	8334	6006	5	0	2.0131E7
0	8332	6006	5	2	2.0132E7
0	8328	6007	5	4	2.0133E7
0	8323	6009	5	6	2.0134E7
0	8316	6010	5	8	2.0135E7
0	8306	6013	5	10	2.0136E7
0	8295	6015	5	12	2.0137E7
0	8282	6019	5	14	2.0138E7
0	8267	6022	5	16	2.0139E7
0	8252	6026	5	13	2.014E7
0	8241	6029	5	10	2.0141E7
0	8233	6031	5	7	2.0142E7
0	8227	6033	5	4	2.0143E7
0	8224	6034	5	2	2.0144E7
0	8223	6034	5	0	2.0145E7
0	8223	6034	5	0	2.0146E7
0	8223	6034	5	0	2.0147E7
0	8223	6034	5	0	2.0148E7
0	8223	6034	5	0	2.0149E7
0	8223	6034	5	0	2.015E7
0	8223	6034	5	0	2.0151E7
0	8223	6034	5	0	2.0152E7
0	8223	6034	5	0	2.0153E7
0	8223	6034	5	0	2.0154E7
0	8223	6034	5	0	2.0155E7
0	8223	6034	5	0	2.0156E7
0	8223	6034	5	0	2.0157E7
0	8223	6034	5	0	2.0158E7
0	8223	6034	5	0	2.0159E7
0	8223	6034	5	0	2.016E7
0	8223	6034	5	0	2.0161E7
0	8223	6034	5	0	2.0162E7
0	8223	6034	5	0	2.0163E7
0	8223	6034	5	0	2.0164E7
0	8222	6034	5	2	2.0165E7
0	8219	6035	5	4	2.0166E7
0	8214	6036	5	5	2.0167E7
0	8208	6038	5	7	2.0168E7
0	8199	6040	5	9	2.0169E7
0	8188	6042	5	11	2.017E7
0	8175	6045	5	13	2.0171E7
0	8161	6048	5	15	2.0172E7
0	8145	6051	5	16	2.0173E7
0	8129	6054	5	16	2.0174E7
0	8113	6056	5	15	2.0175E7
0	8098	6059	5	16	2.0176E7
0	8082	6062	5	16	2.0177E7
0	8066	6064	5	15	2.0178E7
0	8050	6067	5	15	2.0179E7
0	8034	6069	5	16	2.018E7
0	8019	6070	5	15	2.0181E7
0	8003	6070	5	15	2.0182E7
0	7989	6070	5	12	2.0183E7
0	7979	6070	5	8	2.0184E7
0	7972	6071	5	5	2.0185E7
0	7967	6071	5	3	2.0186E7
0	7965	6071	5	0	2.0187E7
0	7965	6071	5	0	2.0188E7
0	7965	6071	5	0	2.0189E7
0	7965	6071	5	0	2.019E7
0	7965	6071	5	0	2.0191E7
0	7965	6071	5	0	2.0192E7
0	7965	6071	5	0	2.0193E7
0	7965	6071	5	0	2.0194E7
0	7965	6071	5	0	2.0195E7
0	7965	6071	5	0	2.0196E7
0	7965	6071	5	0	2.0197E7
0	7965	6071	5	0	2.0198E7
0	7965	6071	5	0	2.0199E7
0	7965	6071	5	0	2.02E7
0	7965	6071	5	0	2.0201E7
0	7965	6071	5	0	2.0202E7
0	7965	6071	5	0	2.0203E7
0	7965	6071	5	0	2.0204E7
0	7965	6071	5	0	2.0205E7
0	7965	6071	5	0	2.0206E7
0	7965	6071	5	0	2.0207E7
0	7963	6071	5	3	2.0208E7
0	7959	6071	5	4	2.0209E7
0	7953	6071	5	6	2.021E7
0	7945	6071	5	8	2.0211E7
0	7935	6071	5	10	2.0212E7
0	7923	6072	5	12	2.0213E7
0	7911	6076	5	14	2.0214E7
0	7898	6085	6	16	2.0215E7
0	7886	6095	6	16	2.0216E7
0	7871	6101	6	16	2.0217E7
0	7856	6106	5	16	2.0218E7
0	7840	6109	5	15	2.0219E7
0	7824	6110	5	15	2.022E7
0	7809	6108	5	16	2.0221E7
0	7794	6103	4	16	2.0222E7
0	7783	6092	4	15	2.0223E7
0	7773	6079	4	16	2.0224E7
0	7767	6065	4	14	2.0225E7
0	7763	6053	3	11	2.0226E7
0	7761	6045	3	7	2.0227E7
0	7759	6039	3	5	2.0228E7
0	7758	6035	3	2	2.0229E7
0	7758	6034	3	0	2.023E7
0	7758	6034	3	0	2.0231E7
0	7758	6034	3	0	2.0232E7
0	7758	6034	3	0	2.0233E7
0	7758	6034	3	0	2.0234E7
0	7758	6034	3	0	2.0235E7
0	7758	6034	3	0	2.0236E7
0	7758	6034	3	0	2.0237E7
0	7758	6034	3	0	2.0238E7
0	7758	6034	3	0	2.0239E7
0	7758	6034	3	0	2.024E7
0	7758	6034	3	0	2.0241E7
0	7758	6034	3	0	2.0242E7
0	7758	6034	3	0	2.0243E7
0	7758	6034	3	0	2.0244E7
0	7758	6034	3	0	2.0245E7
0	7758	6034	3	0	2.0246E7
0	7758	6034	3	0	2.0247E7
0	7758	6034	3	0	2.0248E7
0	7758	6034	3	0	2.0249E7
0	7754	6034	3	1	2.025E7
0	7754	6032	3	3	2.0251E7
0	7753	6027	3	5	2.0252E7
0	7752	6021	3	7	2.0253E7
0	7751	6012	3	9	2.0254E7
0	7750	6004	3	7	2.0255E7
0	7750	5998	3	4	2.0256E7
0	7750	5994	3	4	2.0257E7
0	7745	5990	4	6	2.0258E7
0	7739	5989	5	5	2.0259E7
0	7735	5989	5	3	2.026E7
0	7730	5991	5	5	2.0261E7
0	7728	5997	6	7	2.0262E7
0	7727	6006	7	9	2.0263E7
0	7724	6016	7	11	2.0264E7
0	7722	6029	7	13	2.0265E7
0	7719	6042	7	13	2.0266E7
0	7716	6055	7	13	2.0267E7
0	7713	6068	7	13	2.0268E7
0	7711	6081	7	12	2.0269E7
0	7709	6092	7	9	2.027E7
0	7707	6099	7	6	2.0271E7
0	7706	6104	7	3	2.0272E7
0	7706	6108	7	5	2.0273E7
0	7704	6114	7	7	2.0274E7
0	7702	6123	7	9	2.0275E7
0	7700	6133	7	11	2.0276E7
0	7698	6145	7	13	2.0277E7
0	7695	6158	7	13	2.0278E7
0	7691	6171	7	13	2.0279E7
0	7688	6184	7	13	2.028E7
0	7685	6197	7	13	2.0281E7
0	7682	6210	7	13	2.0282E7
0	7679	6223	7	13	2.0283E7
0	7676	6236	7	13	2.0284E7
0	7673	6248	7	11	2.0285E7
0	7671	6257	7	8	2.0286E7
0	7667	6262	6	5	2.0287E7
0	7664	6265	6	3	2.0288E7
0	7659	6268	6	6	2.0289E7
0	7658	6274	6	8	2.029E7
0	7663	6282	8	10	2.0291E7
0	7670	6292	8	12	2.0292E7
0	7677	6303	8	13	2.0293E7
0	7685	6314	8	13	2.0294E7
0	7678	6325	6	13	2.0295E7
0	7667	6329	5	13	2.0296E7
0	7654	6325	5	13	2.0297E7
0	7641	6321	5	13	2.0298E7
0	7630	6318	5	9	2.0299E7
0	7622	6317	5	6	2.03E7
0	7616	6316	5	4	2.0301E7
0	7613	6315	5	1	2.0302E7
0	7613	6315	5	0	2.0303E7
0	7613	6315	5	0	2.0304E7
0	7613	6315	5	0	2.0305E7
0	7613	6315	5	0	2.0306E7
0	7613	6315	5	0	2.0307E7
0	7613	6315	5	0	2.0308E7
0	7613	6315	5	0	2.0309E7
0	7613	6315	5	0	2.031E7
0	7613	6315	5	0	2.0311E7
0	7613	6315	5	0	2.0312E7
0	7613	6315	5	0	2.0313E7
0	7613	6315	5	0	2.0314E7
0	7613	6315	5	0	2.0315E7
0	7613	6315	5	0	2.0316E7
0	7613	6315	5	0	2.0317E7
0	7613	6315	5	0	2.0318E7
0	7613	6315	5	0	2.0319E7
0	7613	6315	5	0	2.032E7
0	7613	6315	5	0	2.0321E7
0	7613	6315	5	0	2.0322E7
0	7611	6315	5	2	2.0323E7
0	7608	6314	5	4	2.0324E7
0	7602	6314	5	6	2.0325E7
0	7594	6313	5	8	2.0326E7
0	7585	6312	5	10	2.0327E7
0	7573	6311	5	12	2.0328E7
0	7560	6309	5	13	2.0329E7
0	7547	6307	5	13	2.033E7
0	7534	6305	5	13	2.0331E7
0	7521	6303	5	13	2.0332E7
0	7508	6301	5	13	2.0333E7
0	7494	6299	5	13	2.0334E7
0	7481	6297	5	13	2.0335E7
0	7469	6295	5	13	2.0336E7
0	7456	6291	5	13	2.0337E7
0	7443	6288	5	13	2.0338E7
0	7431	6284	5	13	2.0339E7
0	7419	6278	4	13	2.034E7
0	7408	6271	4	13	2.0341E7
0	7397	6264	4	13	2.0342E7
0	7385	6257	4	13	2.0343E7
0	7375	6249	4	13	2.0344E7
0	7364	6242	4	13	2.0345E7
0	7353	6234	4	13	2.0346E7
0	7342	6226	4	13	2.0347E7
0	7331	6219	4	13	2.0348E7
0	7321	6211	4	13	2.0349E7
0	7311	6202	4	13	2.035E7
0	7304	6192	4	13	2.0351E7
0	7301	6179	3	13	2.0352E7
0	7302	6166	3	13	2.0353E7
0	7305	6153	3	13	2.0354E7
0	7310	6141	3	13	2.0355E7
0	7315	6128	3	13	2.0356E7
0	7320	6116	3	13	2.0357E7
0	7325	6104	3	13	2.0358E7
0	7329	6092	3	13	2.0359E7
0	7334	6079	3	13	2.036E7
0	7339	6067	3	13	2.0361E7
0	7344	6055	3	13	2.0362E7
0	7349	6043	3	13	2.0363E7
0	7354	6030	3	13	2.0364E7
0	7359	6018	3	13	2.0365E7
0	7363	6006	3	11	2.0366E7
0	7367	5997	3	8	2.0367E7
0	7368	5991	3	5	2.0368E7
0	7369	5987	3	3	2.0369E7
0	7370	5985	3	1	2.037E7
0	7370	5984	3	0	2.0371E7
0	7370	5983	3	0	2.0372E7
0	7370	5983	3	0	2.0373E7
0	7370	5983	3	0	2.0374E7
0	7370	5983	3	0	2.0375E7
0	7370	5983	3	0	2.0376E7
0	7370	5983	3	0	2.0377E7
0	7370	5983	3	0	2.0378E7
0	7370	5983	3	0	2.0379E7
0	7370	5983	3	0	2.038E7
0	7370	5983	3	0	2.0381E7
0	7370	5983	3	0	2.0382E7
0	7370	5983	3	0	2.0383E7
0	7370	5983	3	0	2.0384E7
0	7370	5983	3	0	2.0385E7
0	7370	5983	3	0	2.0386E7
0	7370	5983	3	0	2.0387E7
0	7370	5983	3	0	2.0388E7
0	7370	5983	3	0	2.0389E7
0	7370	5983	3	0	2.039E7
0	7370	5983	3	0	2.0391E7
0	7370	5983	3	0	2.0392E7
0	7370	5983	3	0	2.0393E7
0	7370	5983	3	0	2.0394E7
0	7370	5983	3	0	2.0395E7
0	7370	5983	3	0	2.0396E7
0	7370	5983	3	0	2.0397E7
0	7370	5983	3	0	2.0398E7
0	7370	5983	3	0	2.0399E7
0	7370	5983	3	0	2.04E7
0	7370	5983	3	0	2.0401E7
0	7371	5981	3	2	2.0402E7
0	7371	5978	3	4	2.0403E7
0	7373	5972	3	6	2.0404E7
0	7374	5965	3	8	2.0405E7
0	7377	5956	3	10	2.0406E7
0	7381	5945	3	12	2.0407E7
0	7385	5933	3	13	2.0408E7
0	7390	5920	3	13	2.0409E7
0	7395	5908	3	13	2.041E7
0	7399	5895	3	13	2.0411E7
0	7404	5883	3	13	2.0412E7
0	7409	5871	3	13	2.0413E7
0	7414	5859	3	11	2.0414E7
0	7418	5850	3	8	2.0415E7
0	7420	5843	3	5	2.0416E7
0	7422	5840	3	3	2.0417E7
0	7424	5835	3	5	2.0418E7
0	7426	5829	3	7	2.0419E7
0	7429	5821	3	9	2.042E7
0	7434	5811	3	11	2.0421E7
0	7438	5800	3	13	2.0422E7
0	7443	5787	3	13	2.0423E7
0	7448	5775	3	13	2.0424E7
0	7453	5763	3	13	2.0425E7
0	7458	5750	3	13	2.0426E7
0	7461	5736	3	13	2.0427E7
0	7463	5723	3	13	2.0428E7
0	7462	5709	3	13	2.0429E7
0	7461	5697	3	10	2.043E7
0	7460	5688	3	7	2.0431E7
0	7458	5683	3	4	2.0432E7
0	7457	5679	3	2	2.0433E7
0	7457	5678	3	0	2.0434E7
0	7457	5678	3	0	2.0435E7
0	7457	5678	3	0	2.0436E7
0	7457	5678	3	0	2.0437E7
0	7457	5678	3	0	2.0438E7
0	7457	5678	3	0	2.0439E7
0	7457	5678	3	0	2.044E7
0	7457	5678	3	0	2.0441E7
0	7457	5678	3	0	2.0442E7
0	7457	5678	3	0	2.0443E7
0	7457	5678	3	0	2.0444E7
0	7457	5678	3	0	2.0445E7
0	7457	5678	3	0	2.0446E7
0	7457	5678	3	0	2.0447E7
0	7457	5678	3	0	2.0448E7
0	7457	5678	3	0	2.0449E7
0	7457	5678	3	0	2.045E7
0	7457	5678	3	0	2.0451E7
0	7457	5678	3	0	2.0452E7
0	7457	5678	3	0	2.0453E7
0	7456	5677	3	1	2.0454E7
0	7455	5675	3	3	2.0455E7
0	7454	5670	3	5	2.0456E7
0	7451	5664	3	7	2.0457E7
0	7447	5656	4	9	2.0458E7
0	7442	5646	4	11	2.0459E7
0	7436	5635	4	13	2.046E7
0	7430	5623	4	13	2.0461E7
0	7424	5611	4	12	2.0462E7
0	7419	5601	4	10	2.0463E7
0	7414	5590	4	12	2.0464E7
0	7408	5579	4	13	2.0465E7
0	7402	5567	4	13	2.0466E7
0	7396	5555	4	13	2.0467E7
0	7390	5543	4	13	2.0468E7
0	7384	5531	4	13	2.0469E7
0	7378	5519	4	13	2.047E7
0	7373	5507	4	13	2.0471E7
0	7367	5495	4	12	2.0472E7
0	7362	5485	4	10	2.0473E7
0	7357	5475	4	12	2.0474E7
0	7351	5463	4	13	2.0475E7
0	7345	5451	4	13	2.0476E7
0	7339	5439	4	12	2.0477E7
0	7335	5430	4	9	2.0478E7
0	7331	5423	4	6	2.0479E7
0	7329	5419	4	3	2.048E7
0	7328	5416	4	2	2.0481E7
0	7326	5413	4	4	2.0482E7
0	7324	5408	4	6	2.0483E7
0	7321	5401	4	8	2.0484E7
0	7317	5393	4	10	2.0485E7
0	7312	5384	4	8	2.0486E7
0	7309	5378	4	5	2.0487E7
0	7308	5374	4	3	2.0488E7
0	7307	5372	4	1	2.0489E7
0	7306	5371	4	0	2.049E7
0	7306	5371	4	0	2.0491E7
0	7306	5371	4	0	2.0492E7
0	7306	5370	4	0	2.0493E7
0	7306	5370	4	0	2.0494E7
0	7306	5370	4	0	2.0495E7
0	7306	5370	4	0	2.0496E7
0	7306	5370	4	0	2.0497E7
0	7306	5370	4	0	2.0498E7
0	7306	5370	4	0	2.0499E7
0	7306	5370	4	0	2.05E7
0	7306	5370	4	0	2.0501E7
0	7306	5370	4	0	2.0502E7
0	7306	5370	4	0	2.0503E7
0	7306	5370	4	1	2.0504E7
0	7305	5368	4	2	2.0505E7
0	7303	5365	4	4	2.0506E7
0	7301	5361	4	5	2.0507E7
0	7299	5357	4	3	2.0508E7
0	7299	5356	4	0	2.0509E7
0	7299	5356	4	0	2.051E7
0	7299	5356	4	0	2.0511E7
0	7299	5356	4	0	2.0512E7
0	7299	5356	4	0	2.0513E7
0	7299	5356	4	0	2.0514E7
0	7299	5356	4	0	2.0515E7
0	7299	5356	4	0	2.0516E7
0	7299	5356	4	0	2.0517E7
0	7299	5356	4	0	2.0518E7
0	7299	5356	4	0	2.0519E7
0	7299	5356	4	0	2.052E7
0	7299	5356	4	0	2.0521E7
0	7299	5356	4	0	2.0522E7
0	7299	5356	4	0	2.0523E7
0	7299	5356	4	0	2.0524E7
0	7299	5356	4	0	2.0525E7
0	7299	5356	4	0	2.0526E7
0	7299	5356	4	0	2.0527E7
0	7299	5356	4	0	2.0528E7
0	7299	5356	4	1	2.0529E7
0	7297	5353	4	3	2.053E7
0	7296	5350	4	3	2.0531E7
0	7295	5348	4	1	2.0532E7
0	7294	5347	4	0	2.0533E7
0	7294	5346	4	0	2.0534E7
0	7294	5346	4	0	2.0535E7
0	7294	5346	4	0	2.0536E7
0	7294	5346	4	0	2.0537E7
0	7294	5346	4	0	2.0538E7
0	7294	5346	4	0	2.0539E7
0	7294	5346	4	0	2.054E7
0	7294	5346	4	0	2.0541E7
0	7294	5346	4	0	2.0542E7
0	7294	5346	4	0	2.0543E7
0	7294	5346	4	0	2.0544E7
0	7294	5346	4	0	2.0545E7
0	7294	5346	4	0	2.0546E7
0	7294	5346	4	0	2.0547E7
0	7294	5346	4	0	2.0548E7
0	7294	5346	4	0	2.0549E7
0	7294	5346	4	0	2.055E7
0	7294	5346	4	0	2.0551E7
0	7294	5346	4	0	2.0552E7
0	7294	5346	4	0	2.0553E7
0	7294	5346	4	0	2.0554E7
0	7294	5346	4	0	2.0555E7
0	7294	5346	4	0	2.0556E7
0	7294	5346	4	0	2.0557E7
0	7294	5346	4	0	2.0558E7
0	7294	5346	4	0	2.0559E7
0	7294	5346	4	0	2.056E7
0	7294	5346	4	0	2.0561E7
0	7293	5345	4	2	2.0562E7
0	7292	5342	4	4	2.0563E7
0	7290	5337	4	6	2.0564E7
0	7286	5330	4	8	2.0565E7
0	7282	5322	4	10	2.0566E7
0	7277	5312	4	12	2.0567E7
0	7272	5300	4	13	2.0568E7
0	7266	5288	4	13	2.0569E7
0	7260	5276	4	13	2.057E7
0	7254	5264	4	13	2.0571E7
0	7248	5252	4	13	2.0572E7
0	7242	5240	4	13	2.0573E7
0	7236	5228	4	13	2.0574E7
0	7230	5216	4	13	2.0575E7
0	7224	5204	4	13	2.0576E7
0	7218	5192	4	13	2.0577E7
0	7212	5181	4	13	2.0578E7
0	7206	5169	4	13	2.0579E7
0	7200	5157	4	13	2.058E7
0	7194	5145	4	13	2.0581E7
0	7188	5133	4	13	2.0582E7
0	7182	5121	4	13	2.0583E7
0	7176	5109	4	13	2.0584E7
0	7170	5098	4	11	2.0585E7
0	7165	5089	4	8	2.0586E7
0	7162	5082	4	5	2.0587E7
0	7160	5079	4	3	2.0588E7
0	7159	5076	4	1	2.0589E7
0	7158	5075	4	0	2.059E7
0	7158	5075	4	0	2.0591E7
0	7158	5075	4	0	2.0592E7
0	7158	5075	4	0	2.0593E7
0	7158	5075	4	0	2.0594E7
0	7158	5075	4	0	2.0595E7
0	7158	5075	4	0	2.0596E7
0	7158	5075	4	0	2.0597E7
0	7158	5075	4	0	2.0598E7
0	7158	5075	4	0	2.0599E7
0	7158	5075	4	0	2.06E7
0	7158	5075	4	0	2.0601E7
0	7158	5075	4	0	2.0602E7
0	7158	5075	4	0	2.0603E7
0	7158	5074	4	0	2.0604E7
0	7157	5073	4	2	2.0605E7
0	7156	5070	4	3	2.0606E7
0	7154	5066	4	5	2.0607E7
0	7152	5062	4	3	2.0608E7
0	7151	5061	4	0	2.0609E7
0	7151	5061	4	0	2.061E7
0	7151	5061	4	0	2.0611E7
0	7151	5061	4	0	2.0612E7
0	7151	5061	4	0	2.0613E7
0	7151	5061	4	0	2.0614E7
0	7151	5061	4	0	2.0615E7
0	7151	5061	4	0	2.0616E7
0	7151	5061	4	0	2.0617E7
0	7151	5061	4	0	2.0618E7
0	7151	5061	4	0	2.0619E7
0	7151	5061	4	0	2.062E7
0	7151	5061	4	0	2.0621E7
0	7151	5061	4	0	2.0622E7
0	7151	5061	4	0	2.0623E7
0	7151	5061	4	0	2.0624E7
0	7151	5061	4	0	2.0625E7
0	7151	5061	4	0	2.0626E7
0	7151	5061	4	0	2.0627E7
0	7151	5061	4	0	2.0628E7
0	7151	5060	4	1	2.0629E7
0	7150	5058	4	3	2.063E7
0	7148	5054	4	5	2.0631E7
0	7145	5048	4	7	2.0632E7
0	7141	5040	4	9	2.0633E7
0	7136	5031	4	11	2.0634E7
0	7131	5021	4	12	2.0635E7
0	7124	5009	4	13	2.0636E7
0	7118	4997	4	13	2.0637E7
0	7112	4985	4	12	2.0638E7
0	7107	4976	4	9	2.0639E7
0	7103	4969	4	6	2.064E7
0	7101	4965	4	3	2.0641E7
0	7100	4963	4	2	2.0642E7
0	7098	4960	4	3	2.0643E7
0	7096	4956	4	5	2.0644E7
0	7093	4950	4	6	2.0645E7
0	7089	4943	4	8	2.0646E7
0	7085	4935	4	10	2.0647E7
0	7080	4925	4	12	2.0648E7
0	7075	4913	3	12	2.0649E7
0	7070	4901	3	13	2.065E7
0	7065	4889	3	13	2.0651E7
0	7060	4876	3	13	2.0652E7
0	7055	4864	3	13	2.0653E7
0	7050	4852	3	13	2.0654E7
0	7045	4839	3	13	2.0655E7
0	7040	4827	3	13	2.0656E7
0	7035	4815	3	13	2.0657E7
0	7030	4802	3	13	2.0658E7
0	7025	4790	3	13	2.0659E7
0	7020	4778	3	13	2.066E7
0	7015	4765	3	13	2.0661E7
0	7011	4754	3	11	2.0662E7
0	7007	4744	3	9	2.0663E7
0	7004	4736	3	7	2.0664E7
0	7001	4731	3	5	2.0665E7
0	7000	4727	3	3	2.0666E7
0	6999	4724	3	2	2.0667E7
0	6998	4722	3	1	2.0668E7
0	6998	4722	3	0	2.0669E7
0	6997	4721	3	0	2.067E7
0	6997	4721	3	0	2.0671E7
0	6997	4721	3	0	2.0672E7
0	6997	4721	3	0	2.0673E7
0	6997	4721	3	0	2.0674E7
0	6997	4721	3	0	2.0675E7
0	6994	4722	3	1	2.0676E7
0	6993	4720	3	3	2.0677E7
0	6992	4716	3	5	2.0678E7
0	6990	4712	3	3	2.0679E7
0	6989	4710	3	1	2.068E7
0	6989	4709	3	0	2.0681E7
0	6989	4709	3	0	2.0682E7
0	6989	4709	3	0	2.0683E7
0	6989	4709	3	0	2.0684E7
0	6989	4709	3	0	2.0685E7
0	6989	4709	3	0	2.0686E7
0	6989	4709	3	0	2.0687E7
0	6989	4709	3	0	2.0688E7
0	6989	4709	3	0	2.0689E7
0	6989	4709	3	0	2.069E7
0	6989	4709	3	0	2.0691E7
0	6989	4709	3	0	2.0692E7
0	6989	4709	3	0	2.0693E7
0	6989	4709	3	0	2.0694E7
0	6989	4709	3	0	2.0695E7
0	6989	4709	3	0	2.0696E7
0	6989	4709	3	0	2.0697E7
0	6989	4709	3	0	2.0698E7
0	6989	4709	3	0	2.0699E7
0	6989	4709	3	0	2.07E7
0	6989	4709	3	0	2.0701E7
0	6988	4707	3	2	2.0702E7
0	6987	4704	3	2	2.0703E7
0	6986	4701	3	2	2.0704E7
0	6985	4698	3	4	2.0705E7
0	6984	4692	3	6	2.0706E7
0	6981	4685	3	9	2.0707E7
0	6979	4674	3	11	2.0708E7
0	6981	4662	3	13	2.0709E7
0	6979	4649	3	13	2.071E7
0	6978	4635	3	13	2.0711E7
0	6977	4622	3	13	2.0712E7
0	6977	4609	3	13	2.0713E7
0	6976	4595	3	13	2.0714E7
0	6977	4582	3	13	2.0715E7
0	6989	4579	1	13	2.0716E7
0	7003	4577	1	13	2.0717E7
0	7016	4574	1	13	2.0718E7
0	7027	4566	2	13	2.0719E7
0	7033	4554	2	13	2.072E7
0	7034	4542	3	10	2.0721E7
0	7033	4534	3	7	2.0722E7
0	7033	4528	3	4	2.0723E7
0	7033	4525	3	2	2.0724E7
0	7033	4524	3	0	2.0725E7
0	7033	4524	3	0	2.0726E7
0	7033	4524	3	0	2.0727E7
0	7033	4524	3	0	2.0728E7
0	7033	4524	3	0	2.0729E7
0	7033	4524	3	0	2.073E7
0	7033	4524	3	0	2.0731E7
0	7033	4524	3	0	2.0732E7
0	7033	4524	3	0	2.0733E7
0	7033	4524	3	0	2.0734E7
0	7033	4524	3	0	2.0735E7
0	7033	4524	3	0	2.0736E7
0	7033	4524	3	0	2.0737E7
0	7033	4524	3	0	2.0738E7
0	7033	4524	3	0	2.0739E7
0	7033	4524	3	0	2.074E7
0	7033	4524	3	0	2.0741E7
0	7033	4524	3	0	2.0742E7
0	7033	4524	3	0	2.0743E7
0	7033	4524	3	0	2.0744E7
0	7033	4523	3	2	2.0745E7
0	7033	4520	3	4	2.0746E7
0	7032	4514	3	6	2.0747E7
0	7032	4507	3	8	2.0748E7
0	7032	4497	3	10	2.0749E7
0	7031	4485	3	12	2.075E7
0	7030	4472	3	13	2.0751E7
0	7029	4459	3	13	2.0752E7
0	7028	4445	3	13	2.0753E7
0	7028	4432	3	12	2.0754E7
0	7028	4422	3	9	2.0755E7
0	7027	4414	3	6	2.0756E7
0	7027	4409	3	3	2.0757E7
0	7027	4406	3	1	2.0758E7
0	7027	4405	3	0	2.0759E7
0	7027	4405	3	0	2.076E7
0	7027	4404	3	0	2.0761E7
0	7027	4404	3	0	2.0762E7
0	7027	4404	3	0	2.0763E7
0	7027	4404	3	0	2.0764E7
0	7027	4404	3	0	2.0765E7
0	7027	4404	3	0	2.0766E7
0	7027	4404	3	0	2.0767E7
0	7027	4404	3	0	2.0768E7
0	7027	4404	3	0	2.0769E7
0	7027	4404	3	0	2.077E7
0	7027	4404	3	0	2.0771E7
0	7027	4404	3	0	2.0772E7
0	7027	4404	3	0	2.0773E7
0	7027	4404	3	0	2.0774E7
0	7027	4404	3	0	2.0775E7
0	7027	4404	3	0	2.0776E7
0	7027	4404	3	0	2.0777E7
0	7027	4404	3	0	2.0778E7
0	7027	4404	3	0	2.0779E7
0	7027	4404	3	0	2.078E7
0	7027	4404	3	0	2.0781E7
0	7027	4404	3	0	2.0782E7
0	7027	4404	3	0	2.0783E7
0	7027	4404	3	0	2.0784E7
0	7027	4404	3	0	2.0785E7
0	7027	4404	3	0	2.0786E7
0	7027	4404	3	0	2.0787E7
0	7027	4404	3	0	2.0788E7
0	7027	4404	3	0	2.0789E7
0	7027	4404	3	0	2.079E7
0	7027	4404	3	0	2.0791E7
0	7027	4404	3	0	2.0792E7
0	7027	4404	3	0	2.0793E7
0	7027	4404	3	0	2.0794E7
0	7027	4404	3	0	2.0795E7
0	7027	4404	3	0	2.0796E7
0	7027	4404	3	0	2.0797E7
0	7027	4404	3	0	2.0798E7
0	7027	4404	3	0	2.0799E7
0	7027	4404	3	0	2.08E7
0	7027	4404	3	0	2.0801E7
0	7027	4403	3	2	2.0802E7
0	7027	4399	3	4	2.0803E7
0	7027	4394	3	6	2.0804E7
0	7026	4387	3	8	2.0805E7
0	7026	4378	3	10	2.0806E7
0	7025	4367	3	12	2.0807E7
0	7025	4354	3	13	2.0808E7
0	7024	4341	3	13	2.0809E7
0	7024	4328	3	13	2.081E7
0	7025	4315	3	13	2.0811E7
0	7035	4307	2	13	2.0812E7
0	7047	4304	1	13	2.0813E7
0	7060	4300	1	13	2.0814E7
0	7073	4297	1	13	2.0815E7
0	7085	4294	1	13	2.0816E7
0	7098	4290	1	13	2.0817E7
0	7111	4287	1	13	2.0818E7
0	7123	4283	1	13	2.0819E7
0	7136	4279	1	13	2.082E7
0	7149	4275	1	13	2.0821E7
0	7161	4272	1	11	2.0822E7
0	7170	4269	1	8	2.0823E7
0	7176	4267	1	5	2.0824E7
0	7180	4266	1	2	2.0825E7
0	7181	4266	1	0	2.0826E7
0	7181	4266	1	0	2.0827E7
0	7181	4266	1	0	2.0828E7
0	7181	4266	1	0	2.0829E7
0	7181	4266	1	0	2.083E7
0	7181	4266	1	0	2.0831E7
0	7181	4266	1	0	2.0832E7
0	7181	4266	1	0	2.0833E7
0	7181	4266	1	0	2.0834E7
0	7181	4266	1	0	2.0835E7
0	7181	4266	1	0	2.0836E7
0	7181	4266	1	0	2.0837E7
0	7181	4266	1	0	2.0838E7
0	7181	4266	1	0	2.0839E7
0	7181	4266	1	0	2.084E7
0	7181	4266	1	0	2.0841E7
0	7181	4266	1	0	2.0842E7
0	7181	4266	1	0	2.0843E7
0	7181	4266	1	0	2.0844E7
0	7181	4266	1	0	2.0845E7
0	7181	4263	1	1	2.0846E7
0	7184	4262	1	3	2.0847E7
0	7188	4261	1	5	2.0848E7
0	7195	4259	1	7	2.0849E7
0	7202	4257	1	6	2.085E7
0	7208	4256	1	4	2.0851E7
0	7211	4254	1	4	2.0852E7
0	7213	4248	2	7	2.0853E7
0	7211	4240	3	9	2.0854E7
0	7208	4230	3	11	2.0855E7
0	7205	4219	3	13	2.0856E7
0	7201	4206	3	13	2.0857E7
0	7197	4193	3	13	2.0858E7
0	7202	4180	2	13	2.0859E7
0	7214	4175	2	13	2.086E7
0	7226	4169	2	13	2.0861E7
0	7238	4163	2	13	2.0862E7
0	7250	4157	2	13	2.0863E7
0	7262	4151	2	13	2.0864E7
0	7273	4147	1	10	2.0865E7
0	7281	4145	1	7	2.0866E7
0	7287	4143	1	4	2.0867E7
0	7291	4141	2	4	2.0868E7
0	7294	4135	2	6	2.0869E7
0	7294	4127	3	9	2.087E7
0	7291	4118	3	10	2.0871E7
0	7287	4106	3	12	2.0872E7
0	7283	4094	3	13	2.0873E7
0	7278	4081	3	13	2.0874E7
0	7274	4068	3	13	2.0875E7
0	7270	4056	3	13	2.0876E7
0	7266	4043	3	13	2.0877E7
0	7262	4030	3	13	2.0878E7
0	7258	4017	3	13	2.0879E7
0	7255	4004	3	13	2.088E7
0	7253	3991	3	13	2.0881E7
0	7251	3978	3	13	2.0882E7
0	7251	3965	3	13	2.0883E7
0	7250	3951	3	13	2.0884E7
0	7251	3938	3	13	2.0885E7
0	7253	3925	3	13	2.0886E7
0	7256	3912	3	13	2.0887E7
0	7259	3899	3	13	2.0888E7
0	7261	3885	3	13	2.0889E7
0	7263	3872	3	13	2.089E7
0	7264	3859	3	13	2.0891E7
0	7266	3846	3	13	2.0892E7
0	7268	3833	3	13	2.0893E7
0	7270	3819	3	13	2.0894E7
0	7272	3806	3	13	2.0895E7
0	7274	3793	3	13	2.0896E7
0	7276	3780	3	13	2.0897E7
0	7278	3767	3	13	2.0898E7
0	7283	3754	3	13	2.0899E7
0	7285	3741	3	13	2.09E7
0	7287	3728	3	13	2.0901E7
0	7289	3714	3	13	2.0902E7
0	7291	3701	3	13	2.0903E7
0	7293	3688	3	13	2.0904E7
0	7295	3675	3	13	2.0905E7
0	7297	3662	3	13	2.0906E7
0	7299	3648	3	13	2.0907E7
0	7301	3635	3	13	2.0908E7
0	7303	3622	3	13	2.0909E7
0	7305	3610	3	10	2.091E7
0	7306	3601	3	7	2.0911E7
0	7307	3596	3	4	2.0912E7
0	7307	3592	3	2	2.0913E7
0	7307	3591	3	0	2.0914E7
0	7307	3591	3	0	2.0915E7
0	7307	3591	3	0	2.0916E7
0	7307	3591	3	0	2.0917E7
0	7307	3591	3	0	2.0918E7
0	7307	3591	3	0	2.0919E7
0	7307	3591	3	0	2.092E7
0	7307	3591	3	0	2.0921E7
0	7307	3591	3	0	2.0922E7
0	7307	3591	3	0	2.0923E7
0	7307	3591	3	0	2.0924E7
0	7307	3591	3	0	2.0925E7
0	7307	3591	3	0	2.0926E7
0	7307	3591	3	0	2.0927E7
0	7307	3591	3	0	2.0928E7
0	7307	3591	3	0	2.0929E7
0	7307	3591	3	0	2.093E7
0	7307	3591	3	0	2.0931E7
0	7307	3591	3	0	2.0932E7
0	7307	3591	3	0	2.0933E7
0	7307	3590	3	1	2.0934E7
0	7308	3587	3	3	2.0935E7
0	7308	3584	3	2	2.0936E7
0	7309	3582	3	1	2.0937E7
0	7309	3581	3	0	2.0938E7
0	7309	3580	3	0	2.0939E7
0	7309	3580	3	0	2.094E7
0	7309	3580	3	0	2.0941E7
0	7309	3580	3	0	2.0942E7
0	7309	3580	3	0	2.0943E7
0	7309	3580	3	0	2.0944E7
0	7309	3580	3	0	2.0945E7
0	7309	3580	3	0	2.0946E7
0	7309	3580	3	0	2.0947E7
0	7309	3580	3	0	2.0948E7
0	7309	3580	3	0	2.0949E7
0	7309	3580	3	0	2.095E7
0	7309	3580	3	0	2.0951E7
0	7309	3580	3	0	2.0952E7
0	7309	3580	3	0	2.0953E7
0	7309	3580	3	0	2.0954E7
0	7309	3580	3	0	2.0955E7
0	7309	3580	3	0	2.0956E7
0	7309	3580	3	0	2.0957E7
0	7309	3580	3	0	2.0958E7
0	7309	3580	3	0	2.0959E7
0	7309	3580	3	0	2.096E7
0	7309	3580	3	0	2.0961E7
0	7309	3579	3	2	2.0962E7
0	7310	3576	3	4	2.0963E7
0	7311	3571	3	6	2.0964E7
0	7315	3565	2	8	2.0965E7
0	7317	3556	3	9	2.0966E7
0	7319	3545	3	12	2.0967E7
0	7321	3532	3	13	2.0968E7
0	7323	3519	3	13	2.0969E7
0	7323	3506	3	13	2.097E7
0	7323	3492	3	13	2.0971E7
0	7324	3479	3	13	2.0972E7
0	7324	3465	3	13	2.0973E7
0	7324	3452	3	13	2.0974E7
0	7325	3439	3	13	2.0975E7
0	7325	3425	3	13	2.0976E7
0	7326	3412	3	13	2.0977E7
0	7326	3399	3	13	2.0978E7
0	7327	3385	3	13	2.0979E7
0	7327	3372	3	13	2.098E7
0	7328	3359	3	13	2.0981E7
0	7328	3345	3	13	2.0982E7
0	7329	3332	3	13	2.0983E7
0	7329	3318	3	13	2.0984E7
0	7330	3305	3	13	2.0985E7
0	7331	3292	3	13	2.0986E7
0	7331	3278	3	13	2.0987E7
0	7332	3265	3	13	2.0988E7
0	7332	3253	3	10	2.0989E7
0	7333	3244	3	7	2.099E7
0	7333	3238	3	4	2.0991E7
0	7333	3235	3	2	2.0992E7
0	7333	3234	3	0	2.0993E7
0	7333	3234	3	0	2.0994E7
0	7333	3234	3	0	2.0995E7
0	7333	3234	3	0	2.0996E7
0	7333	3234	3	0	2.0997E7
0	7333	3234	3	0	2.0998E7
0	7333	3234	3	0	2.0999E7
0	7333	3234	3	0	2.1E7
0	7333	3234	3	0	2.1001E7
0	7333	3234	3	0	2.1002E7
0	7333	3234	3	0	2.1003E7
0	7333	3234	3	0	2.1004E7
0	7333	3234	3	0	2.1005E7
0	7333	3234	3	0	2.1006E7
0	7333	3234	3	0	2.1007E7
0	7333	3234	3	0	2.1008E7
0	7333	3234	3	0	2.1009E7
0	7333	3234	3	0	2.101E7
0	7333	3234	3	0	2.1011E7
0	7333	3234	3	0	2.1012E7
0	7333	3233	3	2	2.1013E7
0	7332	3230	3	3	2.1014E7
0	7333	3225	3	6	2.1015E7
0	7333	3218	3	8	2.1016E7
0	7333	3209	3	9	2.1017E7
0	7334	3198	3	12	2.1018E7
0	7334	3185	3	13	2.1019E7
0	7335	3171	3	13	2.102E7
0	7336	3158	3	13	2.1021E7
0	7336	3145	3	13	2.1022E7
0	7337	3131	3	13	2.1023E7
0	7337	3118	3	13	2.1024E7
0	7337	3104	3	13	2.1025E7
0	7337	3091	3	13	2.1026E7
0	7337	3078	3	13	2.1027E7
0	7337	3064	3	13	2.1028E7
0	7337	3051	3	13	2.1029E7
0	7336	3038	3	13	2.103E7
0	7336	3024	3	13	2.1031E7
0	7335	3011	3	13	2.1032E7
0	7335	2997	3	13	2.1033E7
0	7334	2984	3	13	2.1034E7
0	7333	2971	3	13	2.1035E7
0	7332	2957	3	13	2.1036E7
0	7331	2944	3	13	2.1037E7
0	7329	2931	3	13	2.1038E7
0	7328	2918	3	13	2.1039E7
0	7326	2905	3	12	2.104E7
0	7325	2894	3	9	2.1041E7
0	7324	2884	3	11	2.1042E7
0	7322	2872	3	13	2.1043E7
0	7321	2858	3	13	2.1044E7
0	7320	2845	3	13	2.1045E7
0	7318	2832	3	13	2.1046E7
0	7318	2819	3	13	2.1047E7
0	7318	2805	3	13	2.1048E7
0	7318	2792	3	13	2.1049E7
0	7318	2779	3	13	2.105E7
0	7318	2766	3	13	2.1051E7
0	7318	2752	3	13	2.1052E7
0	7318	2739	3	12	2.1053E7
0	7318	2729	3	8	2.1054E7
0	7318	2721	3	6	2.1055E7
0	7318	2717	3	3	2.1056E7
0	7318	2714	3	1	2.1057E7
0	7318	2713	3	0	2.1058E7
0	7318	2712	3	0	2.1059E7
0	7318	2712	3	0	2.106E7
0	7318	2712	3	0	2.1061E7
0	7318	2712	3	0	2.1062E7
0	7318	2712	3	0	2.1063E7
0	7318	2712	3	0	2.1064E7
0	7318	2712	3	0	2.1065E7
0	7318	2712	3	0	2.1066E7
0	7318	2712	3	0	2.1067E7
0	7318	2712	3	0	2.1068E7
0	7318	2712	3	0	2.1069E7
0	7318	2712	3	0	2.107E7
0	7318	2712	3	0	2.1071E7
0	7319	2710	3	2	2.1072E7
0	7319	2707	3	3	2.1073E7
0	7320	2703	3	5	2.1074E7
0	7322	2699	3	3	2.1075E7
0	7323	2697	3	0	2.1076E7
0	7323	2697	3	0	2.1077E7
0	7323	2697	3	0	2.1078E7
0	7323	2697	3	0	2.1079E7
0	7323	2697	3	0	2.108E7
0	7323	2697	3	0	2.1081E7
0	7323	2697	3	0	2.1082E7
0	7323	2697	3	0	2.1083E7
0	7323	2697	3	0	2.1084E7
0	7323	2697	3	0	2.1085E7
0	7323	2697	3	0	2.1086E7
0	7323	2697	3	0	2.1087E7
0	7323	2697	3	0	2.1088E7
0	7323	2697	3	0	2.1089E7
0	7323	2697	3	0	2.109E7
0	7323	2697	3	0	2.1091E7
0	7323	2697	3	0	2.1092E7
0	7323	2697	3	0	2.1093E7
0	7323	2697	3	0	2.1094E7
0	7323	2697	3	0	2.1095E7
0	7323	2697	3	0	2.1096E7
0	7324	2695	3	2	2.1097E7
0	7325	2691	2	4	2.1098E7
0	7328	2686	2	6	2.1099E7
0	7331	2679	2	8	2.11E7
0	7337	2671	2	10	2.1101E7
0	7345	2662	2	12	2.1102E7
0	7352	2652	2	11	2.1103E7
0	7359	2644	2	8	2.1104E7
0	7363	2638	2	5	2.1105E7
0	7365	2634	2	3	2.1106E7
0	7367	2632	2	1	2.1107E7
0	7367	2631	2	0	2.1108E7
0	7368	2631	2	0	2.1109E7
0	7368	2631	2	0	2.111E7
0	7368	2631	2	0	2.1111E7
0	7368	2631	2	0	2.1112E7
0	7368	2631	2	0	2.1113E7
0	7368	2631	2	0	2.1114E7
0	7368	2631	2	0	2.1115E7
0	7368	2631	2	0	2.1116E7
0	7368	2631	2	0	2.1117E7
0	7368	2631	2	0	2.1118E7
0	7368	2631	2	0	2.1119E7
0	7368	2631	2	0	2.112E7
0	7368	2631	2	0	2.1121E7
0	7368	2630	2	1	2.1122E7
0	7369	2629	2	2	2.1123E7
0	7371	2626	2	4	2.1124E7
0	7375	2621	2	6	2.1125E7
0	7380	2617	2	8	2.1126E7
0	7390	2616	1	10	2.1127E7
0	7402	2617	1	12	2.1128E7
0	7415	2615	1	13	2.1129E7
0	7428	2612	1	13	2.113E7
0	7441	2610	1	13	2.1131E7
0	7455	2606	1	13	2.1132E7
0	7467	2601	1	13	2.1133E7
0	7480	2596	1	13	2.1134E7
0	7490	2606	8	15	2.1135E7
0	7501	2617	8	16	2.1136E7
0	7512	2626	8	12	2.1137E7
0	7521	2633	8	9	2.1138E7
0	7527	2636	8	6	2.1139E7
0	7532	2638	8	3	2.114E7
0	7534	2639	8	0	2.1141E7
0	7534	2639	8	0	2.1142E7
0	7534	2639	8	0	2.1143E7
0	7534	2639	8	0	2.1144E7
0	7534	2639	8	0	2.1145E7
0	7534	2639	8	0	2.1146E7
0	7534	2639	8	0	2.1147E7
0	7534	2639	8	0	2.1148E7
0	7534	2639	8	0	2.1149E7
0	7534	2639	8	0	2.115E7
0	7534	2639	8	0	2.1151E7
0	7534	2639	8	0	2.1152E7
0	7534	2639	8	0	2.1153E7
0	7534	2639	8	0	2.1154E7
0	7534	2639	8	0	2.1155E7
0	7534	2639	8	0	2.1156E7
0	7534	2639	8	0	2.1157E7
0	7534	2639	8	0	2.1158E7
0	7534	2639	8	0	2.1159E7
0	7534	2639	8	0	2.116E7
0	7534	2639	8	0	2.1161E7
0	7539	2638	8	2	2.1162E7
0	7542	2639	8	4	2.1163E7
0	7548	2641	8	6	2.1164E7
0	7555	2645	8	8	2.1165E7
0	7563	2649	8	10	2.1166E7
0	7573	2656	8	12	2.1167E7
0	7583	2664	8	14	2.1168E7
0	7598	2670	8	16	2.1169E7
0	7613	2672	1	16	2.117E7
0	7626	2663	2	15	2.1171E7
0	7631	2648	3	15	2.1172E7
0	7638	2634	2	16	2.1173E7
0	7646	2620	2	16	2.1174E7
0	7655	2606	2	16	2.1175E7
0	7663	2592	2	15	2.1176E7
0	7675	2582	2	16	2.1177E7
0	7689	2583	1	13	2.1178E7
0	7699	2588	8	9	2.1179E7
0	7705	2593	8	6	2.118E7
0	7710	2596	8	4	2.1181E7
0	7713	2598	8	4	2.1182E7
0	7719	2596	1	6	2.1183E7
0	7725	2590	2	9	2.1184E7
0	7731	2583	2	11	2.1185E7
0	7738	2573	2	10	2.1186E7
0	7743	2565	2	7	2.1187E7
0	7746	2560	2	5	2.1188E7
0	7748	2557	2	2	2.1189E7
0	7748	2556	2	0	2.119E7
0	7748	2556	2	0	2.1191E7
0	7748	2556	2	0	2.1192E7
0	7748	2556	2	0	2.1193E7
0	7748	2556	2	0	2.1194E7
0	7748	2556	2	0	2.1195E7
0	7748	2556	2	0	2.1196E7
0	7748	2556	2	0	2.1197E7
0	7748	2556	2	0	2.1198E7
0	7748	2556	2	0	2.1199E7
0	7748	2556	2	0	2.12E7
0	7748	2556	2	0	2.1201E7
0	7748	2556	2	0	2.1202E7
0	7748	2556	2	0	2.1203E7
0	7748	2556	2	0	2.1204E7
0	7748	2556	2	0	2.1205E7
0	7748	2556	2	0	2.1206E7
0	7748	2556	2	0	2.1207E7
0	7748	2556	2	0	2.1208E7
0	7748	2556	2	0	2.1209E7
0	7748	2555	2	1	2.121E7
0	7750	2553	2	3	2.1211E7
0	7752	2548	2	5	2.1212E7
0	7754	2542	2	7	2.1213E7
0	7755	2533	3	9	2.1214E7
0	7755	2523	3	11	2.1215E7
0	7756	2510	3	13	2.1216E7
0	7758	2497	3	13	2.1217E7
0	7762	2485	3	13	2.1218E7
0	7768	2473	2	13	2.1219E7
0	7774	2461	2	13	2.122E7
0	7780	2449	2	13	2.1221E7
0	7787	2438	2	13	2.1222E7
0	7794	2426	2	13	2.1223E7
0	7801	2415	2	13	2.1224E7
0	7809	2404	2	13	2.1225E7
0	7819	2396	2	13	2.1226E7
0	7830	2388	2	13	2.1227E7
0	7840	2380	2	13	2.1228E7
0	7851	2372	2	13	2.1229E7
0	7860	2362	2	13	2.123E7
0	7867	2351	2	13	2.1231E7
0	7875	2340	2	13	2.1232E7
0	7882	2329	2	13	2.1233E7
0	7890	2318	2	13	2.1234E7
0	7897	2307	2	13	2.1235E7
0	7905	2296	2	13	2.1236E7
0	7913	2286	2	13	2.1237E7
0	7921	2277	2	9	2.1238E7
0	7926	2271	2	6	2.1239E7
0	7930	2267	2	4	2.124E7
0	7931	2264	2	1	2.1241E7
0	7932	2264	2	0	2.1242E7
0	7932	2264	2	0	2.1243E7
0	7932	2264	2	0	2.1244E7
0	7932	2264	2	0	2.1245E7
0	7932	2264	2	0	2.1246E7
0	7932	2264	2	0	2.1247E7
0	7932	2264	2	0	2.1248E7
0	7932	2264	2	0	2.1249E7
0	7932	2264	2	0	2.125E7
0	7932	2264	2	0	2.1251E7
0	7932	2264	2	0	2.1252E7
0	7932	2264	2	0	2.1253E7
0	7932	2264	2	0	2.1254E7
0	7932	2264	2	0	2.1255E7
0	7932	2264	2	0	2.1256E7
0	7932	2264	2	0	2.1257E7
0	7932	2264	2	0	2.1258E7
0	7932	2264	2	0	2.1259E7
0	7932	2264	2	0	2.126E7
0	7932	2264	2	0	2.1261E7
0	7933	2263	2	2	2.1262E7
0	7936	2261	2	4	2.1263E7
0	7940	2257	2	6	2.1264E7
0	7946	2252	2	8	2.1265E7
0	7953	2246	2	10	2.1266E7
0	7962	2239	2	12	2.1267E7
0	7972	2231	2	13	2.1268E7
0	7983	2222	2	13	2.1269E7
0	7993	2214	2	13	2.127E7
0	8005	2207	2	13	2.1271E7
0	8016	2200	2	13	2.1272E7
0	8028	2194	2	13	2.1273E7
0	8039	2187	2	13	2.1274E7
0	8050	2180	2	13	2.1275E7
0	8062	2173	2	13	2.1276E7
0	8073	2166	2	13	2.1277E7
0	8085	2159	2	13	2.1278E7
0	8096	2152	2	13	2.1279E7
0	8108	2145	2	13	2.128E7
0	8118	2138	2	13	2.1281E7
0	8129	2130	2	13	2.1282E7
0	8140	2122	2	13	2.1283E7
0	8150	2114	2	13	2.1284E7
0	8160	2105	2	13	2.1285E7
0	8169	2095	2	13	2.1286E7
0	8178	2085	2	12	2.1287E7
0	8185	2078	2	8	2.1288E7
0	8190	2072	2	6	2.1289E7
0	8193	2069	2	3	2.129E7
0	8195	2067	2	0	2.1291E7
0	8195	2067	2	0	2.1292E7
0	8195	2067	2	0	2.1293E7
0	8195	2067	2	0	2.1294E7
0	8195	2067	2	0	2.1295E7
0	8195	2067	2	0	2.1296E7
0	8195	2067	2	0	2.1297E7
0	8195	2067	2	0	2.1298E7
0	8195	2067	2	0	2.1299E7
0	8195	2067	2	0	2.13E7
0	8195	2067	2	0	2.1301E7
0	8195	2067	2	0	2.1302E7
0	8195	2067	2	0	2.1303E7
0	8195	2067	2	0	2.1304E7
0	8195	2067	2	0	2.1305E7
0	8195	2067	2	0	2.1306E7
0	8195	2067	2	0	2.1307E7
0	8195	2067	2	0	2.1308E7
0	8195	2067	2	0	2.1309E7
0	8195	2067	2	0	2.131E7
0	8195	2067	2	0	2.1311E7
0	8197	2066	2	3	2.1312E7
0	8200	2063	2	5	2.1313E7
0	8204	2058	2	7	2.1314E7
0	8209	2052	2	8	2.1315E7
0	8216	2045	2	10	2.1316E7
0	8223	2036	2	12	2.1317E7
0	8230	2024	2	13	2.1318E7
0	8237	2013	2	13	2.1319E7
0	8245	2002	2	13	2.132E7
0	8252	1991	2	13	2.1321E7
0	8260	1981	2	13	2.1322E7
0	8269	1971	2	13	2.1323E7
0	8278	1961	2	13	2.1324E7
0	8287	1951	2	13	2.1325E7
0	8297	1942	2	13	2.1326E7
0	8307	1933	2	13	2.1327E7
0	8317	1924	2	13	2.1328E7
0	8326	1915	2	13	2.1329E7
0	8336	1906	2	13	2.133E7
0	8346	1897	2	13	2.1331E7
0	8356	1888	2	13	2.1332E7
0	8366	1879	2	13	2.1333E7
0	8376	1871	2	11	2.1334E7
0	8379	1862	2	8	2.1335E7
0	8378	1855	3	5	2.1336E7
0	8377	1852	3	3	2.1337E7
0	8376	1849	3	1	2.1338E7
0	8376	1849	3	0	2.1339E7
0	8375	1848	3	0	2.134E7
0	8375	1848	3	0	2.1341E7
0	8375	1848	3	0	2.1342E7
0	8375	1848	3	0	2.1343E7
0	8375	1848	3	0	2.1344E7
0	8375	1848	3	0	2.1345E7
0	8375	1848	3	0	2.1346E7
0	8375	1848	3	0	2.1347E7
0	8375	1848	3	0	2.1348E7
0	8375	1848	3	0	2.1349E7
0	8375	1848	3	0	2.135E7
0	8375	1848	3	0	2.1351E7
0	8375	1848	3	0	2.1352E7
0	8375	1848	3	0	2.1353E7
0	8375	1848	3	0	2.1354E7
0	8375	1848	3	0	2.1355E7
0	8375	1848	3	0	2.1356E7
0	8375	1848	3	0	2.1357E7
0	8375	1848	3	0	2.1358E7
0	8375	1848	3	0	2.1359E7
0	8375	1848	3	0	2.136E7
0	8375	1848	3	0	2.1361E7
0	8375	1848	3	0	2.1362E7
0	8375	1848	3	0	2.1363E7
0	8375	1848	3	0	2.1364E7
0	8375	1848	3	0	2.1365E7
0	8375	1848	3	0	2.1366E7
0	8375	1848	3	0	2.1367E7
0	8375	1848	3	0	2.1368E7
0	8375	1848	3	0	2.1369E7
0	8375	1848	3	0	2.137E7
0	8375	1848	3	0	2.1371E7
0	8375	1848	3	0	2.1372E7
0	8375	1848	3	0	2.1373E7
0	8375	1848	3	0	2.1374E7
0	8375	1848	3	0	2.1375E7
0	8375	1848	3	0	2.1376E7
0	8374	1847	4	2	2.1377E7
0	8372	1845	4	4	2.1378E7
0	8368	1841	4	6	2.1379E7
0	8363	1835	4	8	2.138E7
0	8358	1828	4	9	2.1381E7
0	8353	1819	4	11	2.1382E7
0	8356	1806	3	13	2.1383E7
0	8359	1793	3	13	2.1384E7
0	8363	1780	3	13	2.1385E7
0	8364	1767	3	13	2.1386E7
0	8360	1756	3	10	2.1387E7
0	8355	1749	4	7	2.1388E7
0	8351	1744	4	4	2.1389E7
0	8349	1742	4	2	2.139E7
0	8349	1741	4	0	2.1391E7
0	8349	1741	4	0	2.1392E7
0	8349	1741	4	0	2.1393E7
0	8349	1741	4	0	2.1394E7
0	8349	1741	4	0	2.1395E7
0	8349	1741	4	0	2.1396E7
0	8349	1741	4	0	2.1397E7
0	8349	1741	4	0	2.1398E7
0	8349	1741	4	0	2.1399E7
0	8349	1741	4	0	2.14E7
0	8349	1741	4	0	2.1401E7
0	8349	1741	4	0	2.1402E7
0	8349	1741	4	0	2.1403E7
0	8349	1741	4	0	2.1404E7
0	8349	1741	4	0	2.1405E7
0	8349	1741	4	0	2.1406E7
0	8349	1741	4	0	2.1407E7
0	8349	1741	4	0	2.1408E7
0	8349	1741	4	0	2.1409E7
0	8349	1741	4	0	2.141E7
0	8348	1740	4	2	2.1411E7
0	8346	1738	4	4	2.1412E7
0	8342	1734	4	6	2.1413E7
0	8337	1729	4	7	2.1414E7
0	8330	1724	4	9	2.1415E7
0	8320	1720	4	11	2.1416E7
0	8308	1717	5	13	2.1417E7
0	8294	1717	5	13	2.1418E7
0	8281	1718	5	13	2.1419E7
0	8268	1722	5	13	2.142E7
0	8256	1726	5	13	2.1421E7
0	8243	1730	5	13	2.1422E7
0	8230	1734	5	13	2.1423E7
0	8217	1734	5	13	2.1424E7
0	8204	1731	5	13	2.1425E7
0	8192	1725	4	13	2.1426E7
0	8182	1717	4	13	2.1427E7
0	8174	1706	4	13	2.1428E7
0	8167	1695	4	13	2.1429E7
0	8161	1683	4	13	2.143E7
0	8157	1670	3	13	2.1431E7
0	8152	1658	3	13	2.1432E7
0	8148	1645	3	13	2.1433E7
0	8146	1632	3	13	2.1434E7
0	8145	1619	3	13	2.1435E7
0	8147	1605	3	13	2.1436E7
0	8151	1593	3	13	2.1437E7
0	8158	1582	2	13	2.1438E7
0	8168	1573	2	13	2.1439E7
0	8177	1566	2	9	2.144E7
0	8183	1561	2	6	2.1441E7
0	8188	1558	2	4	2.1442E7
0	8190	1556	2	1	2.1443E7
0	8191	1556	2	0	2.1444E7
0	8191	1556	2	0	2.1445E7
0	8191	1556	2	0	2.1446E7
0	8191	1556	2	0	2.1447E7
0	8191	1556	2	0	2.1448E7
0	8191	1556	2	0	2.1449E7
0	8191	1556	2	0	2.145E7
0	8191	1556	2	0	2.1451E7
0	8191	1556	2	0	2.1452E7
0	8191	1556	2	0	2.1453E7
0	8191	1556	2	0	2.1454E7
0	8191	1556	2	0	2.1455E7
0	8191	1556	2	0	2.1456E7
0	8191	1556	2	0	2.1457E7
0	8191	1556	2	0	2.1458E7
0	8191	1556	2	0	2.1459E7
0	8191	1556	2	0	2.146E7
0	8191	1556	2	0	2.1461E7
0	8191	1556	2	0	2.1462E7
0	8191	1556	2	0	2.1463E7
0	8192	1555	2	2	2.1464E7
0	8195	1552	2	4	2.1465E7
0	8199	1549	2	6	2.1466E7
0	8205	1544	2	8	2.1467E7
0	8213	1538	2	10	2.1468E7
0	8222	1530	2	12	2.1469E7
0	8233	1525	2	13	2.147E7
0	8242	1534	8	13	2.1471E7
0	8256	1534	1	13	2.1472E7
0	8267	1530	1	13	2.1473E7
0	8277	1521	2	13	2.1474E7
0	8288	1514	2	13	2.1475E7
0	8301	1510	1	13	2.1476E7
0	8314	1510	1	13	2.1477E7
0	8327	1510	1	13	2.1478E7
0	8339	1505	1	13	2.1479E7
0	8352	1501	1	13	2.148E7
0	8364	1496	1	12	2.1481E7
0	8374	1493	1	8	2.1482E7
0	8381	1490	1	6	2.1483E7
0	8385	1488	2	3	2.1484E7
0	8387	1487	1	0	2.1485E7
0	8387	1487	1	0	2.1486E7
0	8387	1487	1	0	2.1487E7
0	8387	1487	1	0	2.1488E7
0	8387	1487	1	0	2.1489E7
0	8387	1487	1	0	2.149E7
0	8387	1487	1	0	2.1491E7
0	8387	1487	1	0	2.1492E7
0	8387	1487	1	0	2.1493E7
0	8387	1487	1	0	2.1494E7
0	8387	1487	1	0	2.1495E7
0	8387	1487	1	0	2.1496E7
0	8387	1487	1	0	2.1497E7
0	8387	1487	1	0	2.1498E7
0	8387	1487	1	0	2.1499E7
0	8387	1487	1	0	2.15E7
0	8387	1487	1	0	2.1501E7
0	8387	1487	1	0	2.1502E7
0	8387	1487	1	0	2.1503E7
0	8387	1487	1	0	2.1504E7
0	8387	1487	1	0	2.1505E7
0	8389	1486	1	3	2.1506E7
0	8393	1485	1	4	2.1507E7
0	8399	1483	1	6	2.1508E7
0	8406	1479	2	9	2.1509E7
0	8415	1474	2	10	2.151E7
0	8425	1467	2	13	2.1511E7
0	8436	1460	2	13	2.1512E7
0	8447	1453	2	13	2.1513E7
0	8458	1444	2	13	2.1514E7
