7114.535368541451 1
7114.535368541451 1
7114.535368541451 1
14229.070737082902 1
14229.070737082902 1
14229.070737082902 1
14229.070737082902 1
2134.3606105624353 1
2134.3606105624353 1
2134.3606105624353 1
0.0 290538
144431.11341255615 290538
0.0 290538
0.0 290538
0.0 290538
4098.795873253248 290538
0.0 909538
11238.118969944666 909538
15503.126011788338 909538
2191.1124750727545 909538
83206.93284016181 310420
11685.273677295734 310420
16225.158896499528 310420
2280.182050779772 310420
91524.72019885434 793815
12710.62947500065 793815
17607.752695790958 793815
2468.229459308743 793815
107911.0482478707 299994
15469.127944994112 299994
21040.303068690657 299994
3021.7419031457944 299994
0.0 201337
0.0 201337
0.0 201337
0.0 201337
0.0 768912
0.0 768912
0.0 768912
2726.179388484764 768912
126420.93043303612 768794
17791.898253786596 768794
24651.809994586234 768794
3467.1110079237064 768794
141818.77584246377 148536
20459.896805355806 148536
27646.67257392164 148536
3988.1916488981165 148536
114109.49820579938 890885
16328.951612483159 890885
22251.053240310794 890885
3183.8466546141244 890885
123176.37948499102 852888
17727.108832085996 852888
24019.073584034926 852888
3456.4658067184455 852888
114310.2367383889 365080
15770.03462220182 365080
22290.197678293436 365080
3076.00066545731 365080
0.0 233377
18043.476693416007 233377
25286.377483586057 233377
3518.199434639724 233377
0.0 225574
0.0 225574
0.0 225574
0.0 225574
142370.07988626786 828104
20357.311507236856 828104
27761.86655136786 828104
3969.40828820627 828104
114249.31259635498 676239
16253.255203323037 676239
22137.923039631343 676239
3167.1569405520663 676239
106048.89076991299 522308
15152.501729817319 522308
20388.770578528205 522308
2946.8657664143107 522308
0.0 66444
0.0 66444
0.0 66444
0.0 66444
0.0 611580
0.0 611580
0.0 611580
2447.566781012796 611580
77366.03372350392 729303
11100.576862875312 729303
15086.089929531916 729303
2164.325841709337 729303
91996.91359251409 199643
12721.938129168964 199643
17935.046313305065 199643
2474.3063837933405 199643
124349.16333257983 117189
17747.38409437593 117189
24247.79893650004 117189
3460.451985050277 117189
0.0 899336
0.0 899336
0.0 899336
0.0 899336
139773.3141892862 361201
20766.494282982327 361201
27255.465383607203 361201
4071.333096643968 361201
0.0 394590
0.0 394590
0.0 394590
4106.739043396521 394590
0.0 899195
0.0 899195
0.0 899195
0.0 899195
79632.85567241981 500091
11239.511011961416 500091
15425.363692594614 500091
2195.852044549504 500091
118272.40391074076 631323
16708.307654929504 631323
22864.316594628268 631323
3244.7892856771277 631323
89936.743320161 285948
12676.989446816668 285948
17535.24958668899 285948
2464.714673587117 285948
0.0 4096
0.0 4096
0.0 4096
0.0 4096
0.0 995694
0.0 995694
0.0 995694
0.0 995694
120024.59073831254 589703
17239.69145451965 589703
23395.677234804385 589703
3373.5431199758086 589703
82445.11276124776 5962
11687.497910720449 5962
16072.481034538374 5962
2277.78389266022 5962
151482.23691476448 830047
20961.40969582177 830047
29090.37189474092 830047
4087.181213409634 830047
125515.9596616662 319530
18054.624343494997 319530
24475.29840527722 319530
3520.338018233832 319530
113564.33850555232 557745
16037.495738175605 557745
22162.888483966133 557745
3127.4040773734464 557745
0.0 652202
17570.30001545007 652202
23424.353721785377 652202
3425.8840240570266 652202
0.0 553793
0.0 553793
0.0 553793
0.0 553793
107956.14011224026 884108
15175.859385516065 884108
20863.98303155334 884108
2959.987281394818 884108
81787.76984981583 898233
11601.743660612105 898233
15881.012266780768 898233
2258.638940113761 898233
103548.48324104797 996114
14634.084492294962 996114
19897.1440312561 996114
2848.5335575326935 996114
0.0 497459
0.0 497459
0.0 497459
0.0 497459
0.0 146660
0.0 146660
0.0 146660
0.0 146660
103538.84214005277 49340
14839.438161366632 49340
20512.024368127255 49340
2893.403127769038 49340
135685.54901292035 6275
18936.419228852556 6275
26450.66061769302 6275
3690.431675461609 6275
131628.23437737316 168584
18923.373150905216 168584
25667.20683100677 168584
3689.758891845521 168584
114206.23318627375 431307
16609.90623912327 431307
22269.918064316764 431307
3238.634309622415 431307
147056.56997845133 327829
21292.957660147666 327829
28675.70067896769 327829
4158.475780651383 327829
0.0 486411
17699.215044612625 486411
24651.455863175663 486411
3451.0138269857753 486411
0.0 85471
0.0 85471
0.0 85471
2825.800132466198 85471
100688.24603247868 789034
14561.49981480272 789034
19744.30233991537 789034
2848.55933369024 789034
112404.21434343474 886174
16309.854945826823 886174
22078.566571524978 886174
3184.8959512882766 886174
86215.07736788715 968871
12096.760089473753 968871
16503.29918312178 968871
2358.1287890896033 968871
0.0 888121
0.0 888121
0.0 888121
0.0 888121
0.0 302512
0.0 302512
0.0 302512
0.0 302512
104248.14748165074 254922
14794.18627216368 254922
20093.263620369617 254922
2884.5789306129955 254922
98130.63287316583 602451
14433.285347495465 602451
19131.142466748268 602451
2813.201585587803 602451
109765.92751316336 86904
15585.456141206845 86904
21404.052404383536 86904
3038.860486852013 86904
96163.40095922869 969585
13253.897210308167 969585
18751.58181439776 969585
2584.228583358256 969585
87701.01466509938 930192
12803.587846585207 930192
17101.450444478825 930192
2496.4498051468954 930192
0.0 139635
19682.79866520665 139635
27577.901033364626 139635
3837.856092748915 139635
0.0 472927
0.0 472927
0.0 472927
0.0 472927
144527.76927568417 141124
20867.411065636523 141124
28182.61596877537 141124
4068.8416293537834 141124
137627.45377598034 850105
19902.272407427197 850105
26824.309078338116 850105
3876.668645642336 850105
93055.3281932124 71061
13580.102269051227 71061
18059.149290539583 71061
2644.63796991979 71061
0.0 708653
0.0 708653
0.0 708653
0.0 708653
0.0 377443
0.0 377443
0.0 377443
2191.734434406355 377443
112172.74307826579 170019
16165.984100188463 170019
21606.737282975 170019
3152.073363531403 170019
117389.22134038666 781763
16880.326239980357 781763
22881.763608605983 781763
3291.3514615526183 781763
115342.10230721798 386778
16260.334568628876 386778
22491.41056421402 386778
3170.4658551891416 386778
127789.8756191276 838841
18193.571877155737 838841
24918.750594556186 838841
3547.471364871674 838841
94619.91378691916 607262
13691.832604360641 607262
18342.70278619671 607262
2667.29173207431 607262
0.0 186636
0.0 186636
0.0 186636
4199.660141486132 186636
0.0 680028
0.0 680028
0.0 680028
2960.169612054329 680028
94159.21222687821 23352
13586.92704926642 23352
18642.83599960461 23352
2656.9032491699054 23352
136872.54228460716 478953
19734.62488971522 478953
27003.515523143116 478953
3841.073864210335 478953
122063.80023004496 410940
17063.237905386057 410940
23800.16733971023 410940
3315.141563768461 410940
0.0 457000
0.0 457000
0.0 457000
0.0 457000
0.0 102207
0.0 102207
0.0 102207
0.0 102207
107234.55992660475 592288
14876.263393112471 592288
20868.593661353832 592288
2900.577894880173 592288
115634.15571847695 783673
16565.19719576028 783673
22540.658454974706 783673
3228.913702255376 783673
136410.81997166417 766519
19154.14293036537 766519
26075.080136309472 766519
3734.7456200913084 766519
99823.92635825732 685743
14450.515393638108 685743
19465.387520944154 685743
2817.572382843405 685743
119166.67218897199 820085
17271.80947563534 820085
23650.648060900887 820085
3376.0186702547853 820085
81642.75590859927 810388
12025.518210297852 810388
15920.064457748584 810388
2344.703106579806 810388
0.0 444326
0.0 444326
0.0 444326
0.0 444326
138732.8059974501 710863
19908.19165772558 710863
27052.592441016648 710863
3884.032545230932 710863
89196.52040320558 524414
12568.953124318905 524414
17382.981071489237 524414
2449.7753662337136 524414
85535.07190220425 178585
12307.283953788776 178585
16970.422763037597 178585
2404.075702721095 178585
0.0 409993
0.0 409993
0.0 409993
0.0 409993
0.0 267901
0.0 267901
0.0 267901
0.0 267901
139479.29102352855 178077
19734.229365377665 178077
27159.88067410894 178077
3844.616322000967 178077
98866.9491603207 606969
14545.667008638367 606969
19271.054639588518 606969
2834.3753207551476 606969
109619.65352141202 266023
15395.9812284036 266023
21375.534851987395 266023
3001.918754850747 266023
95152.97239705543 742696
13046.660005887648 742696
18554.511901841597 742696
2543.7809855638766 742696
110023.75041792633 202338
15090.34662307422 202338
21130.867888485787 202338
2942.3066031805347 202338
113214.09980496472 551856
15654.792096971927 551856
22076.450917190174 551856
3052.385914131575 551856
112350.7949245398 167231
16384.794401627907 167231
21908.126162849152 167231
3200.480439695971 167231
111461.48431754285 633980
16274.171902220833 633980
21734.66810159069 633980
3173.1421806028934 633980
0.0 236431
0.0 236431
0.0 236431
3050.619096434358 236431
0.0 183083
0.0 183083
0.0 183083
0.0 183083
0.0 167044
0.0 167044
0.0 167044
0.0 167044
135619.02797035762 711361
18818.71848633796 711361
26309.921392656783 711361
3668.6683261622475 711361
154441.61322508202 774777
21628.478672062298 774777
30115.827907631385 774777
4218.722434380079 774777
135872.53338155104 101751
19050.97410526168 101751
25808.101572143903 101751
3713.6306286665185 101751
100594.15288378298 471745
14559.73567624774 471745
19615.56914156032 471745
2838.874512693805 471745
102572.63852824492 962561
14319.249631687242 962561
20008.008318181157 962561
2794.247483459695 962561
127540.13307318294 721789
18524.782628012224 721789
24694.553137552488 721789
3600.7624533386047 721789
104211.16963668657 468238
15420.140649009381 468238
20573.611859637498 468238
3005.1551724627807 468238
133365.03768576364 51584
19119.47045037644 51584
26003.868792399626 51584
3727.563407106296 51584
100647.61668061295 539053
14478.49388741132 539053
19614.33642618629 539053
2822.353615261081 539053
132559.1157033025 824392
18771.425141460466 824392
25846.748237886153 824392
3657.1930935319897 824392
101764.62982631537 943808
14862.667176193187 943808
19916.14047129784 943808
2901.0245256126827 943808
89631.96161565505 360657
12670.806869003047 360657
17607.663207196514 360657
2476.189169048309 360657
0.0 43462
0.0 43462
0.0 43462
0.0 43462
0.0 282109
0.0 282109
0.0 282109
0.0 282109
0.0 943802
0.0 943802
25928.935090927993 943802
3640.7610181627674 943802
94488.84564627832 506506
13742.616861852513 506506
18459.588152089942 506506
2675.3294480093414 506506
124337.66315333065 14373
18228.208533698285 14373
24626.87370593187 14373
3568.152338765101 14373
95263.2715138968 906566
13425.504410538293 906566
18576.014226284482 906566
2617.649641129569 906566
0.0 257196
0.0 257196
0.0 257196
0.0 257196
0.0 836491
0.0 836491
0.0 836491
0.0 836491
0.0 224197
0.0 224197
0.0 224197
0.0 224197
106674.999319577 940687
15801.057622323113 940687
20801.327917961462 940687
3080.9092869969527 940687
115230.07991770658 19340
16682.075785158733 19340
22469.571016647842 19340
3242.834189421808 19340
118312.3812986416 594793
17276.832433697688 594793
23053.550090909903 594793
3367.3885048257403 594793
92469.76722318835 839115
13737.442127518674 839115
18031.334768334313 839115
2689.560784543082 839115
126354.15800954665 613522
18159.82341051309 613522
24323.891373656632 613522
3537.488217089027 613522
117912.20662219393 64776
17521.371856029255 64776
22992.592371779687 64776
3416.3795923775756 64776
0.0 572741
0.0 572741
0.0 572741
0.0 572741
97274.63470460873 957401
13648.132889409733 957401
18791.372007913156 957401
2659.217091386518 957401
139488.16782413636 579560
19831.75489507029 579560
27199.914546840977 579560
3866.9140256730984 579560
138222.29824678486 339615
20021.192158333746 339615
27184.031365531973 339615
3902.970731485803 339615
92244.72969087653 555208
13176.30853967327 555208
17987.4640030708 555208
2569.1218785861674 555208
0.0 571606
0.0 571606
0.0 571606
0.0 571606
0.0 457749
0.0 457749
0.0 457749
0.0 457749
81076.00694429755 217957
11665.279418347549 217957
15930.493729589842 217957
2275.381813958257 217957
0.0 799681
0.0 799681
0.0 799681
0.0 799681
0.0 372307
0.0 372307
0.0 372307
0.0 372307
82252.60813256894 586066
12039.75071981056 586066
16038.932507309697 586066
2347.4253118218126 586066
0.0 67672
0.0 67672
0.0 67672
0.0 67672
0.0 915919
0.0 915919
0.0 915919
0.0 915919
0.0 563233
0.0 563233
0.0 563233
0.0 563233
128423.02712954412 936719
18482.474013044615 936719
25003.90786035631 936719
3613.3632836429692 936719
121772.38770859464 905426
16761.134081396776 905426
23745.324805697182 905426
3268.130348393599 905426
132512.87815288358 857775
18940.033222352562 857775
25839.72304325636 857775
3693.0182818028106 857775
0.0 174384
0.0 174384
0.0 174384
2818.236360075744 174384
0.0 855637
0.0 855637
0.0 855637
0.0 855637
131583.58579003552 634974
19066.245541610013 634974
25985.612419538753 634974
3714.6762547171174 634974
92072.17017717993 953845
13452.810945982426 953845
17953.75872075984 953845
2622.9836706763267 953845
0.0 971344
20595.646079939637 971344
29185.717589338903 971344
4015.824501104632 971344
94043.66979854894 108067
13320.030278030814 108067
18336.267141711043 108067
2594.2136046997493 108067
133916.01709422065 822798
19900.442574506727 822798
26113.308620544427 822798
3883.6930912603075 822798
88291.21964992251 395147
12534.537572213509 395147
17216.50287978264 395147
2443.9498746293834 395147
117724.75523002274 212755
17333.47525147661 212755
23007.91646116087 212755
3384.8953771752767 212755
149270.05104017342 135205
20550.379536501 135205
29107.37897401054 135205
4014.210832046003 135205
0.0 790133
0.0 790133
0.0 790133
0.0 790133
96734.83852468396 151078
13646.655304482148 151078
18819.759631892775 151078
2660.280451661763 151078
152225.91682070802 143380
21411.619553527766 143380
29681.712452144853 143380
4166.825599369138 143380
124991.18711933412 46085
17786.78065640378 46085
24365.249333510736 46085
3466.2870184027734 46085
141596.17676890185 365866
20432.300720062703 365866
27610.964162809483 365866
3984.0083332858535 365866
0.0 83170
12035.848205440952 83170
16895.386406248337 83170
2346.6548316941016 83170
109740.66535646423 383502
15773.891355785423 383502
21399.102551254164 383502
3075.5816211217907 383502
123862.3815440173 108009
17326.356623194013 108009
23767.936804195582 108009
3378.3579971028707 108009
110275.58709126823 130706
15507.053120641096 130706
21350.4018675911 130706
3016.146296407723 130706
109839.0998812425 693250
16053.848840260021 693250
21418.32477976002 693250
3130.2008267684378 693250
115001.36619509428 613629
16626.620762531154 613629
23072.05333602488 613629
3254.8081441585655 613629
117261.8555641473 91630
16981.91026497982 91630
23003.98030628246 91630
3308.223323151975 91630
91495.9224727559 434347
13075.095892938634 434347
17815.604531720073 434347
2548.5344058421665 434347
0.0 636327
19779.651989855716 636327
26703.819424207 636327
3856.770376068565 636327
0.0 918811
0.0 918811
0.0 918811
0.0 918811
90202.2828604843 303947
12573.554502689733 303947
17589.187790768177 303947
2451.5857609982363 303947
113846.2601317816 68243
15761.154390256273 68243
22199.720459382763 68243
3071.6270674441603 68243
84305.65148491508 373805
11639.28638441754 373805
16084.724473776701 373805
2259.5881181891455 373805
85137.53150754735 900438
11817.398415457366 900438
16601.5315911048 900438
2306.494496320483 900438
0.0 437029
0.0 437029
0.0 437029
0.0 437029
0.0 829801
0.0 829801
0.0 829801
0.0 829801
0.0 715801
0.0 715801
0.0 715801
0.0 715801
104410.49042007007 279405
15583.603399083899 279405
21262.401321355006 279405
3035.534294932832 279405
122320.48201278504 85264
17523.2822529022 85264
23935.285907085778 85264
3420.5897328685246 85264
122573.00466228854 217909
17806.86983592678 217909
23901.443786142616 217909
3469.8861973112093 217909
82645.95609437689 135618
11674.220632350201 135618
16115.667805599207 135618
2276.179390504004 135618
96661.33383701353 889110
13358.157413719315 889110
18848.677363759016 889110
2604.5579612166434 889110
98210.42139432112 490622
14324.467597994078 490622
19647.492350966193 490622
2805.1448171437437 490622
88476.3460103585 800908
12645.193398250509 800908
17340.871439233284 800908
2467.370950753112 800908
137094.48289375124 803175
19982.232053592757 803175
26731.207682035638 803175
3892.5554008414124 803175
123428.51818540502 783096
17720.455237015864 783096
24687.329464622344 783096
3454.1746882623393 783096
140091.79494935778 185894
20045.36287671962 185894
27315.610845069463 185894
3910.880669774602 185894
143785.35540353516 345538
20479.593709079534 345538
28037.85141945154 345538
3997.9088058419024 345538
142053.0003408715 697000
20273.23044282818 697000
27687.385701722164 697000
3951.4630692303563 697000
0.0 706984
0.0 706984
0.0 706984
0.0 706984
0.0 217143
0.0 217143
0.0 217143
0.0 217143
0.0 577703
20329.78118003026 577703
28408.214631620987 577703
3964.0196441554917 577703
106048.32411592067 518875
14856.866854773478 518875
20373.40744626632 518875
2897.1796796966864 518875
156201.7157874956 653268
21756.24702597973 653268
30459.062953153454 653268
4234.603319301003 653268
87602.84961059639 358970
12335.33746960272 358970
17082.27264013988 358970
2405.1077726461117 358970
0.0 600272
0.0 600272
0.0 600272
0.0 600272
0.0 299742
0.0 299742
0.0 299742
0.0 299742
0.0 589657
0.0 589657
0.0 589657
0.0 589657
93310.81530038039 902667
13571.562799243502 902667
18195.32327599413 902667
2646.169038272437 902667
94692.01573047304 733084
13413.758093387123 733084
18464.648027175743 733084
2615.3877879439915 733084
122947.41973597607 227017
17442.385451805276 227017
23974.433591599172 227017
3401.265724349416 227017
83182.94351737597 850042
12058.661280327551 850042
16220.3861459576 850042
2352.7303661570068 850042
122882.7548460007 515443
16970.725286092318 515443
23551.14235424949 515443
3303.2608912632472 515443
98008.92549362252 198246
13666.49835319228 198246
19111.448695246658 198246
2664.6754028627615 198246
0.0 638972
0.0 638972
0.0 638972
2669.5478807078066 638972
102295.89139326251 581893
14120.899196176004 581893
19750.027693743214 581893
2752.5890921357445 581893
84200.04617920652 124601
12265.723737534387 124601
16418.720013237635 124601
2391.5271371115696 124601
87682.7505512452 331120
12069.166564862096 331120
17089.283706207607 331120
2350.28982863044 331120
93425.7814121993 469858
13294.117816881615 469858
18217.749525087605 469858
2592.0751240006553 469858
0.0 615207
0.0 615207
0.0 615207
2743.7334134699104 615207
0.0 141050
0.0 141050
0.0 141050
0.0 141050
117029.93804848018 785077
16679.647522906947 785077
22818.49392191342 785077
3252.820946154316 785077
0.0 20016
0.0 20016
0.0 20016
0.0 20016
0.0 365474
0.0 365474
0.0 365474
0.0 365474
128914.45190882428 924065
18960.61728814587 924065
25138.02834738633 924065
3697.0305963540372 924065
0.0 96220
0.0 96220
0.0 96220
0.0 96220
0.0 115890
0.0 115890
0.0 115890
0.0 115890
0.0 785116
0.0 785116
0.0 785116
0.0 785116
80356.94239478592 39286
11440.636192853644 39286
15669.313799503565 39286
2230.634090126775 39286
105444.9027589078 395975
15404.780700662894 395975
20561.445590510517 395975
3003.621789152757 395975
118189.1984748389 74823
16970.70383216471 74823
22557.179872318266 74823
3298.935628256072 74823
0.0 464142
0.0 464142
0.0 464142
0.0 464142
0.0 308476
0.0 308476
0.0 308476
0.0 308476
120181.80131741708 787062
17893.666038470234 787062
23711.6853646418 787062
3486.0169828553408 787062
145583.51382608293 338866
21285.547993203043 338866
28615.67663864974 338866
4150.393806031592 338866
132122.07514182793 810873
19492.25413807513 810873
25763.496355352385 810873
3800.6812596205928 810873
112138.95354757278 231183
15834.539730003533 231183
21864.826274831736 231183
3084.57069811712 231183
126289.61755470105 16150
17772.910775323635 16150
24462.267646176973 16150
3465.4211470547666 16150
95319.96481882283 115415
13519.709737659807 115415
18313.460959672742 115415
2634.401575878564 115415
114497.85477170082 449142
16385.352084797363 449142
22806.248265692866 449142
3194.845767276499 449142
0.0 541462
0.0 541462
0.0 541462
0.0 541462
80728.8541937829 114238
11643.75163003907 114238
15737.428028599195 114238
2269.7480287335193 114238
131728.09869697003 702837
18941.19795628266 702837
25532.89490898432 702837
3690.5299081311764 702837
99023.08405642491 634219
14711.166765183485 634219
20028.133224648558 634219
2883.354038637528 634219
121790.62394739152 629190
17720.510414898403 629190
23741.15960683839 629190
3453.436415299978 629190
98269.86473589229 321030
14509.814885936943 321030
19162.350430606333 321030
2829.140709865038 321030
0.0 54329
0.0 54329
0.0 54329
2805.6294717567926 54329
93018.83998830315 658876
13658.01685426365 658876
18138.364354444773 658876
2663.003843307071 658876
117446.0382332161 967591
16126.850648426229 967591
22125.755674778193 967591
3144.432769741251 967591
85186.91277809019 504623
12438.435784519896 504623
16892.057931592306 504623
2416.7484724530564 504623
92454.7543821915 614945
13274.361665481498 614945
18028.39460664323 614945
2588.2180268847765 614945
85324.72095013675 665802
11769.009359219686 665802
16137.034978286385 665802
2294.582331251425 665802
103158.00073581532 437262
14809.073325877836 437262
20079.455271033687 437262
2884.5521099233097 437262
122595.8597747374 838537
17347.720363730437 838537
23898.924977731323 838537
3382.0473499057953 838537
0.0 212044
0.0 212044
0.0 212044
4051.9848237113415 212044
0.0 642414
0.0 642414
0.0 642414
0.0 642414
128146.35751209168 441045
18573.56892726275 441045
24988.260417682137 441045
3621.5666436404927 441045
98008.7715929021 556536
14040.940218063624 556536
19111.418674139135 556536
2743.919859257845 556536
102259.97222334796 589930
14965.838301868704 589930
20649.00380633094 589930
2912.3257131651008 589930
0.0 330049
0.0 330049
0.0 330049
0.0 330049
0.0 307462
0.0 307462
0.0 307462
0.0 307462
157956.00737609583 856274
21696.146753380453 856274
30801.129362162716 856274
4230.888473432686 856274
116224.51569694046 990528
16904.114167812295 990528
23311.680639363727 990528
3296.023079295812 990528
98601.78150005577 672442
13976.993425986462 672442
19218.213936183478 672442
2724.2102614824694 672442
115036.39171939009 647615
16534.214018932897 647615
22431.80635464263 647615
3220.6889194661985 647615
103761.05514388673 536273
14997.038251175796 536273
20233.147249696667 536273
2924.163955618029 536273
100982.75086695576 270979
14100.349123942971 270979
19354.738838728943 270979
2744.6966193587627 270979
76492.57894557412 595527
11094.01527660875 595527
14907.520013428259 595527
2162.97015941417 595527
155571.23584175762 764849
21570.466702504084 764849
30334.17115985859 764849
4205.316556901904 764849
93243.365958199 166899
13101.694984563475 166899
18050.76323681872 166899
2553.927981764309 166899
130871.0268700823 833337
18548.993504228998 833337
25517.580065090922 833337
3613.880123188359 833337
0.0 371782
0.0 371782
0.0 371782
0.0 371782
0.0 277162
0.0 277162
0.0 277162
0.0 277162
109162.44696026086 815544
16039.208222845351 815544
21286.384414344513 815544
3127.352860548485 815544
93816.77054418752 906053
13209.027607596994 906053
18293.96012933065 906053
2575.4502566955002 906053
106211.65916729165 441601
15421.024988545287 441601
20812.753636639758 441601
3014.821793201928 441601
126258.07509477556 404889
18008.52557467126 404889
24778.479332717045 404889
3508.185962566387 404889
0.0 871468
0.0 871468
0.0 871468
0.0 871468
0.0 484543
0.0 484543
0.0 484543
0.0 484543
0.0 284546
0.0 284546
0.0 284546
0.0 284546
0.0 343332
0.0 343332
0.0 343332
0.0 343332
0.0 638091
0.0 638091
19920.85500620487 638091
2935.775791887207 638091
80784.09477461112 182112
11541.721220163721 182112
15752.625139837211 182112
2250.362296719969 182112
135279.1116807437 875745
19652.471334937603 875745
26379.116161261907 875745
3833.077651704283 875745
121543.0942566808 425341
17692.601085332255 425341
23700.599769318673 425341
3449.7536009057067 425341
103205.606545837 672719
14892.097907849933 672719
20390.20089945129 672719
2911.54963182896 672719
102051.03398354199 20038
14215.19791753917 20038
19899.66420522862 20038
2771.6761723580676 20038
88214.11746563771 598148
12456.01790578592 598148
17199.457135871715 598148
2425.6100602868682 598148
88950.42124606883 848318
12643.341517306315 848318
17345.037290735087 848318
2465.156743626395 848318
110531.14229561262 885988
16069.614469973505 885988
21424.102581183386 885988
3130.388665034364 885988
0.0 172911
17731.243259933275 172911
24982.86597580442 172911
3457.2996401082687 172911
0.0 856550
0.0 856550
0.0 856550
3342.4466390927655 856550
0.0 646589
0.0 646589
0.0 646589
2452.1121301385374 646589
0.0 920965
0.0 920965
0.0 920965
3045.7718082133365 920965
0.0 931216
0.0 931216
0.0 931216
0.0 931216
104070.14593902322 244624
14911.355228268665 244624
20293.37366905789 244624
2907.4094804607507 244624
0.0 380601
0.0 380601
0.0 380601
0.0 380601
117684.38164208159 556420
16681.50352989326 556420
22948.16153223701 556420
3252.600300360287 556420
138669.3240108274 595907
19628.39102389609 595907
27040.234754717636 595907
3827.2528222660317 595907
87403.77424743329 200968
12423.327676826153 200968
17043.45833053934 200968
2428.481841229766 200968
0.0 100958
0.0 100958
0.0 100958
0.0 100958
0.0 269133
0.0 269133
0.0 269133
0.0 269133
75421.7934973836 316599
10966.74351909752 316599
14706.949602966102 316599
2138.214857200317 316599
133707.40918117773 570498
19061.150106639572 570498
26072.64472826189 570498
3716.6242087269493 570498
84459.59320152857 478940
12082.656484194165 478940
16460.755450743472 478940
2355.8364628030376 478940
129583.12361904712 536387
18604.626849943 536387
25607.23992904381 536387
3634.352918938882 536387
103645.91721103799 276533
14621.548068733622 276533
20210.664170977496 276533
2850.912188228141 276533
145617.29572329432 667100
20889.63654910213 667100
28684.77339997579 667100
4082.5958676254268 667100
121700.23967358128 123021
17230.3044249242 123021
23731.237172450416 123021
3359.5997989622833 123021
0.0 87336
0.0 87336
0.0 87336
0.0 87336
129960.0150721465 939771
18797.779831381125 939771
25341.887295551267 939771
3667.923784367378 939771
95163.5891333524 689030
13762.514013156559 689030
18944.665523073665 689030
2684.0864324470417 689030
0.0 199129
17833.347466627634 199129
25058.636449654743 199129
3477.1920304071973 199129
134875.16898830485 727197
19178.3785100204 727197
26300.35671454064 727197
3739.4825712751776 727197
74753.49225269897 409913
10860.313951219985 409913
14576.63189582552 409913
2117.4621270371176 409913
116565.2786702284 672987
17004.960120475967 672987
23191.707499959604 672987
3309.8783175140684 672987
129086.67705251242 573655
18450.58298345835 573655
25092.299167023277 573655
3588.663415270204 573655
96044.77433173575 460261
13913.840141755523 460261
18702.611864541734 460261
2712.452105966048 460261
117064.90597222699 816109
17226.40556375556 816109
22827.377897668073 816109
3358.870318016142 816109
0.0 334699
0.0 334699
0.0 334699
0.0 334699
77591.20848845736 141529
11475.962547875039 141529
15130.010174146295 141529
2237.5372157327415 141529
134775.69606673645 93655
19456.51243903261 93655
26280.92844586185 93655
3793.6876384595994 93655
119597.65712186317 702653
16720.002627493424 702653
23321.220936714042 702653
3262.3511104754957 702653
0.0 320051
0.0 320051
0.0 320051
0.0 320051
0.0 966252
0.0 966252
0.0 966252
0.0 966252
119080.80639873623 18352
17283.46720028643 18352
23218.452429809717 18352
3369.2762861334577 18352
116185.51786687698 390048
16082.751585313079 390048
22594.33654238273 390048
3135.836537605115 390048
80290.74826917482 955240
11252.793201249871 955240
15656.416494017501 955240
2194.015255772136 955240
78881.13903260077 948251
11318.117249831992 948251
15381.520981815167 948251
2212.888771591492 948251
115876.52712854717 288592
16457.155087658473 288592
22217.753664080912 288592
3201.2253507386536 288592
91642.74324897327 470703
13350.477519458276 470703
18002.615812864628 470703
2609.5200725789655 470703
79468.77179927721 665257
11248.900148920642 665257
15279.375684450086 665257
2185.9210363094394 665257
75062.52571944469 438907
10969.326175942006 438907
14639.332540075453 438907
2138.2874231509963 438907
130319.4891986633 794032
19023.41915353237 794032
25536.976369272037 794032
3718.1411055712542 794032
113431.56527887398 803464
15751.649706255033 803464
22110.30934004178 803464
3073.309294038998 803464
0.0 25141
0.0 25141
0.0 25141
0.0 25141
0.0 319365
0.0 319365
0.0 319365
0.0 319365
87780.3686385414 675498
12805.846372323631 675498
17116.84868076475 675498
2496.816838852284 675498
0.0 976109
19787.048263700326 976109
26774.334561331696 976109
3858.1973600606125 976109
104123.30024091042 845942
14537.976545384543 845942
19859.414743700003 845942
2830.881887329579 845942
136222.71406373297 231691
19271.101028109446 231691
26596.374198503258 231691
3763.3436796108335 231691
0.0 466852
0.0 466852
0.0 466852
0.0 466852
0.0 645130
0.0 645130
0.0 645130
0.0 645130
0.0 796136
0.0 796136
0.0 796136
0.0 796136
0.0 2304
0.0 2304
0.0 2304
0.0 2304
0.0 180490
0.0 180490
0.0 180490
4178.521774405224 180490
77231.02651105802 702051
10911.602807738669 702051
15013.05557431967 702051
2126.6067847116415 702051
114860.93692602584 94966
16131.133779353226 94966
21910.795470494377 94966
3143.9410055419667 94966
112908.45538420399 931612
15836.752733707768 931612
22016.863989489284 931612
3087.8819726425195 931612
95060.96393112939 230507
13605.767281420558 230507
18866.662638894933 230507
2661.9479891177743 230507
133292.06217070064 753811
19701.696835658247 753811
25991.671146845107 753811
3841.5499065118397 753811
135169.11049967533 459126
18996.284123616842 459126
26357.708249034044 459126
3702.623820458703 459126
139270.29145331 57849
20015.09744917575 57849
27157.37284379883 57849
3902.610012992648 57849
113672.24748896429 125525
16584.573320760403 125525
22783.72632952647 125525
3230.7158086673194 125525
79932.38391086097 332304
10964.275151128368 332304
15586.487983149978 332304
2137.7067750021242 332304
0.0 669509
0.0 669509
0.0 669509
3052.2474764989065 669509
0.0 175089
0.0 175089
0.0 175089
0.0 175089
0.0 100832
0.0 100832
0.0 100832
0.0 100832
0.0 115338
0.0 115338
0.0 115338
0.0 115338
85454.4083011761 841308
12305.921142941243 841308
16661.346468321553 841308
2398.6964724711215 841308
0.0 234111
0.0 234111
0.0 234111
0.0 234111
100085.94891787684 152693
14269.388818629619 152693
19516.49602426911 152693
2782.266804915897 152693
107545.21160591579 439972
15542.041794069593 439972
20970.997583950088 439972
3030.379470640081 439972
84960.74499110342 749675
12374.358377263661 749675
16630.406741505398 749675
2413.97797399454 749675
0.0 290538
144047.7358590857 290538
