0.0 1
1016.7972038139296 1
814.0112015408508 1
95197.45435329933 1
0.0 1
0.0 1
117528.470675922 1
117528.470675922 1
117528.470675922 1
117528.470675922 1
117528.470675922 1
117528.470675922 1
117528.470675922 1
117528.470675922 1
129447.64551092175 1
154077.33228947863 1
130733.99961483796 1
130733.99961483796 1
130733.99961483796 1
130733.99961483796 1
130733.99961483796 1
130733.99961483796 1
130733.99961483796 1
245331.94493780602 1
245331.94493780602 1
184484.16022127483 1
184484.16022127483 1
184484.16022127483 1
184484.16022127483 1
184484.16022127483 1
184473.93811202465 1
184454.73656281392 1
184468.53213975125 1
245331.9746306591 1
184454.90208625628 1
150243.67659148 1
0.0 1
0.0 1
120991.4069983281 1
161062.1154025466 1
161062.1154025466 1
130520.67583926156 1
158131.86706634305 1
161062.13400394426 1
161062.1154025466 1
161072.43239657787 1
161072.43239657787 1
116763.48940795119 1
116763.48940795119 1
116755.74916314537 1
116755.74916314537 1
0.0 1
116763.48940795119 1
