1.8118001442690752E7
1.8118001442698307E7
1.8118006E7
1.8118016E7
1.8118026E7
1.8118036E7
1.8118046E7
1.8118056E7
1.8118066E7
1.8118076E7
1.8118086E7
1.8118096E7
1.8118106E7
1.8118116E7
1.8118126E7
1.8118136E7
1.8118146E7
1.8118156E7
1.8118166E7
1.8118176E7
1.8118186E7
1.8118196E7
1.8118206E7
1.8118216E7
1.8118226E7
1.8118236E7
1.8118246E7
1.8118256E7
1.8118266E7
1.8118276E7
1.8118286E7
1.8118296E7
1.8118306E7
1.8118316E7
1.8118326E7
1.8118336E7
1.8118346E7
1.8118356E7
1.8118366E7
1.8118376E7
1.8118386E7
1.8118396E7
1.8118406E7
1.8118416E7
1.8118426E7
1.8118436E7
1.8118446E7
1.8118456E7
1.8118466E7
1.8118476E7
1.8118486E7
1.8118496E7
1.8118506E7
1.8118516E7
1.8118526E7
1.8118536E7
1.8118546E7
1.8118556E7
1.8118566E7
1.8118576E7
1.8118586E7
1.8118596E7
1.8118606E7
1.8118616E7
1.8118626E7
1.8118636E7
1.8118646E7
1.8118656E7
1.8118666E7
1.8118676E7
1.8118684461593024E7
1.811868446160058E7
1.8118686E7
1.8118696E7
1.8118706E7
1.8118716E7
1.8118726E7
1.8118736E7
1.8118746E7
1.8118756E7
1.8118766E7
1.8118776E7
1.8118786E7
1.8118796E7
1.8118806E7
1.8118816E7
1.8118826E7
1.8118836E7
1.8118846E7
1.8118856E7
1.8118866E7
1.8118876E7
1.8118886E7
1.8118896E7
1.8118906E7
1.8118916E7
1.8118926E7
1.8118936E7
1.8118946E7
1.8118956E7
1.8260002189868294E7
1.826000218987585E7
1.8260006E7
1.8260016E7
1.8260026E7
1.8260036E7
1.8260046E7
1.8260056E7
1.8260066E7
1.8260076E7
1.8260086E7
1.8260096E7
1.8260106E7
1.8260116E7
1.8260126E7
1.8260136E7
1.8260146E7
1.8260146835181795E7
1.826014683518935E7
1.8260156E7
1.8260166E7
1.8260176E7
1.8260186E7
1.8260196E7
1.8260206E7
1.8260216E7
1.8260226E7
1.8260236E7
1.8260246E7
1.8260256E7
1.8260266E7
1.8260276E7
1.8260286E7
1.8260296E7
1.8260306E7
1.8260316E7
1.8260326E7
1.8260336E7
1.8260346E7
1.8260356E7
1.8260366E7
1.8260376E7
1.8260386E7
1.8260396E7
1.8260406E7
1.8260416E7
1.8260426E7
1.8260436E7
1.8260446E7
1.8260456E7
1.8260466E7
1.8260476E7
1.8260486E7
1.8260496E7
1.8260506E7
1.8260516E7
1.8260526E7
1.8260536E7
1.8260546E7
1.8260556E7
1.8260566E7
1.8260576E7
1.8260586E7
1.8260596E7
1.8260606E7
1.8260616E7
1.8260626E7
1.8260636E7
1.8260646E7
1.8260656E7
1.8260666E7
1.8260676E7
1.8260686E7
1.8260696E7
1.8260706E7
1.8260716E7
1.8260726E7
1.8260736E7
1.8260746E7
1.8260756E7
1.8260766E7
1.8260776E7
1.8260786E7
1.8260795835181795E7
1.826079583518935E7
1.8260796E7
1.8260806E7
1.8260816E7
1.8260826E7
1.8260836E7
1.8260846E7
1.8260856E7
1.8260866E7
1.8260876E7
1.8260886E7
1.8260896E7
1.8260906E7
1.8260916E7
1.8260926E7
1.8260936E7
1.8260946E7
1.8260956E7
1.8260966E7
1.8260976E7
1.8260986E7
1.8260996E7
1.835300534561845E7
1.8353005345626004E7
1.8353006E7
1.835301534561845E7
1.8353015345626004E7
1.8353016E7
1.835302534561845E7
1.8353025345626004E7
1.8353026E7
1.835303534561845E7
1.8353035345626004E7
1.8353036E7
1.835304534561845E7
1.8353045345626004E7
1.8353046E7
1.835305534561845E7
1.8353055345626004E7
1.8353056E7
1.835306534561845E7
1.8353065345626004E7
1.8353066E7
1.835307534561845E7
1.8353075345626004E7
1.8353076E7
1.835308534561845E7
1.8353085345626004E7
1.8353086E7
1.835309534561845E7
1.8353095345626004E7
1.8353096E7
1.835310534561845E7
1.8353105345626004E7
1.8353106E7
1.835311534561845E7
1.8353115345626004E7
1.8353116E7
1.835312534561845E7
1.8353125345626004E7
1.8353126E7
1.835313534561845E7
1.8353135345626004E7
1.8353136E7
1.835314534561845E7
1.8353145345626004E7
1.8353146E7
1.835315534561845E7
1.8353155345626004E7
1.8353156E7
1.835316534561845E7
1.8353165345626004E7
1.8353166E7
1.835317534561845E7
1.8353175345626004E7
1.8353176E7
1.8353186E7
1.835319534561845E7
1.8353195345626004E7
1.8353195413056873E7
1.8353195413064428E7
1.8353196E7
1.8353206E7
1.835321534561845E7
1.8353215345626004E7
1.8353216E7
1.835322534561845E7
1.8353225345626004E7
1.8353226E7
1.835323534561845E7
1.8353235345626004E7
1.8353236E7
1.835324534561845E7
1.8353245345626004E7
1.8353246E7
1.835325534561845E7
1.8353255345626004E7
1.8353256E7
1.835326534561845E7
1.8353265345626004E7
1.8353266E7
1.835327534561845E7
1.8353275345626004E7
1.8353276E7
1.835328534561845E7
1.8353285345626004E7
1.8353286E7
1.835329534561845E7
1.8353295345626004E7
1.8353296E7
1.8353306E7
1.835331534561845E7
1.8353315345626004E7
1.8353316E7
1.835332534561845E7
1.8353325345626004E7
1.8353326E7
1.835333534561845E7
1.8353335345626004E7
1.8353336E7
1.835334534561845E7
1.8353345345626004E7
1.8353346E7
1.835335534561845E7
1.8353355345626004E7
1.8353356E7
1.8353366E7
1.835337534561845E7
1.8353375345626004E7
1.8353376E7
1.835338534561845E7
1.8353385345626004E7
1.8353386E7
1.835339534561845E7
1.8353395345626004E7
1.8353396E7
1.8353406E7
1.8353416E7
1.835342534561845E7
1.8353425345626004E7
1.8353426E7
1.835343534561845E7
1.8353435345626004E7
1.8353436E7
1.835344534561845E7
1.8353445345626004E7
1.8353446E7
1.835345534561845E7
1.8353455345626004E7
1.8353456E7
1.835346534561845E7
1.8353465345626004E7
1.8353466E7
1.835347534561845E7
1.8353475345626004E7
1.8353476E7
1.835348534561845E7
1.8353485345626004E7
1.8353486E7
1.835349534561845E7
1.8353495345626004E7
1.8353496E7
1.835350534561845E7
1.8353505345626004E7
1.8353506E7
1.835351534561845E7
1.8353515345626004E7
1.8353516E7
1.835352534561845E7
1.8353525345626004E7
1.8353526E7
1.835353534561845E7
1.8353535345626004E7
1.8353536E7
1.835354534561845E7
1.8353545345626004E7
1.8353546E7
1.835355534561845E7
1.8353555345626004E7
1.8353556E7
1.835356534561845E7
1.8353565345626004E7
1.8353566E7
1.835357534561845E7
1.8353575345626004E7
1.8353576E7
1.835358534561845E7
1.8353585345626004E7
1.8353586E7
1.835359534561845E7
1.8353595345626004E7
1.8353596E7
1.835360534561845E7
1.8353605345626004E7
1.8353606E7
1.8353616E7
1.835362534561845E7
1.8353625345626004E7
1.8353626E7
1.835363534561845E7
1.8353635345626004E7
1.8353636E7
1.835364534561845E7
1.8353645345626004E7
1.8353646E7
1.835365534561845E7
1.8353655345626004E7
1.8353656E7
1.835366534561845E7
1.8353665345626004E7
1.8353666E7
1.8353676E7
1.835368534561845E7
1.8353685345626004E7
1.8353686E7
1.835369534561845E7
1.8353695345626004E7
1.8353696E7
1.835370534561845E7
1.8353705345626004E7
1.8353706E7
1.835371534561845E7
1.8353715345626004E7
1.8353716E7
1.8353726E7
1.8353736E7
1.8353746E7
1.8353756E7
1.8353766E7
1.8353776E7
1.8353786E7
1.8353796E7
1.8353806E7
1.8353816E7
1.8353826E7
1.8353836E7
1.8353844413056873E7
1.8353844413064428E7
1.8353846E7
1.8353856E7
1.8353866E7
1.8353876E7
1.8353886E7
1.8353896E7
1.8353906E7
1.8353916E7
1.8353926E7
1.8353936E7
1.8353946E7
1.8353956E7
1.8353966E7
1.8353976E7
1.8353986E7
1.8353996E7
1.8354006E7
1.8354016E7
1.8354026E7
1.8354036E7
1.8354046E7
1.8354056E7
1.8354066E7
1.8354076E7
1.8354086E7
1.8354096E7
1.8354106E7
1.8354116E7
1.8354126E7
1.8354136E7
1.8354146E7
