1.810200196384677E7
1.810200196384789E7
1.8102002447204676E7
1.8102002447205797E7
1.8102006E7
1.8102016E7
1.8102026E7
1.8102036E7
1.8102046E7
1.8102056E7
1.8102066E7
1.8102076E7
1.8102086E7
1.8102096E7
1.8102106E7
1.8102116E7
1.8102126E7
1.8102136E7
1.8102146E7
1.8102156E7
1.8102166E7
1.8102176E7
1.8102186E7
1.8102196E7
1.8102206E7
1.8102216E7
1.8102226E7
1.8102236E7
1.8102246E7
1.8102256E7
1.810226096384677E7
1.810226096384789E7
1.8102266E7
1.8102276E7
1.8102286E7
1.8102296E7
1.8102306E7
1.8102316E7
1.8102326E7
1.8102336E7
1.8102346E7
1.8102356E7
1.8102366E7
1.8102376E7
1.8102386E7
1.8102396E7
1.8102406E7
1.8102416E7
1.8102426E7
1.8102436E7
1.8102446E7
1.8102456E7
1.8102466E7
1.8102476E7
1.8102486E7
1.8102496E7
1.8102506E7
1.8102516E7
1.8102526E7
1.8102536E7
1.8102546E7
1.8102556E7
1.8102566E7
1.8102576E7
1.8102586E7
1.8102596E7
1.8102606E7
1.8102616E7
1.8102626E7
1.8102636E7
1.8102646E7
1.8102656E7
1.8102666E7
1.8102676E7
1.8102686E7
1.8102696E7
1.8102706E7
1.8102716E7
1.8102726E7
1.8102736E7
1.8102746E7
1.8102756E7
1.8102766E7
1.8102776E7
1.8102786E7
1.8102796E7
1.8102806E7
1.8102816E7
1.8102826E7
1.8102836E7
1.8102846E7
1.8102856E7
1.8102866E7
1.8102876E7
1.8102886E7
1.8102896E7
1.8102906E7
1.8102916E7
1.8102926E7
1.8102936E7
1.8102946E7
1.8102956E7
1.8102966E7
1.8102976E7
1.8102986E7
1.8102996E7
1.8103006E7
1.8103016E7
1.8103026E7
1.8103036E7
1.8103046E7
1.820700303195521E7
1.820700303195633E7
1.8207006E7
1.8207016E7
1.8207026E7
1.8207036E7
1.8207046E7
1.8207056E7
1.8207066E7
1.8207076E7
1.8207086E7
1.8207096E7
1.8207106E7
1.8207116E7
1.8207126E7
1.8207136E7
1.8207138256222036E7
1.8207138256223157E7
1.8207146E7
1.8207156E7
1.8207166E7
1.8207176E7
1.8207186E7
1.8207196E7
1.8207206E7
1.8207216E7
1.8207226E7
1.8207236E7
1.8207246E7
1.8207256E7
1.8207266E7
1.8207276E7
1.8207286E7
1.8207296E7
1.8207306E7
1.8207316E7
1.8207326E7
1.8207336E7
1.8207346E7
1.8207356E7
1.8207366E7
1.8207376E7
1.8207386E7
1.8207396E7
1.8207406E7
1.8207416E7
1.8207426E7
1.8207436E7
1.8207446E7
1.8207456E7
1.8207466E7
1.8207476E7
1.8207486E7
1.8207496E7
1.8207506E7
1.8207516E7
1.8207526E7
1.8207536E7
1.8207546E7
1.8207556E7
1.8207566E7
1.8207576E7
1.8207586E7
1.8207596E7
1.8207606E7
1.8207616E7
1.8207626E7
1.8207636E7
1.8207646E7
1.8207656E7
1.8207666E7
1.8207676E7
1.8207686E7
1.8207696E7
1.8207706E7
1.8207716E7
1.8207726E7
1.8207736E7
1.8376002674889054E7
1.8376002674890175E7
1.8376006E7
1.8376016E7
1.8376026E7
1.8376036E7
1.8376046E7
1.8376056E7
1.8376066E7
1.8376076E7
1.8376086E7
1.8376096E7
1.8376106E7
1.8376116E7
1.8376126E7
1.8376136E7
1.8376146E7
1.8376156E7
1.8376166E7
1.8376176E7
1.8376186E7
1.8376196E7
1.8376206E7
1.8376216E7
1.8376226E7
1.8376236E7
1.8376246E7
1.8376256E7
1.8376266E7
1.8376276E7
1.8376286E7
1.8376296E7
1.8376306E7
1.8376316E7
1.8376326E7
1.8376336E7
1.8376346E7
1.8376356E7
1.8376366E7
1.8376376E7
1.8376386E7
1.8376396E7
1.8376406E7
1.8376416E7
1.8376426E7
1.8376436E7
1.8376446E7
1.8376456E7
1.8376466E7
1.8376476E7
1.8376486E7
1.8376496E7
1.8376506E7
1.8376516E7
1.8376526E7
1.8376536E7
1.8376546E7
1.8376556E7
1.8376566E7
1.8376576E7
1.8376586E7
1.8376596E7
1.8376606E7
1.8376616E7
1.8376626E7
1.8376636E7
1.8376646E7
1.8376656E7
1.8376666E7
1.8376676E7
1.8376686E7
1.8376696E7
1.8376706E7
1.8376716E7
1.8376726E7
1.8376736E7
1.8376746E7
1.8376756E7
1.853000266885909E7
1.8530002668860212E7
1.8530006E7
1.8530016E7
1.8530026E7
1.8530036E7
1.8530046E7
1.8530056E7
1.8530066E7
1.8530076E7
1.8530086E7
1.8530096E7
1.8530106E7
1.8530116E7
1.8530126E7
1.8530136E7
1.8530146E7
1.8530156E7
1.8530166E7
1.8530176E7
1.8530186E7
1.8530196E7
1.8530206E7
1.8530216E7
1.8530226E7
1.8530236E7
1.8530246E7
1.8530256E7
1.8530266E7
1.8530276E7
1.8530286E7
1.8530296E7
1.8530306E7
1.8530316E7
1.8530326E7
1.8530336E7
1.8530346E7
1.8530356E7
1.8530366E7
1.8530376E7
1.8530386E7
1.8530396E7
1.8530406E7
1.8530416E7
1.8530426E7
1.8530436E7
1.8530446E7
1.8530456E7
1.8530466E7
1.8530476E7
1.8530486E7
1.8530496E7
1.8530506E7
1.8530516E7
1.8530526E7
1.8530536E7
1.8530546E7
1.8530556E7
1.8530566E7
1.8530576E7
1.8530586E7
1.8530596E7
1.8530606E7
1.8530616E7
1.8530626E7
1.8530636E7
1.8530646E7
1.8530656E7
1.8530666E7
1.8530676E7
1.8530686E7
1.8530696E7
1.8530706E7
1.8530716E7
1.8530726E7
1.8530736E7
1.8530746E7
1.8530756E7
1.8530766E7
1.8530776E7
1.8530786E7
1.8530796E7
1.8530806E7
1.8530816E7
1.8530826E7
1.8530836E7
1.8530846E7
1.8530856E7
1.8530866E7
1.8530876E7
1.8530886E7
1.8530896E7
1.8530906E7
1.8530916E7
1.8530926E7
1.8530936E7
1.8530946E7
1.8530956E7
1.8530966E7
1.8530976E7
1.8530986E7
1.8530996E7
1.8531006E7
1.8531016E7
1.8531026E7
1.8531036E7
1.8531046E7
1.8531056E7
1.8531066E7
1.8531076E7
1.8606006E7
1.8606016E7
1.8606026E7
1.8606036E7
1.8606046E7
1.8606056E7
1.8606066E7
1.8606076E7
1.8606086E7
1.8606096E7
1.8606106E7
1.8606116E7
1.8606126E7
1.8606136E7
1.8606146E7
1.8606156E7
1.8606166E7
1.8606176E7
1.8606186E7
1.8606196E7
1.8606206E7
1.8606216E7
1.8606226E7
1.8606236E7
1.8606246E7
1.8606256E7
1.8606266E7
1.8606276E7
1.8606286E7
1.8606296E7
1.8606306E7
1.8606316E7
1.8606326E7
1.8606336E7
1.8606346E7
1.8606356E7
1.8606366E7
1.8606376E7
1.8606386E7
1.8606396E7
1.8606406E7
1.8606416E7
1.8606426E7
1.8606436E7
1.8606446E7
1.8606456E7
1.8606466E7
1.8606476E7
1.8606486E7
1.8606496E7
1.8606506E7
1.8606516E7
1.8606526E7
1.8606536E7
1.8606546E7
1.8606556E7
1.8606566E7
1.8606576E7
1.8606586E7
1.8606596E7
1.8606606E7
1.8606616E7
1.8606626E7
1.8606636E7
1.8606646E7
1.8606656E7
1.8606666E7
1.8606676E7
1.8606686E7
1.8606696E7
1.8606706E7
1.8606716E7
1.8606726E7
1.8606736E7
1.8606746E7
1.8606756E7
1.8606766E7
1.8606776E7
1.8606786E7
1.8606796E7
1.8606806E7
1.8606816E7
1.8606826E7
1.8606836E7
1.8606846E7
1.8606856E7
1.8606866E7
1.8606876E7
1.8606878337693002E7
1.8606878337694123E7
1.8606886E7
1.8606896E7
1.8606906E7
1.8606916E7
1.8606926E7
1.8606936E7
1.8606946E7
1.8606956E7
1.8606966E7
1.8606976E7
1.8606986E7
1.8606996E7
1.8607006E7
1.8607016E7
1.8607026E7
1.8607036E7
1.8607046E7
1.8607056E7
1.8607066E7
1.8607076E7
1.8607086E7
1.8607096E7
1.8607106E7
1.8607116E7
1.8607126E7
1.8607136E7
1.8607137337693002E7
1.8607137337694123E7
1.8607146E7
1.8607156E7
1.8755001676289883E7
1.8755001676291004E7
1.8755006E7
1.8755016E7
1.8755026E7
1.8755036E7
1.8755046E7
1.8755056E7
1.8755066E7
1.8755076E7
1.8755086E7
1.8755096E7
1.8755106E7
1.8755116E7
1.8755126E7
1.8755136E7
1.8755146E7
1.8755156E7
1.8755166E7
1.8755176E7
1.8755186E7
1.8755196E7
1.8755206E7
1.8755216E7
1.8755226E7
1.8755236E7
1.8755246E7
1.8755256E7
1.8755266E7
1.8755276E7
1.8755286E7
1.8755296E7
1.8755306E7
1.8755316E7
1.8755326E7
1.8755336E7
1.8755346E7
1.8755356E7
1.8755366E7
1.8755376E7
1.8755386E7
1.8755396E7
1.8755406E7
1.8755416E7
1.8755426E7
1.8755436E7
1.8755446E7
1.8755456E7
1.8755466E7
1.8755476E7
1.8755486E7
1.8755496E7
1.8755506E7
1.8755516E7
1.8755526E7
1.8755536E7
1.8755546E7
1.8755556E7
1.8755566E7
1.8755576E7
1.8755586E7
1.8755596E7
1.8755606E7
1.8755616E7
1.8755626E7
1.8755636E7
1.8755646E7
1.8755653578389373E7
1.8755653578390494E7
1.8755656E7
1.8755666E7
1.8755676E7
1.8755686E7
1.8755696E7
1.8755706E7
1.8755716E7
1.8755726E7
1.8755736E7
1.8755746E7
1.8755756E7
1.8755766E7
1.8755776E7
1.8755786E7
1.8755796E7
1.8755806E7
1.8755816E7
1.8755826E7
1.8755836E7
1.8755846E7
1.8755856E7
1.8755866E7
1.8755876E7
1.8755886E7
1.8755896E7
1.8755906E7
1.8755912578389373E7
1.8755912578390494E7
1.8755916E7
1.8755926E7
1.8755936E7
1.8755946E7
1.8755956E7
1.8755966E7
1.8755976E7
1.8755986E7
1.8755996E7
1.8756006E7
1.8756016E7
1.8756026E7
1.8756036E7
1.889900430972335E7
1.8899006E7
1.889901430972335E7
1.8899016E7
1.889902430972335E7
1.8899026E7
1.889903430972335E7
1.8899036E7
1.8899046E7
1.8899056E7
1.8899066E7
1.8899076E7
1.8899086E7
1.8899096E7
1.8899106E7
1.8899116E7
1.8899126E7
1.8899136E7
1.8899146E7
1.8899156E7
1.8899166E7
1.8899176E7
1.8899186E7
1.8899196E7
1.8899206E7
1.8899216E7
1.8899226E7
1.8899236E7
1.8899246E7
1.8899256E7
1.8899266E7
1.8899276E7
1.8899286E7
1.8899296E7
1.8899306E7
1.8899316E7
1.8899326E7
1.8899336E7
1.8899346E7
1.8899356E7
1.8899366E7
1.8899376E7
1.8899386E7
1.8899396E7
1.8899406E7
1.8899416E7
1.8899426E7
1.8899436E7
1.8899446E7
1.8899456E7
1.8899466E7
1.8899476E7
1.8899486E7
1.8899496E7
1.8899506E7
1.8899516E7
1.8899526E7
1.8899536E7
1.8899546E7
1.8899556E7
1.8899566E7
1.8899576E7
1.8899586E7
1.8899596E7
1.8899606E7
1.8899616E7
1.8899626E7
1.8899636E7
1.8899646E7
1.8899656E7
1.8899666E7
1.8899676E7
1.8899686E7
1.8899696E7
1.8899706E7
1.8899716E7
1.8899726E7
1.8899736E7
1.8899746E7
1.8899756E7
1.8899766E7
1.8899776E7
1.8899786E7
1.8899796E7
1.8899806E7
1.8994006E7
1.8994009214172814E7
1.8994016E7
1.8994019214172814E7
1.8994026E7
1.8994029214172814E7
1.8994036E7
1.8994039214172814E7
1.8994046E7
1.8994056E7
1.8994066E7
1.8994076E7
1.8994086E7
1.8994096E7
1.8994106E7
1.8994116E7
1.8994126E7
1.8994136E7
1.8994146E7
1.8994156E7
1.8994166E7
1.8994176E7
1.8994186E7
1.8994196E7
1.8994206E7
1.8994216E7
1.8994226E7
1.8994236E7
1.8994246E7
1.8994256E7
1.8994266E7
1.8994276E7
1.8994286E7
1.8994296E7
1.8994306E7
1.8994316E7
1.8994326E7
1.8994336E7
1.8994346E7
1.8994356E7
1.8994366E7
1.8994376E7
1.8994386E7
1.8994396E7
1.8994406E7
1.8994416E7
1.8994426E7
1.8994436E7
1.8994446E7
1.8994456E7
1.8994466E7
1.8994476E7
1.8994486E7
1.8994496E7
1.8994506E7
1.8994516E7
1.8994526E7
1.8994536E7
1.8994546E7
1.8994556E7
1.8994566E7
1.8994576E7
1.8994586E7
1.8994596E7
1.8994606E7
1.8994616E7
1.8994626E7
1.8994636E7
1.8994646E7
1.8994656E7
1.8994666E7
1.8994676E7
1.8994686E7
1.8994696E7
1.8994706E7
1.8994716E7
1.8994726E7
1.8994736E7
1.8994746E7
1.8994756E7
1.8994766E7
1.9447003459798787E7
1.9447006E7
1.9447016E7
1.9447026E7
1.9447036E7
1.9447046E7
1.9447056E7
1.9447066E7
1.9447076E7
1.9447086E7
1.9447096E7
1.9447106E7
1.9447116E7
1.9447126E7
1.9447136E7
1.9447146E7
1.9447156E7
1.9447166E7
1.9447176E7
1.9447186E7
1.9447196E7
1.9447206E7
1.9447216E7
1.9447226E7
1.9447236E7
1.9447246E7
1.9447256E7
1.9447266E7
1.9447276E7
1.9447286E7
1.9447296E7
1.9447306E7
1.9447316E7
1.9447326E7
1.9447336E7
1.9447346E7
1.9447356E7
1.9447366E7
1.9447376E7
1.9447386E7
1.9447396E7
1.9447406E7
1.9447416E7
1.9447426E7
1.9447436E7
1.9447446E7
1.9447456E7
1.9447466E7
1.9447476E7
1.9447486E7
1.9447496E7
1.9447506E7
1.9447516E7
1.9447526E7
1.9447536E7
1.9447546E7
1.9447556E7
1.9447566E7
1.9447576E7
1.9447586E7
1.9447596E7
1.9447606E7
1.9447616E7
1.9447626E7
1.9447636E7
1.9447646E7
1.9447656E7
1.9447666E7
1.9447676E7
1.9447686E7
1.9447696E7
1.9447706E7
1.9447716E7
1.9447726E7
1.9447736E7
1.9447746E7
1.9447756E7
1.9447766E7
1.944777202179342E7
1.9447776E7
1.9447786E7
1.9447796E7
1.9447806E7
1.9447816E7
1.9447826E7
1.9447836E7
1.9447846E7
1.9447856E7
1.9447866E7
1.9447876E7
1.9447886E7
1.9447896E7
1.9447906E7
1.9447916E7
1.9447926E7
1.9447936E7
1.9447946E7
1.9447956E7
1.9447966E7
1.9447976E7
1.9447986E7
1.9447996E7
1.9448006E7
1.9448016E7
1.9448026E7
1.9554006E7
1.9554008276794884E7
1.9554016E7
1.9554018276794884E7
1.9554026E7
1.9554028276794884E7
1.9554036E7
1.9554038276794884E7
1.9554046E7
1.9554056E7
1.9554066E7
1.9554076E7
1.9554086E7
1.9554096E7
1.9554106E7
1.9554116E7
1.9554126E7
1.9554136E7
1.9554146E7
1.9554156E7
1.9554166E7
1.9554176E7
1.9554186E7
1.9554196E7
1.9554206E7
1.9554216E7
1.9554226E7
1.9554236E7
1.9554246E7
1.9554256E7
1.9554266E7
1.9554276E7
1.9554286E7
1.9554296E7
1.9554306E7
1.9554316E7
1.9554326E7
1.9554336E7
1.9554346E7
1.9554356E7
1.9554366E7
1.9554376E7
1.9554386E7
1.9554396E7
1.9554406E7
1.9554416E7
1.9554426E7
1.9554436E7
1.9554446E7
1.9554456E7
1.9554466E7
1.9554476E7
1.9554486E7
1.9554496E7
1.9554506E7
1.9554516E7
1.9554526E7
1.9554536E7
1.9554546E7
1.9554556E7
1.9554566E7
1.9554576E7
1.9554586E7
1.9554596E7
1.9554606E7
1.9554616E7
1.9554626E7
1.9554636E7
1.9554646E7
1.9554656E7
1.9554666E7
1.9554676E7
1.9554686E7
1.9554696E7
1.9554706E7
1.9554716E7
1.9554726E7
1.9554736E7
1.9554746E7
1.9554756E7
1.9554766E7
1.9554776E7
1.9554786E7
1.9554796E7
1.9554806E7
1.9554816E7
1.9554826E7
1.9554836E7
1.9554846E7
1.9554856E7
1.9554866E7
1.9554876E7
1.9554886E7
1.9554896E7
1.9554906E7
1.9554916E7
1.9554926E7
1.9554936E7
1.9554946E7
1.9554956E7
1.9554966E7
1.9554976E7
