0	8036	1962	1	0	0.0
0	8036	1962	1	0	1.4429E7
0	8037	1962	1	2	1.443E7
0	8041	1962	1	4	1.4431E7
0	8046	1961	1	6	1.4432E7
0	8053	1961	1	7	1.4433E7
0	8062	1959	1	9	1.4434E7
0	8070	1958	1	7	1.4435E7
0	8076	1956	1	4	1.4436E7
0	8080	1955	1	2	1.4437E7
0	8080	1955	1	0	1.4438E7
0	8080	1955	1	0	1.4439E7
0	8080	1955	1	0	1.444E7
0	8080	1955	1	0	1.4441E7
0	8080	1955	1	0	1.4442E7
0	8080	1955	1	0	1.4443E7
0	8080	1955	1	0	1.4444E7
0	8080	1955	1	0	1.4445E7
0	8080	1955	1	0	1.4446E7
0	8080	1955	1	0	1.4447E7
0	8080	1955	1	0	1.4448E7
0	8080	1955	1	0	1.4449E7
0	8080	1955	1	0	1.445E7
0	8080	1955	1	0	1.4451E7
0	8080	1955	1	0	1.4452E7
0	8080	1955	1	0	1.4453E7
0	8080	1955	1	0	1.4454E7
0	8080	1955	1	0	1.4455E7
0	8080	1955	1	0	1.4456E7
0	8080	1955	1	0	1.4457E7
0	8081	1955	1	2	1.4458E7
0	8085	1954	1	4	1.4459E7
0	8090	1953	1	6	1.446E7
0	8097	1951	1	8	1.4461E7
0	8106	1948	1	10	1.4462E7
0	8116	1942	2	12	1.4463E7
0	8127	1934	2	14	1.4464E7
0	8139	1925	2	14	1.4465E7
0	8150	1916	2	14	1.4466E7
0	8162	1908	2	14	1.4467E7
0	8174	1899	2	14	1.4468E7
0	8185	1890	2	14	1.4469E7
0	8197	1882	2	14	1.447E7
0	8210	1874	2	14	1.4471E7
0	8222	1867	2	14	1.4472E7
0	8235	1860	2	14	1.4473E7
0	8248	1853	2	14	1.4474E7
0	8260	1845	2	14	1.4475E7
0	8272	1837	2	14	1.4476E7
0	8284	1828	2	14	1.4477E7
0	8296	1820	2	14	1.4478E7
0	8307	1811	2	14	1.4479E7
0	8319	1802	2	14	1.448E7
0	8330	1794	2	12	1.4481E7
0	8339	1788	2	9	1.4482E7
0	8346	1784	2	6	1.4483E7
0	8350	1783	2	3	1.4484E7
0	8354	1782	1	5	1.4485E7
0	8358	1785	1	7	1.4486E7
0	8356	1793	7	9	1.4487E7
0	8353	1803	7	11	1.4488E7
0	8350	1814	7	9	1.4489E7
0	8350	1822	7	6	1.449E7
0	8352	1827	7	4	1.4491E7
0	8354	1829	8	2	1.4492E7
0	8355	1831	8	1	1.4493E7
0	8356	1831	8	0	1.4494E7
0	8356	1831	8	0	1.4495E7
0	8356	1831	8	0	1.4496E7
0	8356	1831	8	0	1.4497E7
0	8356	1831	8	0	1.4498E7
0	8356	1832	8	0	1.4499E7
0	8356	1832	8	0	1.45E7
0	8356	1832	8	0	1.4501E7
0	8356	1832	8	0	1.4502E7
0	8356	1832	8	0	1.4503E7
0	8356	1832	8	0	1.4504E7
0	8356	1832	8	0	1.4505E7
0	8356	1832	8	0	1.4506E7
0	8356	1832	8	0	1.4507E7
0	8356	1832	8	0	1.4508E7
0	8356	1832	8	0	1.4509E7
0	8356	1832	8	0	1.451E7
0	8356	1832	8	0	1.4511E7
0	8356	1832	8	0	1.4512E7
0	8356	1832	8	0	1.4513E7
0	8356	1832	8	0	1.4514E7
0	8356	1832	8	0	1.4515E7
0	8356	1832	8	0	1.4516E7
0	8356	1832	8	0	1.4517E7
0	8356	1832	8	0	1.4518E7
0	8356	1832	8	0	1.4519E7
0	8356	1832	8	0	1.452E7
0	8356	1832	8	0	1.4521E7
0	8356	1832	8	0	1.4522E7
0	8356	1832	8	0	1.4523E7
0	8356	1832	8	0	1.4524E7
0	8356	1832	8	0	1.4525E7
0	8356	1832	8	0	1.4526E7
0	8356	1832	8	0	1.4527E7
0	8356	1832	8	0	1.4528E7
0	8356	1832	8	0	1.4529E7
0	8356	1832	8	0	1.453E7
0	8356	1832	8	0	1.4531E7
0	8356	1832	8	0	1.4532E7
0	8356	1832	8	0	1.4533E7
0	8356	1832	8	0	1.4534E7
0	8356	1832	8	0	1.4535E7
0	8356	1832	8	0	1.4536E7
0	8357	1833	8	2	1.4537E7
0	8359	1836	8	4	1.4538E7
0	8363	1840	8	6	1.4539E7
0	8368	1845	8	8	1.454E7
0	8374	1852	8	10	1.4541E7
0	8375	1863	7	12	1.4542E7
0	8367	1874	6	14	1.4543E7
0	8357	1883	6	14	1.4544E7
0	8346	1893	6	14	1.4545E7
0	8335	1903	6	14	1.4546E7
0	8324	1913	6	14	1.4547E7
0	8313	1922	6	14	1.4548E7
0	8302	1932	6	14	1.4549E7
0	8292	1942	6	14	1.455E7
0	8281	1952	6	14	1.4551E7
0	8271	1963	6	14	1.4552E7
0	8262	1974	6	14	1.4553E7
0	8252	1985	6	14	1.4554E7
0	8244	1997	6	14	1.4555E7
0	8236	2009	6	14	1.4556E7
0	8228	2021	6	14	1.4557E7
0	8220	2034	6	14	1.4558E7
0	8211	2045	6	14	1.4559E7
0	8202	2056	6	13	1.456E7
0	8193	2064	6	10	1.4561E7
0	8187	2071	6	7	1.4562E7
0	8183	2075	6	4	1.4563E7
0	8181	2078	6	2	1.4564E7
0	8180	2078	6	0	1.4565E7
0	8180	2078	6	0	1.4566E7
0	8180	2078	6	0	1.4567E7
0	8180	2078	6	0	1.4568E7
0	8180	2078	6	0	1.4569E7
0	8180	2078	6	0	1.457E7
0	8180	2078	6	0	1.4571E7
0	8180	2078	6	0	1.4572E7
0	8180	2078	6	0	1.4573E7
0	8180	2078	6	0	1.4574E7
0	8180	2078	6	0	1.4575E7
0	8180	2078	6	0	1.4576E7
0	8180	2078	6	0	1.4577E7
0	8180	2078	6	0	1.4578E7
0	8180	2078	6	0	1.4579E7
0	8180	2078	6	0	1.458E7
0	8180	2078	6	0	1.4581E7
0	8180	2078	6	0	1.4582E7
0	8180	2078	6	0	1.4583E7
0	8180	2078	6	0	1.4584E7
0	8179	2079	6	2	1.4585E7
0	8177	2081	6	4	1.4586E7
0	8174	2085	6	6	1.4587E7
0	8169	2090	6	8	1.4588E7
0	8162	2097	6	10	1.4589E7
0	8155	2105	6	12	1.459E7
0	8145	2114	6	13	1.4591E7
0	8133	2122	6	14	1.4592E7
0	8122	2131	6	14	1.4593E7
0	8110	2140	6	14	1.4594E7
0	8098	2147	6	14	1.4595E7
0	8085	2155	6	14	1.4596E7
0	8073	2162	6	14	1.4597E7
0	8060	2170	6	14	1.4598E7
0	8048	2178	6	14	1.4599E7
0	8035	2185	6	14	1.46E7
0	8023	2193	6	14	1.4601E7
0	8010	2200	6	14	1.4602E7
0	7998	2208	6	14	1.4603E7
0	7986	2216	6	14	1.4604E7
0	7974	2225	6	14	1.4605E7
0	7963	2234	6	14	1.4606E7
0	7951	2243	6	14	1.4607E7
0	7940	2252	6	14	1.4608E7
0	7931	2260	6	10	1.4609E7
0	7925	2267	6	7	1.461E7
0	7921	2272	6	5	1.4611E7
0	7918	2275	6	2	1.4612E7
0	7917	2276	6	0	1.4613E7
0	7917	2276	6	0	1.4614E7
0	7917	2276	6	0	1.4615E7
0	7917	2276	6	0	1.4616E7
0	7917	2276	6	0	1.4617E7
0	7917	2276	6	0	1.4618E7
0	7917	2276	6	0	1.4619E7
0	7917	2276	6	0	1.462E7
0	7917	2276	6	0	1.4621E7
0	7917	2276	6	0	1.4622E7
0	7917	2276	6	0	1.4623E7
0	7917	2276	6	0	1.4624E7
0	7917	2276	6	0	1.4625E7
0	7917	2276	6	0	1.4626E7
0	7917	2276	6	0	1.4627E7
0	7917	2276	6	0	1.4628E7
0	7917	2276	6	0	1.4629E7
0	7917	2276	6	0	1.463E7
0	7917	2276	6	0	1.4631E7
0	7917	2276	6	0	1.4632E7
0	7917	2276	6	1	1.4633E7
0	7915	2279	6	3	1.4634E7
0	7912	2282	6	5	1.4635E7
0	7907	2287	6	7	1.4636E7
0	7902	2294	6	9	1.4637E7
0	7896	2303	6	11	1.4638E7
0	7889	2313	6	13	1.4639E7
0	7881	2325	6	14	1.464E7
0	7872	2337	6	14	1.4641E7
0	7864	2349	6	14	1.4642E7
0	7856	2361	6	14	1.4643E7
0	7846	2372	6	14	1.4644E7
0	7834	2380	6	14	1.4645E7
0	7822	2389	6	14	1.4646E7
0	7811	2398	6	14	1.4647E7
0	7801	2408	6	14	1.4648E7
0	7793	2421	6	14	1.4649E7
0	7786	2433	6	14	1.465E7
0	7778	2446	6	14	1.4651E7
0	7771	2458	6	14	1.4652E7
0	7765	2471	6	14	1.4653E7
0	7758	2484	6	14	1.4654E7
0	7755	2498	7	14	1.4655E7
0	7752	2513	7	14	1.4656E7
0	7752	2527	7	14	1.4657E7
0	7751	2542	7	13	1.4658E7
0	7746	2553	6	10	1.4659E7
0	7742	2561	6	7	1.466E7
0	7739	2566	6	4	1.4661E7
0	7737	2569	6	2	1.4662E7
0	7736	2569	6	0	1.4663E7
0	7736	2569	6	0	1.4664E7
0	7736	2569	6	0	1.4665E7
0	7736	2569	6	0	1.4666E7
0	7736	2569	6	0	1.4667E7
0	7736	2569	6	0	1.4668E7
0	7736	2569	6	0	1.4669E7
0	7736	2569	6	0	1.467E7
0	7736	2569	6	0	1.4671E7
0	7736	2569	6	0	1.4672E7
0	7736	2569	6	0	1.4673E7
0	7736	2569	6	0	1.4674E7
0	7736	2569	6	0	1.4675E7
0	7736	2569	6	0	1.4676E7
0	7736	2569	6	0	1.4677E7
0	7736	2569	6	0	1.4678E7
0	7736	2569	6	0	1.4679E7
0	7736	2569	6	0	1.468E7
0	7736	2569	6	0	1.4681E7
0	7736	2569	6	0	1.4682E7
0	7736	2570	6	2	1.4683E7
0	7734	2573	6	4	1.4684E7
0	7731	2577	6	6	1.4685E7
0	7727	2583	6	6	1.4686E7
0	7723	2587	6	4	1.4687E7
0	7721	2590	6	4	1.4688E7
0	7717	2594	6	6	1.4689E7
0	7718	2602	7	8	1.469E7
0	7724	2610	8	10	1.4691E7
0	7733	2617	8	12	1.4692E7
0	7745	2624	8	14	1.4693E7
0	7759	2632	8	16	1.4694E7
0	7773	2639	8	14	1.4695E7
0	7784	2644	8	10	1.4696E7
0	7793	2648	1	7	1.4697E7
0	7799	2650	1	5	1.4698E7
0	7802	2651	1	2	1.4699E7
0	7803	2652	1	0	1.47E7
0	7803	2652	1	0	1.4701E7
0	7803	2652	1	0	1.4702E7
0	7803	2652	1	0	1.4703E7
0	7803	2652	1	0	1.4704E7
0	7803	2652	1	0	1.4705E7
0	7803	2652	1	0	1.4706E7
0	7803	2652	1	0	1.4707E7
0	7803	2652	1	0	1.4708E7
0	7803	2652	1	0	1.4709E7
0	7803	2652	1	0	1.471E7
0	7803	2652	1	0	1.4711E7
0	7803	2652	1	0	1.4712E7
0	7803	2652	1	0	1.4713E7
0	7803	2652	1	0	1.4714E7
0	7803	2652	1	0	1.4715E7
0	7803	2652	1	0	1.4716E7
0	7803	2652	1	0	1.4717E7
0	7803	2652	1	0	1.4718E7
0	7803	2652	1	0	1.4719E7
0	7804	2652	1	1	1.472E7
0	7807	2653	1	3	1.4721E7
0	7811	2655	1	5	1.4722E7
0	7818	2657	1	7	1.4723E7
0	7826	2659	1	9	1.4724E7
0	7837	2662	1	11	1.4725E7
0	7849	2664	1	13	1.4726E7
0	7863	2667	1	15	1.4727E7
0	7880	2669	1	17	1.4728E7
0	7897	2671	1	17	1.4729E7
0	7914	2672	1	17	1.473E7
0	7932	2674	1	17	1.4731E7
0	7949	2677	1	17	1.4732E7
0	7966	2682	1	17	1.4733E7
0	7981	2686	1	13	1.4734E7
0	7993	2688	1	10	1.4735E7
0	8002	2689	1	7	1.4736E7
0	8008	2690	1	4	1.4737E7
0	8012	2689	1	2	1.4738E7
0	8013	2689	1	0	1.4739E7
0	8013	2689	1	0	1.474E7
0	8013	2689	1	0	1.4741E7
0	8013	2689	1	0	1.4742E7
0	8013	2689	1	0	1.4743E7
0	8013	2689	1	0	1.4744E7
0	8013	2689	1	0	1.4745E7
0	8013	2689	1	0	1.4746E7
0	8013	2689	1	0	1.4747E7
0	8013	2689	1	0	1.4748E7
0	8013	2689	1	0	1.4749E7
0	8013	2689	1	0	1.475E7
0	8013	2689	1	0	1.4751E7
0	8013	2689	1	0	1.4752E7
0	8013	2689	1	0	1.4753E7
0	8013	2689	1	0	1.4754E7
0	8013	2689	1	0	1.4755E7
0	8013	2689	1	0	1.4756E7
0	8013	2689	1	0	1.4757E7
0	8013	2689	1	0	1.4758E7
0	8014	2689	1	2	1.4759E7
0	8017	2689	1	3	1.476E7
0	8022	2687	1	5	1.4761E7
0	8028	2685	1	7	1.4762E7
0	8037	2683	1	9	1.4763E7
0	8047	2680	1	11	1.4764E7
0	8058	2680	1	13	1.4765E7
0	8059	2692	7	15	1.4766E7
0	8046	2703	6	17	1.4767E7
0	8032	2712	6	17	1.4768E7
0	8017	2721	6	17	1.4769E7
0	8001	2728	6	17	1.477E7
0	7985	2735	6	17	1.4771E7
0	7969	2743	6	17	1.4772E7
0	7953	2750	6	17	1.4773E7
0	7936	2755	5	17	1.4774E7
0	7920	2761	5	17	1.4775E7
0	7903	2767	5	17	1.4776E7
0	7887	2773	5	17	1.4777E7
0	7871	2781	6	17	1.4778E7
0	7857	2791	6	16	1.4779E7
0	7847	2801	6	12	1.478E7
0	7839	2809	6	9	1.4781E7
0	7834	2814	6	6	1.4782E7
0	7830	2818	6	4	1.4783E7
0	7828	2820	6	1	1.4784E7
0	7828	2820	6	0	1.4785E7
0	7828	2820	6	0	1.4786E7
0	7828	2820	6	0	1.4787E7
0	7828	2820	6	0	1.4788E7
0	7828	2820	6	0	1.4789E7
0	7828	2820	6	0	1.479E7
0	7828	2820	6	0	1.4791E7
0	7828	2820	6	0	1.4792E7
0	7828	2820	6	0	1.4793E7
0	7828	2820	6	0	1.4794E7
0	7828	2820	6	0	1.4795E7
0	7828	2820	6	0	1.4796E7
0	7828	2820	6	0	1.4797E7
0	7828	2820	6	0	1.4798E7
0	7828	2820	6	0	1.4799E7
0	7828	2820	6	0	1.48E7
0	7828	2820	6	0	1.4801E7
0	7828	2820	6	0	1.4802E7
0	7828	2820	6	0	1.4803E7
0	7828	2820	6	0	1.4804E7
0	7827	2821	6	2	1.4805E7
0	7825	2824	6	4	1.4806E7
0	7826	2827	6	6	1.4807E7
0	7821	2832	6	8	1.4808E7
0	7815	2839	6	9	1.4809E7
0	7807	2847	6	11	1.481E7
0	7798	2856	6	13	1.4811E7
0	7788	2867	6	15	1.4812E7
0	7776	2879	6	17	1.4813E7
0	7765	2892	6	17	1.4814E7
0	7760	2909	7	17	1.4815E7
0	7763	2926	7	17	1.4816E7
0	7775	2938	8	17	1.4817E7
0	7789	2946	1	17	1.4818E7
0	7807	2946	1	17	1.4819E7
0	7824	2941	1	17	1.482E7
0	7842	2936	1	17	1.4821E7
0	7858	2930	1	17	1.4822E7
0	7874	2924	1	17	1.4823E7
0	7891	2918	1	17	1.4824E7
0	7907	2911	1	17	1.4825E7
0	7923	2904	2	17	1.4826E7
0	7938	2896	2	17	1.4827E7
0	7953	2886	2	17	1.4828E7
0	7966	2878	2	13	1.4829E7
0	7976	2871	2	10	1.483E7
0	7983	2866	2	7	1.4831E7
0	7988	2863	2	4	1.4832E7
0	7991	2861	2	2	1.4833E7
0	7991	2860	2	0	1.4834E7
0	7991	2860	2	0	1.4835E7
0	7991	2860	2	0	1.4836E7
0	7991	2860	2	0	1.4837E7
0	7991	2860	2	0	1.4838E7
0	7991	2860	2	0	1.4839E7
0	7991	2860	2	0	1.484E7
0	7991	2860	2	0	1.4841E7
0	7991	2860	2	0	1.4842E7
0	7991	2860	2	0	1.4843E7
0	7991	2860	2	0	1.4844E7
0	7991	2860	2	0	1.4845E7
0	7991	2860	2	0	1.4846E7
0	7991	2860	2	0	1.4847E7
0	7991	2860	2	0	1.4848E7
0	7991	2860	2	0	1.4849E7
0	7991	2860	2	0	1.485E7
0	7991	2860	2	0	1.4851E7
0	7991	2860	2	0	1.4852E7
0	7991	2860	2	0	1.4853E7
0	7992	2860	2	2	1.4854E7
0	7995	2858	2	3	1.4855E7
0	7999	2855	2	6	1.4856E7
0	8005	2851	2	7	1.4857E7
0	8012	2845	2	9	1.4858E7
0	8020	2839	2	11	1.4859E7
0	8031	2831	2	13	1.486E7
0	8043	2823	2	15	1.4861E7
0	8056	2813	2	17	1.4862E7
0	8070	2803	2	17	1.4863E7
0	8085	2793	2	17	1.4864E7
0	8100	2784	2	17	1.4865E7
0	8115	2776	2	17	1.4866E7
0	8131	2767	2	17	1.4867E7
0	8146	2759	2	17	1.4868E7
0	8161	2750	2	17	1.4869E7
0	8176	2741	2	17	1.487E7
0	8192	2733	2	17	1.4871E7
0	8207	2725	2	17	1.4872E7
0	8223	2717	1	17	1.4873E7
0	8240	2715	1	17	1.4874E7
0	8257	2717	1	17	1.4875E7
0	8269	2725	8	14	1.4876E7
0	8275	2739	7	14	1.4877E7
0	8283	2751	8	14	1.4878E7
0	8290	2763	8	13	1.4879E7
0	8296	2773	8	9	1.488E7
0	8300	2780	8	6	1.4881E7
0	8303	2785	8	4	1.4882E7
0	8304	2787	8	1	1.4883E7
0	8304	2788	8	0	1.4884E7
0	8304	2788	8	0	1.4885E7
0	8304	2788	8	0	1.4886E7
0	8304	2788	8	0	1.4887E7
0	8304	2788	8	0	1.4888E7
0	8304	2788	8	0	1.4889E7
0	8304	2788	8	0	1.489E7
0	8304	2788	8	0	1.4891E7
0	8304	2788	8	0	1.4892E7
0	8304	2788	8	0	1.4893E7
0	8304	2788	8	0	1.4894E7
0	8304	2788	8	0	1.4895E7
0	8304	2788	8	0	1.4896E7
0	8304	2788	8	0	1.4897E7
0	8304	2788	8	0	1.4898E7
0	8304	2788	8	0	1.4899E7
0	8304	2788	8	0	1.49E7
0	8304	2788	8	0	1.4901E7
0	8304	2788	8	0	1.4902E7
0	8304	2788	8	0	1.4903E7
0	8305	2789	8	2	1.4904E7
0	8306	2792	8	4	1.4905E7
0	8309	2797	8	6	1.4906E7
0	8312	2804	8	8	1.4907E7
0	8317	2812	8	10	1.4908E7
0	8325	2821	8	12	1.4909E7
0	8330	2833	8	14	1.491E7
0	8337	2846	8	14	1.4911E7
0	8341	2860	7	14	1.4912E7
0	8345	2874	7	14	1.4913E7
0	8350	2888	7	14	1.4914E7
0	8354	2902	7	14	1.4915E7
0	8358	2916	7	14	1.4916E7
0	8363	2930	7	14	1.4917E7
0	8367	2944	7	14	1.4918E7
0	8371	2958	7	14	1.4919E7
0	8376	2972	7	14	1.492E7
0	8380	2985	7	14	1.4921E7
0	8384	2999	7	14	1.4922E7
0	8390	3013	7	14	1.4923E7
0	8395	3026	7	14	1.4924E7
0	8401	3039	8	13	1.4925E7
0	8407	3049	8	9	1.4926E7
0	8411	3056	8	6	1.4927E7
0	8413	3061	8	4	1.4928E7
0	8416	3064	8	4	1.4929E7
0	8422	3065	8	7	1.493E7
0	8431	3065	1	9	1.4931E7
0	8440	3059	2	11	1.4932E7
0	8450	3053	2	13	1.4933E7
0	8463	3046	2	14	1.4934E7
0	8475	3038	2	14	1.4935E7
0	8486	3031	2	10	1.4936E7
0	8494	3026	2	7	1.4937E7
0	8499	3023	2	5	1.4938E7
0	8502	3021	2	2	1.4939E7
0	8503	3020	2	0	1.494E7
0	8503	3020	2	0	1.4941E7
0	8503	3020	2	0	1.4942E7
0	8503	3020	2	0	1.4943E7
0	8503	3020	2	0	1.4944E7
0	8503	3020	2	0	1.4945E7
0	8503	3020	2	0	1.4946E7
0	8503	3020	2	0	1.4947E7
0	8503	3020	2	0	1.4948E7
0	8503	3020	2	0	1.4949E7
0	8503	3020	2	0	1.495E7
0	8503	3020	2	0	1.4951E7
0	8503	3020	2	0	1.4952E7
0	8503	3020	2	0	1.4953E7
0	8503	3020	2	0	1.4954E7
0	8503	3020	2	0	1.4955E7
0	8503	3020	2	0	1.4956E7
0	8503	3020	2	0	1.4957E7
0	8503	3020	2	0	1.4958E7
0	8503	3020	2	0	1.4959E7
0	8504	3020	2	1	1.496E7
0	8506	3018	2	3	1.4961E7
0	8510	3015	2	5	1.4962E7
0	8515	3012	2	7	1.4963E7
0	8522	3007	2	9	1.4964E7
0	8531	3002	2	11	1.4965E7
0	8542	2995	2	13	1.4966E7
0	8554	2988	2	14	1.4967E7
0	8566	2980	2	14	1.4968E7
0	8579	2973	2	14	1.4969E7
0	8591	2965	2	14	1.497E7
0	8604	2958	2	14	1.4971E7
0	8616	2950	2	14	1.4972E7
0	8629	2943	2	14	1.4973E7
0	8642	2936	2	14	1.4974E7
0	8654	2929	2	14	1.4975E7
0	8667	2921	2	14	1.4976E7
0	8680	2914	2	14	1.4977E7
0	8692	2907	2	14	1.4978E7
0	8705	2899	2	14	1.4979E7
0	8717	2892	2	14	1.498E7
0	8729	2884	2	14	1.4981E7
0	8742	2876	2	14	1.4982E7
0	8754	2869	2	14	1.4983E7
0	8767	2861	2	14	1.4984E7
0	8779	2854	2	14	1.4985E7
0	8792	2846	2	14	1.4986E7
0	8804	2839	2	14	1.4987E7
0	8817	2831	2	14	1.4988E7
0	8829	2824	2	14	1.4989E7
0	8842	2816	2	14	1.499E7
0	8854	2808	2	14	1.4991E7
0	8866	2801	2	14	1.4992E7
0	8879	2793	2	14	1.4993E7
0	8892	2786	2	14	1.4994E7
0	8904	2778	2	14	1.4995E7
0	8915	2772	2	11	1.4996E7
0	8923	2768	2	8	1.4997E7
0	8929	2764	2	5	1.4998E7
0	8933	2762	2	3	1.4999E7
0	8934	2762	2	0	1.5E7
0	8934	2762	2	0	1.5001E7
0	8934	2762	2	0	1.5002E7
0	8934	2762	2	0	1.5003E7
0	8934	2762	2	0	1.5004E7
0	8934	2762	2	0	1.5005E7
0	8934	2762	2	0	1.5006E7
0	8934	2762	2	0	1.5007E7
0	8934	2762	2	0	1.5008E7
0	8934	2762	2	0	1.5009E7
0	8934	2762	2	0	1.501E7
0	8934	2762	2	0	1.5011E7
0	8934	2762	2	0	1.5012E7
0	8934	2762	2	0	1.5013E7
0	8934	2762	2	0	1.5014E7
0	8934	2762	2	0	1.5015E7
0	8934	2762	2	0	1.5016E7
0	8934	2762	2	0	1.5017E7
0	8934	2762	2	0	1.5018E7
0	8934	2762	2	0	1.5019E7
0	8934	2761	2	1	1.502E7
0	8937	2760	2	3	1.5021E7
0	8941	2757	2	5	1.5022E7
0	8946	2754	2	7	1.5023E7
0	8954	2750	2	9	1.5024E7
0	8962	2745	2	11	1.5025E7
0	8973	2738	2	13	1.5026E7
0	8986	2731	2	14	1.5027E7
0	8998	2724	2	14	1.5028E7
0	9011	2717	2	14	1.5029E7
0	9023	2709	2	14	1.503E7
0	9036	2702	2	14	1.5031E7
0	9049	2695	2	14	1.5032E7
0	9061	2687	2	14	1.5033E7
0	9073	2679	2	14	1.5034E7
0	9086	2672	2	14	1.5035E7
0	9099	2665	2	14	1.5036E7
0	9111	2658	2	14	1.5037E7
0	9124	2650	2	14	1.5038E7
0	9137	2643	2	14	1.5039E7
0	9149	2636	2	14	1.504E7
0	9162	2629	2	14	1.5041E7
0	9175	2622	2	14	1.5042E7
0	9187	2614	2	14	1.5043E7
0	9200	2607	2	14	1.5044E7
0	9213	2600	2	14	1.5045E7
0	9225	2593	2	14	1.5046E7
0	9238	2586	2	12	1.5047E7
0	9247	2581	2	9	1.5048E7
0	9254	2577	2	6	1.5049E7
0	9258	2574	2	4	1.505E7
0	9261	2573	2	1	1.5051E7
0	9261	2573	2	0	1.5052E7
0	9261	2573	2	0	1.5053E7
0	9261	2573	2	0	1.5054E7
0	9261	2573	2	0	1.5055E7
0	9261	2573	2	0	1.5056E7
0	9261	2573	2	0	1.5057E7
0	9261	2573	2	0	1.5058E7
0	9261	2573	2	0	1.5059E7
0	9261	2573	2	0	1.506E7
0	9261	2573	2	0	1.5061E7
0	9261	2573	2	0	1.5062E7
0	9261	2573	2	0	1.5063E7
0	9261	2573	2	0	1.5064E7
0	9261	2573	2	0	1.5065E7
0	9261	2573	2	0	1.5066E7
0	9261	2573	2	0	1.5067E7
0	9261	2573	2	0	1.5068E7
0	9261	2573	2	0	1.5069E7
0	9261	2573	2	0	1.507E7
0	9261	2573	2	0	1.5071E7
0	9262	2572	2	2	1.5072E7
0	9266	2570	2	4	1.5073E7
0	9271	2567	2	6	1.5074E7
0	9278	2563	2	8	1.5075E7
0	9286	2557	2	10	1.5076E7
0	9293	2553	2	7	1.5077E7
0	9298	2550	2	4	1.5078E7
0	9301	2548	2	2	1.5079E7
0	9302	2547	2	1	1.508E7
0	9303	2547	2	0	1.5081E7
0	9303	2547	2	0	1.5082E7
0	9303	2547	2	0	1.5083E7
0	9303	2547	2	0	1.5084E7
0	9303	2547	2	0	1.5085E7
0	9303	2547	2	0	1.5086E7
0	9304	2546	2	2	1.5087E7
0	9308	2546	1	4	1.5088E7
0	9311	2551	1	6	1.5089E7
0	9315	2557	8	8	1.509E7
0	9320	2565	8	10	1.5091E7
0	9325	2575	8	12	1.5092E7
0	9332	2587	8	14	1.5093E7
0	9340	2599	8	14	1.5094E7
0	9347	2612	8	14	1.5095E7
0	9354	2624	8	14	1.5096E7
0	9362	2637	8	14	1.5097E7
0	9369	2649	8	14	1.5098E7
0	9377	2662	8	14	1.5099E7
0	9384	2674	8	14	1.51E7
0	9392	2687	8	14	1.5101E7
0	9399	2700	8	14	1.5102E7
0	9406	2712	8	13	1.5103E7
0	9412	2721	8	9	1.5104E7
0	9416	2728	8	6	1.5105E7
0	9419	2733	8	4	1.5106E7
0	9421	2735	8	1	1.5107E7
0	9421	2735	8	0	1.5108E7
0	9421	2735	8	0	1.5109E7
0	9421	2735	8	0	1.511E7
0	9421	2735	8	0	1.5111E7
0	9421	2735	8	0	1.5112E7
0	9421	2735	8	0	1.5113E7
0	9421	2735	8	0	1.5114E7
0	9421	2735	8	0	1.5115E7
0	9421	2735	8	0	1.5116E7
0	9421	2735	8	0	1.5117E7
0	9421	2735	8	0	1.5118E7
0	9421	2735	8	0	1.5119E7
0	9421	2735	8	0	1.512E7
0	9421	2735	8	0	1.5121E7
0	9421	2735	8	0	1.5122E7
0	9421	2735	8	0	1.5123E7
0	9421	2735	8	0	1.5124E7
0	9421	2735	8	0	1.5125E7
0	9421	2735	8	0	1.5126E7
0	9421	2735	8	0	1.5127E7
0	9422	2737	8	2	1.5128E7
0	9427	2738	8	4	1.5129E7
0	9430	2742	8	6	1.513E7
0	9434	2748	8	7	1.5131E7
0	9439	2756	8	10	1.5132E7
0	9445	2765	8	11	1.5133E7
0	9452	2775	8	13	1.5134E7
0	9460	2787	8	14	1.5135E7
0	9468	2799	8	14	1.5136E7
0	9475	2810	8	11	1.5137E7
0	9481	2818	8	8	1.5138E7
0	9484	2824	8	5	1.5139E7
0	9487	2827	8	3	1.514E7
0	9491	2829	8	6	1.5141E7
0	9497	2826	1	8	1.5142E7
0	9504	2820	2	10	1.5143E7
0	9513	2813	2	11	1.5144E7
0	9523	2804	2	13	1.5145E7
0	9534	2795	2	14	1.5146E7
0	9545	2786	2	14	1.5147E7
0	9556	2776	2	14	1.5148E7
0	9567	2767	2	14	1.5149E7
0	9578	2757	2	14	1.515E7
0	9589	2748	2	14	1.5151E7
0	9600	2738	2	14	1.5152E7
0	9611	2729	2	14	1.5153E7
0	9622	2719	2	14	1.5154E7
0	9633	2709	2	14	1.5155E7
0	9644	2700	2	14	1.5156E7
0	9654	2690	2	14	1.5157E7
0	9665	2680	2	14	1.5158E7
0	9676	2670	2	14	1.5159E7
0	9686	2660	2	14	1.516E7
0	9695	2648	2	14	1.5161E7
0	9704	2637	2	14	1.5162E7
0	9713	2625	2	13	1.5163E7
0	9719	2616	2	10	1.5164E7
0	9724	2609	2	7	1.5165E7
0	9728	2604	2	4	1.5166E7
0	9729	2602	2	2	1.5167E7
0	9730	2601	2	0	1.5168E7
0	9730	2601	2	0	1.5169E7
0	9730	2601	2	0	1.517E7
0	9730	2601	2	0	1.5171E7
0	9730	2601	2	0	1.5172E7
0	9730	2601	2	0	1.5173E7
0	9730	2601	2	0	1.5174E7
0	9730	2601	2	0	1.5175E7
0	9730	2601	2	0	1.5176E7
0	9730	2601	2	0	1.5177E7
0	9730	2601	2	0	1.5178E7
0	9730	2601	2	0	1.5179E7
0	9730	2601	2	0	1.518E7
0	9730	2601	2	0	1.5181E7
0	9730	2601	2	0	1.5182E7
0	9730	2601	2	0	1.5183E7
0	9730	2601	2	0	1.5184E7
0	9730	2601	2	0	1.5185E7
0	9730	2601	2	0	1.5186E7
0	9730	2601	2	0	1.5187E7
0	9730	2600	2	2	1.5188E7
0	9732	2597	2	4	1.5189E7
0	9735	2593	2	6	1.519E7
0	9739	2587	2	7	1.5191E7
0	9743	2579	2	9	1.5192E7
0	9748	2570	2	11	1.5193E7
0	9754	2558	2	13	1.5194E7
0	9761	2546	2	14	1.5195E7
0	9768	2533	2	14	1.5196E7
0	9776	2521	2	14	1.5197E7
0	9783	2508	2	14	1.5198E7
0	9791	2496	2	14	1.5199E7
0	9800	2484	2	14	1.52E7
0	9809	2473	2	14	1.5201E7
0	9819	2462	2	14	1.5202E7
0	9829	2452	2	14	1.5203E7
0	9840	2443	2	12	1.5204E7
0	9848	2436	2	9	1.5205E7
0	9855	2431	2	6	1.5206E7
0	9859	2428	2	4	1.5207E7
0	9862	2425	2	4	1.5208E7
0	9867	2421	2	6	1.5209E7
0	9873	2416	2	8	1.521E7
0	9882	2412	2	10	1.5211E7
0	9891	2405	2	12	1.5212E7
0	9901	2395	2	14	1.5213E7
0	9908	2382	2	14	1.5214E7
0	9915	2369	2	14	1.5215E7
0	9925	2364	1	14	1.5216E7
0	9939	2362	1	14	1.5217E7
0	9951	2353	2	14	1.5218E7
0	9962	2344	2	14	1.5219E7
0	9973	2334	2	14	1.522E7
0	9984	2325	2	14	1.5221E7
0	9995	2316	2	14	1.5222E7
0	10006	2306	2	14	1.5223E7
0	10018	2297	2	14	1.5224E7
0	10029	2288	2	13	1.5225E7
0	10037	2281	2	9	1.5226E7
0	10043	2276	2	6	1.5227E7
0	10047	2272	2	4	1.5228E7
0	10049	2270	2	1	1.5229E7
0	10050	2270	2	0	1.523E7
0	10050	2270	2	0	1.5231E7
0	10050	2270	2	0	1.5232E7
0	10050	2270	2	0	1.5233E7
0	10050	2270	2	0	1.5234E7
0	10050	2270	2	0	1.5235E7
0	10050	2270	2	0	1.5236E7
0	10050	2270	2	0	1.5237E7
0	10050	2270	2	0	1.5238E7
0	10050	2270	2	0	1.5239E7
0	10050	2270	2	0	1.524E7
0	10050	2270	2	0	1.5241E7
0	10050	2270	2	0	1.5242E7
0	10050	2270	2	0	1.5243E7
0	10050	2270	2	0	1.5244E7
0	10050	2270	2	0	1.5245E7
0	10050	2270	2	0	1.5246E7
0	10050	2270	2	0	1.5247E7
0	10050	2270	2	0	1.5248E7
0	10050	2270	2	0	1.5249E7
0	10051	2269	2	2	1.525E7
0	10053	2267	2	4	1.5251E7
0	10057	2263	2	6	1.5252E7
0	10063	2258	2	7	1.5253E7
0	10069	2252	2	9	1.5254E7
0	10077	2245	2	11	1.5255E7
0	10087	2236	2	13	1.5256E7
0	10097	2226	2	14	1.5257E7
0	10108	2217	2	14	1.5258E7
0	10118	2208	2	11	1.5259E7
0	10125	2201	2	8	1.526E7
0	10130	2196	2	5	1.5261E7
0	10133	2194	2	3	1.5262E7
0	10137	2190	2	5	1.5263E7
0	10139	2184	2	7	1.5264E7
0	10133	2177	4	9	1.5265E7
0	10126	2169	4	11	1.5266E7
0	10118	2160	4	13	1.5267E7
0	10108	2149	4	14	1.5268E7
0	10099	2138	4	14	1.5269E7
0	10089	2127	4	14	1.527E7
0	10081	2118	4	10	1.5271E7
0	10076	2111	4	7	1.5272E7
0	10072	2106	4	4	1.5273E7
0	10069	2104	4	2	1.5274E7
0	10069	2103	4	0	1.5275E7
0	10069	2103	4	0	1.5276E7
0	10069	2103	4	0	1.5277E7
0	10069	2103	4	0	1.5278E7
0	10069	2103	4	0	1.5279E7
0	10069	2103	4	0	1.528E7
0	10069	2103	4	0	1.5281E7
0	10069	2103	4	0	1.5282E7
0	10069	2103	4	0	1.5283E7
0	10069	2103	4	0	1.5284E7
0	10069	2103	4	0	1.5285E7
0	10069	2103	4	0	1.5286E7
0	10069	2103	4	0	1.5287E7
0	10069	2103	4	0	1.5288E7
0	10069	2103	4	0	1.5289E7
0	10069	2103	4	0	1.529E7
0	10069	2103	4	0	1.5291E7
0	10069	2103	4	0	1.5292E7
0	10069	2103	4	0	1.5293E7
0	10069	2103	4	0	1.5294E7
0	10068	2102	4	1	1.5295E7
0	10066	2100	4	4	1.5296E7
0	10063	2096	4	5	1.5297E7
0	10058	2091	4	7	1.5298E7
0	10052	2084	4	9	1.5299E7
0	10045	2076	4	11	1.53E7
0	10039	2068	4	9	1.5301E7
0	10035	2062	4	6	1.5302E7
0	10032	2058	4	3	1.5303E7
0	10030	2056	4	1	1.5304E7
0	10030	2055	4	0	1.5305E7
0	10029	2055	4	0	1.5306E7
0	10029	2054	4	0	1.5307E7
0	10029	2054	4	0	1.5308E7
0	10029	2054	4	0	1.5309E7
0	10029	2054	4	0	1.531E7
0	10029	2054	4	0	1.5311E7
0	10029	2054	4	0	1.5312E7
0	10029	2054	4	0	1.5313E7
0	10029	2054	4	0	1.5314E7
0	10029	2054	4	0	1.5315E7
0	10029	2054	4	0	1.5316E7
0	10029	2054	4	0	1.5317E7
0	10029	2054	4	0	1.5318E7
0	10029	2054	4	0	1.5319E7
0	10029	2054	4	0	1.532E7
0	10029	2054	4	0	1.5321E7
0	10029	2054	4	0	1.5322E7
0	10029	2054	4	0	1.5323E7
0	10029	2054	4	0	1.5324E7
0	10029	2054	4	0	1.5325E7
0	10029	2054	4	0	1.5326E7
0	10028	2053	4	2	1.5327E7
0	10028	2050	4	4	1.5328E7
0	10032	2046	3	6	1.5329E7
0	10037	2041	2	8	1.533E7
0	10044	2035	2	9	1.5331E7
0	10052	2027	2	12	1.5332E7
0	10061	2018	2	13	1.5333E7
0	10072	2008	2	14	1.5334E7
0	10083	1998	2	14	1.5335E7
0	10093	1989	2	14	1.5336E7
0	10104	1979	2	14	1.5337E7
0	10115	1969	2	14	1.5338E7
0	10125	1959	2	14	1.5339E7
0	10136	1949	2	14	1.534E7
0	10147	1939	2	13	1.5341E7
0	10155	1932	2	9	1.5342E7
0	10162	1926	2	6	1.5343E7
0	10166	1922	2	4	1.5344E7
0	10168	1920	2	2	1.5345E7
0	10168	1920	2	0	1.5346E7
0	10168	1920	2	0	1.5347E7
0	10168	1920	2	0	1.5348E7
0	10168	1920	2	0	1.5349E7
0	10168	1920	2	0	1.535E7
0	10168	1920	2	0	1.5351E7
0	10168	1920	2	0	1.5352E7
0	10168	1920	2	0	1.5353E7
0	10168	1920	2	0	1.5354E7
0	10168	1920	2	0	1.5355E7
0	10168	1920	2	0	1.5356E7
0	10168	1920	2	0	1.5357E7
0	10168	1920	2	0	1.5358E7
0	10168	1920	2	0	1.5359E7
0	10168	1920	2	0	1.536E7
0	10168	1920	2	0	1.5361E7
0	10168	1920	2	0	1.5362E7
0	10168	1920	2	0	1.5363E7
0	10168	1920	2	0	1.5364E7
0	10168	1920	2	0	1.5365E7
0	10169	1919	2	2	1.5366E7
0	10172	1917	2	4	1.5367E7
0	10175	1913	2	5	1.5368E7
0	10181	1909	2	7	1.5369E7
0	10187	1902	2	10	1.537E7
0	10196	1895	2	12	1.5371E7
0	10205	1886	2	14	1.5372E7
0	10216	1876	2	14	1.5373E7
0	10227	1866	2	14	1.5374E7
0	10237	1856	2	14	1.5375E7
0	10248	1846	2	14	1.5376E7
0	10259	1837	2	14	1.5377E7
0	10270	1827	2	14	1.5378E7
0	10280	1817	2	14	1.5379E7
0	10291	1807	2	14	1.538E7
0	10302	1797	2	14	1.5381E7
0	10313	1787	2	14	1.5382E7
0	10323	1778	2	14	1.5383E7
0	10334	1768	2	14	1.5384E7
0	10345	1759	2	14	1.5385E7
0	10356	1749	2	14	1.5386E7
0	10367	1740	2	14	1.5387E7
0	10378	1731	2	14	1.5388E7
0	10391	1725	2	14	1.5389E7
0	10406	1724	1	14	1.539E7
0	10420	1724	1	14	1.5391E7
0	10434	1728	1	14	1.5392E7
0	10448	1732	1	14	1.5393E7
0	10461	1737	1	14	1.5394E7
0	10475	1743	1	14	1.5395E7
0	10488	1748	1	14	1.5396E7
0	10501	1754	8	14	1.5397E7
0	10514	1760	8	14	1.5398E7
0	10528	1766	8	14	1.5399E7
0	10541	1772	8	14	1.54E7
0	10554	1778	8	14	1.5401E7
0	10567	1784	8	14	1.5402E7
0	10580	1790	8	14	1.5403E7
0	10593	1798	8	14	1.5404E7
0	10604	1806	8	14	1.5405E7
0	10615	1816	8	14	1.5406E7
0	10626	1826	8	14	1.5407E7
0	10636	1837	8	14	1.5408E7
0	10645	1848	8	14	1.5409E7
0	10654	1859	8	14	1.541E7
0	10664	1870	8	14	1.5411E7
0	10673	1881	8	14	1.5412E7
0	10682	1892	8	12	1.5413E7
0	10689	1901	8	9	1.5414E7
0	10694	1906	8	6	1.5415E7
0	10698	1910	8	4	1.5416E7
0	10701	1913	8	5	1.5417E7
0	10703	1917	8	7	1.5418E7
0	10697	1923	6	9	1.5419E7
0	10691	1933	6	10	1.542E7
0	10690	1943	7	7	1.5421E7
0	10691	1950	7	4	1.5422E7
0	10692	1954	7	4	1.5423E7
0	10695	1959	7	6	1.5424E7
0	10699	1966	8	8	1.5425E7
0	10706	1973	8	10	1.5426E7
0	10717	1979	8	12	1.5427E7
0	10730	1983	1	14	1.5428E7
0	10746	1981	1	14	1.5429E7
0	10756	1988	8	14	1.543E7
0	10765	2000	8	14	1.5431E7
0	10774	2011	8	14	1.5432E7
0	10783	2023	8	14	1.5433E7
0	10792	2034	8	14	1.5434E7
0	10797	2047	7	14	1.5435E7
0	10800	2061	7	14	1.5436E7
0	10801	2075	7	14	1.5437E7
0	10800	2090	7	14	1.5438E7
0	10799	2104	7	14	1.5439E7
0	10787	2110	5	14	1.544E7
0	10774	2115	6	14	1.5441E7
0	10762	2123	6	14	1.5442E7
0	10751	2132	6	14	1.5443E7
0	10739	2142	6	14	1.5444E7
0	10729	2151	6	14	1.5445E7
0	10718	2161	6	14	1.5446E7
0	10707	2171	6	14	1.5447E7
0	10696	2181	6	14	1.5448E7
0	10685	2190	6	14	1.5449E7
0	10674	2200	6	14	1.545E7
0	10663	2210	6	14	1.5451E7
0	10652	2219	6	14	1.5452E7
0	10641	2229	6	14	1.5453E7
0	10630	2238	6	14	1.5454E7
0	10620	2248	6	14	1.5455E7
0	10609	2258	6	12	1.5456E7
0	10601	2265	6	9	1.5457E7
0	10595	2270	6	6	1.5458E7
0	10591	2273	6	3	1.5459E7
0	10589	2275	6	1	1.546E7
0	10589	2275	6	0	1.5461E7
0	10589	2275	6	0	1.5462E7
0	10589	2275	6	0	1.5463E7
0	10589	2275	6	0	1.5464E7
0	10589	2275	6	0	1.5465E7
0	10589	2275	6	0	1.5466E7
0	10589	2275	6	0	1.5467E7
0	10589	2275	6	0	1.5468E7
0	10589	2275	6	0	1.5469E7
0	10589	2275	6	0	1.547E7
0	10589	2275	6	0	1.5471E7
0	10589	2275	6	0	1.5472E7
0	10589	2275	6	0	1.5473E7
0	10589	2275	6	0	1.5474E7
0	10589	2275	6	0	1.5475E7
0	10589	2275	6	0	1.5476E7
0	10589	2275	6	0	1.5477E7
0	10589	2275	6	0	1.5478E7
0	10589	2275	6	0	1.5479E7
0	10589	2275	6	0	1.548E7
0	10588	2276	6	2	1.5481E7
0	10585	2279	6	4	1.5482E7
0	10580	2282	6	6	1.5483E7
0	10574	2288	6	8	1.5484E7
0	10567	2294	6	10	1.5485E7
0	10558	2302	6	12	1.5486E7
0	10548	2311	6	14	1.5487E7
0	10537	2321	6	14	1.5488E7
0	10526	2331	6	14	1.5489E7
0	10515	2340	6	14	1.549E7
0	10504	2350	6	14	1.5491E7
0	10493	2359	6	14	1.5492E7
0	10482	2369	6	14	1.5493E7
0	10471	2379	6	14	1.5494E7
0	10460	2388	6	14	1.5495E7
0	10449	2398	6	14	1.5496E7
0	10438	2408	6	14	1.5497E7
0	10427	2417	6	14	1.5498E7
0	10416	2427	6	14	1.5499E7
0	10406	2436	6	14	1.55E7
0	10395	2446	6	14	1.5501E7
0	10384	2456	6	14	1.5502E7
0	10373	2465	6	14	1.5503E7
0	10362	2474	6	12	1.5504E7
0	10354	2481	6	9	1.5505E7
0	10349	2486	6	6	1.5506E7
0	10345	2489	6	3	1.5507E7
0	10344	2491	6	0	1.5508E7
0	10344	2491	6	0	1.5509E7
0	10344	2491	6	0	1.551E7
0	10344	2491	6	0	1.5511E7
0	10344	2491	6	0	1.5512E7
0	10344	2491	6	0	1.5513E7
0	10344	2491	6	0	1.5514E7
0	10344	2491	6	0	1.5515E7
0	10344	2491	6	0	1.5516E7
0	10344	2491	6	0	1.5517E7
0	10344	2491	6	0	1.5518E7
0	10344	2491	6	0	1.5519E7
0	10344	2491	6	0	1.552E7
0	10344	2491	6	0	1.5521E7
0	10344	2491	6	0	1.5522E7
0	10344	2491	6	0	1.5523E7
0	10344	2491	6	0	1.5524E7
0	10344	2491	6	0	1.5525E7
0	10344	2491	6	0	1.5526E7
0	10344	2491	6	0	1.5527E7
0	10343	2491	6	0	1.5528E7
0	10342	2492	6	2	1.5529E7
0	10339	2495	6	4	1.553E7
0	10335	2499	6	6	1.5531E7
0	10330	2504	6	8	1.5532E7
0	10323	2510	6	10	1.5533E7
0	10314	2517	6	11	1.5534E7
0	10305	2525	6	13	1.5535E7
0	10294	2535	6	14	1.5536E7
0	10283	2545	6	14	1.5537E7
0	10272	2554	6	14	1.5538E7
0	10261	2564	6	14	1.5539E7
0	10251	2573	6	12	1.554E7
0	10243	2580	6	8	1.5541E7
0	10237	2585	6	6	1.5542E7
0	10234	2588	6	3	1.5543E7
0	10230	2591	6	5	1.5544E7
0	10222	2595	6	7	1.5545E7
0	10215	2590	5	9	1.5546E7
0	10207	2583	4	11	1.5547E7
0	10197	2576	4	13	1.5548E7
0	10186	2567	4	14	1.5549E7
0	10174	2558	4	14	1.555E7
0	10163	2549	4	14	1.5551E7
0	10153	2541	4	11	1.5552E7
0	10145	2535	4	7	1.5553E7
0	10140	2531	4	5	1.5554E7
0	10137	2529	4	3	1.5555E7
0	10132	2528	4	6	1.5556E7
0	10126	2531	5	8	1.5557E7
0	10117	2536	6	9	1.5558E7
0	10110	2544	6	12	1.5559E7
0	10102	2554	6	14	1.556E7
0	10093	2566	6	14	1.5561E7
0	10085	2578	6	14	1.5562E7
0	10078	2590	6	13	1.5563E7
0	10071	2600	6	10	1.5564E7
0	10066	2607	6	7	1.5565E7
0	10062	2611	6	4	1.5566E7
0	10060	2614	6	2	1.5567E7
0	10059	2615	6	0	1.5568E7
0	10059	2615	6	0	1.5569E7
0	10059	2615	6	0	1.557E7
0	10059	2615	6	0	1.5571E7
0	10059	2615	6	0	1.5572E7
0	10059	2615	6	0	1.5573E7
0	10059	2615	6	0	1.5574E7
0	10059	2615	6	0	1.5575E7
0	10059	2615	6	0	1.5576E7
0	10059	2615	6	0	1.5577E7
0	10059	2615	6	0	1.5578E7
0	10059	2615	6	0	1.5579E7
0	10059	2615	6	0	1.558E7
0	10059	2615	6	0	1.5581E7
0	10059	2615	6	0	1.5582E7
0	10059	2615	6	0	1.5583E7
0	10059	2615	6	0	1.5584E7
0	10059	2615	6	0	1.5585E7
0	10059	2615	6	0	1.5586E7
0	10059	2615	6	0	1.5587E7
0	10059	2615	6	2	1.5588E7
0	10057	2618	6	4	1.5589E7
0	10054	2622	6	5	1.559E7
0	10049	2627	6	8	1.5591E7
0	10042	2633	6	9	1.5592E7
0	10036	2638	6	7	1.5593E7
0	10032	2640	6	4	1.5594E7
0	10029	2639	5	4	1.5595E7
0	10023	2636	5	6	1.5596E7
0	10015	2636	5	8	1.5597E7
0	10006	2640	6	10	1.5598E7
0	10001	2651	6	12	1.5599E7
0	10007	2665	8	14	1.56E7
0	10019	2671	8	15	1.5601E7
0	10020	2687	7	17	1.5602E7
0	10021	2705	7	17	1.5603E7
0	10017	2721	7	17	1.5604E7
0	10013	2739	7	17	1.5605E7
0	10009	2756	7	17	1.5606E7
0	10005	2773	7	17	1.5607E7
0	10001	2790	7	17	1.5608E7
0	9997	2807	7	17	1.5609E7
0	9989	2822	6	17	1.561E7
0	9981	2835	6	13	1.5611E7
0	9975	2845	6	10	1.5612E7
0	9971	2853	6	7	1.5613E7
0	9968	2857	6	4	1.5614E7
0	9966	2860	6	2	1.5615E7
0	9965	2861	6	0	1.5616E7
0	9965	2861	6	0	1.5617E7
0	9965	2861	6	0	1.5618E7
0	9965	2861	6	0	1.5619E7
0	9965	2861	6	0	1.562E7
0	9965	2861	6	0	1.5621E7
0	9965	2861	6	0	1.5622E7
0	9965	2861	6	0	1.5623E7
0	9965	2861	6	0	1.5624E7
0	9965	2861	6	0	1.5625E7
0	9965	2861	6	0	1.5626E7
0	9965	2861	6	0	1.5627E7
0	9965	2861	6	0	1.5628E7
0	9965	2861	6	0	1.5629E7
0	9965	2861	6	0	1.563E7
0	9965	2861	6	0	1.5631E7
0	9965	2861	6	0	1.5632E7
0	9965	2861	6	0	1.5633E7
0	9965	2861	6	0	1.5634E7
0	9965	2861	6	0	1.5635E7
0	9965	2862	6	2	1.5636E7
0	9963	2864	6	4	1.5637E7
0	9960	2868	6	5	1.5638E7
0	9956	2874	6	7	1.5639E7
0	9951	2881	6	9	1.564E7
0	9945	2890	6	11	1.5641E7
0	9938	2901	6	13	1.5642E7
0	9930	2913	6	15	1.5643E7
0	9921	2927	6	17	1.5644E7
0	9914	2943	7	17	1.5645E7
0	9908	2960	7	17	1.5646E7
0	9904	2977	7	17	1.5647E7
0	9903	2994	7	17	1.5648E7
0	9901	3011	7	17	1.5649E7
0	9898	3029	7	17	1.565E7
0	9893	3044	7	15	1.5651E7
0	9886	3055	6	12	1.5652E7
0	9880	3064	6	8	1.5653E7
0	9876	3070	6	6	1.5654E7
0	9874	3074	6	3	1.5655E7
0	9872	3076	6	0	1.5656E7
0	9872	3076	6	0	1.5657E7
0	9872	3076	6	0	1.5658E7
0	9872	3076	6	0	1.5659E7
0	9872	3076	6	0	1.566E7
0	9872	3076	6	0	1.5661E7
0	9872	3076	6	0	1.5662E7
0	9872	3076	6	0	1.5663E7
0	9872	3076	6	0	1.5664E7
0	9872	3076	6	0	1.5665E7
0	9872	3076	6	0	1.5666E7
0	9872	3076	6	0	1.5667E7
0	9872	3076	6	0	1.5668E7
0	9872	3076	6	0	1.5669E7
0	9872	3076	6	0	1.567E7
0	9872	3076	6	0	1.5671E7
0	9872	3076	6	0	1.5672E7
0	9872	3076	6	0	1.5673E7
0	9872	3076	6	0	1.5674E7
0	9872	3076	6	0	1.5675E7
0	9872	3076	6	0	1.5676E7
0	9871	3078	6	2	1.5677E7
0	9869	3081	6	4	1.5678E7
0	9865	3086	6	6	1.5679E7
0	9860	3092	6	8	1.568E7
0	9854	3100	6	10	1.5681E7
0	9847	3109	6	12	1.5682E7
0	9843	3121	6	14	1.5683E7
0	9834	3133	6	16	1.5684E7
0	9823	3146	6	17	1.5685E7
0	9812	3159	6	17	1.5686E7
0	9802	3173	6	17	1.5687E7
0	9792	3188	6	17	1.5688E7
0	9786	3204	7	17	1.5689E7
0	9780	3220	7	17	1.569E7
0	9775	3237	7	17	1.5691E7
0	9772	3254	7	17	1.5692E7
0	9771	3271	7	17	1.5693E7
0	9772	3289	7	17	1.5694E7
0	9775	3306	7	17	1.5695E7
0	9778	3323	7	17	1.5696E7
0	9781	3340	7	17	1.5697E7
0	9781	3356	7	14	1.5698E7
0	9781	3369	7	11	1.5699E7
0	9782	3378	7	7	1.57E7
0	9783	3384	7	5	1.5701E7
0	9785	3387	7	2	1.5702E7
0	9786	3389	7	1	1.5703E7
0	9787	3390	7	0	1.5704E7
0	9787	3390	7	0	1.5705E7
0	9787	3390	7	0	1.5706E7
0	9787	3390	7	0	1.5707E7
0	9787	3390	7	0	1.5708E7
0	9787	3390	7	0	1.5709E7
0	9787	3390	7	0	1.571E7
0	9787	3390	7	0	1.5711E7
0	9787	3390	7	0	1.5712E7
0	9787	3390	7	0	1.5713E7
0	9787	3390	7	0	1.5714E7
0	9787	3390	7	0	1.5715E7
0	9787	3390	7	0	1.5716E7
0	9787	3390	7	0	1.5717E7
0	9787	3390	7	0	1.5718E7
0	9787	3390	7	0	1.5719E7
0	9787	3390	7	0	1.572E7
0	9787	3390	7	0	1.5721E7
0	9787	3390	7	0	1.5722E7
0	9787	3390	7	0	1.5723E7
0	9787	3390	7	0	1.5724E7
0	9787	3390	7	0	1.5725E7
0	9787	3390	7	0	1.5726E7
0	9788	3392	8	2	1.5727E7
0	9791	3395	8	4	1.5728E7
0	9795	3399	8	6	1.5729E7
0	9802	3400	1	8	1.573E7
0	9809	3393	2	10	1.5731E7
0	9815	3383	2	12	1.5732E7
0	9823	3371	2	14	1.5733E7
0	9832	3361	2	14	1.5734E7
0	9844	3353	2	14	1.5735E7
0	9857	3346	2	14	1.5736E7
0	9871	3340	1	14	1.5737E7
0	9885	3336	1	14	1.5738E7
0	9898	3331	1	14	1.5739E7
0	9912	3327	1	14	1.574E7
0	9929	3326	1	14	1.5741E7
0	9943	3322	1	14	1.5742E7
0	9957	3318	1	14	1.5743E7
0	9971	3314	1	14	1.5744E7
0	9985	3310	1	14	1.5745E7
0	9998	3306	1	14	1.5746E7
0	10012	3301	1	14	1.5747E7
0	10026	3297	1	14	1.5748E7
0	10040	3293	1	14	1.5749E7
0	10053	3287	2	14	1.575E7
0	10065	3280	2	12	1.5751E7
0	10073	3274	2	9	1.5752E7
0	10078	3269	2	6	1.5753E7
0	10081	3265	2	3	1.5754E7
0	10083	3263	2	0	1.5755E7
0	10083	3263	2	0	1.5756E7
0	10083	3263	2	0	1.5757E7
0	10083	3263	2	0	1.5758E7
0	10083	3263	2	0	1.5759E7
0	10083	3263	2	0	1.576E7
0	10083	3263	2	0	1.5761E7
0	10083	3263	2	0	1.5762E7
0	10083	3263	2	0	1.5763E7
0	10083	3263	2	0	1.5764E7
0	10083	3263	2	0	1.5765E7
0	10083	3263	2	0	1.5766E7
0	10083	3263	2	0	1.5767E7
0	10083	3263	2	0	1.5768E7
0	10083	3263	2	0	1.5769E7
0	10083	3263	2	0	1.577E7
0	10083	3263	2	0	1.5771E7
0	10083	3263	2	0	1.5772E7
0	10083	3263	2	0	1.5773E7
0	10083	3263	2	0	1.5774E7
0	10083	3263	2	0	1.5775E7
0	10084	3262	2	2	1.5776E7
0	10087	3259	2	4	1.5777E7
0	10091	3255	2	6	1.5778E7
0	10096	3249	2	8	1.5779E7
0	10102	3242	2	10	1.578E7
0	10109	3233	2	12	1.5781E7
0	10119	3224	2	14	1.5782E7
0	10129	3213	2	14	1.5783E7
0	10139	3203	2	14	1.5784E7
0	10149	3193	2	14	1.5785E7
0	10161	3185	2	14	1.5786E7
0	10174	3178	2	14	1.5787E7
0	10186	3170	2	14	1.5788E7
0	10199	3165	1	14	1.5789E7
0	10213	3161	1	14	1.579E7
0	10227	3158	1	14	1.5791E7
0	10242	3156	1	14	1.5792E7
0	10256	3156	1	14	1.5793E7
0	10271	3155	1	14	1.5794E7
0	10283	3156	1	11	1.5795E7
0	10293	3157	1	8	1.5796E7
0	10299	3157	1	5	1.5797E7
0	10303	3158	1	2	1.5798E7
0	10305	3158	1	1	1.5799E7
0	10306	3158	1	0	1.58E7
0	10306	3158	1	0	1.5801E7
0	10307	3158	1	0	1.5802E7
0	10307	3158	1	0	1.5803E7
0	10307	3158	1	0	1.5804E7
0	10307	3158	1	0	1.5805E7
0	10307	3158	1	0	1.5806E7
0	10307	3158	1	0	1.5807E7
0	10307	3158	1	0	1.5808E7
0	10307	3158	1	0	1.5809E7
0	10307	3158	1	0	1.581E7
0	10307	3158	1	0	1.5811E7
0	10307	3158	1	0	1.5812E7
0	10307	3158	1	0	1.5813E7
0	10307	3158	1	0	1.5814E7
0	10307	3158	1	0	1.5815E7
0	10307	3158	1	0	1.5816E7
0	10307	3158	1	0	1.5817E7
0	10307	3158	1	0	1.5818E7
0	10307	3158	1	0	1.5819E7
0	10307	3158	1	0	1.582E7
0	10307	3158	1	0	1.5821E7
0	10307	3158	1	0	1.5822E7
0	10307	3158	1	0	1.5823E7
0	10307	3158	1	0	1.5824E7
0	10307	3158	1	0	1.5825E7
0	10307	3158	1	0	1.5826E7
0	10307	3158	1	0	1.5827E7
0	10307	3158	1	0	1.5828E7
0	10307	3158	1	0	1.5829E7
0	10307	3158	1	0	1.583E7
0	10307	3158	1	0	1.5831E7
0	10307	3158	1	0	1.5832E7
0	10307	3158	1	0	1.5833E7
0	10307	3158	1	0	1.5834E7
0	10307	3158	1	0	1.5835E7
0	10307	3158	1	0	1.5836E7
0	10307	3158	1	0	1.5837E7
0	10307	3158	1	0	1.5838E7
0	10307	3158	1	0	1.5839E7
0	10307	3158	1	0	1.584E7
0	10307	3158	1	0	1.5841E7
0	10308	3158	1	2	1.5842E7
0	10311	3158	1	4	1.5843E7
0	10317	3160	1	6	1.5844E7
0	10324	3162	1	8	1.5845E7
0	10333	3164	1	10	1.5846E7
0	10343	3168	1	11	1.5847E7
0	10355	3172	1	11	1.5848E7
0	10363	3176	8	7	1.5849E7
0	10369	3179	8	5	1.585E7
0	10373	3181	8	3	1.5851E7
0	10374	3182	8	0	1.5852E7
0	10374	3182	8	0	1.5853E7
0	10374	3182	8	0	1.5854E7
0	10374	3182	8	0	1.5855E7
0	10374	3182	8	0	1.5856E7
0	10374	3182	8	0	1.5857E7
0	10374	3182	8	0	1.5858E7
0	10374	3182	8	0	1.5859E7
0	10374	3182	8	0	1.586E7
0	10374	3182	8	0	1.5861E7
0	10374	3182	8	0	1.5862E7
0	10374	3182	8	0	1.5863E7
0	10374	3182	8	0	1.5864E7
0	10374	3182	8	0	1.5865E7
0	10374	3182	8	0	1.5866E7
0	10374	3182	8	0	1.5867E7
0	10374	3182	8	0	1.5868E7
0	10374	3182	8	0	1.5869E7
0	10374	3182	8	0	1.587E7
0	10374	3182	8	0	1.5871E7
0	10374	3182	8	1	1.5872E7
0	10377	3183	8	3	1.5873E7
0	10381	3185	8	5	1.5874E7
0	10387	3188	8	7	1.5875E7
0	10395	3192	8	9	1.5876E7
0	10405	3197	8	11	1.5877E7
0	10416	3203	8	13	1.5878E7
0	10429	3210	8	14	1.5879E7
0	10442	3216	8	14	1.588E7
0	10455	3223	8	14	1.5881E7
0	10468	3229	8	14	1.5882E7
0	10482	3234	8	14	1.5883E7
0	10496	3240	1	14	1.5884E7
0	10510	3244	1	14	1.5885E7
0	10524	3249	1	14	1.5886E7
0	10538	3253	1	14	1.5887E7
0	10552	3257	1	14	1.5888E7
0	10566	3262	1	14	1.5889E7
0	10580	3266	1	14	1.589E7
0	10594	3270	1	14	1.5891E7
0	10608	3275	1	14	1.5892E7
0	10622	3278	1	14	1.5893E7
0	10636	3281	1	14	1.5894E7
0	10651	3282	1	14	1.5895E7
0	10665	3282	1	14	1.5896E7
0	10680	3280	1	14	1.5897E7
0	10694	3278	1	14	1.5898E7
0	10708	3273	1	12	1.5899E7
0	10718	3270	1	9	1.59E7
0	10726	3266	2	6	1.5901E7
0	10730	3264	2	4	1.5902E7
0	10733	3262	2	1	1.5903E7
0	10733	3262	2	0	1.5904E7
0	10733	3262	2	0	1.5905E7
0	10733	3262	2	0	1.5906E7
0	10733	3262	2	0	1.5907E7
0	10733	3262	2	0	1.5908E7
0	10733	3262	2	0	1.5909E7
0	10733	3262	2	0	1.591E7
0	10733	3262	2	0	1.5911E7
0	10733	3262	2	0	1.5912E7
0	10733	3262	2	0	1.5913E7
0	10733	3262	2	0	1.5914E7
0	10733	3262	2	0	1.5915E7
0	10733	3262	2	0	1.5916E7
0	10733	3262	2	0	1.5917E7
0	10733	3262	2	0	1.5918E7
0	10733	3262	2	0	1.5919E7
0	10733	3262	2	0	1.592E7
0	10733	3262	2	0	1.5921E7
0	10733	3262	2	0	1.5922E7
0	10733	3262	2	0	1.5923E7
0	10734	3261	2	2	1.5924E7
0	10737	3259	2	4	1.5925E7
0	10742	3256	2	6	1.5926E7
0	10748	3253	2	8	1.5927E7
0	10755	3247	2	10	1.5928E7
0	10764	3240	2	12	1.5929E7
0	10774	3232	2	13	1.593E7
0	10783	3233	8	14	1.5931E7
0	10794	3243	8	14	1.5932E7
0	10806	3250	8	14	1.5933E7
0	10819	3257	8	14	1.5934E7
0	10832	3265	8	14	1.5935E7
0	10844	3273	8	14	1.5936E7
0	10856	3281	8	14	1.5937E7
0	10869	3289	8	14	1.5938E7
0	10881	3297	8	14	1.5939E7
0	10893	3305	8	14	1.594E7
0	10906	3311	8	14	1.5941E7
0	10919	3318	8	14	1.5942E7
0	10933	3322	1	14	1.5943E7
0	10948	3325	1	14	1.5944E7
0	10962	3327	1	14	1.5945E7
0	10977	3328	1	14	1.5946E7
0	10991	3329	1	14	1.5947E7
0	11006	3328	1	14	1.5948E7
0	11021	3328	1	14	1.5949E7
0	11035	3328	1	14	1.595E7
0	11050	3329	1	14	1.5951E7
0	11064	3330	1	14	1.5952E7
0	11079	3331	1	14	1.5953E7
0	11094	3333	1	14	1.5954E7
0	11108	3336	1	14	1.5955E7
0	11122	3339	1	14	1.5956E7
0	11136	3344	1	14	1.5957E7
0	11150	3349	1	14	1.5958E7
0	11164	3353	1	14	1.5959E7
0	11177	3359	8	14	1.596E7
0	11191	3365	8	14	1.5961E7
0	11204	3371	8	14	1.5962E7
0	11217	3378	8	14	1.5963E7
0	11230	3385	8	14	1.5964E7
0	11243	3391	8	14	1.5965E7
0	11256	3397	8	14	1.5966E7
0	11269	3404	8	13	1.5967E7
0	11280	3409	8	10	1.5968E7
0	11288	3412	8	7	1.5969E7
0	11293	3415	8	4	1.597E7
0	11296	3416	8	2	1.5971E7
0	11296	3416	8	0	1.5972E7
0	11296	3416	8	0	1.5973E7
0	11296	3416	8	0	1.5974E7
0	11296	3416	8	0	1.5975E7
0	11296	3416	8	0	1.5976E7
0	11296	3416	8	0	1.5977E7
0	11296	3416	8	0	1.5978E7
0	11296	3416	8	0	1.5979E7
0	11296	3416	8	0	1.598E7
0	11296	3416	8	0	1.5981E7
0	11296	3416	8	0	1.5982E7
0	11296	3416	8	0	1.5983E7
0	11296	3416	8	0	1.5984E7
0	11296	3416	8	0	1.5985E7
0	11296	3416	8	0	1.5986E7
0	11296	3416	8	0	1.5987E7
0	11296	3416	8	0	1.5988E7
0	11296	3416	8	0	1.5989E7
0	11296	3416	8	0	1.599E7
0	11296	3416	8	0	1.5991E7
0	11297	3417	8	2	1.5992E7
0	11300	3418	8	4	1.5993E7
0	11305	3420	8	6	1.5994E7
0	11312	3423	8	8	1.5995E7
0	11320	3426	8	9	1.5996E7
0	11331	3430	1	11	1.5997E7
0	11343	3435	1	13	1.5998E7
0	11356	3439	1	14	1.5999E7
0	11370	3443	1	14	1.6E7
0	11383	3447	1	14	1.6001E7
0	11397	3451	1	14	1.6002E7
0	11409	3455	1	12	1.6003E7
0	11419	3458	1	9	1.6004E7
0	11426	3462	8	6	1.6005E7
0	11429	3465	8	3	1.6006E7
0	11430	3468	8	2	1.6007E7
0	11430	3469	8	0	1.6008E7
0	11430	3470	8	0	1.6009E7
0	11430	3470	8	0	1.601E7
0	11430	3470	8	0	1.6011E7
0	11430	3470	8	0	1.6012E7
0	11430	3470	8	0	1.6013E7
0	11430	3470	8	0	1.6014E7
0	11430	3470	8	0	1.6015E7
0	11430	3470	8	0	1.6016E7
0	11430	3470	8	0	1.6017E7
0	11430	3470	8	0	1.6018E7
0	11430	3470	8	0	1.6019E7
0	11430	3470	8	0	1.602E7
0	11430	3470	8	0	1.6021E7
0	11430	3470	8	0	1.6022E7
0	11430	3470	8	0	1.6023E7
0	11430	3470	8	0	1.6024E7
0	11430	3470	8	0	1.6025E7
0	11430	3470	8	0	1.6026E7
0	11430	3470	8	0	1.6027E7
0	11430	3470	8	0	1.6028E7
0	11430	3470	8	0	1.6029E7
0	11430	3470	8	0	1.603E7
0	11430	3470	8	0	1.6031E7
0	11430	3470	8	0	1.6032E7
0	11430	3470	8	0	1.6033E7
0	11430	3470	8	0	1.6034E7
0	11430	3470	8	0	1.6035E7
0	11430	3470	8	0	1.6036E7
0	11430	3470	8	0	1.6037E7
0	11430	3470	8	0	1.6038E7
0	11430	3470	8	0	1.6039E7
0	11430	3470	8	0	1.604E7
0	11430	3470	8	0	1.6041E7
0	11430	3470	8	0	1.6042E7
0	11430	3470	8	0	1.6043E7
0	11430	3470	8	0	1.6044E7
0	11430	3470	8	0	1.6045E7
0	11430	3470	8	0	1.6046E7
0	11431	3471	8	2	1.6047E7
0	11430	3475	7	4	1.6048E7
0	11424	3477	6	6	1.6049E7
0	11417	3479	5	8	1.605E7
0	11408	3482	5	10	1.6051E7
0	11397	3486	5	12	1.6052E7
0	11384	3490	5	14	1.6053E7
0	11370	3495	5	14	1.6054E7
0	11357	3500	5	14	1.6055E7
0	11343	3504	5	14	1.6056E7
0	11329	3509	5	14	1.6057E7
0	11315	3514	5	14	1.6058E7
0	11301	3518	5	14	1.6059E7
0	11288	3523	5	14	1.606E7
0	11274	3528	5	14	1.6061E7
0	11260	3532	5	14	1.6062E7
0	11246	3537	5	14	1.6063E7
0	11233	3542	5	12	1.6064E7
0	11223	3544	5	9	1.6065E7
0	11215	3545	5	6	1.6066E7
0	11210	3546	5	3	1.6067E7
0	11207	3547	5	2	1.6068E7
0	11206	3547	5	0	1.6069E7
0	11206	3547	5	0	1.607E7
0	11205	3548	5	0	1.6071E7
0	11205	3548	5	0	1.6072E7
0	11205	3548	5	0	1.6073E7
0	11205	3548	5	0	1.6074E7
0	11205	3548	5	0	1.6075E7
0	11205	3548	5	0	1.6076E7
0	11205	3548	5	0	1.6077E7
0	11205	3548	5	0	1.6078E7
0	11205	3548	5	0	1.6079E7
0	11205	3548	5	0	1.608E7
0	11205	3548	5	0	1.6081E7
0	11204	3548	5	2	1.6082E7
0	11200	3549	5	4	1.6083E7
0	11195	3551	5	6	1.6084E7
0	11188	3553	5	8	1.6085E7
0	11179	3556	5	10	1.6086E7
0	11168	3560	5	12	1.6087E7
0	11156	3564	5	14	1.6088E7
0	11142	3569	5	14	1.6089E7
0	11128	3573	5	14	1.609E7
0	11114	3578	5	14	1.6091E7
0	11100	3582	5	14	1.6092E7
0	11087	3587	5	12	1.6093E7
0	11077	3590	5	9	1.6094E7
0	11069	3593	5	6	1.6095E7
0	11064	3595	5	4	1.6096E7
0	11062	3596	5	1	1.6097E7
0	11061	3596	5	0	1.6098E7
0	11061	3596	5	0	1.6099E7
0	11061	3596	5	0	1.61E7
0	11061	3596	5	0	1.6101E7
0	11061	3596	5	0	1.6102E7
0	11061	3596	5	0	1.6103E7
0	11061	3596	5	0	1.6104E7
0	11061	3596	5	0	1.6105E7
0	11061	3596	5	0	1.6106E7
0	11061	3596	5	0	1.6107E7
0	11061	3596	5	0	1.6108E7
0	11061	3596	5	0	1.6109E7
0	11061	3596	5	0	1.611E7
0	11061	3596	5	0	1.6111E7
0	11061	3596	5	0	1.6112E7
0	11061	3596	5	0	1.6113E7
0	11061	3596	5	0	1.6114E7
0	11061	3596	5	0	1.6115E7
0	11061	3596	5	0	1.6116E7
0	11061	3596	5	0	1.6117E7
0	11060	3596	5	2	1.6118E7
0	11056	3597	5	4	1.6119E7
0	11051	3599	5	6	1.612E7
0	11044	3601	5	8	1.6121E7
0	11034	3604	5	10	1.6122E7
0	11023	3608	5	12	1.6123E7
0	11010	3612	5	14	1.6124E7
0	10997	3617	5	14	1.6125E7
0	10983	3621	5	14	1.6126E7
