1.4561001515169986E7
1.4561001515177589E7
1.4561006E7
1.4561016E7
1.4561026E7
1.4561036E7
1.4561046E7
1.4561056E7
1.4561066E7
1.4561076E7
1.4561086E7
1.4561096E7
1.4561106E7
1.4561116E7
1.4561126E7
1.4561136E7
1.4561146E7
1.4561156E7
1.4561166E7
1.4561176E7
1.4561186E7
1.4561196E7
1.4561206E7
1.4561216E7
1.4561226E7
1.4561236E7
1.4561246E7
1.4561256E7
1.4561266E7
1.4561276E7
1.4561286E7
1.4561296E7
1.4561306E7
1.4561316E7
1.4561326E7
1.4561336E7
1.4561346E7
1.4561356E7
1.4561366E7
1.4561376E7
1.4561386E7
1.4561396E7
1.4561406E7
1.4561416E7
1.4561426E7
1.4561436E7
1.4561446E7
1.4561456E7
1.4561466E7
1.4561476E7
1.4561486E7
1.4561496E7
1.4561506E7
1.4561516E7
1.4561526E7
1.4561536E7
1.4561546E7
1.4561556E7
1.4561566E7
1.4561576E7
1.4561586E7
1.4561596E7
1.4561606E7
1.4561616E7
1.4561626E7
1.4561636E7
1.4561646E7
1.4561656E7
1.4561666E7
1.4561676E7
1.4561686E7
1.4561696E7
1.4561706E7
1.4561716E7
1.4561726E7
1.4561736E7
1.4561746E7
1.4561756E7
1.4561766E7
1.4561776E7
1.4561786E7
1.4561796E7
1.4700005648146875E7
1.4700005648154479E7
1.4700006E7
1.4700015648146875E7
1.4700015648154479E7
1.4700016E7
1.4700025648146875E7
1.4700025648154479E7
1.4700026E7
1.4700035648146875E7
1.4700035648154479E7
1.4700036E7
1.4700045648146875E7
1.4700045648154479E7
1.4700046E7
1.4700055648146875E7
1.4700055648154479E7
1.4700056E7
1.4700066E7
1.4700066245549472E7
1.4700066245557075E7
1.4700076E7
1.4700085249445576E7
1.470008524945318E7
1.4700086E7
1.4700095249445576E7
1.470009524945318E7
1.4700096E7
1.4700105249445576E7
1.470010524945318E7
1.4700106E7
1.4700115249445576E7
1.470011524945318E7
1.4700116E7
1.4700125249445576E7
1.470012524945318E7
1.4700126E7
1.4700135249445576E7
1.470013524945318E7
1.4700136E7
1.4700146E7
1.4700156E7
1.4700166E7
1.4700176E7
1.4700186E7
1.4700196E7
1.4700206E7
1.4700216E7
1.4700226E7
1.4700236E7
1.4700246E7
1.4700256E7
1.4700266E7
1.4700276E7
1.4700286E7
1.4700296E7
1.4700306E7
1.4700316E7
1.4700326E7
1.4700336E7
1.4700346E7
1.4700356E7
1.4700366E7
1.4700376E7
1.4700386E7
1.4700396E7
1.4700406E7
1.4700416E7
1.4700426E7
1.4700436E7
1.4700446E7
1.4700456E7
1.4700466E7
1.4700476E7
1.4700486E7
1.4700496E7
1.4700506E7
1.4700516E7
1.4700526E7
1.4700536E7
1.4700546E7
1.4700556E7
1.4700566E7
1.4700576E7
1.4700586E7
1.4700596E7
1.4700606E7
1.4700616E7
1.4700626E7
1.4700636E7
1.4700646E7
1.4700656E7
1.4700666E7
1.4700676E7
1.4700686E7
1.4700696E7
1.4700706E7
1.4700716E7
1.4700726E7
1.4700736E7
1.4700746E7
1.4700756E7
1.4700766E7
1.4700776E7
1.4700786E7
1.4700796E7
1.4700806E7
1.4700816E7
1.4700826E7
1.4700836E7
1.4700846E7
1.4700856E7
1.4700866E7
1.4700876E7
1.4700886E7
1.4878003352813013E7
1.4878003352820616E7
1.4878006E7
1.4878013352813013E7
1.4878013352820616E7
1.4878016E7
1.4878023352813013E7
1.4878023352820616E7
1.4878026E7
1.4878036E7
1.4878043352813013E7
1.4878043352820616E7
1.4878046E7
1.4878053352813013E7
1.4878053352820616E7
1.4878056E7
1.4878063352813013E7
1.4878063352820616E7
1.4878066E7
1.4878073352813013E7
1.4878073352820616E7
1.4878076E7
1.4878083352813013E7
1.4878083352820616E7
1.4878086E7
1.4878093352813013E7
1.4878093352820616E7
1.4878096E7
1.4878103352813013E7
1.4878103352820616E7
1.4878106E7
1.4878113352813013E7
1.4878113352820616E7
1.4878116E7
1.4878123352813013E7
1.4878123352820616E7
1.4878126E7
1.4878136E7
1.4878146E7
1.4878156E7
1.4878166E7
1.4878176E7
1.4878186E7
1.4878196E7
1.4878206E7
1.4878216E7
1.4878226E7
1.4878236E7
1.4878246E7
1.4878256E7
1.4878266E7
1.4878276E7
1.4878286E7
1.4878296E7
1.4878306E7
1.4878316E7
1.4878326E7
1.4878336E7
1.4878346E7
1.4878356E7
1.4878366E7
1.4878376E7
1.4878386E7
1.4878396E7
1.4878406E7
1.4878416E7
1.4878426E7
1.4878436E7
1.4878446E7
1.4878456E7
1.4878466E7
1.4878476E7
1.4878486E7
1.4878496E7
1.4878506E7
1.4878516E7
1.4878526E7
1.4878536E7
1.4878546E7
1.4878556E7
1.4878566E7
1.4878576E7
1.4878586E7
1.4878596E7
1.4878606E7
1.4878616E7
1.4878626E7
1.4878636E7
1.4878646E7
1.4878656E7
1.4878666E7
1.4878676E7
1.4878686E7
1.4878696E7
1.4878706E7
1.4878716E7
1.4878726E7
1.4878736E7
1.4878746E7
1.4878756E7
1.4878766E7
1.4878776E7
1.4878786E7
1.4878796E7
1.4878806E7
1.4878816E7
1.4878826E7
1.4878836E7
1.4878846E7
1.4878856E7
1.4878866E7
1.4878876E7
1.4878886E7
1.4878896E7
1.4878906E7
1.4878916E7
1.4878926E7
1.4878936E7
1.4878946E7
1.4878956E7
1.4878966E7
1.4878976E7
1.4878986E7
1.4878996E7
1.4879006E7
1.4879016E7
1.4879026E7
1.4879036E7
1.4879046E7
1.5274003721644718E7
1.5274006E7
1.5274013721644718E7
1.5274016E7
1.5274023721644718E7
1.5274026E7
1.5274033721644718E7
1.5274034717748614E7
1.5274034717756873E7
1.5274034717765132E7
1.5274036E7
1.5274044717748614E7
1.5274044717756873E7
1.5274044717765132E7
1.5274046E7
1.5274054717748614E7
1.5274054717756873E7
1.5274054717765132E7
1.5274056E7
1.5274064717748614E7
1.5274064717756873E7
1.5274064717765132E7
1.5274066E7
1.5274076E7
1.5274083721644718E7
1.5274083721652977E7
1.5274083721661236E7
1.527408531515121E7
1.527408531515947E7
1.5274085315167729E7
1.5274085315175988E7
1.5274085315184247E7
1.5274086E7
1.5274096E7
1.5274103721644718E7
1.5274103721652977E7
1.5274103721661236E7
1.5274106E7
1.5274114120346017E7
1.5274116E7
1.5274124120346017E7
1.5274126E7
1.5274136E7
1.5274146E7
1.5274156E7
1.5274166E7
1.5274176E7
1.5274186E7
1.5274196E7
1.5274206E7
1.5274216E7
1.5274226E7
1.5274236E7
1.5274246E7
1.5274256E7
1.5274266E7
1.5274276E7
1.5274286E7
1.5274296E7
1.5274306E7
1.5274316E7
1.5274326E7
1.5274336E7
1.5274346E7
1.5274356E7
1.5274366E7
1.5274376E7
1.5274386E7
1.5274396E7
1.5274406E7
1.5274416E7
1.5274426E7
1.5274436E7
1.5274446E7
1.5274456E7
1.5274466E7
1.5274476E7
1.5274486E7
1.5274496E7
1.5274506E7
1.5274516E7
1.5274526E7
1.5274536E7
1.5274546E7
1.5274556E7
1.5274566E7
1.5274576E7
1.5274586E7
1.5274596E7
1.5274606E7
1.5274616E7
1.5274626E7
1.5274636E7
1.5274646E7
1.5274656E7
1.5274666E7
1.5274676E7
1.5274686E7
1.5274696E7
1.5274706E7
1.5274716E7
1.5274726E7
1.5274736E7
1.5274746E7
1.5274756E7
1.5274766E7
1.5274776E7
1.5274786E7
1.5274796E7
1.5274806E7
1.5274816E7
1.5274826E7
1.5274836E7
1.5274846E7
1.5274856E7
1.5274866E7
1.5274876E7
1.5274886E7
1.5274896E7
1.5274906E7
1.5274916E7
1.5274926E7
1.5274936E7
1.5274946E7
1.5274956E7
1.5274966E7
1.5274976E7
1.5274986E7
1.5274996E7
1.5275006E7
1.5275016E7
1.5275026E7
1.5275036E7
1.5835003520953465E7
1.5835006E7
1.5835016E7
1.5835026E7
1.5835031303823981E7
1.5835036E7
1.5835046E7
1.5835056E7
1.5835066E7
1.5835076E7
1.5835086E7
1.5835096E7
1.5835106E7
1.5835116E7
1.5835126E7
1.5835136E7
1.5835146E7
1.5835156E7
1.5835166E7
1.5835176E7
1.5835186E7
1.5835196E7
1.5835206E7
1.5835216E7
1.5835226E7
1.5835236E7
1.5835246E7
1.5835256E7
1.5835266E7
1.5835276E7
1.5835286E7
1.5835296E7
1.5835306E7
1.5835316E7
1.5835326E7
1.5835336E7
1.5835346E7
1.5835356E7
1.5835366E7
1.5835376E7
1.5835386E7
1.5835396E7
1.5835406E7
1.5835416E7
1.5835426E7
1.5835436E7
1.5835446E7
1.5835456E7
1.5835466E7
1.5835476E7
1.5835486E7
1.5835496E7
1.5835506E7
1.5835516E7
1.5835526E7
1.5835536E7
1.5835546E7
1.5835556E7
1.5835566E7
1.5835576E7
1.5835586E7
1.5835596E7
1.5835606E7
1.5835616E7
1.5835626E7
1.5835636E7
1.5835646E7
1.5835656E7
1.5835666E7
1.5835676E7
1.5835686E7
1.5835696E7
1.5835706E7
1.5835716E7
1.5835726E7
1.5835736E7
1.5835746E7
1.5835756E7
1.5835766E7
1.5835776E7
1.5835786E7
1.5835796E7
1.5835806E7
1.5835816E7
1.5835826E7
1.5835836E7
1.5835846E7
1.5835856E7
1.5835866E7
1.5835876E7
1.5835886E7
1.5835896E7
1.5835906E7
1.5835916E7
1.5835926E7
1.5835936E7
1.5835946E7
1.5835956E7
1.5835966E7
1.5835976E7
1.5835986E7
1.5835996E7
1.5836006E7
1.5836016E7
1.5836026E7
1.5836036E7
1.5836046E7
1.5836056E7
1.5836066E7
1.5836076E7
1.5836086E7
1.5836096E7
1.5836106E7
1.5836116E7
1.5836126E7
1.5836136E7
