0	8296	5040	6	0	0.0
0	8296	5040	6	0	1.4439E7
0	8295	5040	6	2	1.444E7
0	8292	5042	6	4	1.4441E7
0	8287	5045	6	6	1.4442E7
0	8281	5048	6	6	1.4443E7
0	8277	5050	6	3	1.4444E7
0	8275	5052	6	0	1.4445E7
0	8275	5052	6	0	1.4446E7
0	8275	5052	6	0	1.4447E7
0	8275	5052	6	0	1.4448E7
0	8275	5052	6	0	1.4449E7
0	8275	5052	6	0	1.445E7
0	8275	5052	6	0	1.4451E7
0	8275	5052	6	0	1.4452E7
0	8275	5052	6	0	1.4453E7
0	8275	5052	6	0	1.4454E7
0	8275	5052	6	0	1.4455E7
0	8275	5052	6	0	1.4456E7
0	8275	5052	6	0	1.4457E7
0	8275	5052	6	0	1.4458E7
0	8275	5052	6	0	1.4459E7
0	8275	5052	6	0	1.446E7
0	8275	5052	6	0	1.4461E7
0	8275	5052	6	0	1.4462E7
0	8275	5052	6	0	1.4463E7
0	8275	5052	6	0	1.4464E7
0	8275	5052	6	0	1.4465E7
0	8273	5053	6	2	1.4466E7
0	8270	5055	6	4	1.4467E7
0	8265	5058	6	6	1.4468E7
0	8258	5062	6	8	1.4469E7
0	8250	5067	6	10	1.447E7
0	8241	5073	6	12	1.4471E7
0	8232	5082	6	12	1.4472E7
0	8223	5090	6	12	1.4473E7
0	8216	5099	6	12	1.4474E7
0	8208	5109	6	12	1.4475E7
0	8200	5118	6	12	1.4476E7
0	8193	5128	6	12	1.4477E7
0	8186	5137	6	12	1.4478E7
0	8178	5147	6	12	1.4479E7
0	8170	5155	6	12	1.448E7
0	8160	5163	6	12	1.4481E7
0	8151	5170	6	12	1.4482E7
0	8141	5177	6	12	1.4483E7
0	8131	5184	6	12	1.4484E7
0	8121	5190	6	12	1.4485E7
0	8110	5195	6	12	1.4486E7
0	8098	5198	5	12	1.4487E7
0	8086	5201	5	10	1.4488E7
0	8077	5202	5	7	1.4489E7
0	8071	5203	5	5	1.449E7
0	8067	5203	5	4	1.4491E7
0	8062	5204	5	6	1.4492E7
0	8054	5205	5	8	1.4493E7
0	8045	5207	5	10	1.4494E7
0	8034	5208	5	10	1.4495E7
0	8026	5210	5	7	1.4496E7
0	8020	5210	5	4	1.4497E7
0	8016	5211	5	2	1.4498E7
0	8016	5211	5	0	1.4499E7
0	8016	5211	5	0	1.45E7
0	8016	5211	5	0	1.4501E7
0	8016	5211	5	0	1.4502E7
0	8016	5211	5	0	1.4503E7
0	8016	5211	5	0	1.4504E7
0	8016	5211	5	0	1.4505E7
0	8016	5211	5	0	1.4506E7
0	8016	5211	5	0	1.4507E7
0	8016	5211	5	0	1.4508E7
0	8016	5211	5	0	1.4509E7
0	8016	5211	5	0	1.451E7
0	8016	5211	5	0	1.4511E7
0	8016	5211	5	0	1.4512E7
0	8016	5211	5	0	1.4513E7
0	8016	5211	5	0	1.4514E7
0	8016	5211	5	0	1.4515E7
0	8016	5211	5	0	1.4516E7
0	8016	5211	5	0	1.4517E7
0	8016	5211	5	0	1.4518E7
0	8016	5211	5	0	1.4519E7
0	8016	5211	5	0	1.452E7
0	8016	5211	5	0	1.4521E7
0	8016	5211	5	0	1.4522E7
0	8016	5211	5	0	1.4523E7
0	8016	5211	5	0	1.4524E7
0	8016	5211	5	0	1.4525E7
0	8016	5211	5	0	1.4526E7
0	8016	5211	5	0	1.4527E7
0	8016	5211	5	0	1.4528E7
0	8016	5211	5	0	1.4529E7
0	8016	5211	5	0	1.453E7
0	8016	5211	5	0	1.4531E7
0	8016	5211	5	0	1.4532E7
0	8016	5211	5	0	1.4533E7
0	8016	5211	5	0	1.4534E7
0	8016	5211	5	0	1.4535E7
0	8016	5211	5	0	1.4536E7
0	8016	5211	5	0	1.4537E7
0	8016	5211	5	0	1.4538E7
0	8016	5211	5	0	1.4539E7
0	8016	5211	5	0	1.454E7
0	8016	5211	5	0	1.4541E7
0	8016	5211	5	0	1.4542E7
0	8016	5211	5	0	1.4543E7
0	8016	5211	5	0	1.4544E7
0	8014	5211	5	2	1.4545E7
0	8010	5212	5	4	1.4546E7
0	8005	5213	5	6	1.4547E7
0	7997	5214	5	8	1.4548E7
0	7988	5215	5	10	1.4549E7
0	7977	5217	5	12	1.455E7
0	7965	5218	5	12	1.4551E7
0	7953	5220	5	12	1.4552E7
0	7941	5222	5	12	1.4553E7
0	7929	5223	5	12	1.4554E7
0	7917	5225	5	12	1.4555E7
0	7905	5227	5	12	1.4556E7
0	7893	5229	5	12	1.4557E7
0	7881	5231	5	12	1.4558E7
0	7870	5235	5	12	1.4559E7
0	7858	5239	5	12	1.456E7
0	7848	5245	6	12	1.4561E7
0	7837	5251	6	12	1.4562E7
0	7827	5257	6	12	1.4563E7
0	7817	5263	6	12	1.4564E7
0	7807	5269	6	10	1.4565E7
0	7799	5272	6	7	1.4566E7
0	7794	5275	6	4	1.4567E7
0	7791	5277	6	2	1.4568E7
0	7791	5277	6	0	1.4569E7
0	7791	5277	6	0	1.457E7
0	7791	5277	6	0	1.4571E7
0	7791	5277	6	0	1.4572E7
0	7791	5277	6	0	1.4573E7
0	7791	5277	6	0	1.4574E7
0	7791	5277	6	0	1.4575E7
0	7791	5277	6	0	1.4576E7
0	7791	5277	6	0	1.4577E7
0	7791	5277	6	0	1.4578E7
0	7791	5277	6	0	1.4579E7
0	7791	5277	6	0	1.458E7
0	7791	5277	6	0	1.4581E7
0	7791	5277	6	0	1.4582E7
0	7791	5277	6	0	1.4583E7
0	7791	5277	6	0	1.4584E7
0	7791	5277	6	0	1.4585E7
0	7791	5277	6	0	1.4586E7
0	7791	5277	6	0	1.4587E7
0	7791	5277	6	0	1.4588E7
0	7790	5278	6	2	1.4589E7
0	7788	5280	6	4	1.459E7
0	7784	5284	6	6	1.4591E7
0	7781	5290	6	7	1.4592E7
0	7782	5299	7	9	1.4593E7
0	7789	5307	8	11	1.4594E7
0	7796	5317	8	12	1.4595E7
0	7804	5326	8	12	1.4596E7
0	7812	5336	8	12	1.4597E7
0	7819	5345	8	12	1.4598E7
0	7827	5355	8	12	1.4599E7
0	7833	5365	8	12	1.46E7
0	7836	5376	7	12	1.4601E7
0	7834	5388	7	12	1.4602E7
0	7826	5397	6	12	1.4603E7
0	7818	5405	6	9	1.4604E7
0	7812	5411	6	6	1.4605E7
0	7808	5415	6	4	1.4606E7
0	7805	5417	6	4	1.4607E7
0	7800	5420	6	6	1.4608E7
0	7795	5413	4	8	1.4609E7
0	7788	5406	4	11	1.461E7
0	7779	5398	4	12	1.4611E7
0	7770	5390	4	12	1.4612E7
0	7761	5381	4	12	1.4613E7
0	7752	5374	4	12	1.4614E7
0	7742	5368	4	11	1.4615E7
0	7733	5363	4	8	1.4616E7
0	7727	5360	4	5	1.4617E7
0	7723	5359	4	3	1.4618E7
0	7721	5358	4	1	1.4619E7
0	7720	5357	4	0	1.462E7
0	7720	5357	4	0	1.4621E7
0	7720	5357	4	0	1.4622E7
0	7720	5357	4	0	1.4623E7
0	7720	5357	4	0	1.4624E7
0	7720	5357	4	0	1.4625E7
0	7720	5357	4	0	1.4626E7
0	7720	5357	4	0	1.4627E7
0	7720	5357	4	0	1.4628E7
0	7720	5357	4	0	1.4629E7
0	7720	5357	4	0	1.463E7
0	7720	5357	4	0	1.4631E7
0	7720	5357	4	0	1.4632E7
0	7720	5357	4	0	1.4633E7
0	7720	5357	4	0	1.4634E7
0	7720	5357	4	0	1.4635E7
0	7720	5357	4	0	1.4636E7
0	7720	5357	4	0	1.4637E7
0	7720	5357	4	0	1.4638E7
0	7720	5357	4	0	1.4639E7
0	7720	5357	4	0	1.464E7
0	7720	5357	4	0	1.4641E7
0	7720	5357	4	0	1.4642E7
0	7720	5357	4	0	1.4643E7
0	7720	5357	4	0	1.4644E7
0	7720	5357	4	0	1.4645E7
0	7720	5357	4	0	1.4646E7
0	7720	5357	4	0	1.4647E7
0	7720	5357	4	0	1.4648E7
0	7720	5357	4	0	1.4649E7
0	7720	5357	4	0	1.465E7
0	7720	5357	4	0	1.4651E7
0	7720	5357	4	0	1.4652E7
0	7718	5357	4	2	1.4653E7
0	7717	5354	4	4	1.4654E7
0	7716	5348	4	6	1.4655E7
0	7720	5341	3	8	1.4656E7
0	7724	5333	2	10	1.4657E7
0	7730	5323	2	10	1.4658E7
0	7736	5313	2	12	1.4659E7
0	7737	5300	3	13	1.466E7
0	7729	5291	4	12	1.4661E7
0	7720	5283	4	12	1.4662E7
0	7711	5275	4	12	1.4663E7
0	7703	5266	4	12	1.4664E7
0	7694	5258	4	12	1.4665E7
0	7685	5250	4	12	1.4666E7
0	7677	5242	4	9	1.4667E7
0	7671	5236	4	6	1.4668E7
0	7667	5233	4	4	1.4669E7
0	7665	5231	4	2	1.467E7
0	7664	5229	4	1	1.4671E7
0	7663	5229	4	0	1.4672E7
0	7663	5229	4	0	1.4673E7
0	7663	5229	4	0	1.4674E7
0	7663	5229	4	0	1.4675E7
0	7663	5229	4	0	1.4676E7
0	7663	5229	4	0	1.4677E7
0	7663	5229	4	0	1.4678E7
0	7663	5229	4	0	1.4679E7
0	7663	5229	4	0	1.468E7
0	7663	5229	4	0	1.4681E7
0	7663	5229	4	0	1.4682E7
0	7663	5229	4	0	1.4683E7
0	7663	5229	4	0	1.4684E7
0	7663	5229	4	0	1.4685E7
0	7663	5229	4	0	1.4686E7
0	7662	5228	4	2	1.4687E7
0	7659	5225	4	4	1.4688E7
0	7655	5221	4	6	1.4689E7
0	7648	5217	4	8	1.469E7
0	7639	5219	5	10	1.4691E7
0	7627	5218	5	12	1.4692E7
0	7616	5222	5	12	1.4693E7
0	7604	5224	5	12	1.4694E7
0	7592	5226	5	12	1.4695E7
0	7580	5228	5	12	1.4696E7
0	7569	5230	5	12	1.4697E7
0	7557	5232	5	12	1.4698E7
0	7545	5234	5	12	1.4699E7
0	7533	5236	5	12	1.47E7
0	7521	5238	5	12	1.4701E7
0	7510	5240	5	9	1.4702E7
0	7502	5241	5	6	1.4703E7
0	7497	5242	5	4	1.4704E7
0	7494	5242	5	2	1.4705E7
0	7492	5242	5	1	1.4706E7
0	7492	5243	5	0	1.4707E7
0	7491	5243	5	0	1.4708E7
0	7491	5243	5	0	1.4709E7
0	7491	5243	5	0	1.471E7
0	7491	5243	5	0	1.4711E7
0	7491	5243	5	0	1.4712E7
0	7491	5243	5	0	1.4713E7
0	7491	5243	5	0	1.4714E7
0	7491	5243	5	0	1.4715E7
0	7491	5243	5	0	1.4716E7
0	7490	5243	5	2	1.4717E7
0	7487	5241	5	4	1.4718E7
0	7485	5234	4	6	1.4719E7
0	7487	5227	3	8	1.472E7
0	7486	5217	3	10	1.4721E7
0	7488	5205	3	12	1.4722E7
0	7490	5193	3	12	1.4723E7
0	7491	5182	3	12	1.4724E7
0	7492	5170	3	12	1.4725E7
0	7492	5158	3	12	1.4726E7
0	7493	5146	3	12	1.4727E7
0	7494	5134	3	12	1.4728E7
0	7494	5122	3	12	1.4729E7
0	7495	5110	3	12	1.473E7
0	7495	5098	3	12	1.4731E7
0	7496	5086	3	12	1.4732E7
0	7496	5074	3	12	1.4733E7
0	7497	5062	3	12	1.4734E7
0	7497	5050	3	12	1.4735E7
0	7497	5038	3	12	1.4736E7
0	7496	5026	3	12	1.4737E7
0	7494	5014	3	12	1.4738E7
0	7493	5003	3	9	1.4739E7
0	7492	4995	3	6	1.474E7
0	7491	4990	3	4	1.4741E7
0	7491	4987	3	2	1.4742E7
0	7490	4985	3	1	1.4743E7
0	7490	4985	3	0	1.4744E7
0	7490	4984	3	0	1.4745E7
0	7490	4984	3	0	1.4746E7
0	7490	4984	3	0	1.4747E7
0	7490	4984	3	0	1.4748E7
0	7490	4984	3	0	1.4749E7
0	7490	4984	3	0	1.475E7
0	7490	4984	3	0	1.4751E7
0	7490	4984	3	0	1.4752E7
0	7490	4984	3	0	1.4753E7
0	7490	4984	3	0	1.4754E7
0	7490	4984	3	0	1.4755E7
0	7490	4984	3	0	1.4756E7
0	7490	4984	3	0	1.4757E7
0	7490	4984	3	0	1.4758E7
0	7490	4984	3	0	1.4759E7
0	7490	4984	3	0	1.476E7
0	7490	4984	3	0	1.4761E7
0	7490	4984	3	0	1.4762E7
0	7490	4984	3	0	1.4763E7
0	7490	4984	3	0	1.4764E7
0	7490	4984	3	0	1.4765E7
0	7490	4984	3	0	1.4766E7
0	7490	4984	3	0	1.4767E7
0	7490	4984	3	0	1.4768E7
0	7490	4984	3	0	1.4769E7
0	7490	4984	3	0	1.477E7
0	7490	4984	3	0	1.4771E7
0	7490	4983	3	2	1.4772E7
0	7489	4979	3	4	1.4773E7
0	7486	4973	3	6	1.4774E7
0	7480	4968	4	8	1.4775E7
0	7470	4968	5	10	1.4776E7
0	7459	4968	5	12	1.4777E7
0	7447	4968	5	12	1.4778E7
0	7435	4967	5	12	1.4779E7
0	7424	4964	5	12	1.478E7
0	7416	4955	4	12	1.4781E7
0	7408	4947	4	12	1.4782E7
0	7400	4938	4	12	1.4783E7
0	7394	4927	4	12	1.4784E7
0	7390	4916	3	12	1.4785E7
0	7385	4905	3	12	1.4786E7
0	7380	4894	3	12	1.4787E7
0	7376	4883	3	12	1.4788E7
0	7372	4872	3	12	1.4789E7
0	7367	4861	3	12	1.479E7
0	7363	4850	3	12	1.4791E7
0	7359	4838	3	12	1.4792E7
0	7354	4827	3	12	1.4793E7
0	7350	4816	3	12	1.4794E7
0	7346	4805	3	12	1.4795E7
0	7341	4794	3	12	1.4796E7
0	7337	4783	3	12	1.4797E7
0	7332	4772	3	12	1.4798E7
0	7327	4761	4	12	1.4799E7
0	7320	4751	4	11	1.48E7
0	7314	4744	4	8	1.4801E7
0	7309	4739	4	5	1.4802E7
0	7306	4736	4	3	1.4803E7
0	7305	4735	4	0	1.4804E7
0	7305	4735	4	0	1.4805E7
0	7305	4735	4	0	1.4806E7
0	7305	4735	4	0	1.4807E7
0	7305	4735	4	0	1.4808E7
0	7305	4735	4	0	1.4809E7
0	7305	4735	4	0	1.481E7
0	7305	4735	4	0	1.4811E7
0	7305	4735	4	0	1.4812E7
0	7305	4735	4	0	1.4813E7
0	7305	4735	4	0	1.4814E7
0	7305	4735	4	0	1.4815E7
0	7305	4735	4	0	1.4816E7
0	7305	4735	4	0	1.4817E7
0	7305	4735	4	0	1.4818E7
0	7305	4735	4	0	1.4819E7
0	7305	4735	4	0	1.482E7
0	7305	4735	4	0	1.4821E7
0	7305	4735	4	0	1.4822E7
0	7305	4735	4	0	1.4823E7
0	7305	4735	4	1	1.4824E7
0	7303	4733	4	3	1.4825E7
0	7299	4731	4	5	1.4826E7
0	7294	4727	4	7	1.4827E7
0	7287	4722	4	9	1.4828E7
0	7278	4716	4	11	1.4829E7
0	7268	4710	4	12	1.483E7
0	7258	4703	4	12	1.4831E7
0	7247	4698	4	12	1.4832E7
0	7236	4692	4	12	1.4833E7
0	7225	4688	5	12	1.4834E7
0	7212	4685	5	12	1.4835E7
0	7200	4684	5	12	1.4836E7
0	7188	4684	5	12	1.4837E7
0	7176	4684	5	12	1.4838E7
0	7164	4684	5	12	1.4839E7
0	7152	4684	5	12	1.484E7
0	7140	4684	5	12	1.4841E7
0	7127	4684	5	12	1.4842E7
0	7115	4684	5	12	1.4843E7
0	7103	4685	5	12	1.4844E7
0	7091	4685	5	12	1.4845E7
0	7079	4685	5	12	1.4846E7
0	7067	4685	5	12	1.4847E7
0	7055	4685	5	12	1.4848E7
0	7043	4686	5	12	1.4849E7
0	7031	4686	5	12	1.485E7
0	7019	4686	5	11	1.4851E7
0	7009	4686	5	8	1.4852E7
0	7003	4686	5	5	1.4853E7
0	6998	4686	5	3	1.4854E7
0	6996	4686	5	1	1.4855E7
0	6995	4686	5	0	1.4856E7
0	6995	4686	5	0	1.4857E7
0	6995	4686	5	0	1.4858E7
0	6995	4686	5	0	1.4859E7
0	6994	4686	5	0	1.486E7
0	6994	4686	5	0	1.4861E7
0	6994	4686	5	0	1.4862E7
0	6994	4686	5	0	1.4863E7
0	6994	4686	5	0	1.4864E7
0	6994	4686	5	0	1.4865E7
0	6994	4686	5	0	1.4866E7
0	6994	4686	5	0	1.4867E7
0	6994	4686	5	0	1.4868E7
0	6994	4686	5	0	1.4869E7
0	6994	4686	5	0	1.487E7
0	6994	4686	5	0	1.4871E7
0	6994	4686	5	0	1.4872E7
0	6994	4686	5	0	1.4873E7
0	6994	4686	5	0	1.4874E7
0	6994	4686	5	0	1.4875E7
0	6994	4686	5	0	1.4876E7
0	6994	4686	5	0	1.4877E7
0	6994	4686	5	0	1.4878E7
0	6994	4686	5	0	1.4879E7
0	6994	4686	5	0	1.488E7
0	6994	4686	5	0	1.4881E7
0	6994	4686	5	0	1.4882E7
0	6994	4686	5	0	1.4883E7
0	6994	4686	5	0	1.4884E7
0	6994	4686	5	0	1.4885E7
0	6994	4686	5	0	1.4886E7
0	6994	4686	5	0	1.4887E7
0	6994	4686	5	0	1.4888E7
0	6994	4686	5	0	1.4889E7
0	6994	4686	5	0	1.489E7
0	6994	4686	5	0	1.4891E7
0	6994	4686	5	0	1.4892E7
0	6994	4686	5	0	1.4893E7
0	6994	4686	5	0	1.4894E7
0	6994	4686	5	0	1.4895E7
0	6994	4686	5	0	1.4896E7
0	6993	4686	5	2	1.4897E7
0	6989	4686	5	4	1.4898E7
0	6984	4684	5	6	1.4899E7
0	6983	4676	4	8	1.49E7
0	6982	4667	3	10	1.4901E7
0	6980	4656	3	12	1.4902E7
0	6978	4645	3	12	1.4903E7
0	6978	4632	3	12	1.4904E7
0	6977	4620	3	12	1.4905E7
0	6977	4609	3	9	1.4906E7
0	6976	4601	3	6	1.4907E7
0	6976	4596	3	4	1.4908E7
0	6976	4593	3	2	1.4909E7
0	6976	4591	3	1	1.491E7
0	6976	4590	3	0	1.4911E7
0	6976	4590	3	0	1.4912E7
0	6976	4590	3	0	1.4913E7
0	6976	4590	3	0	1.4914E7
0	6976	4590	3	0	1.4915E7
0	6976	4590	3	0	1.4916E7
0	6976	4590	3	0	1.4917E7
0	6976	4590	3	0	1.4918E7
0	6976	4590	3	0	1.4919E7
0	6976	4590	3	0	1.492E7
0	6976	4590	3	0	1.4921E7
0	6976	4590	3	0	1.4922E7
0	6976	4590	3	0	1.4923E7
0	6976	4590	3	0	1.4924E7
0	6976	4590	3	0	1.4925E7
0	6976	4590	3	0	1.4926E7
0	6976	4590	3	0	1.4927E7
0	6976	4590	3	0	1.4928E7
0	6976	4590	3	0	1.4929E7
0	6976	4590	3	0	1.493E7
0	6976	4590	3	0	1.4931E7
0	6976	4590	3	0	1.4932E7
0	6976	4590	3	0	1.4933E7
0	6976	4590	3	0	1.4934E7
0	6976	4590	3	0	1.4935E7
0	6976	4590	3	0	1.4936E7
0	6976	4590	3	0	1.4937E7
0	6976	4590	3	0	1.4938E7
0	6976	4590	3	0	1.4939E7
0	6976	4590	3	0	1.494E7
0	6976	4590	3	0	1.4941E7
0	6976	4588	3	2	1.4942E7
0	6976	4585	3	4	1.4943E7
0	6979	4580	3	6	1.4944E7
0	6986	4579	2	8	1.4945E7
0	6996	4578	1	10	1.4946E7
0	7007	4576	1	12	1.4947E7
0	7018	4572	1	12	1.4948E7
0	7029	4565	2	12	1.4949E7
0	7033	4554	3	11	1.495E7
0	7034	4543	3	10	1.4951E7
0	7033	4534	3	7	1.4952E7
0	7033	4528	3	4	1.4953E7
0	7033	4525	3	2	1.4954E7
0	7033	4524	3	0	1.4955E7
0	7033	4524	3	0	1.4956E7
0	7033	4524	3	0	1.4957E7
0	7033	4524	3	0	1.4958E7
0	7033	4524	3	0	1.4959E7
0	7033	4524	3	0	1.496E7
0	7033	4524	3	0	1.4961E7
0	7033	4524	3	0	1.4962E7
0	7033	4524	3	0	1.4963E7
0	7033	4524	3	0	1.4964E7
0	7033	4524	3	0	1.4965E7
0	7033	4524	3	0	1.4966E7
0	7033	4524	3	0	1.4967E7
0	7033	4524	3	0	1.4968E7
0	7033	4524	3	0	1.4969E7
0	7033	4524	3	0	1.497E7
0	7033	4524	3	0	1.4971E7
0	7033	4524	3	0	1.4972E7
0	7033	4524	3	0	1.4973E7
0	7033	4524	3	0	1.4974E7
0	7033	4523	3	2	1.4975E7
0	7033	4520	3	4	1.4976E7
0	7029	4514	3	6	1.4977E7
0	7029	4506	3	8	1.4978E7
0	7028	4497	3	10	1.4979E7
0	7028	4486	3	12	1.498E7
0	7027	4474	3	12	1.4981E7
0	7026	4462	3	12	1.4982E7
0	7025	4450	3	12	1.4983E7
0	7025	4438	3	12	1.4984E7
0	7024	4426	3	12	1.4985E7
0	7024	4416	3	9	1.4986E7
0	7024	4408	3	6	1.4987E7
0	7023	4403	3	3	1.4988E7
0	7022	4399	3	5	1.4989E7
0	7018	4395	4	7	1.499E7
0	7010	4393	5	9	1.4991E7
0	6999	4392	5	11	1.4992E7
0	6987	4390	5	12	1.4993E7
0	6976	4388	5	9	1.4994E7
0	6969	4387	5	6	1.4995E7
0	6964	4387	5	3	1.4996E7
0	6960	4388	5	5	1.4997E7
0	6956	4393	6	7	1.4998E7
0	6956	4402	7	9	1.4999E7
0	6956	4412	7	11	1.5E7
0	6957	4424	7	12	1.5001E7
0	6958	4436	7	12	1.5002E7
0	6958	4448	7	12	1.5003E7
0	6959	4460	7	12	1.5004E7
0	6960	4472	7	12	1.5005E7
0	6960	4484	7	12	1.5006E7
0	6961	4496	7	12	1.5007E7
0	6962	4508	7	12	1.5008E7
0	6962	4520	7	12	1.5009E7
0	6963	4533	7	12	1.501E7
0	6963	4544	7	10	1.5011E7
0	6964	4553	7	7	1.5012E7
0	6964	4559	7	4	1.5013E7
0	6964	4562	7	2	1.5014E7
0	6965	4564	7	1	1.5015E7
0	6965	4565	7	0	1.5016E7
0	6965	4565	7	0	1.5017E7
0	6965	4566	7	0	1.5018E7
0	6965	4566	7	0	1.5019E7
0	6965	4566	7	0	1.502E7
0	6965	4566	7	0	1.5021E7
0	6965	4566	7	0	1.5022E7
0	6965	4566	7	0	1.5023E7
0	6965	4566	7	0	1.5024E7
0	6965	4566	7	0	1.5025E7
0	6965	4566	7	0	1.5026E7
0	6965	4566	7	0	1.5027E7
0	6965	4566	7	0	1.5028E7
0	6965	4566	7	0	1.5029E7
0	6965	4566	7	0	1.503E7
0	6965	4566	7	0	1.5031E7
0	6965	4567	7	2	1.5032E7
0	6965	4571	7	4	1.5033E7
0	6965	4577	7	6	1.5034E7
0	6966	4584	7	8	1.5035E7
0	6966	4594	7	10	1.5036E7
0	6967	4605	7	12	1.5037E7
0	6967	4617	7	12	1.5038E7
0	6968	4629	7	12	1.5039E7
0	6968	4641	7	12	1.504E7
0	6969	4653	7	12	1.5041E7
0	6971	4665	7	12	1.5042E7
0	6973	4677	7	12	1.5043E7
0	6975	4689	7	12	1.5044E7
0	6978	4700	7	12	1.5045E7
0	6982	4711	7	12	1.5046E7
0	6987	4722	7	12	1.5047E7
0	6992	4733	7	12	1.5048E7
0	6993	4746	7	12	1.5049E7
0	6998	4757	7	12	1.505E7
0	7002	4768	7	12	1.5051E7
0	7007	4779	7	12	1.5052E7
0	7011	4790	7	12	1.5053E7
0	7016	4801	7	12	1.5054E7
0	7020	4813	7	12	1.5055E7
0	7025	4824	7	12	1.5056E7
0	7029	4835	7	12	1.5057E7
0	7034	4846	7	12	1.5058E7
0	7038	4857	7	12	1.5059E7
0	7043	4869	7	12	1.506E7
0	7048	4880	7	12	1.5061E7
0	7052	4891	7	12	1.5062E7
0	7054	4903	7	12	1.5063E7
0	7058	4915	7	12	1.5064E7
0	7063	4926	7	12	1.5065E7
0	7068	4937	8	12	1.5066E7
0	7073	4948	8	12	1.5067E7
0	7079	4959	8	12	1.5068E7
0	7085	4969	8	12	1.5069E7
0	7090	4980	8	12	1.507E7
0	7096	4990	8	12	1.5071E7
0	7102	5001	8	12	1.5072E7
0	7107	5012	8	12	1.5073E7
0	7113	5022	8	12	1.5074E7
0	7118	5033	8	12	1.5075E7
0	7124	5044	8	11	1.5076E7
0	7129	5053	8	8	1.5077E7
0	7132	5059	8	5	1.5078E7
0	7134	5063	8	3	1.5079E7
0	7135	5065	8	1	1.508E7
0	7135	5066	8	0	1.5081E7
0	7136	5066	8	0	1.5082E7
0	7136	5067	8	0	1.5083E7
0	7136	5067	8	0	1.5084E7
0	7136	5067	8	0	1.5085E7
0	7136	5067	8	0	1.5086E7
0	7136	5067	8	0	1.5087E7
0	7136	5067	8	0	1.5088E7
0	7136	5067	8	0	1.5089E7
0	7136	5067	8	0	1.509E7
0	7136	5067	8	0	1.5091E7
0	7136	5067	8	0	1.5092E7
0	7136	5067	8	0	1.5093E7
0	7136	5067	8	0	1.5094E7
0	7136	5067	8	0	1.5095E7
0	7136	5067	8	0	1.5096E7
0	7136	5067	8	0	1.5097E7
0	7137	5069	8	2	1.5098E7
0	7138	5071	8	3	1.5099E7
0	7140	5076	8	5	1.51E7
0	7142	5079	8	3	1.5101E7
0	7143	5081	8	0	1.5102E7
0	7143	5081	8	0	1.5103E7
0	7143	5081	8	0	1.5104E7
0	7143	5081	8	0	1.5105E7
0	7143	5081	8	0	1.5106E7
0	7143	5081	8	0	1.5107E7
0	7143	5081	8	0	1.5108E7
0	7143	5081	8	0	1.5109E7
0	7143	5081	8	0	1.511E7
0	7143	5081	8	0	1.5111E7
0	7143	5081	8	0	1.5112E7
0	7143	5081	8	0	1.5113E7
0	7143	5081	8	0	1.5114E7
0	7143	5081	8	0	1.5115E7
0	7143	5081	8	0	1.5116E7
0	7143	5081	8	0	1.5117E7
0	7143	5081	8	0	1.5118E7
0	7143	5081	8	0	1.5119E7
0	7143	5081	8	0	1.512E7
0	7143	5081	8	0	1.5121E7
0	7143	5081	8	1	1.5122E7
0	7147	5082	8	3	1.5123E7
0	7152	5084	8	5	1.5124E7
0	7155	5090	8	7	1.5125E7
0	7159	5097	8	9	1.5126E7
0	7163	5107	8	11	1.5127E7
0	7169	5117	8	12	1.5128E7
0	7174	5128	8	12	1.5129E7
0	7180	5139	8	12	1.513E7
0	7185	5150	8	12	1.5131E7
0	7191	5160	8	12	1.5132E7
0	7196	5171	8	12	1.5133E7
0	7201	5181	8	9	1.5134E7
0	7205	5189	8	6	1.5135E7
0	7207	5193	8	4	1.5136E7
0	7209	5196	8	2	1.5137E7
0	7211	5197	8	3	1.5138E7
0	7216	5197	8	5	1.5139E7
0	7223	5194	1	8	1.514E7
0	7231	5191	1	10	1.5141E7
0	7242	5187	1	12	1.5142E7
0	7253	5182	2	12	1.5143E7
0	7264	5177	2	12	1.5144E7
0	7274	5173	2	10	1.5145E7
0	7283	5169	2	7	1.5146E7
0	7288	5167	2	4	1.5147E7
0	7292	5166	2	4	1.5148E7
0	7297	5165	1	6	1.5149E7
0	7303	5170	8	8	1.515E7
0	7310	5177	8	10	1.5151E7
0	7318	5185	8	12	1.5152E7
0	7328	5195	8	14	1.5153E7
0	7340	5205	8	16	1.5154E7
0	7355	5214	8	16	1.5155E7
0	7370	5222	8	16	1.5156E7
0	7385	5229	8	16	1.5157E7
0	7401	5237	8	16	1.5158E7
0	7415	5244	8	14	1.5159E7
0	7429	5250	8	13	1.516E7
0	7440	5254	1	10	1.5161E7
0	7449	5256	1	7	1.5162E7
0	7454	5257	1	4	1.5163E7
0	7458	5258	1	2	1.5164E7
0	7460	5258	1	1	1.5165E7
0	7460	5258	1	0	1.5166E7
0	7462	5259	1	2	1.5167E7
0	7464	5262	8	4	1.5168E7
0	7463	5268	7	6	1.5169E7
0	7461	5276	7	9	1.517E7
0	7459	5286	7	11	1.5171E7
0	7456	5297	7	12	1.5172E7
0	7453	5309	7	12	1.5173E7
0	7451	5321	7	12	1.5174E7
0	7448	5333	7	12	1.5175E7
0	7445	5344	7	12	1.5176E7
0	7443	5356	7	12	1.5177E7
0	7440	5368	7	12	1.5178E7
0	7439	5380	7	10	1.5179E7
0	7438	5388	7	7	1.518E7
0	7437	5394	7	4	1.5181E7
0	7436	5398	7	2	1.5182E7
0	7436	5398	7	0	1.5183E7
0	7436	5398	7	0	1.5184E7
0	7436	5398	7	0	1.5185E7
0	7436	5398	7	0	1.5186E7
0	7436	5398	7	0	1.5187E7
0	7436	5398	7	0	1.5188E7
0	7436	5398	7	0	1.5189E7
0	7436	5398	7	0	1.519E7
0	7436	5398	7	0	1.5191E7
0	7436	5398	7	0	1.5192E7
0	7436	5398	7	0	1.5193E7
0	7436	5398	7	0	1.5194E7
0	7436	5398	7	0	1.5195E7
0	7436	5398	7	0	1.5196E7
0	7436	5398	7	0	1.5197E7
0	7436	5398	7	0	1.5198E7
0	7436	5398	7	0	1.5199E7
0	7436	5398	7	0	1.52E7
0	7436	5398	7	0	1.5201E7
0	7436	5398	7	0	1.5202E7
0	7443	5400	7	1	1.5203E7
0	7442	5403	7	4	1.5204E7
0	7442	5408	7	6	1.5205E7
0	7441	5414	7	4	1.5206E7
0	7440	5417	7	2	1.5207E7
0	7440	5419	7	1	1.5208E7
0	7440	5419	7	0	1.5209E7
0	7440	5420	7	0	1.521E7
0	7440	5420	7	0	1.5211E7
0	7440	5421	7	2	1.5212E7
0	7440	5425	7	4	1.5213E7
0	7443	5430	7	6	1.5214E7
0	7451	5432	8	8	1.5215E7
0	7460	5433	1	10	1.5216E7
0	7472	5433	1	12	1.5217E7
0	7485	5434	1	14	1.5218E7
0	7500	5434	1	14	1.5219E7
0	7513	5430	1	13	1.522E7
0	7523	5424	2	11	1.5221E7
0	7531	5419	2	7	1.5222E7
0	7537	5415	2	5	1.5223E7
0	7540	5413	2	3	1.5224E7
0	7541	5413	2	0	1.5225E7
0	7541	5413	2	0	1.5226E7
0	7541	5413	2	0	1.5227E7
0	7541	5413	2	0	1.5228E7
0	7541	5413	2	0	1.5229E7
0	7541	5413	2	0	1.523E7
0	7541	5413	2	0	1.5231E7
0	7541	5413	2	0	1.5232E7
0	7541	5413	2	0	1.5233E7
0	7541	5413	2	0	1.5234E7
0	7541	5413	2	0	1.5235E7
0	7541	5413	2	0	1.5236E7
0	7541	5413	2	0	1.5237E7
0	7541	5413	2	0	1.5238E7
0	7541	5413	2	0	1.5239E7
0	7541	5413	2	0	1.524E7
0	7541	5413	2	0	1.5241E7
0	7541	5413	2	0	1.5242E7
0	7541	5413	2	0	1.5243E7
0	7541	5413	2	0	1.5244E7
0	7541	5412	2	1	1.5245E7
0	7544	5411	2	3	1.5246E7
0	7547	5408	2	5	1.5247E7
0	7551	5402	2	7	1.5248E7
0	7558	5397	2	9	1.5249E7
0	7567	5391	2	11	1.525E7
0	7577	5385	2	12	1.5251E7
0	7587	5378	2	12	1.5252E7
0	7597	5371	2	12	1.5253E7
0	7607	5365	2	12	1.5254E7
0	7618	5358	2	12	1.5255E7
0	7630	5355	1	12	1.5256E7
0	7642	5352	1	12	1.5257E7
0	7654	5350	1	12	1.5258E7
0	7666	5349	1	12	1.5259E7
0	7678	5351	1	12	1.526E7
0	7690	5354	1	12	1.5261E7
0	7701	5358	1	12	1.5262E7
0	7713	5362	1	12	1.5263E7
0	7724	5366	1	12	1.5264E7
0	7735	5372	8	12	1.5265E7
0	7745	5377	8	12	1.5266E7
0	7755	5385	8	12	1.5267E7
0	7764	5393	8	12	1.5268E7
0	7773	5401	8	12	1.5269E7
0	7782	5409	8	12	1.527E7
0	7790	5418	8	12	1.5271E7
0	7798	5428	8	12	1.5272E7
0	7804	5438	8	12	1.5273E7
0	7810	5449	8	12	1.5274E7
0	7816	5460	8	12	1.5275E7
0	7822	5470	8	12	1.5276E7
0	7827	5481	8	12	1.5277E7
0	7833	5491	8	12	1.5278E7
0	7839	5502	8	12	1.5279E7
0	7845	5512	8	12	1.528E7
0	7851	5523	8	12	1.5281E7
0	7857	5533	8	12	1.5282E7
0	7863	5544	8	12	1.5283E7
0	7869	5554	8	12	1.5284E7
0	7875	5565	8	12	1.5285E7
0	7880	5576	8	12	1.5286E7
0	7886	5586	8	12	1.5287E7
0	7891	5597	8	12	1.5288E7
0	7897	5608	8	12	1.5289E7
0	7903	5618	8	12	1.529E7
0	7908	5629	8	12	1.5291E7
0	7914	5640	8	12	1.5292E7
0	7920	5650	8	12	1.5293E7
0	7925	5661	8	12	1.5294E7
0	7930	5672	8	12	1.5295E7
0	7935	5683	8	12	1.5296E7
0	7936	5696	8	12	1.5297E7
0	7941	5707	8	11	1.5298E7
0	7945	5715	8	7	1.5299E7
0	7947	5721	8	5	1.53E7
0	7949	5725	8	3	1.5301E7
0	7951	5729	8	5	1.5302E7
0	7953	5735	8	7	1.5303E7
0	7957	5743	8	9	1.5304E7
0	7961	5753	7	11	1.5305E7
0	7963	5764	7	12	1.5306E7
0	7964	5776	7	12	1.5307E7
0	7961	5788	7	12	1.5308E7
0	7956	5798	6	12	1.5309E7
0	7951	5809	6	12	1.531E7
0	7946	5820	6	12	1.5311E7
0	7941	5831	6	10	1.5312E7
0	7937	5839	6	7	1.5313E7
0	7935	5844	6	4	1.5314E7
0	7933	5847	6	2	1.5315E7
0	7933	5848	6	0	1.5316E7
0	7933	5848	6	0	1.5317E7
0	7933	5848	6	0	1.5318E7
0	7933	5848	6	0	1.5319E7
0	7933	5848	6	0	1.532E7
0	7933	5848	6	0	1.5321E7
0	7933	5848	6	0	1.5322E7
0	7933	5848	6	0	1.5323E7
0	7933	5848	6	0	1.5324E7
0	7933	5848	6	0	1.5325E7
0	7933	5848	6	0	1.5326E7
0	7933	5848	6	0	1.5327E7
0	7933	5848	6	0	1.5328E7
0	7933	5848	6	0	1.5329E7
0	7933	5848	6	0	1.533E7
0	7933	5848	6	0	1.5331E7
0	7933	5848	6	0	1.5332E7
0	7933	5848	6	0	1.5333E7
0	7933	5848	6	0	1.5334E7
0	7933	5848	6	0	1.5335E7
0	7933	5849	6	2	1.5336E7
0	7935	5852	6	3	1.5337E7
0	7933	5857	6	5	1.5338E7
0	7930	5863	6	7	1.5339E7
0	7926	5872	6	9	1.534E7
0	7922	5881	6	11	1.5341E7
0	7921	5893	7	12	1.5342E7
0	7921	5905	7	12	1.5343E7
0	7921	5917	7	12	1.5344E7
0	7921	5929	7	10	1.5345E7
0	7921	5937	7	7	1.5346E7
0	7920	5943	7	4	1.5347E7
0	7921	5947	7	4	1.5348E7
0	7924	5952	7	6	1.5349E7
0	7932	5956	8	8	1.535E7
0	7942	5956	1	10	1.5351E7
0	7954	5956	1	12	1.5352E7
0	7966	5955	1	12	1.5353E7
0	7978	5955	1	12	1.5354E7
0	7990	5955	1	12	1.5355E7
0	8002	5954	1	12	1.5356E7
0	8013	5955	1	12	1.5357E7
0	8016	5967	7	12	1.5358E7
0	8018	5979	7	12	1.5359E7
0	8021	5990	7	12	1.536E7
0	8024	6002	7	12	1.5361E7
0	8026	6014	7	12	1.5362E7
0	8029	6026	7	12	1.5363E7
0	8031	6038	7	12	1.5364E7
0	8033	6048	7	9	1.5365E7
0	8034	6056	7	6	1.5366E7
0	8034	6061	7	3	1.5367E7
0	8035	6065	7	5	1.5368E7
0	8037	6071	7	7	1.5369E7
0	8044	6075	8	9	1.537E7
0	8055	6073	1	11	1.5371E7
0	8068	6071	1	13	1.5372E7
0	8082	6068	1	14	1.5373E7
0	8096	6066	1	14	1.5374E7
0	8110	6064	1	14	1.5375E7
0	8125	6061	1	14	1.5376E7
0	8139	6059	1	14	1.5377E7
0	8153	6056	1	14	1.5378E7
0	8167	6053	1	14	1.5379E7
0	8182	6050	1	14	1.538E7
0	8196	6047	1	14	1.5381E7
0	8210	6044	1	14	1.5382E7
0	8224	6040	1	14	1.5383E7
0	8238	6037	1	14	1.5384E7
0	8252	6033	1	14	1.5385E7
0	8266	6029	1	14	1.5386E7
0	8280	6026	1	14	1.5387E7
0	8294	6023	1	14	1.5388E7
0	8308	6019	1	14	1.5389E7
0	8322	6016	1	14	1.539E7
0	8336	6012	1	14	1.5391E7
0	8350	6009	1	14	1.5392E7
0	8364	6005	1	14	1.5393E7
0	8378	6002	1	14	1.5394E7
0	8392	5998	1	14	1.5395E7
0	8406	5994	1	14	1.5396E7
0	8420	5990	1	14	1.5397E7
0	8435	5987	1	14	1.5398E7
0	8449	5983	1	14	1.5399E7
0	8463	5979	1	14	1.54E7
0	8477	5976	1	14	1.5401E7
0	8491	5972	1	14	1.5402E7
0	8505	5969	1	14	1.5403E7
0	8519	5965	1	14	1.5404E7
0	8533	5962	1	14	1.5405E7
0	8548	5960	1	14	1.5406E7
0	8562	5959	1	14	1.5407E7
0	8576	5958	1	12	1.5408E7
0	8586	5958	1	9	1.5409E7
0	8594	5958	1	6	1.541E7
0	8599	5958	1	3	1.5411E7
0	8603	5957	1	5	1.5412E7
0	8606	5952	2	7	1.5413E7
0	8605	5944	3	9	1.5414E7
0	8604	5933	3	11	1.5415E7
0	8602	5921	3	12	1.5416E7
0	8600	5909	3	12	1.5417E7
0	8598	5898	3	12	1.5418E7
0	8596	5886	3	12	1.5419E7
0	8594	5874	3	12	1.542E7
0	8592	5862	3	12	1.5421E7
0	8590	5850	3	12	1.5422E7
0	8588	5838	3	12	1.5423E7
0	8586	5826	3	12	1.5424E7
0	8585	5816	3	9	1.5425E7
0	8583	5808	3	6	1.5426E7
0	8583	5803	3	3	1.5427E7
0	8582	5799	3	5	1.5428E7
0	8583	5793	3	7	1.5429E7
0	8590	5788	2	9	1.543E7
0	8599	5783	2	11	1.5431E7
0	8609	5777	2	12	1.5432E7
0	8620	5772	2	12	1.5433E7
0	8631	5766	2	12	1.5434E7
0	8642	5761	2	12	1.5435E7
0	8653	5757	1	12	1.5436E7
0	8664	5752	1	12	1.5437E7
0	8675	5748	1	12	1.5438E7
0	8687	5743	1	12	1.5439E7
0	8698	5742	1	12	1.544E7
0	8709	5747	8	12	1.5441E7
0	8715	5758	8	12	1.5442E7
0	8719	5769	7	11	1.5443E7
0	8721	5779	7	8	1.5444E7
0	8722	5786	7	5	1.5445E7
0	8723	5790	7	3	1.5446E7
0	8723	5792	7	0	1.5447E7
0	8723	5792	7	0	1.5448E7
0	8723	5792	7	0	1.5449E7
0	8723	5792	7	0	1.545E7
0	8723	5792	7	0	1.5451E7
0	8723	5792	7	0	1.5452E7
0	8723	5792	7	0	1.5453E7
0	8723	5792	7	0	1.5454E7
0	8723	5792	7	0	1.5455E7
0	8723	5792	7	0	1.5456E7
0	8723	5792	7	0	1.5457E7
0	8723	5792	7	0	1.5458E7
0	8723	5792	7	0	1.5459E7
0	8723	5792	7	0	1.546E7
0	8723	5792	7	0	1.5461E7
0	8723	5792	7	0	1.5462E7
0	8723	5792	7	0	1.5463E7
0	8723	5792	7	0	1.5464E7
0	8723	5792	7	0	1.5465E7
0	8723	5792	7	0	1.5466E7
0	8723	5792	7	1	1.5467E7
0	8724	5794	7	3	1.5468E7
0	8724	5799	7	5	1.5469E7
0	8725	5805	7	7	1.547E7
