317	8807	2712	8820	2704	8820	2704	15.264337522473747	15.264337522473747	0.0	15
317	8807	2712	8820	2704	8820	2704	15.264337522473747	15.264337522473747	0.0	15
317	8807	2712	8820	2704	8820	2704	15.264337522473747	15.264337522473747	0.0	15
317	8807	2712	8820	2704	8820	2704	15.264337522473747	15.264337522473747	0.0	15
317	8807	2712	8820	2704	8820	2704	15.264337522473747	15.264337522473747	0.0	15
317	8807	2712	8820	2704	8820	2704	15.264337522473747	15.264337522473747	0.0	15
317	8807	2712	8820	2704	8820	2704	15.264337522473747	15.264337522473747	0.0	15
317	8807	2712	8820	2704	8820	2704	15.264337522473747	15.264337522473747	0.0	15
317	8807	2712	8820	2704	8820	2704	15.264337522473747	15.264337522473747	0.0	15
742	7211	3831	7195	3834	7195	3834	16.278820596099706	16.278820596099706	0.0	15
742	7211	3831	7195	3834	7195	3834	16.278820596099706	16.278820596099706	0.0	15
742	7211	3831	7195	3834	7195	3834	16.278820596099706	16.278820596099706	0.0	15
742	7211	3831	7195	3834	7195	3834	16.278820596099706	16.278820596099706	0.0	15
742	7211	3831	7195	3834	7195	3834	16.278820596099706	16.278820596099706	0.0	15
742	7211	3831	7195	3834	7195	3834	16.278820596099706	16.278820596099706	0.0	15
742	7211	3831	7195	3834	7195	3834	16.278820596099706	16.278820596099706	0.0	15
742	7211	3831	7195	3834	7195	3834	16.278820596099706	16.278820596099706	0.0	15
742	7211	3831	7195	3834	7195	3834	16.278820596099706	16.278820596099706	0.0	15
1153	6987	4741	6993	4755	6993	4755	15.231546211727817	15.231546211727817	0.0	15
1153	6987	4741	6993	4755	6993	4755	15.231546211727817	15.231546211727817	0.0	15
1153	6987	4741	6993	4755	6993	4755	15.231546211727817	15.231546211727817	0.0	15
1153	6987	4741	6993	4755	6993	4755	15.231546211727817	15.231546211727817	0.0	15
1153	6987	4741	6993	4755	6993	4755	15.231546211727817	15.231546211727817	0.0	15
1153	6987	4741	6993	4755	6993	4755	15.231546211727817	15.231546211727817	0.0	15
1153	6987	4741	6993	4755	6993	4755	15.231546211727817	15.231546211727817	0.0	15
1153	6987	4741	6993	4755	6993	4755	15.231546211727817	15.231546211727817	0.0	15
1153	6987	4741	6993	4755	6993	4755	15.231546211727817	15.231546211727817	0.0	15
1154	6993	4755	6999	4770	6999	4770	16.15549442140351	16.15549442140351	0.0	15
1154	6993	4755	6999	4770	6999	4770	16.15549442140351	16.15549442140351	0.0	15
1154	6993	4755	6999	4770	6999	4770	16.15549442140351	16.15549442140351	0.0	15
1154	6993	4755	6999	4770	6999	4770	16.15549442140351	16.15549442140351	0.0	15
1154	6993	4755	6999	4770	6999	4770	16.15549442140351	16.15549442140351	0.0	15
1154	6993	4755	6999	4770	6999	4770	16.15549442140351	16.15549442140351	0.0	15
1154	6993	4755	6999	4770	6999	4770	16.15549442140351	16.15549442140351	0.0	15
1154	6993	4755	6999	4770	6999	4770	16.15549442140351	16.15549442140351	0.0	15
1154	6993	4755	6999	4770	6999	4770	16.15549442140351	16.15549442140351	0.0	15
1155	6999	4770	7005	4785	7005	4785	16.15549442140351	16.15549442140351	0.0	15
1155	6999	4770	7005	4785	7005	4785	16.15549442140351	16.15549442140351	0.0	15
1155	6999	4770	7005	4785	7005	4785	16.15549442140351	16.15549442140351	0.0	15
1155	6999	4770	7005	4785	7005	4785	16.15549442140351	16.15549442140351	0.0	15
1155	6999	4770	7005	4785	7005	4785	16.15549442140351	16.15549442140351	0.0	15
1155	6999	4770	7005	4785	7005	4785	16.15549442140351	16.15549442140351	0.0	15
1155	6999	4770	7005	4785	7005	4785	16.15549442140351	16.15549442140351	0.0	15
1155	6999	4770	7005	4785	7005	4785	16.15549442140351	16.15549442140351	0.0	15
1155	6999	4770	7005	4785	7005	4785	16.15549442140351	16.15549442140351	0.0	15
1156	7005	4785	7011	4799	7011	4799	15.231546211727817	15.231546211727817	0.0	15
1156	7005	4785	7011	4799	7011	4799	15.231546211727817	15.231546211727817	0.0	15
1156	7005	4785	7011	4799	7011	4799	15.231546211727817	15.231546211727817	0.0	15
1156	7005	4785	7011	4799	7011	4799	15.231546211727817	15.231546211727817	0.0	15
1156	7005	4785	7011	4799	7011	4799	15.231546211727817	15.231546211727817	0.0	15
1156	7005	4785	7011	4799	7011	4799	15.231546211727817	15.231546211727817	0.0	15
1156	7005	4785	7011	4799	7011	4799	15.231546211727817	15.231546211727817	0.0	15
1156	7005	4785	7011	4799	7011	4799	15.231546211727817	15.231546211727817	0.0	15
1156	7005	4785	7011	4799	7011	4799	15.231546211727817	15.231546211727817	0.0	15
1157	7011	4799	7017	4813	7017	4813	15.231546211727817	15.231546211727817	0.0	15
1157	7011	4799	7017	4813	7017	4813	15.231546211727817	15.231546211727817	0.0	15
1157	7011	4799	7017	4813	7017	4813	15.231546211727817	15.231546211727817	0.0	15
1157	7011	4799	7017	4813	7017	4813	15.231546211727817	15.231546211727817	0.0	15
1157	7011	4799	7017	4813	7017	4813	15.231546211727817	15.231546211727817	0.0	15
1157	7011	4799	7017	4813	7017	4813	15.231546211727817	15.231546211727817	0.0	15
1157	7011	4799	7017	4813	7017	4813	15.231546211727817	15.231546211727817	0.0	15
1157	7011	4799	7017	4813	7017	4813	15.231546211727817	15.231546211727817	0.0	15
1157	7011	4799	7017	4813	7017	4813	15.231546211727817	15.231546211727817	0.0	15
1158	7017	4813	7023	4828	7023	4828	16.15549442140351	16.15549442140351	0.0	15
1158	7017	4813	7023	4828	7023	4828	16.15549442140351	16.15549442140351	0.0	15
1158	7017	4813	7023	4828	7023	4828	16.15549442140351	16.15549442140351	0.0	15
1158	7017	4813	7023	4828	7023	4828	16.15549442140351	16.15549442140351	0.0	15
1158	7017	4813	7023	4828	7023	4828	16.15549442140351	16.15549442140351	0.0	15
1158	7017	4813	7023	4828	7023	4828	16.15549442140351	16.15549442140351	0.0	15
1158	7017	4813	7023	4828	7023	4828	16.15549442140351	16.15549442140351	0.0	15
1158	7017	4813	7023	4828	7023	4828	16.15549442140351	16.15549442140351	0.0	15
1158	7017	4813	7023	4828	7023	4828	16.15549442140351	16.15549442140351	0.0	15
1159	7023	4828	7028	4840	7028	4840	13.0	13.0	0.0	15
1159	7023	4828	7028	4840	7028	4840	13.0	13.0	0.0	15
1159	7023	4828	7028	4840	7028	4840	13.0	13.0	0.0	15
1159	7023	4828	7028	4840	7028	4840	13.0	13.0	0.0	15
1159	7023	4828	7028	4840	7028	4840	13.0	13.0	0.0	15
1159	7023	4828	7028	4840	7028	4840	13.0	13.0	0.0	15
1159	7023	4828	7028	4840	7028	4840	13.0	13.0	0.0	15
1159	7023	4828	7028	4840	7028	4840	13.0	13.0	0.0	15
1159	7023	4828	7028	4840	7028	4840	13.0	13.0	0.0	15
1160	7028	4840	7033	4853	7033	4853	13.92838827718412	13.92838827718412	0.0	13
1160	7028	4840	7033	4853	7033	4853	13.92838827718412	13.92838827718412	0.0	13
1160	7028	4840	7033	4853	7033	4853	13.92838827718412	13.92838827718412	0.0	13
1160	7028	4840	7033	4853	7033	4853	13.92838827718412	13.92838827718412	0.0	13
1160	7028	4840	7033	4853	7033	4853	13.92838827718412	13.92838827718412	0.0	13
1160	7028	4840	7033	4853	7033	4853	13.92838827718412	13.92838827718412	0.0	13
1160	7028	4840	7033	4853	7033	4853	13.92838827718412	13.92838827718412	0.0	13
1160	7028	4840	7033	4853	7033	4853	13.92838827718412	13.92838827718412	0.0	13
1160	7028	4840	7033	4853	7033	4853	13.92838827718412	13.92838827718412	0.0	13
1161	7033	4853	7038	4864	7038	4864	12.083045973594572	12.083045973594572	0.0	14
1161	7033	4853	7038	4864	7038	4864	12.083045973594572	12.083045973594572	0.0	14
1161	7033	4853	7038	4864	7038	4864	12.083045973594572	12.083045973594572	0.0	14
1161	7033	4853	7038	4864	7038	4864	12.083045973594572	12.083045973594572	0.0	14
1161	7033	4853	7038	4864	7038	4864	12.083045973594572	12.083045973594572	0.0	14
1161	7033	4853	7038	4864	7038	4864	12.083045973594572	12.083045973594572	0.0	14
1161	7033	4853	7038	4864	7038	4864	12.083045973594572	12.083045973594572	0.0	14
1161	7033	4853	7038	4864	7038	4864	12.083045973594572	12.083045973594572	0.0	14
1161	7033	4853	7038	4864	7038	4864	12.083045973594572	12.083045973594572	0.0	14
1162	7038	4864	7042	4875	7042	4875	11.704699910719626	11.704699910719626	0.0	12
1162	7038	4864	7042	4875	7042	4875	11.704699910719626	11.704699910719626	0.0	12
1162	7038	4864	7042	4875	7042	4875	11.704699910719626	11.704699910719626	0.0	12
1162	7038	4864	7042	4875	7042	4875	11.704699910719626	11.704699910719626	0.0	12
1162	7038	4864	7042	4875	7042	4875	11.704699910719626	11.704699910719626	0.0	12
1162	7038	4864	7042	4875	7042	4875	11.704699910719626	11.704699910719626	0.0	12
1162	7038	4864	7042	4875	7042	4875	11.704699910719626	11.704699910719626	0.0	12
1162	7038	4864	7042	4875	7042	4875	11.704699910719626	11.704699910719626	0.0	12
1162	7038	4864	7042	4875	7042	4875	11.704699910719626	11.704699910719626	0.0	12
1163	7042	4875	7046	4884	7046	4884	9.848857801796104	9.848857801796104	0.0	10
1163	7042	4875	7046	4884	7046	4884	9.848857801796104	9.848857801796104	0.0	10
1163	7042	4875	7046	4884	7046	4884	9.848857801796104	9.848857801796104	0.0	10
1163	7042	4875	7046	4884	7046	4884	9.848857801796104	9.848857801796104	0.0	10
1163	7042	4875	7046	4884	7046	4884	9.848857801796104	9.848857801796104	0.0	10
1163	7042	4875	7046	4884	7046	4884	9.848857801796104	9.848857801796104	0.0	10
1163	7042	4875	7046	4884	7046	4884	9.848857801796104	9.848857801796104	0.0	10
1163	7042	4875	7046	4884	7046	4884	9.848857801796104	9.848857801796104	0.0	10
1163	7042	4875	7046	4884	7046	4884	9.848857801796104	9.848857801796104	0.0	10
1164	7046	4884	7049	4891	7049	4891	7.615773105863909	7.615773105863909	0.0	8
1164	7046	4884	7049	4891	7049	4891	7.615773105863909	7.615773105863909	0.0	8
1164	7046	4884	7049	4891	7049	4891	7.615773105863909	7.615773105863909	0.0	8
1164	7046	4884	7049	4891	7049	4891	7.615773105863909	7.615773105863909	0.0	8
1164	7046	4884	7049	4891	7049	4891	7.615773105863909	7.615773105863909	0.0	8
1164	7046	4884	7049	4891	7049	4891	7.615773105863909	7.615773105863909	0.0	8
1164	7046	4884	7049	4891	7049	4891	7.615773105863909	7.615773105863909	0.0	8
1164	7046	4884	7049	4891	7049	4891	7.615773105863909	7.615773105863909	0.0	8
1164	7046	4884	7049	4891	7049	4891	7.615773105863909	7.615773105863909	0.0	8
1554	7466	5433	7480	5433	7480	5433	14.0	14.0	0.0	12
1554	7466	5433	7480	5433	7480	5433	14.0	14.0	0.0	12
1554	7466	5433	7480	5433	7480	5433	14.0	14.0	0.0	12
1554	7466	5433	7480	5433	7480	5433	14.0	14.0	0.0	12
1554	7466	5433	7480	5433	7480	5433	14.0	14.0	0.0	12
1554	7466	5433	7480	5433	7480	5433	14.0	14.0	0.0	12
1554	7466	5433	7480	5433	7480	5433	14.0	14.0	0.0	12
1554	7466	5433	7480	5433	7480	5433	14.0	14.0	0.0	12
1554	7466	5433	7480	5433	7480	5433	14.0	14.0	0.0	12
1555	7480	5433	7495	5434	7495	5434	15.033296378372908	15.033296378372908	0.0	14
1555	7480	5433	7495	5434	7495	5434	15.033296378372908	15.033296378372908	0.0	14
1555	7480	5433	7495	5434	7495	5434	15.033296378372908	15.033296378372908	0.0	14
1555	7480	5433	7495	5434	7495	5434	15.033296378372908	15.033296378372908	0.0	14
1555	7480	5433	7495	5434	7495	5434	15.033296378372908	15.033296378372908	0.0	14
1555	7480	5433	7495	5434	7495	5434	15.033296378372908	15.033296378372908	0.0	14
1555	7480	5433	7495	5434	7495	5434	15.033296378372908	15.033296378372908	0.0	14
1555	7480	5433	7495	5434	7495	5434	15.033296378372908	15.033296378372908	0.0	14
1555	7480	5433	7495	5434	7495	5434	15.033296378372908	15.033296378372908	0.0	14
1556	7495	5434	7511	5431	7511	5431	16.278820596099706	16.278820596099706	0.0	16
1556	7495	5434	7511	5431	7511	5431	16.278820596099706	16.278820596099706	0.0	16
1556	7495	5434	7511	5431	7511	5431	16.278820596099706	16.278820596099706	0.0	16
1556	7495	5434	7511	5431	7511	5431	16.278820596099706	16.278820596099706	0.0	16
1556	7495	5434	7511	5431	7511	5431	16.278820596099706	16.278820596099706	0.0	16
1556	7495	5434	7511	5431	7511	5431	16.278820596099706	16.278820596099706	0.0	16
1556	7495	5434	7511	5431	7511	5431	16.278820596099706	16.278820596099706	0.0	16
1556	7495	5434	7511	5431	7511	5431	16.278820596099706	16.278820596099706	0.0	16
1556	7495	5434	7511	5431	7511	5431	16.278820596099706	16.278820596099706	0.0	16
1557	7511	5431	7522	5425	7522	5425	12.529964086141668	12.529964086141668	0.0	15
1557	7511	5431	7522	5425	7522	5425	12.529964086141668	12.529964086141668	0.0	15
1557	7511	5431	7522	5425	7522	5425	12.529964086141668	12.529964086141668	0.0	15
1557	7511	5431	7522	5425	7522	5425	12.529964086141668	12.529964086141668	0.0	15
1557	7511	5431	7522	5425	7522	5425	12.529964086141668	12.529964086141668	0.0	15
1557	7511	5431	7522	5425	7522	5425	12.529964086141668	12.529964086141668	0.0	15
1557	7511	5431	7522	5425	7522	5425	12.529964086141668	12.529964086141668	0.0	15
1557	7511	5431	7522	5425	7522	5425	12.529964086141668	12.529964086141668	0.0	15
1557	7511	5431	7522	5425	7522	5425	12.529964086141668	12.529964086141668	0.0	15
1558	7522	5425	7530	5420	7530	5420	9.433981132056603	9.433981132056603	0.0	11
1558	7522	5425	7530	5420	7530	5420	9.433981132056603	9.433981132056603	0.0	11
1558	7522	5425	7530	5420	7530	5420	9.433981132056603	9.433981132056603	0.0	11
1558	7522	5425	7530	5420	7530	5420	9.433981132056603	9.433981132056603	0.0	11
1558	7522	5425	7530	5420	7530	5420	9.433981132056603	9.433981132056603	0.0	11
1558	7522	5425	7530	5420	7530	5420	9.433981132056603	9.433981132056603	0.0	11
1558	7522	5425	7530	5420	7530	5420	9.433981132056603	9.433981132056603	0.0	11
1558	7522	5425	7530	5420	7530	5420	9.433981132056603	9.433981132056603	0.0	11
1558	7522	5425	7530	5420	7530	5420	9.433981132056603	9.433981132056603	0.0	11
1559	7530	5420	7536	5416	7536	5416	7.211102550927978	7.211102550927978	0.0	8
1559	7530	5420	7536	5416	7536	5416	7.211102550927978	7.211102550927978	0.0	8
1559	7530	5420	7536	5416	7536	5416	7.211102550927978	7.211102550927978	0.0	8
1559	7530	5420	7536	5416	7536	5416	7.211102550927978	7.211102550927978	0.0	8
1559	7530	5420	7536	5416	7536	5416	7.211102550927978	7.211102550927978	0.0	8
1559	7530	5420	7536	5416	7536	5416	7.211102550927978	7.211102550927978	0.0	8
1559	7530	5420	7536	5416	7536	5416	7.211102550927978	7.211102550927978	0.0	8
1559	7530	5420	7536	5416	7536	5416	7.211102550927978	7.211102550927978	0.0	8
1559	7530	5420	7536	5416	7536	5416	7.211102550927978	7.211102550927978	0.0	8
1560	7536	5416	7539	5413	7539	5413	4.242640687119285	4.242640687119285	0.0	5
1560	7536	5416	7539	5413	7539	5413	4.242640687119285	4.242640687119285	0.0	5
1560	7536	5416	7539	5413	7539	5413	4.242640687119285	4.242640687119285	0.0	5
1560	7536	5416	7539	5413	7539	5413	4.242640687119285	4.242640687119285	0.0	5
1560	7536	5416	7539	5413	7539	5413	4.242640687119285	4.242640687119285	0.0	5
1560	7536	5416	7539	5413	7539	5413	4.242640687119285	4.242640687119285	0.0	5
1560	7536	5416	7539	5413	7539	5413	4.242640687119285	4.242640687119285	0.0	5
1560	7536	5416	7539	5413	7539	5413	4.242640687119285	4.242640687119285	0.0	5
1560	7536	5416	7539	5413	7539	5413	4.242640687119285	4.242640687119285	0.0	5
1561	7539	5413	7541	5413	7541	5413	2.0	2.0	0.0	3
1561	7539	5413	7541	5413	7541	5413	2.0	2.0	0.0	3
1561	7539	5413	7541	5413	7541	5413	2.0	2.0	0.0	3
1561	7539	5413	7541	5413	7541	5413	2.0	2.0	0.0	3
1561	7539	5413	7541	5413	7541	5413	2.0	2.0	0.0	3
1561	7539	5413	7541	5413	7541	5413	2.0	2.0	0.0	3
1561	7539	5413	7541	5413	7541	5413	2.0	2.0	0.0	3
1561	7539	5413	7541	5413	7541	5413	2.0	2.0	0.0	3
1561	7539	5413	7541	5413	7541	5413	2.0	2.0	0.0	3
1582	7541	5412	7543	5411	7543	5411	2.23606797749979	2.23606797749979	0.0	1
1582	7541	5412	7543	5411	7543	5411	2.23606797749979	2.23606797749979	0.0	1
1582	7541	5412	7543	5411	7543	5411	2.23606797749979	2.23606797749979	0.0	1
1582	7541	5412	7543	5411	7543	5411	2.23606797749979	2.23606797749979	0.0	1
1582	7541	5412	7543	5411	7543	5411	2.23606797749979	2.23606797749979	0.0	1
1582	7541	5412	7543	5411	7543	5411	2.23606797749979	2.23606797749979	0.0	1
1582	7541	5412	7543	5411	7543	5411	2.23606797749979	2.23606797749979	0.0	1
1582	7541	5412	7543	5411	7543	5411	2.23606797749979	2.23606797749979	0.0	1
1582	7541	5412	7543	5411	7543	5411	2.23606797749979	2.23606797749979	0.0	1
1583	7543	5411	7547	5408	7547	5408	5.0	5.0	0.0	3
1583	7543	5411	7547	5408	7547	5408	5.0	5.0	0.0	3
1583	7543	5411	7547	5408	7547	5408	5.0	5.0	0.0	3
1583	7543	5411	7547	5408	7547	5408	5.0	5.0	0.0	3
1583	7543	5411	7547	5408	7547	5408	5.0	5.0	0.0	3
1583	7543	5411	7547	5408	7547	5408	5.0	5.0	0.0	3
1583	7543	5411	7547	5408	7547	5408	5.0	5.0	0.0	3
1583	7543	5411	7547	5408	7547	5408	5.0	5.0	0.0	3
1583	7543	5411	7547	5408	7547	5408	5.0	5.0	0.0	3
1584	7547	5408	7550	5402	7550	5402	6.708203932499369	6.708203932499369	0.0	5
1584	7547	5408	7550	5402	7550	5402	6.708203932499369	6.708203932499369	0.0	5
1584	7547	5408	7550	5402	7550	5402	6.708203932499369	6.708203932499369	0.0	5
1584	7547	5408	7550	5402	7550	5402	6.708203932499369	6.708203932499369	0.0	5
1584	7547	5408	7550	5402	7550	5402	6.708203932499369	6.708203932499369	0.0	5
1584	7547	5408	7550	5402	7550	5402	6.708203932499369	6.708203932499369	0.0	5
1584	7547	5408	7550	5402	7550	5402	6.708203932499369	6.708203932499369	0.0	5
1584	7547	5408	7550	5402	7550	5402	6.708203932499369	6.708203932499369	0.0	5
1584	7547	5408	7550	5402	7550	5402	6.708203932499369	6.708203932499369	0.0	5
1585	7550	5402	7557	5398	7557	5398	8.06225774829855	8.06225774829855	0.0	6
1585	7550	5402	7557	5398	7557	5398	8.06225774829855	8.06225774829855	0.0	6
1585	7550	5402	7557	5398	7557	5398	8.06225774829855	8.06225774829855	0.0	6
1585	7550	5402	7557	5398	7557	5398	8.06225774829855	8.06225774829855	0.0	6
1585	7550	5402	7557	5398	7557	5398	8.06225774829855	8.06225774829855	0.0	6
1585	7550	5402	7557	5398	7557	5398	8.06225774829855	8.06225774829855	0.0	6
1585	7550	5402	7557	5398	7557	5398	8.06225774829855	8.06225774829855	0.0	6
1585	7550	5402	7557	5398	7557	5398	8.06225774829855	8.06225774829855	0.0	6
1585	7550	5402	7557	5398	7557	5398	8.06225774829855	8.06225774829855	0.0	6
1586	7557	5398	7565	5392	7565	5392	10.0	10.0	0.0	8
1586	7557	5398	7565	5392	7565	5392	10.0	10.0	0.0	8
1586	7557	5398	7565	5392	7565	5392	10.0	10.0	0.0	8
1586	7557	5398	7565	5392	7565	5392	10.0	10.0	0.0	8
1586	7557	5398	7565	5392	7565	5392	10.0	10.0	0.0	8
1586	7557	5398	7565	5392	7565	5392	10.0	10.0	0.0	8
1586	7557	5398	7565	5392	7565	5392	10.0	10.0	0.0	8
1586	7557	5398	7565	5392	7565	5392	10.0	10.0	0.0	8
1586	7557	5398	7565	5392	7565	5392	10.0	10.0	0.0	8
1587	7565	5392	7576	5386	7576	5386	12.529964086141668	12.529964086141668	0.0	10
1587	7565	5392	7576	5386	7576	5386	12.529964086141668	12.529964086141668	0.0	10
1587	7565	5392	7576	5386	7576	5386	12.529964086141668	12.529964086141668	0.0	10
1587	7565	5392	7576	5386	7576	5386	12.529964086141668	12.529964086141668	0.0	10
1587	7565	5392	7576	5386	7576	5386	12.529964086141668	12.529964086141668	0.0	10
1587	7565	5392	7576	5386	7576	5386	12.529964086141668	12.529964086141668	0.0	10
1587	7565	5392	7576	5386	7576	5386	12.529964086141668	12.529964086141668	0.0	10
1587	7565	5392	7576	5386	7576	5386	12.529964086141668	12.529964086141668	0.0	10
1587	7565	5392	7576	5386	7576	5386	12.529964086141668	12.529964086141668	0.0	10
1588	7576	5386	7587	5378	7587	5378	13.601470508735444	13.601470508735444	0.0	12
1588	7576	5386	7587	5378	7587	5378	13.601470508735444	13.601470508735444	0.0	12
1588	7576	5386	7587	5378	7587	5378	13.601470508735444	13.601470508735444	0.0	12
1588	7576	5386	7587	5378	7587	5378	13.601470508735444	13.601470508735444	0.0	12
1588	7576	5386	7587	5378	7587	5378	13.601470508735444	13.601470508735444	0.0	12
1588	7576	5386	7587	5378	7587	5378	13.601470508735444	13.601470508735444	0.0	12
1588	7576	5386	7587	5378	7587	5378	13.601470508735444	13.601470508735444	0.0	12
1588	7576	5386	7587	5378	7587	5378	13.601470508735444	13.601470508735444	0.0	12
1588	7576	5386	7587	5378	7587	5378	13.601470508735444	13.601470508735444	0.0	12
1589	7587	5378	7600	5369	7600	5369	15.811388300841896	15.811388300841896	0.0	14
1589	7587	5378	7600	5369	7600	5369	15.811388300841896	15.811388300841896	0.0	14
1589	7587	5378	7600	5369	7600	5369	15.811388300841896	15.811388300841896	0.0	14
1589	7587	5378	7600	5369	7600	5369	15.811388300841896	15.811388300841896	0.0	14
1589	7587	5378	7600	5369	7600	5369	15.811388300841896	15.811388300841896	0.0	14
1589	7587	5378	7600	5369	7600	5369	15.811388300841896	15.811388300841896	0.0	14
1589	7587	5378	7600	5369	7600	5369	15.811388300841896	15.811388300841896	0.0	14
1589	7587	5378	7600	5369	7600	5369	15.811388300841896	15.811388300841896	0.0	14
1589	7587	5378	7600	5369	7600	5369	15.811388300841896	15.811388300841896	0.0	14
1590	7600	5369	7614	5360	7614	5360	16.64331697709324	16.64331697709324	0.0	15
1590	7600	5369	7614	5360	7614	5360	16.64331697709324	16.64331697709324	0.0	15
1590	7600	5369	7614	5360	7614	5360	16.64331697709324	16.64331697709324	0.0	15
1590	7600	5369	7614	5360	7614	5360	16.64331697709324	16.64331697709324	0.0	15
1590	7600	5369	7614	5360	7614	5360	16.64331697709324	16.64331697709324	0.0	15
1590	7600	5369	7614	5360	7614	5360	16.64331697709324	16.64331697709324	0.0	15
1590	7600	5369	7614	5360	7614	5360	16.64331697709324	16.64331697709324	0.0	15
1590	7600	5369	7614	5360	7614	5360	16.64331697709324	16.64331697709324	0.0	15
1590	7600	5369	7614	5360	7614	5360	16.64331697709324	16.64331697709324	0.0	15
1591	7614	5360	7629	5355	7629	5355	15.811388300841896	15.811388300841896	0.0	15
1591	7614	5360	7629	5355	7629	5355	15.811388300841896	15.811388300841896	0.0	15
1591	7614	5360	7629	5355	7629	5355	15.811388300841896	15.811388300841896	0.0	15
1591	7614	5360	7629	5355	7629	5355	15.811388300841896	15.811388300841896	0.0	15
1591	7614	5360	7629	5355	7629	5355	15.811388300841896	15.811388300841896	0.0	15
1591	7614	5360	7629	5355	7629	5355	15.811388300841896	15.811388300841896	0.0	15
1591	7614	5360	7629	5355	7629	5355	15.811388300841896	15.811388300841896	0.0	15
1591	7614	5360	7629	5355	7629	5355	15.811388300841896	15.811388300841896	0.0	15
1591	7614	5360	7629	5355	7629	5355	15.811388300841896	15.811388300841896	0.0	15
1592	7629	5355	7644	5351	7644	5351	15.524174696260024	15.524174696260024	0.0	15
1592	7629	5355	7644	5351	7644	5351	15.524174696260024	15.524174696260024	0.0	15
1592	7629	5355	7644	5351	7644	5351	15.524174696260024	15.524174696260024	0.0	15
1592	7629	5355	7644	5351	7644	5351	15.524174696260024	15.524174696260024	0.0	15
1592	7629	5355	7644	5351	7644	5351	15.524174696260024	15.524174696260024	0.0	15
1592	7629	5355	7644	5351	7644	5351	15.524174696260024	15.524174696260024	0.0	15
1592	7629	5355	7644	5351	7644	5351	15.524174696260024	15.524174696260024	0.0	15
1592	7629	5355	7644	5351	7644	5351	15.524174696260024	15.524174696260024	0.0	15
1592	7629	5355	7644	5351	7644	5351	15.524174696260024	15.524174696260024	0.0	15
