7351002.404766887
7351002.404768016
7351006.0
7351016.0
7351026.0
7351036.0
7351046.0
7351056.0
7351066.0
7351076.0
7351086.0
7351096.0
7351106.0
7351116.0
7351126.0
7351136.0
7351146.0
7351148.942627879
7351148.942629008
7351156.0
7351166.0
7351176.0
7351186.0
7351196.0
7351206.0
7351216.0
7351226.0
7351236.0
7351246.0
7351256.0
7351266.0
7351276.0
7351286.0
7351296.0
7351306.0
7351316.0
7351326.0
7351336.0
7351346.0
7351356.0
7351366.0
7351376.0
7351386.0
7351396.0
7351406.0
7351416.0
7351426.0
7351436.0
7351446.0
7351456.0
7351466.0
7351476.0
7351486.0
7351496.0
7351506.0
7351516.0
7351526.0
7351536.0
7351546.0
7351556.0
7351566.0
7351576.0
7351586.0
7351596.0
7351606.0
7351616.0
7351626.0
7351636.0
7351646.0
7351656.0
7351666.0
7351676.0
7351686.0
7351696.0
7351706.0
7351716.0
7351726.0
7351736.0
7351746.0
7351756.0
7351766.0
7351776.0
7351786.0
7351796.0
7351806.0
7351816.0
7351826.0
7351836.0
7351846.0
7351856.0
