1.4722003459770175E7
1.4722003459771305E7
1.4722006E7
1.4722016E7
1.4722026E7
1.4722036E7
1.4722046E7
1.4722056E7
1.4722066E7
1.4722076E7
1.4722086E7
1.4722096E7
1.4722106E7
1.4722116E7
1.4722126E7
1.4722136E7
1.4722146E7
1.4722156E7
1.4722166E7
1.4722176E7
1.4722186E7
1.4722196E7
1.4722206E7
1.4722216E7
1.4722226E7
1.4722236E7
1.4722246E7
1.4722256E7
1.4722266E7
1.4722276E7
1.4722286E7
1.4722296E7
1.4722306E7
1.4722316E7
1.4722326E7
1.4722336E7
1.4722346E7
1.4722356E7
1.4722366E7
1.4722376E7
1.4722386E7
1.4722396E7
1.4722406E7
1.4722416E7
1.4722426E7
1.4722436E7
1.4722446E7
1.4722456E7
1.4722466E7
1.4722476E7
1.4722486E7
1.4722496E7
1.4722506E7
1.4722516E7
1.4722526E7
1.4722536E7
1.4722546E7
1.4722556E7
1.4722566E7
1.4722576E7
1.4722586E7
1.4722596E7
1.4722606E7
1.4722616E7
1.4722626E7
1.4722636E7
1.4722646E7
1.4722656E7
1.4722666E7
1.4722676E7
1.4722686E7
1.4722696E7
1.4722706E7
1.4722716E7
1.4722726E7
1.4722736E7
1.4722746E7
1.4722756E7
1.4722766E7
1.4722776E7
1.4722786E7
1.4722796E7
1.4722806E7
1.4722816E7
1.4722826E7
1.4722836E7
1.4722846E7
1.4722856E7
1.4722866E7
1.4722876E7
1.4722886E7
1.4722896E7
1.4722906E7
1.4722916E7
1.4722926E7
1.4722936E7
1.4722946E7
1.4722956E7
1.4722966E7
1.4722976E7
1.4722986E7
1.4722996E7
1.4723006E7
1.4723016E7
1.5045001039835485E7
1.5045001039836615E7
1.5045006E7
1.5045016E7
1.5045026E7
1.5045036E7
1.5045046E7
1.5045056E7
1.5045066E7
1.5045076E7
1.5045086E7
1.5045096E7
1.5045106E7
1.5045116E7
1.5045126E7
1.5045136E7
1.5045146E7
1.5045156E7
1.5045166E7
1.5045176E7
1.5045186E7
1.5045191260162178E7
1.5045191260163309E7
1.5045196E7
1.5045206E7
1.5045216E7
1.5045226E7
1.5045236E7
1.5045246E7
1.5045256E7
1.5045266E7
1.5045276E7
1.5045286E7
1.5045296E7
1.5045306E7
1.5045316E7
1.5045326E7
1.5045336E7
1.5045346E7
1.5045356E7
1.5045366E7
1.5045376E7
1.5045386E7
1.5045396E7
1.5045406E7
1.5045416E7
1.5045426E7
1.5045436E7
1.5045446E7
1.5045456E7
1.5045466E7
1.5045476E7
1.5045486E7
1.5045496E7
1.5045506E7
1.5045516E7
1.5045526E7
1.5045536E7
1.5045546E7
1.5045556E7
1.5045566E7
1.5045576E7
1.5045586E7
1.5045596E7
1.5045606E7
1.5045616E7
1.5045626E7
1.5045636E7
1.5045646E7
1.5045656E7
1.5045666E7
1.5045676E7
1.5045686E7
1.5045696E7
1.5045706E7
1.5045716E7
1.5045726E7
1.5045736E7
1.5045746E7
1.5045756E7
1.5045766E7
1.5045776E7
1.5045786E7
1.5045796E7
1.5045806E7
1.5045816E7
1.5045826E7
1.5045836E7
1.5045846E7
1.5045856E7
1.5045866E7
1.5045876E7
1.5045886E7
1.5045896E7
1.5045906E7
1.5045916E7
1.5045926E7
1.5045936E7
1.5045946E7
1.5045956E7
1.5045966E7
1.5045976E7
1.5045986E7
1.5045996E7
1.5046006E7
1.5046016E7
1.5046026E7
1.5046036E7
1.5046046E7
1.5174006E7
1.5174007603584738E7
1.517400760358587E7
1.5174016E7
1.5174017603584738E7
1.517401760358587E7
1.5174026E7
1.5174027603584738E7
1.517402760358587E7
1.5174036E7
1.5174046E7
1.5174056E7
1.5174066E7
1.5174076E7
1.5174086E7
1.5174096E7
1.5174106E7
1.5174116E7
1.5174126E7
1.5174136E7
1.5174146E7
1.5174156E7
1.5174166E7
1.5174176E7
1.5174186E7
1.5174196E7
1.5174206E7
1.5174216E7
1.5174226E7
1.5174236E7
1.5174246E7
1.5174256E7
1.5174266E7
1.5174276E7
1.5174286E7
1.5174296E7
1.5174306E7
1.5174316E7
1.5174326E7
1.5174336E7
1.5174346E7
1.5174356E7
1.5174366E7
1.5174376E7
1.5174386E7
1.5174396E7
1.5174406E7
1.5174416E7
1.5174426E7
1.5174436E7
1.5174446E7
1.5174456E7
1.5174466E7
1.5174476E7
1.5174476542036805E7
1.5174476542037936E7
1.5174486E7
1.5174496E7
1.5174506E7
1.5174516E7
1.5174526E7
1.5174536E7
1.5174546E7
1.5174556E7
1.5174566E7
1.5174576E7
1.5174586E7
1.5174596E7
1.5174606E7
1.5174616E7
1.5174626E7
1.5174636E7
1.5174646E7
1.5174656E7
1.5174666E7
1.5174676E7
1.5174686E7
1.5174696E7
1.5174706E7
1.5174716E7
1.5174726E7
1.5174736E7
1.5174746E7
1.5174756E7
1.5174766E7
1.5174776E7
1.5174786E7
1.5174796E7
1.5174806E7
1.5174816E7
1.5174826E7
1.5174836E7
1.5174846E7
1.5174856E7
1.5174866E7
1.5416000091247998E7
1.5416006E7
1.5416016E7
1.5416026E7
1.5416036E7
1.5416046E7
1.5416056E7
1.5416066E7
1.5416076E7
1.5416086E7
1.5416096E7
1.5416106E7
1.5416116E7
1.5416126E7
1.5416136E7
1.5416146E7
1.5416156E7
1.5416166E7
1.5416176E7
1.5416186E7
1.5416196E7
1.5416206E7
1.5416216E7
1.5416226E7
1.5416236E7
1.5416246E7
1.5416256E7
1.5416266E7
1.5416276E7
1.5416286E7
1.5416296E7
1.5416306E7
1.5416316E7
1.5416326E7
1.5416336E7
1.5416346E7
1.5416356E7
1.5416366E7
1.5416376E7
1.5416386E7
1.5416396E7
1.5416406E7
1.5416416E7
1.5416426E7
1.5416436E7
1.5416446E7
1.5416456E7
1.5416466E7
1.5416476E7
1.5416486E7
1.5416496E7
1.5416506E7
1.5416516E7
1.5416526E7
1.5416536E7
1.5416546E7
1.5416556E7
1.5416566E7
1.5416576E7
1.5416586E7
1.5416596E7
1.5416606E7
1.5416616E7
1.5416626E7
1.5416636E7
1.5416646E7
1.5416656E7
1.5416666E7
1.5416676E7
1.5416686E7
1.5416696E7
1.5416706E7
1.5416716E7
1.5416726E7
1.5416736E7
1.5416746E7
1.5416756E7
1.5416766E7
1.5416776E7
1.5416786E7
