1.4737001889642807E7
1.4737001889643937E7
1.4737006E7
1.4737016E7
1.4737026E7
1.4737036E7
1.4737046E7
1.4737056E7
1.4737066E7
1.4737076E7
1.4737086E7
1.4737096E7
1.4737106E7
1.4737116E7
1.4737126E7
1.4737136E7
1.4737146E7
1.4737156E7
1.4737166E7
1.4737176E7
1.4737186E7
1.4737196E7
1.4737206E7
1.4737216E7
1.4737226E7
1.4737236E7
1.4737246E7
1.4737256E7
1.4737266E7
1.4737276E7
1.4737286E7
1.4737296E7
1.4737306E7
1.4737316E7
1.4737326E7
1.4737336E7
1.4737346E7
1.4737356E7
1.4737366E7
1.4737376E7
1.4737386E7
1.4737396E7
1.4737406E7
1.4737416E7
1.4737426E7
1.4737436E7
1.4737446E7
1.4737456E7
1.4737466E7
1.4737476E7
1.4737486E7
1.473748768506584E7
1.473748768506697E7
1.4737496E7
1.4737506E7
1.4737516E7
1.4737526E7
1.4737536E7
1.4737546E7
1.4737556E7
1.4737566E7
1.4737576E7
1.4737586E7
1.4737596E7
1.4737606E7
1.4737616E7
1.4737626E7
1.4737636E7
1.4737646E7
1.4737656E7
1.4737666E7
1.4737676E7
1.4737686E7
1.4737696E7
1.4737706E7
1.4737716E7
1.4737726E7
1.4737736E7
1.4737746E7
1.4737756E7
1.4737766E7
1.4737776E7
1.4737786E7
1.4737796E7
1.4737806E7
1.4737816E7
1.4737826E7
1.4737836E7
1.4737846E7
1.4737856E7
1.4737866E7
1.4737876E7
1.4737886E7
1.4737896E7
1.4737906E7
1.4737916E7
1.4737926E7
1.4737936E7
1.4737946E7
1.4737956E7
1.4737966E7
1.4737976E7
1.4737986E7
1.4737996E7
1.4738006E7
1.4738016E7
1.4738026E7
1.4738036E7
1.4738046E7
1.4738056E7
1.4738066E7
1.4738076E7
1.4738086E7
1.4738096E7
1.4738106E7
1.4738116E7
1.4738126E7
1.4738136E7
1.4738146E7
1.4738156E7
1.4738166E7
1.4738176E7
1.4738186E7
1.5018006E7
1.5018009100650283E7
1.5018009100651413E7
1.5018016E7
1.5018026E7
1.5018036E7
1.5018046E7
1.5018056E7
1.5018066E7
1.5018076E7
1.5018086E7
1.5018096E7
1.5018106E7
1.5018116E7
1.5018126E7
1.5018136E7
1.5018146E7
1.5018156E7
1.5018166E7
1.5018176E7
1.5018186E7
1.5018196E7
1.5018206E7
1.5018216E7
1.5018226E7
1.5018236E7
1.5018246E7
1.5018256E7
1.5018266E7
1.5018276E7
1.5018286E7
1.5018296E7
1.5018306E7
1.5018316E7
1.5018326E7
1.5018336E7
1.5018346E7
1.5018356E7
1.5018366E7
1.5018376E7
1.5018386E7
1.5018396E7
1.5018406E7
1.5018416E7
1.5018426E7
1.5018436E7
1.5018446E7
1.5018456E7
1.5018466E7
1.5018476E7
1.5018486E7
1.5018496E7
1.5018506E7
1.5018516E7
1.5018526E7
1.5018536E7
1.5018546E7
1.5018556E7
1.5018566E7
1.5018576E7
1.5018586E7
1.5018596E7
1.5018606E7
1.5018616E7
1.5018626E7
1.5018636E7
1.5018646E7
1.5018656E7
1.5018666E7
1.5018676E7
1.5018686E7
1.5018696E7
1.5018706E7
1.5018716E7
1.5018726E7
1.5018736E7
1.5018746E7
1.5018756E7
1.5018766E7
1.5018776E7
1.5018786E7
1.5018796E7
1.5018806E7
1.5018816E7
1.5018826E7
1.5018836E7
1.5018846E7
1.5018856E7
1.5018866E7
1.5018876E7
1.5018886E7
1.5018896E7
1.5018906E7
1.5018916E7
1.5018926E7
1.5018936E7
1.5018946E7
1.5018956E7
1.5018966E7
1.5018976E7
1.5018986E7
1.5018996E7
1.5019006E7
1.5019016E7
1.5019026E7
1.5019036E7
1.5163002232406594E7
1.5163006E7
1.5163016E7
1.5163026E7
1.5163036E7
1.5163046E7
1.5163056E7
1.5163066E7
1.5163076E7
1.5163086E7
1.5163096E7
1.5163106E7
1.5163116E7
1.5163126E7
1.5163136E7
1.5163146E7
1.5163156E7
1.5163166E7
1.5163176E7
1.5163186E7
1.5163196E7
1.5163206E7
1.5163216E7
1.5163226E7
1.5163236E7
1.5163246E7
1.5163256E7
1.5163266E7
1.5163276E7
1.5163286E7
1.5163296E7
1.5163306E7
1.5163316E7
1.5163326E7
1.5163336E7
1.5163346E7
1.5163356E7
1.5163366E7
1.5163376E7
1.5163386E7
1.5163396E7
1.5163406E7
1.5163416E7
1.5163426E7
1.5163436E7
1.5163446E7
1.5163456E7
1.5163466E7
1.5163476E7
1.5163486E7
1.5163496E7
1.5163506E7
1.5163516E7
1.5163526E7
1.5163536E7
1.5163546E7
1.5163556E7
1.5163566E7
1.5163576E7
1.5163586E7
1.5163596E7
1.5163606E7
1.5163616E7
1.5163626E7
1.5163636E7
1.5163646E7
1.5163656E7
1.5163666E7
1.5163676E7
1.5163686E7
1.5163696E7
1.5163706E7
1.5163716E7
1.5163726E7
1.5163736E7
1.5163746E7
1.5163756E7
1.5163766E7
1.5163776E7
1.5163786E7
1.5163796E7
1.5163806E7
1.5163816E7
1.5283001312578894E7
1.5283006E7
1.5283016E7
1.5283026E7
1.5283036E7
1.5283046E7
1.5283056E7
1.5283066E7
1.5283076E7
1.5283086E7
1.5283096E7
1.5283106E7
1.5283116E7
1.5283126E7
1.5283136E7
1.5283146E7
1.5283156E7
1.5283166E7
1.5283176E7
1.5283186E7
1.5283196E7
1.5283206E7
1.5283216E7
1.5283226E7
1.5283236E7
1.5283246E7
1.5283256E7
1.5283266E7
1.5283276E7
1.5283286E7
1.5283296E7
1.5283306E7
1.5283316E7
1.5283326E7
1.5283336E7
1.5283346E7
1.5283356E7
1.5283366E7
1.5283376E7
1.5283386E7
1.5283396E7
1.5283406E7
1.5283416E7
1.5283426E7
1.5283436E7
1.5283446E7
1.5283456E7
1.5283466E7
1.5283476E7
1.5283486E7
1.5283496E7
1.5283506E7
1.5283516E7
1.5283526E7
1.5283536E7
1.5283546E7
1.5283556E7
1.5283566E7
1.5283576E7
1.5283586E7
1.5283596E7
1.5283606E7
1.5283616E7
1.5283626E7
1.5283636E7
1.5283646E7
1.5283656E7
1.5283666E7
1.5283676E7
1.5283686E7
1.5283696E7
1.5283706E7
1.5283716E7
1.5283726E7
1.5283736E7
1.5283746E7
1.5283756E7
1.5283766E7
1.5283776E7
1.5283786E7
1.5283796E7
1.5283806E7
1.5283816E7
1.5283826E7
1.5283836E7
1.5283846E7
1.5283856E7
1.5283866E7
1.5283876E7
1.5283886E7
1.5283896E7
1.5283906E7
1.5283916E7
1.5283926E7
1.5283936E7
1.5283946E7
1.5283956E7
1.5283966E7
1.5283976E7
1.5283986E7
1.5283996E7
1.5635002330106832E7
1.5635006E7
1.5635016E7
1.5635026E7
1.5635036E7
1.5635046E7
1.5635056E7
1.5635066E7
1.5635076E7
1.5635086E7
1.5635096E7
1.5635106E7
1.5635116E7
1.5635126E7
1.5635136E7
1.5635146E7
1.5635156E7
1.5635166E7
1.5635176E7
1.5635186E7
1.5635196E7
1.5635206E7
1.5635216E7
1.5635226E7
1.5635236E7
1.5635246E7
1.5635256E7
1.5635266E7
1.5635276E7
1.5635286E7
1.5635296E7
1.5635306E7
1.5635316E7
1.5635326E7
1.5635336E7
1.5635346E7
1.5635356E7
1.5635366E7
1.5635376E7
1.5635386E7
1.5635396E7
1.5635406E7
1.5635416E7
1.5635426E7
1.5635436E7
1.5635446E7
1.563545505787252E7
1.5635456E7
1.5635466E7
1.5635476E7
1.5635486E7
1.5635496E7
1.5635506E7
1.5635516E7
1.5635526E7
1.5635536E7
1.5635546E7
1.5635556E7
1.5635566E7
1.5635576E7
1.5635586E7
1.5635596E7
1.5635606E7
1.5635616E7
1.5635626E7
1.5635636E7
1.5635646E7
1.5635656E7
1.5635666E7
1.5635676E7
1.5635686E7
1.5635696E7
1.5635706E7
1.5635716E7
1.5635726E7
1.5635736E7
1.5635746E7
1.5635756E7
1.5635766E7
1.5635776E7
1.5635786E7
1.5635796E7
1.5635806E7
1.5635816E7
1.5635826E7
1.5635836E7
1.5635846E7
1.5635856E7
1.5635866E7
1.5635876E7
1.5937006E7
1.5937016E7
1.5937026E7
1.5937036E7
1.5937046E7
1.5937056E7
1.5937066E7
1.5937076E7
1.5937086E7
1.5937096E7
1.5937106E7
1.5937116E7
1.5937126E7
1.5937136E7
1.5937146E7
1.5937156E7
1.5937166E7
1.5937176E7
1.5937186E7
1.5937196E7
1.5937206E7
1.5937216E7
1.5937226E7
1.5937236E7
1.5937246E7
1.5937256E7
1.5937266E7
1.5937276E7
1.5937286E7
1.5937296E7
1.5937306E7
1.5937316E7
1.5937326E7
1.5937336E7
1.5937346E7
1.5937356E7
1.5937366E7
1.5937376E7
1.5937386E7
1.5937396E7
1.5937406E7
1.5937416E7
1.5937426E7
1.5937436E7
1.5937446E7
1.5937456E7
1.5937466E7
1.5937476E7
1.5937486E7
1.5937496E7
1.5937506E7
1.5937516E7
1.5937526E7
1.5937536E7
1.5937546E7
1.5937556E7
1.5937566E7
1.5937576E7
1.5937586E7
1.5937596E7
1.5937606E7
1.5937616E7
1.5937626E7
1.5937636E7
1.5937646E7
1.5937656E7
1.5937666E7
1.5937676E7
1.5937686E7
1.5937696E7
1.5937706E7
1.5937716E7
1.5937726E7
1.5937736E7
1.5937746E7
1.5937756E7
1.5937766E7
1.5937776E7
1.5937786E7
1.5937796E7
1.5937806E7
1.5937816E7
1.5937826E7
1.5937836E7
1.5937846E7
1.5937856E7
1.5937866E7
1.5937876E7
1.5937886E7
1.5937896E7
1.5937906E7
1.5937916E7
1.5937926E7
1.5937936E7
1.5937946E7
1.5937956E7
1.5937966E7
1.5937976E7
1.5937986E7
1.5937996E7
1.5938006E7
1.5938016E7
1.5938026E7
1.5938036E7
1.5938046E7
1.5938056E7
1.5938066E7
1.5938076E7
1.5938086E7
