0	7031	4562	2	0	0.0
0	7031	4562	2	0	1.4437E7
0	7031	4561	2	2	1.4438E7
0	7032	4558	2	4	1.4439E7
0	7033	4553	3	5	1.444E7
0	7034	4546	3	7	1.4441E7
0	7033	4537	3	8	1.4442E7
0	7033	4531	3	5	1.4443E7
0	7033	4526	3	3	1.4444E7
0	7033	4524	3	0	1.4445E7
0	7033	4524	3	0	1.4446E7
0	7033	4524	3	0	1.4447E7
0	7033	4524	3	0	1.4448E7
0	7033	4524	3	0	1.4449E7
0	7033	4524	3	0	1.445E7
0	7033	4524	3	0	1.4451E7
0	7033	4524	3	0	1.4452E7
0	7033	4524	3	0	1.4453E7
0	7033	4524	3	0	1.4454E7
0	7033	4524	3	0	1.4455E7
0	7033	4524	3	0	1.4456E7
0	7033	4524	3	0	1.4457E7
0	7033	4524	3	0	1.4458E7
0	7033	4524	3	0	1.4459E7
0	7033	4524	3	0	1.446E7
0	7033	4524	3	0	1.4461E7
0	7033	4524	3	0	1.4462E7
0	7033	4524	3	0	1.4463E7
0	7033	4524	3	0	1.4464E7
0	7033	4524	3	1	1.4465E7
0	7033	4522	3	3	1.4466E7
0	7029	4516	3	4	1.4467E7
0	7029	4510	3	6	1.4468E7
0	7029	4502	3	8	1.4469E7
0	7028	4493	3	10	1.447E7
0	7027	4481	3	12	1.4471E7
0	7026	4467	3	14	1.4472E7
0	7025	4452	3	15	1.4473E7
0	7025	4437	3	13	1.4474E7
0	7024	4425	3	10	1.4475E7
0	7024	4417	3	7	1.4476E7
0	7024	4411	3	4	1.4477E7
0	7024	4407	3	2	1.4478E7
0	7024	4406	3	1	1.4479E7
0	7024	4405	3	0	1.448E7
0	7024	4405	3	0	1.4481E7
0	7023	4403	3	2	1.4482E7
0	7023	4400	3	2	1.4483E7
0	7022	4399	3	0	1.4484E7
0	7022	4398	3	0	1.4485E7
0	7021	4397	3	2	1.4486E7
0	7018	4395	4	4	1.4487E7
0	7013	4394	4	6	1.4488E7
0	7006	4389	4	8	1.4489E7
0	6997	4388	5	10	1.449E7
0	6987	4387	5	8	1.4491E7
0	6980	4386	5	5	1.4492E7
0	6976	4385	5	3	1.4493E7
0	6973	4384	5	1	1.4494E7
0	6972	4384	5	0	1.4495E7
0	6971	4384	5	0	1.4496E7
0	6971	4384	5	0	1.4497E7
0	6971	4384	5	0	1.4498E7
0	6971	4384	5	0	1.4499E7
0	6971	4384	5	0	1.45E7
0	6971	4384	5	0	1.4501E7
0	6971	4384	5	0	1.4502E7
0	6971	4384	5	0	1.4503E7
0	6971	4384	5	0	1.4504E7
0	6971	4384	5	0	1.4505E7
0	6971	4384	5	0	1.4506E7
0	6971	4384	5	0	1.4507E7
0	6971	4384	5	0	1.4508E7
0	6971	4384	5	0	1.4509E7
0	6971	4384	5	0	1.451E7
0	6971	4384	5	0	1.4511E7
0	6971	4384	5	0	1.4512E7
0	6971	4384	5	0	1.4513E7
0	6971	4384	5	0	1.4514E7
0	6971	4384	5	0	1.4515E7
0	6971	4384	5	0	1.4516E7
0	6971	4384	5	0	1.4517E7
0	6971	4384	5	0	1.4518E7
0	6971	4384	5	0	1.4519E7
0	6971	4384	5	0	1.452E7
0	6971	4384	5	0	1.4521E7
0	6971	4384	5	0	1.4522E7
0	6971	4384	5	0	1.4523E7
0	6971	4384	5	0	1.4524E7
0	6971	4384	5	0	1.4525E7
0	6971	4384	5	0	1.4526E7
0	6971	4384	5	0	1.4527E7
0	6971	4384	5	0	1.4528E7
0	6971	4384	5	0	1.4529E7
0	6971	4384	5	0	1.453E7
0	6971	4384	5	0	1.4531E7
0	6971	4384	5	0	1.4532E7
0	6971	4384	5	0	1.4533E7
0	6971	4384	5	0	1.4534E7
0	6971	4384	5	0	1.4535E7
0	6971	4384	5	0	1.4536E7
0	6969	4384	5	2	1.4537E7
0	6967	4382	5	4	1.4538E7
0	6966	4377	4	6	1.4539E7
0	6966	4370	3	8	1.454E7
0	6963	4360	3	10	1.4541E7
0	6964	4349	3	12	1.4542E7
0	6965	4336	3	14	1.4543E7
0	6966	4320	3	15	1.4544E7
0	6967	4306	3	12	1.4545E7
0	6968	4296	3	9	1.4546E7
0	6969	4288	3	6	1.4547E7
0	6970	4283	3	3	1.4548E7
0	6971	4281	3	1	1.4549E7
0	6971	4280	3	0	1.455E7
0	6971	4279	3	0	1.4551E7
0	6971	4279	3	0	1.4552E7
0	6972	4279	3	0	1.4553E7
0	6972	4279	3	0	1.4554E7
0	6972	4279	3	0	1.4555E7
0	6972	4279	3	0	1.4556E7
0	6972	4279	3	0	1.4557E7
0	6972	4279	3	0	1.4558E7
0	6972	4279	3	0	1.4559E7
0	6972	4279	3	0	1.456E7
0	6972	4279	3	0	1.4561E7
0	6972	4279	3	0	1.4562E7
0	6972	4279	3	0	1.4563E7
0	6972	4279	3	0	1.4564E7
0	6972	4279	3	0	1.4565E7
0	6972	4279	3	0	1.4566E7
0	6972	4279	3	0	1.4567E7
0	6972	4279	3	0	1.4568E7
0	6972	4279	3	0	1.4569E7
0	6972	4279	3	0	1.457E7
0	6972	4279	3	0	1.4571E7
0	6972	4279	3	0	1.4572E7
0	6972	4279	3	0	1.4573E7
0	6972	4279	3	0	1.4574E7
0	6972	4279	3	0	1.4575E7
0	6972	4279	3	0	1.4576E7
0	6972	4279	3	0	1.4577E7
0	6972	4279	3	0	1.4578E7
0	6972	4279	3	0	1.4579E7
0	6972	4279	3	0	1.458E7
0	6972	4279	3	0	1.4581E7
0	6972	4277	3	2	1.4582E7
0	6974	4274	3	4	1.4583E7
0	6977	4269	2	6	1.4584E7
0	6982	4264	2	8	1.4585E7
0	6991	4260	2	10	1.4586E7
0	7002	4257	1	12	1.4587E7
0	7015	4254	1	14	1.4588E7
0	7030	4249	1	15	1.4589E7
0	7045	4244	1	15	1.459E7
0	7060	4239	1	15	1.4591E7
0	7073	4234	1	11	1.4592E7
0	7082	4231	1	8	1.4593E7
0	7089	4228	1	5	1.4594E7
0	7093	4226	1	3	1.4595E7
0	7096	4223	2	5	1.4596E7
0	7099	4217	2	7	1.4597E7
0	7100	4207	3	9	1.4598E7
0	7097	4197	3	11	1.4599E7
0	7094	4184	3	13	1.46E7
0	7090	4171	3	13	1.4601E7
0	7087	4160	3	9	1.4602E7
0	7084	4152	3	6	1.4603E7
0	7083	4147	3	4	1.4604E7
0	7082	4143	3	2	1.4605E7
0	7082	4142	3	1	1.4606E7
0	7081	4141	3	0	1.4607E7
0	7081	4141	3	0	1.4608E7
0	7081	4141	3	0	1.4609E7
0	7081	4141	3	0	1.461E7
0	7081	4141	3	0	1.4611E7
0	7081	4141	3	0	1.4612E7
0	7081	4141	3	0	1.4613E7
0	7081	4141	3	0	1.4614E7
0	7081	4141	3	0	1.4615E7
0	7081	4141	3	0	1.4616E7
0	7081	4141	3	0	1.4617E7
0	7081	4141	3	0	1.4618E7
0	7081	4141	3	0	1.4619E7
0	7081	4141	3	0	1.462E7
0	7081	4141	3	0	1.4621E7
0	7081	4141	3	0	1.4622E7
0	7081	4141	3	0	1.4623E7
0	7081	4141	3	0	1.4624E7
0	7081	4141	3	0	1.4625E7
0	7081	4141	3	0	1.4626E7
0	7081	4141	3	0	1.4627E7
0	7081	4141	3	0	1.4628E7
0	7081	4141	3	0	1.4629E7
0	7081	4141	3	0	1.463E7
0	7081	4141	3	0	1.4631E7
0	7081	4141	3	0	1.4632E7
0	7081	4141	3	0	1.4633E7
0	7081	4141	3	0	1.4634E7
0	7081	4141	3	0	1.4635E7
0	7081	4141	3	0	1.4636E7
0	7081	4141	3	0	1.4637E7
0	7081	4141	3	0	1.4638E7
0	7081	4141	3	0	1.4639E7
0	7081	4141	3	0	1.464E7
0	7081	4141	3	0	1.4641E7
0	7081	4139	3	2	1.4642E7
0	7080	4136	3	4	1.4643E7
0	7078	4130	3	6	1.4644E7
0	7076	4123	3	8	1.4645E7
0	7074	4114	3	10	1.4646E7
0	7073	4102	3	12	1.4647E7
0	7070	4089	3	14	1.4648E7
0	7065	4074	3	16	1.4649E7
0	7060	4057	3	18	1.465E7
0	7055	4038	3	20	1.4651E7
0	7049	4019	3	19	1.4652E7
0	7044	4002	3	15	1.4653E7
0	7040	3989	3	11	1.4654E7
0	7037	3980	3	8	1.4655E7
0	7035	3973	3	5	1.4656E7
0	7034	3968	3	3	1.4657E7
0	7033	3966	3	0	1.4658E7
0	7033	3966	3	0	1.4659E7
0	7033	3966	3	0	1.466E7
0	7033	3966	3	0	1.4661E7
0	7033	3966	3	0	1.4662E7
0	7033	3966	3	0	1.4663E7
0	7033	3966	3	0	1.4664E7
0	7033	3966	3	0	1.4665E7
0	7033	3966	3	0	1.4666E7
0	7033	3966	3	0	1.4667E7
0	7033	3966	3	0	1.4668E7
0	7033	3966	3	0	1.4669E7
0	7033	3966	3	0	1.467E7
0	7033	3966	3	0	1.4671E7
0	7033	3966	3	0	1.4672E7
0	7033	3966	3	0	1.4673E7
0	7033	3966	3	0	1.4674E7
0	7033	3966	3	0	1.4675E7
0	7033	3966	3	0	1.4676E7
0	7033	3966	3	0	1.4677E7
0	7033	3966	3	0	1.4678E7
0	7032	3964	3	3	1.4679E7
0	7031	3960	3	5	1.468E7
0	7029	3954	3	7	1.4681E7
0	7027	3946	3	9	1.4682E7
0	7024	3935	3	11	1.4683E7
0	7021	3923	3	13	1.4684E7
0	7018	3911	3	11	1.4685E7
0	7016	3901	3	8	1.4686E7
0	7014	3894	3	5	1.4687E7
0	7013	3890	3	3	1.4688E7
0	7012	3888	3	1	1.4689E7
0	7011	3887	3	0	1.469E7
0	7011	3887	3	0	1.4691E7
0	7011	3886	3	0	1.4692E7
0	7011	3886	3	0	1.4693E7
0	7011	3886	3	0	1.4694E7
0	7011	3886	3	0	1.4695E7
0	7011	3886	3	0	1.4696E7
0	7011	3886	3	0	1.4697E7
0	7011	3886	3	0	1.4698E7
0	7011	3886	3	0	1.4699E7
0	7011	3886	3	0	1.47E7
0	7011	3886	3	0	1.4701E7
0	7011	3886	3	0	1.4702E7
0	7011	3886	3	0	1.4703E7
0	7011	3886	3	0	1.4704E7
0	7011	3886	3	0	1.4705E7
0	7011	3886	3	0	1.4706E7
0	7011	3886	3	0	1.4707E7
0	7011	3886	3	0	1.4708E7
0	7011	3886	3	0	1.4709E7
0	7011	3886	3	0	1.471E7
0	7011	3886	3	0	1.4711E7
0	7011	3886	3	0	1.4712E7
0	7011	3886	3	0	1.4713E7
0	7011	3886	3	0	1.4714E7
0	7011	3886	3	0	1.4715E7
0	7011	3886	3	0	1.4716E7
0	7010	3885	3	2	1.4717E7
0	7012	3882	3	4	1.4718E7
0	7017	3880	2	6	1.4719E7
0	7025	3879	1	8	1.472E7
0	7034	3876	1	10	1.4721E7
0	7045	3873	1	12	1.4722E7
0	7058	3870	1	14	1.4723E7
0	7073	3866	1	15	1.4724E7
0	7089	3863	1	15	1.4725E7
0	7104	3861	1	15	1.4726E7
0	7120	3858	1	15	1.4727E7
0	7135	3855	1	15	1.4728E7
0	7151	3852	1	15	1.4729E7
0	7167	3849	1	15	1.473E7
0	7182	3846	1	15	1.4731E7
0	7198	3844	1	15	1.4732E7
0	7213	3841	1	15	1.4733E7
0	7229	3838	1	15	1.4734E7
0	7244	3835	1	15	1.4735E7
0	7260	3833	1	15	1.4736E7
0	7276	3830	1	15	1.4737E7
0	7291	3827	1	15	1.4738E7
0	7307	3824	1	15	1.4739E7
0	7322	3821	1	15	1.474E7
0	7338	3818	1	15	1.4741E7
0	7353	3815	1	15	1.4742E7
0	7369	3812	1	15	1.4743E7
0	7384	3810	1	15	1.4744E7
0	7400	3807	1	15	1.4745E7
0	7416	3804	1	15	1.4746E7
0	7431	3801	1	15	1.4747E7
0	7447	3798	1	15	1.4748E7
0	7462	3795	1	15	1.4749E7
0	7478	3792	1	15	1.475E7
0	7493	3789	1	15	1.4751E7
0	7509	3786	1	15	1.4752E7
0	7524	3784	1	15	1.4753E7
0	7540	3781	1	15	1.4754E7
0	7556	3778	1	15	1.4755E7
0	7571	3775	1	15	1.4756E7
0	7587	3772	1	15	1.4757E7
0	7602	3769	1	15	1.4758E7
0	7618	3766	1	15	1.4759E7
0	7633	3763	1	15	1.476E7
0	7649	3760	1	15	1.4761E7
0	7664	3757	1	15	1.4762E7
0	7680	3754	1	15	1.4763E7
0	7695	3751	1	15	1.4764E7
0	7711	3748	1	15	1.4765E7
0	7727	3745	1	15	1.4766E7
0	7742	3742	1	15	1.4767E7
0	7757	3739	1	15	1.4768E7
0	7773	3736	1	15	1.4769E7
0	7789	3732	1	15	1.477E7
0	7804	3729	1	15	1.4771E7
0	7820	3726	1	15	1.4772E7
0	7835	3723	1	15	1.4773E7
0	7850	3719	1	15	1.4774E7
0	7865	3716	1	14	1.4775E7
0	7878	3713	1	10	1.4776E7
0	7886	3711	1	7	1.4777E7
0	7893	3709	1	5	1.4778E7
0	7896	3709	1	2	1.4779E7
0	7898	3708	1	1	1.478E7
0	7899	3708	1	0	1.4781E7
0	7899	3708	1	0	1.4782E7
0	7900	3708	1	0	1.4783E7
0	7900	3708	1	0	1.4784E7
0	7900	3708	1	0	1.4785E7
0	7900	3708	1	0	1.4786E7
0	7900	3708	1	0	1.4787E7
0	7900	3708	1	0	1.4788E7
0	7900	3708	1	0	1.4789E7
0	7900	3708	1	0	1.479E7
0	7900	3708	1	0	1.4791E7
0	7900	3708	1	0	1.4792E7
0	7900	3708	1	0	1.4793E7
0	7900	3708	1	0	1.4794E7
0	7900	3708	1	0	1.4795E7
0	7900	3708	1	0	1.4796E7
0	7900	3708	1	0	1.4797E7
0	7900	3708	1	0	1.4798E7
0	7900	3708	1	0	1.4799E7
0	7900	3708	1	0	1.48E7
0	7900	3708	1	0	1.4801E7
0	7901	3708	1	2	1.4802E7
0	7905	3707	1	4	1.4803E7
0	7910	3708	1	6	1.4804E7
0	7917	3708	1	8	1.4805E7
0	7926	3706	1	10	1.4806E7
0	7937	3704	1	11	1.4807E7
0	7950	3701	1	13	1.4808E7
0	7964	3698	1	15	1.4809E7
0	7980	3695	1	15	1.481E7
0	7995	3693	1	15	1.4811E7
0	8011	3690	1	15	1.4812E7
0	8027	3688	1	15	1.4813E7
0	8042	3685	1	15	1.4814E7
0	8058	3682	1	15	1.4815E7
0	8073	3678	1	15	1.4816E7
0	8088	3674	1	15	1.4817E7
0	8104	3669	1	15	1.4818E7
0	8119	3666	1	15	1.4819E7
0	8135	3663	1	15	1.482E7
0	8150	3661	1	15	1.4821E7
0	8166	3658	1	15	1.4822E7
0	8182	3655	1	15	1.4823E7
0	8197	3652	1	14	1.4824E7
0	8209	3650	1	10	1.4825E7
0	8218	3648	1	7	1.4826E7
0	8224	3647	1	4	1.4827E7
0	8227	3646	1	2	1.4828E7
0	8228	3646	1	0	1.4829E7
0	8228	3646	1	0	1.483E7
0	8228	3646	1	0	1.4831E7
0	8228	3646	1	0	1.4832E7
0	8228	3646	1	0	1.4833E7
0	8228	3646	1	0	1.4834E7
0	8228	3646	1	0	1.4835E7
0	8228	3646	1	0	1.4836E7
0	8228	3646	1	0	1.4837E7
0	8228	3646	1	0	1.4838E7
0	8228	3646	1	0	1.4839E7
0	8228	3646	1	0	1.484E7
0	8228	3646	1	0	1.4841E7
0	8228	3646	1	0	1.4842E7
0	8228	3646	1	0	1.4843E7
0	8228	3646	1	0	1.4844E7
0	8228	3646	1	0	1.4845E7
0	8228	3646	1	0	1.4846E7
0	8228	3646	1	0	1.4847E7
0	8228	3646	1	0	1.4848E7
0	8229	3646	1	1	1.4849E7
0	8232	3645	1	3	1.485E7
0	8237	3644	1	6	1.4851E7
0	8244	3642	1	7	1.4852E7
0	8252	3640	1	9	1.4853E7
0	8263	3637	1	11	1.4854E7
0	8275	3634	1	13	1.4855E7
0	8290	3630	1	15	1.4856E7
0	8305	3626	1	15	1.4857E7
0	8321	3622	1	15	1.4858E7
0	8336	3618	1	15	1.4859E7
0	8351	3614	1	15	1.486E7
0	8366	3610	1	15	1.4861E7
0	8382	3606	1	15	1.4862E7
0	8397	3601	1	15	1.4863E7
0	8412	3597	1	15	1.4864E7
0	8427	3592	1	15	1.4865E7
0	8443	3588	1	15	1.4866E7
0	8458	3583	1	15	1.4867E7
0	8473	3578	1	15	1.4868E7
0	8488	3574	1	15	1.4869E7
0	8503	3569	1	15	1.487E7
0	8518	3564	1	15	1.4871E7
0	8533	3560	1	14	1.4872E7
0	8545	3556	1	10	1.4873E7
0	8553	3553	1	7	1.4874E7
0	8559	3551	1	4	1.4875E7
0	8563	3550	1	2	1.4876E7
0	8564	3549	1	0	1.4877E7
0	8564	3549	1	0	1.4878E7
0	8564	3549	1	0	1.4879E7
0	8564	3549	1	0	1.488E7
0	8564	3549	1	0	1.4881E7
0	8564	3549	1	0	1.4882E7
0	8564	3549	1	0	1.4883E7
0	8564	3549	1	0	1.4884E7
0	8564	3549	1	0	1.4885E7
0	8564	3549	1	0	1.4886E7
0	8564	3549	1	0	1.4887E7
0	8564	3549	1	0	1.4888E7
0	8564	3549	1	0	1.4889E7
0	8564	3549	1	0	1.489E7
0	8564	3549	1	0	1.4891E7
0	8564	3549	1	0	1.4892E7
0	8564	3549	1	0	1.4893E7
0	8564	3549	1	0	1.4894E7
0	8564	3549	1	0	1.4895E7
0	8564	3549	1	0	1.4896E7
0	8564	3549	1	1	1.4897E7
0	8567	3548	1	3	1.4898E7
0	8572	3546	1	5	1.4899E7
0	8578	3544	1	7	1.49E7
0	8586	3541	1	9	1.4901E7
0	8596	3538	1	11	1.4902E7
0	8608	3533	1	13	1.4903E7
0	8622	3529	1	15	1.4904E7
0	8637	3523	1	15	1.4905E7
0	8652	3518	1	15	1.4906E7
0	8666	3512	1	15	1.4907E7
0	8681	3506	1	15	1.4908E7
0	8696	3500	1	15	1.4909E7
0	8711	3495	1	15	1.491E7
0	8725	3489	1	15	1.4911E7
0	8740	3483	1	15	1.4912E7
0	8755	3477	2	15	1.4913E7
0	8769	3470	2	15	1.4914E7
0	8784	3464	2	15	1.4915E7
0	8798	3457	2	15	1.4916E7
0	8812	3451	2	15	1.4917E7
0	8827	3444	2	15	1.4918E7
0	8840	3438	2	12	1.4919E7
0	8849	3434	2	9	1.492E7
0	8856	3431	2	6	1.4921E7
0	8861	3429	2	3	1.4922E7
0	8863	3427	2	2	1.4923E7
0	8864	3427	2	0	1.4924E7
0	8865	3427	2	0	1.4925E7
0	8865	3426	2	0	1.4926E7
0	8865	3426	2	0	1.4927E7
0	8865	3426	2	0	1.4928E7
0	8865	3426	2	0	1.4929E7
0	8865	3426	2	0	1.493E7
0	8865	3426	2	0	1.4931E7
0	8865	3426	2	0	1.4932E7
0	8865	3426	2	0	1.4933E7
0	8865	3426	2	0	1.4934E7
0	8865	3426	2	0	1.4935E7
0	8865	3426	2	0	1.4936E7
0	8865	3426	2	0	1.4937E7
0	8865	3426	2	0	1.4938E7
0	8865	3426	2	0	1.4939E7
0	8865	3426	2	0	1.494E7
0	8865	3426	2	0	1.4941E7
0	8866	3426	2	2	1.4942E7
0	8869	3424	2	4	1.4943E7
0	8874	3422	2	6	1.4944E7
0	8880	3419	2	8	1.4945E7
0	8889	3415	2	10	1.4946E7
0	8899	3410	2	12	1.4947E7
0	8911	3404	2	14	1.4948E7
0	8925	3398	2	15	1.4949E7
0	8939	3391	2	15	1.495E7
0	8953	3384	2	15	1.4951E7
0	8967	3377	2	15	1.4952E7
0	8981	3369	2	15	1.4953E7
0	8995	3362	2	14	1.4954E7
0	9006	3357	2	10	1.4955E7
0	9014	3352	2	7	1.4956E7
0	9019	3349	2	4	1.4957E7
0	9022	3347	2	2	1.4958E7
0	9023	3347	2	0	1.4959E7
0	9023	3347	2	0	1.496E7
0	9023	3347	2	0	1.4961E7
0	9023	3347	2	0	1.4962E7
0	9023	3347	2	0	1.4963E7
0	9023	3347	2	0	1.4964E7
0	9023	3347	2	0	1.4965E7
0	9023	3347	2	0	1.4966E7
0	9023	3347	2	0	1.4967E7
0	9023	3347	2	0	1.4968E7
0	9023	3347	2	0	1.4969E7
0	9023	3347	2	0	1.497E7
0	9023	3347	2	0	1.4971E7
0	9023	3347	2	0	1.4972E7
0	9023	3347	2	0	1.4973E7
0	9023	3347	2	0	1.4974E7
0	9023	3347	2	0	1.4975E7
0	9023	3347	2	0	1.4976E7
0	9023	3347	2	0	1.4977E7
0	9023	3347	2	0	1.4978E7
0	9023	3347	2	1	1.4979E7
0	9026	3345	2	3	1.498E7
0	9030	3343	2	5	1.4981E7
0	9036	3339	2	7	1.4982E7
0	9044	3335	2	9	1.4983E7
0	9054	3330	2	11	1.4984E7
0	9065	3324	2	13	1.4985E7
0	9078	3317	2	15	1.4986E7
0	9092	3309	2	15	1.4987E7
0	9105	3301	2	15	1.4988E7
0	9119	3293	2	15	1.4989E7
0	9132	3285	2	15	1.499E7
0	9146	3276	2	15	1.4991E7
0	9159	3268	2	15	1.4992E7
0	9173	3260	2	15	1.4993E7
0	9187	3252	2	15	1.4994E7
0	9200	3244	2	15	1.4995E7
0	9214	3235	2	15	1.4996E7
0	9227	3227	2	15	1.4997E7
0	9240	3218	2	15	1.4998E7
0	9253	3208	2	15	1.4999E7
0	9266	3199	2	15	1.5E7
0	9279	3190	2	15	1.5001E7
0	9292	3181	2	15	1.5002E7
0	9305	3172	2	15	1.5003E7
0	9317	3162	2	15	1.5004E7
0	9330	3153	2	15	1.5005E7
0	9343	3144	2	15	1.5006E7
0	9356	3135	2	15	1.5007E7
0	9369	3125	2	15	1.5008E7
0	9382	3116	2	15	1.5009E7
0	9394	3106	2	15	1.501E7
0	9407	3097	2	15	1.5011E7
0	9419	3087	2	15	1.5012E7
0	9432	3077	2	15	1.5013E7
0	9444	3067	2	15	1.5014E7
0	9456	3057	2	15	1.5015E7
0	9469	3047	2	15	1.5016E7
0	9481	3037	2	15	1.5017E7
0	9493	3027	2	15	1.5018E7
0	9505	3017	2	15	1.5019E7
0	9518	3007	2	15	1.502E7
0	9529	2997	2	13	1.5021E7
0	9538	2989	2	10	1.5022E7
0	9545	2984	2	7	1.5023E7
0	9549	2980	2	4	1.5024E7
0	9552	2978	2	2	1.5025E7
0	9552	2977	2	0	1.5026E7
0	9552	2977	2	0	1.5027E7
0	9552	2977	2	0	1.5028E7
0	9552	2977	2	0	1.5029E7
0	9552	2977	2	0	1.503E7
0	9552	2977	2	0	1.5031E7
0	9552	2977	2	0	1.5032E7
0	9552	2977	2	0	1.5033E7
0	9552	2977	2	0	1.5034E7
0	9552	2977	2	0	1.5035E7
0	9552	2977	2	0	1.5036E7
0	9552	2977	2	0	1.5037E7
0	9552	2977	2	0	1.5038E7
0	9552	2977	2	0	1.5039E7
0	9552	2977	2	0	1.504E7
0	9552	2977	2	0	1.5041E7
0	9552	2977	2	0	1.5042E7
0	9552	2977	2	0	1.5043E7
0	9552	2977	2	0	1.5044E7
0	9552	2977	2	0	1.5045E7
0	9553	2977	2	2	1.5046E7
0	9556	2975	2	3	1.5047E7
0	9559	2971	2	5	1.5048E7
0	9564	2967	2	7	1.5049E7
0	9571	2961	2	9	1.505E7
0	9579	2954	2	11	1.5051E7
0	9589	2945	2	13	1.5052E7
0	9600	2936	2	15	1.5053E7
0	9611	2925	2	15	1.5054E7
0	9623	2915	2	15	1.5055E7
0	9635	2904	2	15	1.5056E7
0	9647	2894	2	15	1.5057E7
0	9659	2883	2	15	1.5058E7
0	9671	2873	2	15	1.5059E7
0	9683	2862	2	15	1.506E7
0	9695	2852	2	15	1.5061E7
0	9707	2842	2	15	1.5062E7
0	9719	2832	2	15	1.5063E7
0	9731	2822	2	15	1.5064E7
0	9743	2811	2	15	1.5065E7
0	9755	2801	2	15	1.5066E7
0	9767	2791	2	15	1.5067E7
0	9779	2780	2	15	1.5068E7
0	9791	2770	2	15	1.5069E7
0	9803	2759	2	15	1.507E7
0	9815	2749	2	15	1.5071E7
0	9827	2739	2	15	1.5072E7
0	9839	2728	2	15	1.5073E7
0	9851	2718	2	15	1.5074E7
0	9863	2708	2	15	1.5075E7
0	9875	2698	2	15	1.5076E7
0	9887	2687	2	15	1.5077E7
0	9899	2677	2	15	1.5078E7
0	9911	2666	2	15	1.5079E7
0	9921	2658	2	11	1.508E7
0	9929	2651	2	8	1.5081E7
0	9934	2646	2	5	1.5082E7
0	9937	2643	2	3	1.5083E7
0	9939	2642	2	0	1.5084E7
0	9939	2642	2	0	1.5085E7
0	9939	2642	2	0	1.5086E7
0	9939	2642	2	0	1.5087E7
0	9939	2642	2	0	1.5088E7
0	9939	2642	2	0	1.5089E7
0	9939	2642	2	0	1.509E7
0	9939	2642	2	0	1.5091E7
0	9939	2642	2	0	1.5092E7
0	9939	2642	2	0	1.5093E7
0	9939	2642	2	0	1.5094E7
0	9939	2642	2	0	1.5095E7
0	9939	2642	2	0	1.5096E7
0	9939	2642	2	0	1.5097E7
0	9939	2642	2	0	1.5098E7
0	9939	2642	2	0	1.5099E7
0	9939	2642	2	0	1.51E7
0	9939	2642	2	0	1.5101E7
0	9939	2642	2	0	1.5102E7
0	9939	2642	2	0	1.5103E7
0	9939	2642	2	0	1.5104E7
0	9941	2640	2	3	1.5105E7
0	9944	2638	2	4	1.5106E7
0	9948	2634	2	6	1.5107E7
0	9954	2628	2	8	1.5108E7
0	9961	2621	2	11	1.5109E7
0	9971	2613	2	13	1.511E7
0	9980	2605	2	10	1.5111E7
0	9987	2599	2	7	1.5112E7
0	9991	2595	2	5	1.5113E7
0	9994	2592	2	2	1.5114E7
0	9995	2591	2	1	1.5115E7
0	9996	2591	2	0	1.5116E7
0	9996	2590	2	0	1.5117E7
0	9996	2590	2	0	1.5118E7
0	9996	2590	2	0	1.5119E7
0	9996	2590	2	0	1.512E7
0	9997	2590	2	0	1.5121E7
0	9998	2589	2	2	1.5122E7
0	10000	2587	2	4	1.5123E7
0	10004	2583	2	6	1.5124E7
0	10009	2579	2	7	1.5125E7
0	10015	2573	2	9	1.5126E7
0	10024	2565	2	11	1.5127E7
0	10034	2557	2	13	1.5128E7
0	10045	2547	2	15	1.5129E7
0	10057	2537	2	15	1.513E7
0	10069	2527	2	15	1.5131E7
0	10081	2516	2	15	1.5132E7
0	10093	2506	2	15	1.5133E7
0	10104	2496	2	15	1.5134E7
0	10116	2485	2	15	1.5135E7
0	10128	2475	2	15	1.5136E7
0	10140	2464	2	15	1.5137E7
0	10152	2454	2	15	1.5138E7
0	10164	2444	2	15	1.5139E7
0	10176	2433	2	15	1.514E7
0	10188	2423	2	15	1.5141E7
0	10200	2413	2	15	1.5142E7
0	10212	2402	2	15	1.5143E7
0	10224	2392	2	15	1.5144E7
0	10236	2382	2	15	1.5145E7
0	10248	2371	2	15	1.5146E7
0	10260	2361	2	15	1.5147E7
0	10272	2351	2	15	1.5148E7
0	10284	2340	2	15	1.5149E7
0	10296	2330	2	15	1.515E7
0	10307	2319	2	15	1.5151E7
0	10317	2310	2	12	1.5152E7
0	10325	2303	2	8	1.5153E7
0	10331	2298	2	6	1.5154E7
0	10334	2295	2	3	1.5155E7
0	10336	2294	2	0	1.5156E7
0	10336	2294	2	0	1.5157E7
0	10336	2294	2	0	1.5158E7
0	10336	2294	2	0	1.5159E7
0	10336	2294	2	0	1.516E7
0	10336	2294	2	0	1.5161E7
0	10336	2294	2	0	1.5162E7
0	10336	2294	2	0	1.5163E7
0	10336	2294	2	0	1.5164E7
0	10336	2294	2	0	1.5165E7
0	10336	2294	2	0	1.5166E7
0	10336	2294	2	0	1.5167E7
0	10336	2294	2	0	1.5168E7
0	10336	2294	2	0	1.5169E7
0	10336	2294	2	0	1.517E7
0	10336	2294	2	0	1.5171E7
0	10336	2294	2	0	1.5172E7
0	10336	2294	2	0	1.5173E7
0	10336	2294	2	0	1.5174E7
0	10336	2294	2	0	1.5175E7
0	10336	2293	2	0	1.5176E7
0	10338	2292	2	3	1.5177E7
0	10341	2289	2	4	1.5178E7
0	10345	2285	2	6	1.5179E7
0	10351	2280	2	8	1.518E7
0	10358	2274	2	10	1.5181E7
0	10367	2267	2	12	1.5182E7
0	10377	2258	2	14	1.5183E7
0	10388	2247	2	15	1.5184E7
0	10400	2237	2	15	1.5185E7
0	10412	2226	2	15	1.5186E7
0	10424	2216	2	15	1.5187E7
0	10436	2205	2	15	1.5188E7
0	10448	2195	2	15	1.5189E7
0	10460	2185	2	15	1.519E7
0	10471	2174	2	15	1.5191E7
0	10483	2164	2	15	1.5192E7
0	10495	2153	2	15	1.5193E7
0	10507	2143	2	15	1.5194E7
0	10519	2133	2	15	1.5195E7
0	10531	2122	2	15	1.5196E7
0	10543	2112	2	15	1.5197E7
0	10555	2102	2	15	1.5198E7
0	10567	2092	2	15	1.5199E7
0	10579	2081	2	15	1.52E7
0	10591	2071	2	15	1.5201E7
0	10603	2061	2	15	1.5202E7
0	10615	2051	2	15	1.5203E7
0	10628	2041	2	15	1.5204E7
0	10640	2031	2	15	1.5205E7
0	10653	2022	2	15	1.5206E7
0	10665	2012	2	15	1.5207E7
0	10678	2002	2	15	1.5208E7
0	10690	1993	2	15	1.5209E7
0	10703	1983	2	15	1.521E7
0	10713	1977	2	15	1.5211E7
0	10728	1983	1	15	1.5212E7
0	10745	1982	1	15	1.5213E7
0	10758	1972	2	15	1.5214E7
0	10770	1960	2	15	1.5215E7
0	10775	1944	3	14	1.5216E7
0	10774	1930	3	11	1.5217E7
0	10770	1920	3	8	1.5218E7
0	10765	1915	4	5	1.5219E7
0	10762	1912	4	3	1.522E7
0	10758	1908	4	6	1.5221E7
0	10751	1904	4	8	1.5222E7
0	10741	1902	5	10	1.5223E7
0	10728	1902	5	12	1.5224E7
0	10715	1907	5	14	1.5225E7
0	10703	1901	4	15	1.5226E7
0	10692	1889	4	15	1.5227E7
0	10682	1877	4	15	1.5228E7
0	10672	1864	4	15	1.5229E7
0	10662	1852	4	15	1.523E7
0	10651	1840	4	15	1.5231E7
0	10641	1828	4	15	1.5232E7
0	10630	1817	4	15	1.5233E7
0	10618	1806	4	15	1.5234E7
0	10607	1795	4	15	1.5235E7
0	10594	1786	4	15	1.5236E7
0	10580	1779	4	15	1.5237E7
0	10565	1772	4	15	1.5238E7
0	10551	1766	4	15	1.5239E7
0	10536	1759	4	15	1.524E7
0	10522	1752	4	15	1.5241E7
0	10508	1746	4	15	1.5242E7
0	10493	1740	4	15	1.5243E7
0	10478	1734	5	15	1.5244E7
0	10463	1728	5	15	1.5245E7
0	10449	1722	5	15	1.5246E7
0	10433	1717	5	15	1.5247E7
0	10418	1714	5	15	1.5248E7
0	10402	1714	5	15	1.5249E7
0	10386	1716	5	15	1.525E7
0	10372	1723	6	15	1.5251E7
0	10360	1733	6	15	1.5252E7
0	10348	1744	6	15	1.5253E7
0	10336	1754	6	15	1.5254E7
0	10323	1764	6	15	1.5255E7
0	10311	1775	6	15	1.5256E7
0	10300	1786	6	15	1.5257E7
0	10288	1796	6	15	1.5258E7
0	10276	1807	6	15	1.5259E7
0	10265	1818	6	15	1.526E7
0	10253	1828	6	15	1.5261E7
0	10241	1839	6	15	1.5262E7
0	10230	1850	6	15	1.5263E7
0	10218	1861	6	15	1.5264E7
0	10206	1871	6	15	1.5265E7
0	10195	1882	6	15	1.5266E7
0	10183	1893	6	15	1.5267E7
0	10172	1903	6	13	1.5268E7
0	10164	1911	6	10	1.5269E7
0	10158	1916	6	7	1.527E7
0	10153	1920	6	4	1.5271E7
0	10151	1922	6	2	1.5272E7
0	10151	1922	6	0	1.5273E7
0	10151	1922	6	0	1.5274E7
0	10151	1922	6	0	1.5275E7
0	10151	1922	6	0	1.5276E7
0	10151	1922	6	0	1.5277E7
0	10151	1922	6	0	1.5278E7
0	10151	1922	6	0	1.5279E7
0	10151	1922	6	0	1.528E7
0	10151	1922	6	0	1.5281E7
0	10151	1922	6	0	1.5282E7
0	10151	1922	6	0	1.5283E7
0	10151	1922	6	0	1.5284E7
0	10151	1922	6	0	1.5285E7
0	10151	1922	6	0	1.5286E7
0	10151	1922	6	0	1.5287E7
0	10151	1922	6	0	1.5288E7
0	10151	1922	6	0	1.5289E7
0	10151	1922	6	0	1.529E7
0	10151	1922	6	0	1.5291E7
0	10151	1922	6	0	1.5292E7
0	10150	1923	6	2	1.5293E7
0	10147	1926	6	4	1.5294E7
0	10143	1929	6	6	1.5295E7
0	10137	1934	6	8	1.5296E7
0	10130	1941	6	10	1.5297E7
0	10122	1948	6	12	1.5298E7
0	10112	1958	6	14	1.5299E7
0	10101	1968	6	15	1.53E7
0	10089	1979	6	15	1.5301E7
0	10078	1990	6	15	1.5302E7
0	10066	2000	6	15	1.5303E7
0	10055	2011	6	15	1.5304E7
0	10043	2022	6	15	1.5305E7
0	10031	2033	6	15	1.5306E7
0	10020	2043	6	15	1.5307E7
0	10008	2054	6	15	1.5308E7
0	9996	2065	6	15	1.5309E7
0	9985	2075	6	15	1.531E7
0	9973	2086	6	15	1.5311E7
0	9961	2097	6	15	1.5312E7
0	9951	2109	6	15	1.5313E7
0	9941	2121	6	15	1.5314E7
0	9932	2134	6	15	1.5315E7
0	9921	2137	5	15	1.5316E7
0	9904	2136	5	15	1.5317E7
0	9890	2145	6	15	1.5318E7
0	9877	2140	4	15	1.5319E7
0	9863	2133	4	15	1.532E7
0	9848	2127	5	15	1.5321E7
0	9833	2121	5	15	1.5322E7
0	9818	2122	5	15	1.5323E7
0	9802	2124	5	15	1.5324E7
0	9786	2126	5	15	1.5325E7
0	9770	2129	5	15	1.5326E7
0	9755	2133	5	15	1.5327E7
0	9740	2138	5	15	1.5328E7
0	9725	2143	5	15	1.5329E7
0	9710	2149	5	15	1.533E7
0	9696	2156	6	15	1.5331E7
0	9682	2164	6	15	1.5332E7
0	9668	2172	6	15	1.5333E7
0	9655	2181	6	15	1.5334E7
0	9642	2189	6	15	1.5335E7
0	9628	2198	6	15	1.5336E7
0	9615	2207	6	15	1.5337E7
0	9602	2216	6	15	1.5338E7
0	9590	2226	6	15	1.5339E7
0	9579	2234	6	12	1.534E7
0	9570	2241	6	9	1.5341E7
0	9564	2246	6	6	1.5342E7
0	9561	2249	6	3	1.5343E7
0	9558	2250	6	1	1.5344E7
0	9557	2251	6	0	1.5345E7
0	9557	2251	6	0	1.5346E7
0	9557	2252	6	0	1.5347E7
0	9557	2252	6	0	1.5348E7
0	9557	2252	6	0	1.5349E7
0	9557	2252	6	0	1.535E7
0	9557	2252	6	0	1.5351E7
0	9557	2252	6	0	1.5352E7
0	9557	2252	6	0	1.5353E7
0	9557	2252	6	0	1.5354E7
0	9557	2252	6	0	1.5355E7
0	9557	2252	6	0	1.5356E7
0	9557	2252	6	0	1.5357E7
0	9557	2252	6	0	1.5358E7
0	9557	2252	6	0	1.5359E7
0	9557	2252	6	0	1.536E7
0	9557	2252	6	0	1.5361E7
0	9557	2252	6	0	1.5362E7
0	9557	2252	6	0	1.5363E7
0	9557	2252	6	0	1.5364E7
0	9557	2252	6	0	1.5365E7
0	9557	2252	6	0	1.5366E7
0	9557	2252	6	0	1.5367E7
0	9557	2252	6	0	1.5368E7
0	9557	2252	6	0	1.5369E7
0	9557	2252	6	0	1.537E7
0	9557	2252	6	0	1.5371E7
0	9557	2252	6	0	1.5372E7
0	9557	2252	6	0	1.5373E7
0	9557	2252	6	0	1.5374E7
0	9557	2252	6	0	1.5375E7
0	9557	2252	6	0	1.5376E7
0	9557	2252	6	0	1.5377E7
0	9557	2252	6	0	1.5378E7
0	9557	2252	6	0	1.5379E7
0	9557	2252	6	0	1.538E7
0	9557	2252	6	0	1.5381E7
0	9557	2252	6	0	1.5382E7
0	9557	2252	6	0	1.5383E7
0	9557	2252	6	0	1.5384E7
0	9557	2252	6	0	1.5385E7
0	9557	2252	6	0	1.5386E7
0	9557	2252	6	0	1.5387E7
0	9557	2252	6	0	1.5388E7
0	9557	2252	6	0	1.5389E7
0	9557	2252	6	0	1.539E7
0	9557	2252	6	0	1.5391E7
0	9555	2253	6	2	1.5392E7
0	9553	2255	6	4	1.5393E7
0	9549	2259	6	6	1.5394E7
0	9543	2264	6	8	1.5395E7
0	9537	2271	6	10	1.5396E7
0	9529	2280	6	12	1.5397E7
0	9522	2288	6	9	1.5398E7
0	9517	2294	6	6	1.5399E7
0	9514	2297	6	3	1.54E7
0	9513	2299	6	0	1.5401E7
0	9513	2299	6	0	1.5402E7
0	9513	2299	6	0	1.5403E7
0	9513	2299	6	0	1.5404E7
0	9513	2299	6	0	1.5405E7
0	9513	2299	6	0	1.5406E7
0	9513	2299	6	0	1.5407E7
0	9513	2299	6	0	1.5408E7
0	9513	2299	6	0	1.5409E7
0	9513	2299	6	0	1.541E7
0	9513	2299	6	0	1.5411E7
0	9513	2299	6	0	1.5412E7
0	9513	2299	6	0	1.5413E7
0	9513	2299	6	0	1.5414E7
0	9513	2299	6	0	1.5415E7
0	9513	2299	6	0	1.5416E7
0	9513	2299	6	0	1.5417E7
0	9513	2299	6	0	1.5418E7
0	9513	2299	6	0	1.5419E7
0	9513	2299	6	0	1.542E7
0	9513	2300	6	0	1.5421E7
0	9512	2301	6	2	1.5422E7
0	9509	2304	6	4	1.5423E7
0	9506	2309	6	6	1.5424E7
0	9501	2315	6	8	1.5425E7
0	9495	2322	6	10	1.5426E7
0	9489	2332	6	12	1.5427E7
0	9481	2342	6	14	1.5428E7
0	9472	2355	6	15	1.5429E7
0	9462	2368	6	15	1.543E7
0	9453	2380	6	15	1.5431E7
0	9443	2393	6	15	1.5432E7
0	9434	2406	6	15	1.5433E7
0	9424	2418	6	15	1.5434E7
0	9415	2431	6	15	1.5435E7
0	9405	2443	6	15	1.5436E7
0	9395	2456	6	15	1.5437E7
0	9385	2467	6	15	1.5438E7
0	9374	2479	6	15	1.5439E7
0	9363	2490	6	15	1.544E7
0	9350	2500	6	15	1.5441E7
0	9338	2509	6	15	1.5442E7
0	9325	2519	6	15	1.5443E7
0	9312	2528	6	15	1.5444E7
0	9300	2537	6	15	1.5445E7
0	9286	2545	6	15	1.5446E7
0	9273	2554	6	15	1.5447E7
0	9260	2561	6	12	1.5448E7
0	9251	2567	6	9	1.5449E7
0	9244	2571	6	6	1.545E7
0	9239	2574	6	4	1.5451E7
0	9237	2575	6	1	1.5452E7
0	9237	2575	6	0	1.5453E7
0	9237	2575	6	0	1.5454E7
0	9237	2575	6	0	1.5455E7
0	9237	2575	6	0	1.5456E7
0	9237	2575	6	0	1.5457E7
0	9237	2575	6	0	1.5458E7
0	9237	2575	6	0	1.5459E7
0	9237	2575	6	0	1.546E7
0	9237	2575	6	0	1.5461E7
0	9237	2575	6	0	1.5462E7
0	9237	2575	6	0	1.5463E7
0	9237	2575	6	0	1.5464E7
0	9237	2575	6	0	1.5465E7
0	9237	2575	6	0	1.5466E7
0	9237	2575	6	0	1.5467E7
0	9237	2575	6	0	1.5468E7
0	9237	2575	6	0	1.5469E7
0	9237	2575	6	0	1.547E7
0	9237	2575	6	0	1.5471E7
0	9236	2575	6	0	1.5472E7
0	9235	2576	6	2	1.5473E7
0	9232	2578	6	4	1.5474E7
0	9227	2581	6	6	1.5475E7
0	9222	2587	6	8	1.5476E7
0	9214	2592	6	10	1.5477E7
0	9204	2598	6	12	1.5478E7
0	9192	2604	6	14	1.5479E7
0	9178	2612	6	15	1.548E7
0	9164	2620	6	15	1.5481E7
0	9151	2628	6	15	1.5482E7
0	9137	2635	6	15	1.5483E7
0	9123	2643	6	15	1.5484E7
0	9110	2651	6	15	1.5485E7
0	9096	2659	6	15	1.5486E7
0	9083	2666	6	13	1.5487E7
0	9072	2672	6	10	1.5488E7
0	9065	2677	6	7	1.5489E7
0	9059	2680	6	4	1.549E7
0	9056	2682	6	2	1.5491E7
0	9055	2683	6	1	1.5492E7
0	9054	2684	6	0	1.5493E7
0	9054	2684	6	0	1.5494E7
0	9054	2684	6	0	1.5495E7
0	9054	2684	6	0	1.5496E7
0	9054	2684	6	0	1.5497E7
0	9054	2684	6	0	1.5498E7
0	9054	2684	6	0	1.5499E7
0	9054	2684	6	0	1.55E7
0	9054	2684	6	0	1.5501E7
0	9054	2684	6	0	1.5502E7
0	9054	2684	6	0	1.5503E7
0	9054	2684	6	0	1.5504E7
0	9054	2684	6	0	1.5505E7
0	9054	2684	6	0	1.5506E7
0	9054	2684	6	0	1.5507E7
0	9054	2684	6	0	1.5508E7
0	9054	2684	6	0	1.5509E7
0	9054	2684	6	0	1.551E7
0	9054	2684	6	0	1.5511E7
0	9054	2684	6	0	1.5512E7
0	9054	2684	6	0	1.5513E7
0	9054	2684	6	0	1.5514E7
0	9054	2684	6	0	1.5515E7
0	9054	2684	6	0	1.5516E7
0	9054	2684	6	0	1.5517E7
0	9054	2684	6	0	1.5518E7
0	9054	2684	6	0	1.5519E7
0	9054	2684	6	0	1.552E7
0	9054	2684	6	0	1.5521E7
0	9054	2684	6	0	1.5522E7
0	9054	2684	6	0	1.5523E7
0	9054	2684	6	0	1.5524E7
0	9054	2684	6	0	1.5525E7
0	9054	2684	6	0	1.5526E7
0	9054	2684	6	0	1.5527E7
0	9054	2684	6	0	1.5528E7
0	9054	2684	6	0	1.5529E7
0	9054	2684	6	0	1.553E7
0	9053	2685	6	2	1.5531E7
0	9049	2687	6	4	1.5532E7
0	9045	2690	6	6	1.5533E7
0	9038	2694	6	8	1.5534E7
0	9028	2695	5	10	1.5535E7
0	9018	2701	6	12	1.5536E7
0	9006	2708	6	14	1.5537E7
0	8993	2716	6	15	1.5538E7
0	8979	2724	6	15	1.5539E7
0	8966	2731	6	15	1.554E7
0	8952	2739	6	15	1.5541E7
0	8939	2747	6	13	1.5542E7
0	8930	2752	6	9	1.5543E7
0	8923	2756	6	6	1.5544E7
0	8918	2759	6	4	1.5545E7
0	8916	2761	6	1	1.5546E7
0	8915	2761	6	0	1.5547E7
0	8915	2761	6	0	1.5548E7
0	8915	2761	6	0	1.5549E7
0	8915	2761	6	0	1.555E7
0	8915	2761	6	0	1.5551E7
0	8915	2761	6	0	1.5552E7
0	8915	2761	6	0	1.5553E7
0	8915	2761	6	0	1.5554E7
0	8915	2761	6	0	1.5555E7
0	8915	2761	6	0	1.5556E7
0	8915	2761	6	0	1.5557E7
0	8915	2761	6	0	1.5558E7
0	8915	2761	6	0	1.5559E7
0	8915	2761	6	0	1.556E7
0	8915	2761	6	0	1.5561E7
0	8915	2761	6	0	1.5562E7
0	8915	2761	6	0	1.5563E7
0	8915	2761	6	0	1.5564E7
0	8915	2761	6	0	1.5565E7
0	8915	2761	6	0	1.5566E7
0	8914	2761	6	2	1.5567E7
0	8911	2763	6	4	1.5568E7
0	8906	2766	6	6	1.5569E7
0	8900	2770	6	8	1.557E7
0	8892	2774	6	10	1.5571E7
0	8882	2780	6	12	1.5572E7
0	8870	2787	6	14	1.5573E7
0	8859	2793	6	11	1.5574E7
0	8851	2798	6	7	1.5575E7
0	8846	2801	6	5	1.5576E7
0	8843	2804	6	2	1.5577E7
0	8841	2805	6	1	1.5578E7
0	8840	2805	6	0	1.5579E7
0	8840	2805	6	0	1.558E7
0	8840	2805	6	0	1.5581E7
0	8840	2806	6	0	1.5582E7
0	8840	2806	6	0	1.5583E7
0	8840	2806	6	0	1.5584E7
0	8840	2806	6	0	1.5585E7
0	8840	2806	6	0	1.5586E7
0	8840	2806	6	0	1.5587E7
0	8840	2806	6	0	1.5588E7
0	8840	2806	6	0	1.5589E7
0	8840	2806	6	0	1.559E7
0	8840	2806	6	0	1.5591E7
0	8840	2806	6	0	1.5592E7
0	8840	2806	6	0	1.5593E7
0	8840	2806	6	0	1.5594E7
0	8840	2806	6	0	1.5595E7
0	8840	2806	6	0	1.5596E7
0	8840	2806	6	0	1.5597E7
0	8840	2806	6	0	1.5598E7
0	8840	2806	6	0	1.5599E7
0	8840	2806	6	0	1.56E7
0	8840	2806	6	0	1.5601E7
0	8838	2806	6	2	1.5602E7
0	8835	2808	6	4	1.5603E7
0	8831	2811	6	6	1.5604E7
0	8825	2815	6	8	1.5605E7
0	8817	2820	6	10	1.5606E7
0	8807	2825	6	11	1.5607E7
0	8796	2832	6	13	1.5608E7
0	8783	2840	6	15	1.5609E7
0	8769	2848	6	15	1.561E7
0	8756	2856	6	15	1.5611E7
0	8742	2864	6	15	1.5612E7
0	8729	2873	6	15	1.5613E7
0	8715	2881	6	15	1.5614E7
0	8702	2889	6	15	1.5615E7
0	8688	2897	6	15	1.5616E7
0	8675	2905	6	15	1.5617E7
0	8661	2913	6	15	1.5618E7
0	8647	2921	6	15	1.5619E7
0	8634	2929	6	15	1.562E7
0	8620	2937	6	15	1.5621E7
0	8606	2945	6	15	1.5622E7
0	8593	2953	6	15	1.5623E7
0	8579	2961	6	15	1.5624E7
0	8566	2969	6	15	1.5625E7
0	8552	2978	6	15	1.5626E7
0	8538	2986	6	15	1.5627E7
0	8525	2994	6	15	1.5628E7
0	8512	3002	6	14	1.5629E7
0	8501	3010	6	11	1.563E7
0	8493	3015	6	8	1.5631E7
0	8487	3019	6	5	1.5632E7
0	8484	3021	6	3	1.5633E7
0	8482	3022	6	0	1.5634E7
0	8482	3022	6	0	1.5635E7
0	8482	3022	6	0	1.5636E7
0	8482	3022	6	0	1.5637E7
0	8482	3022	6	0	1.5638E7
0	8482	3022	6	0	1.5639E7
0	8482	3022	6	0	1.564E7
0	8482	3022	6	0	1.5641E7
0	8482	3022	6	0	1.5642E7
0	8482	3022	6	0	1.5643E7
0	8482	3022	6	0	1.5644E7
0	8482	3022	6	0	1.5645E7
0	8482	3022	6	0	1.5646E7
0	8482	3022	6	0	1.5647E7
0	8482	3022	6	0	1.5648E7
0	8482	3022	6	0	1.5649E7
0	8482	3022	6	0	1.565E7
0	8482	3022	6	0	1.5651E7
0	8482	3022	6	0	1.5652E7
0	8482	3022	6	0	1.5653E7
0	8482	3022	6	1	1.5654E7
0	8480	3023	6	3	1.5655E7
0	8476	3026	6	5	1.5656E7
0	8470	3030	6	7	1.5657E7
0	8463	3034	6	9	1.5658E7
0	8454	3039	6	11	1.5659E7
0	8444	3045	6	11	1.566E7
0	8436	3050	6	8	1.5661E7
0	8428	3055	6	10	1.5662E7
0	8418	3056	5	12	1.5663E7
0	8412	3045	4	14	1.5664E7
0	8405	3031	4	15	1.5665E7
0	8399	3017	3	15	1.5666E7
0	8392	3002	3	15	1.5667E7
0	8387	2987	3	15	1.5668E7
0	8383	2972	3	15	1.5669E7
0	8378	2957	3	15	1.567E7
0	8373	2942	3	15	1.5671E7
0	8369	2927	3	15	1.5672E7
0	8364	2912	3	15	1.5673E7
0	8359	2897	3	15	1.5674E7
0	8354	2881	3	15	1.5675E7
0	8350	2866	3	15	1.5676E7
0	8345	2851	3	15	1.5677E7
0	8339	2837	4	15	1.5678E7
0	8333	2822	4	15	1.5679E7
0	8326	2808	4	15	1.568E7
0	8319	2795	4	13	1.5681E7
0	8314	2785	4	9	1.5682E7
0	8310	2777	4	6	1.5683E7
0	8308	2773	4	4	1.5684E7
0	8306	2770	4	1	1.5685E7
0	8306	2770	4	0	1.5686E7
0	8306	2770	4	0	1.5687E7
0	8306	2770	4	0	1.5688E7
0	8306	2770	4	0	1.5689E7
0	8306	2770	4	0	1.569E7
0	8306	2770	4	0	1.5691E7
0	8306	2770	4	0	1.5692E7
0	8306	2770	4	0	1.5693E7
0	8306	2770	4	0	1.5694E7
0	8306	2770	4	0	1.5695E7
0	8306	2770	4	0	1.5696E7
0	8306	2770	4	0	1.5697E7
0	8306	2770	4	0	1.5698E7
0	8306	2770	4	0	1.5699E7
0	8306	2770	4	0	1.57E7
0	8306	2770	4	0	1.5701E7
0	8306	2770	4	0	1.5702E7
0	8306	2770	4	0	1.5703E7
0	8306	2770	4	0	1.5704E7
0	8306	2770	4	0	1.5705E7
0	8305	2769	4	2	1.5706E7
0	8301	2767	4	4	1.5707E7
0	8298	2763	4	6	1.5708E7
0	8294	2756	4	8	1.5709E7
0	8289	2748	4	10	1.571E7
0	8284	2740	4	9	1.5711E7
0	8279	2733	4	6	1.5712E7
0	8277	2728	4	4	1.5713E7
0	8277	2723	3	4	1.5714E7
0	8281	2717	3	6	1.5715E7
0	8289	2713	2	9	1.5716E7
0	8299	2712	1	10	1.5717E7
0	8310	2709	1	12	1.5718E7
0	8321	2702	2	14	1.5719E7
0	8331	2691	2	15	1.572E7
0	8329	2677	3	13	1.5721E7
0	8323	2668	4	9	1.5722E7
0	8317	2664	4	6	1.5723E7
0	8312	2663	4	4	1.5724E7
0	8308	2662	5	5	1.5725E7
0	8302	2663	5	7	1.5726E7
0	8295	2666	5	9	1.5727E7
0	8286	2672	6	11	1.5728E7
0	8276	2678	6	13	1.5729E7
0	8264	2685	6	14	1.573E7
0	8250	2693	6	16	1.5731E7
0	8232	2699	6	18	1.5732E7
0	8216	2708	6	19	1.5733E7
0	8199	2717	6	19	1.5734E7
0	8183	2727	6	19	1.5735E7
0	8166	2736	6	19	1.5736E7
0	8149	2745	6	19	1.5737E7
0	8133	2754	6	19	1.5738E7
0	8116	2764	6	19	1.5739E7
0	8100	2773	6	18	1.574E7
0	8084	2781	6	15	1.5741E7
0	8073	2788	6	12	1.5742E7
0	8064	2795	6	8	1.5743E7
0	8058	2799	6	6	1.5744E7
0	8054	2802	6	3	1.5745E7
0	8053	2803	6	0	1.5746E7
0	8053	2803	6	0	1.5747E7
0	8053	2803	6	0	1.5748E7
0	8053	2803	6	0	1.5749E7
0	8053	2803	6	0	1.575E7
0	8053	2803	6	0	1.5751E7
0	8053	2803	6	0	1.5752E7
0	8053	2803	6	0	1.5753E7
0	8053	2803	6	0	1.5754E7
0	8053	2803	6	0	1.5755E7
0	8053	2803	6	0	1.5756E7
0	8053	2803	6	0	1.5757E7
0	8053	2803	6	0	1.5758E7
0	8053	2803	6	0	1.5759E7
0	8053	2803	6	0	1.576E7
0	8053	2803	6	0	1.5761E7
0	8053	2803	6	0	1.5762E7
0	8053	2803	6	0	1.5763E7
0	8053	2803	6	0	1.5764E7
0	8053	2803	6	0	1.5765E7
0	8052	2803	6	0	1.5766E7
0	8051	2804	6	3	1.5767E7
0	8047	2807	6	5	1.5768E7
0	8043	2810	6	6	1.5769E7
0	8036	2815	6	8	1.577E7
0	8028	2821	6	10	1.5771E7
0	8019	2828	6	12	1.5772E7
0	8008	2836	6	14	1.5773E7
0	7995	2845	6	16	1.5774E7
0	7981	2856	6	18	1.5775E7
0	7965	2866	6	18	1.5776E7
0	7949	2877	6	18	1.5777E7
0	7933	2887	6	18	1.5778E7
0	7916	2896	6	19	1.5779E7
0	7899	2904	5	18	1.578E7
0	7881	2911	5	18	1.5781E7
0	7863	2917	5	19	1.5782E7
0	7846	2924	5	18	1.5783E7
0	7828	2929	5	19	1.5784E7
0	7811	2935	5	19	1.5785E7
0	7792	2936	5	19	1.5786E7
0	7775	2931	4	19	1.5787E7
0	7767	2915	3	19	1.5788E7
0	7770	2897	3	18	1.5789E7
0	7782	2882	2	18	1.579E7
0	7795	2868	2	19	1.5791E7
0	7809	2855	2	18	1.5792E7
0	7822	2841	2	17	1.5793E7
0	7833	2830	2	14	1.5794E7
0	7841	2821	2	10	1.5795E7
0	7848	2815	2	7	1.5796E7
0	7852	2811	2	4	1.5797E7
0	7855	2808	2	2	1.5798E7
0	7855	2807	2	0	1.5799E7
0	7855	2807	2	0	1.58E7
0	7855	2807	2	0	1.5801E7
0	7855	2807	2	0	1.5802E7
0	7855	2807	2	0	1.5803E7
0	7855	2807	2	0	1.5804E7
0	7855	2807	2	0	1.5805E7
0	7855	2807	2	0	1.5806E7
0	7855	2807	2	0	1.5807E7
0	7855	2807	2	0	1.5808E7
0	7855	2807	2	0	1.5809E7
0	7855	2807	2	0	1.581E7
0	7855	2807	2	0	1.5811E7
0	7855	2807	2	0	1.5812E7
0	7855	2807	2	0	1.5813E7
0	7855	2807	2	0	1.5814E7
0	7855	2807	2	0	1.5815E7
0	7855	2807	2	0	1.5816E7
0	7855	2807	2	0	1.5817E7
0	7855	2807	2	0	1.5818E7
0	7856	2807	2	1	1.5819E7
0	7858	2805	2	3	1.582E7
0	7861	2801	2	5	1.5821E7
0	7866	2797	2	7	1.5822E7
0	7874	2791	2	9	1.5823E7
0	7876	2786	2	11	1.5824E7
0	7888	2780	2	13	1.5825E7
0	7901	2774	1	15	1.5826E7
0	7917	2769	1	17	1.5827E7
0	7934	2763	1	18	1.5828E7
0	7952	2757	1	18	1.5829E7
0	7970	2749	2	18	1.583E7
0	7987	2742	2	19	1.5831E7
0	8004	2734	2	18	1.5832E7
0	8022	2726	2	19	1.5833E7
0	8038	2716	2	19	1.5834E7
0	8054	2706	2	18	1.5835E7
0	8068	2693	2	18	1.5836E7
0	8063	2676	4	19	1.5837E7
0	8045	2670	5	18	1.5838E7
0	8029	2675	5	14	1.5839E7
0	8017	2678	5	11	1.584E7
0	8008	2680	5	8	1.5841E7
0	8002	2679	5	5	1.5842E7
0	7998	2679	5	3	1.5843E7
0	7997	2679	5	0	1.5844E7
0	7997	2679	5	0	1.5845E7
0	7997	2679	5	0	1.5846E7
0	7997	2679	5	0	1.5847E7
0	7997	2679	5	0	1.5848E7
0	7997	2679	5	0	1.5849E7
0	7997	2679	5	0	1.585E7
0	7997	2679	5	0	1.5851E7
0	7997	2679	5	0	1.5852E7
0	7997	2679	5	0	1.5853E7
0	7997	2679	5	0	1.5854E7
0	7997	2679	5	0	1.5855E7
0	7997	2679	5	0	1.5856E7
0	7997	2679	5	0	1.5857E7
0	7997	2679	5	0	1.5858E7
0	7997	2679	5	0	1.5859E7
0	7997	2679	5	0	1.586E7
0	7997	2679	5	0	1.5861E7
0	7997	2679	5	0	1.5862E7
0	7997	2679	5	0	1.5863E7
0	7996	2679	5	1	1.5864E7
0	7994	2678	5	3	1.5865E7
0	7989	2677	5	5	1.5866E7
0	7983	2676	5	7	1.5867E7
0	7975	2674	5	9	1.5868E7
0	7965	2671	5	11	1.5869E7
0	7953	2667	5	13	1.587E7
0	7939	2665	5	15	1.5871E7
0	7923	2663	5	17	1.5872E7
0	7904	2662	5	19	1.5873E7
0	7886	2660	5	19	1.5874E7
0	7867	2658	5	19	1.5875E7
0	7848	2654	5	18	1.5876E7
0	7832	2651	5	15	1.5877E7
0	7819	2647	5	11	1.5878E7
0	7810	2644	5	8	1.5879E7
0	7803	2641	5	5	1.588E7
0	7799	2640	5	3	1.5881E7
0	7797	2639	5	0	1.5882E7
0	7797	2639	5	0	1.5883E7
0	7797	2639	5	0	1.5884E7
0	7797	2639	5	0	1.5885E7
0	7797	2639	5	0	1.5886E7
0	7797	2639	5	0	1.5887E7
0	7797	2639	5	0	1.5888E7
0	7797	2639	5	0	1.5889E7
0	7797	2639	5	0	1.589E7
0	7797	2639	5	0	1.5891E7
0	7797	2639	5	0	1.5892E7
0	7797	2639	5	0	1.5893E7
0	7797	2639	5	0	1.5894E7
0	7797	2639	5	0	1.5895E7
0	7797	2639	5	0	1.5896E7
0	7797	2639	5	0	1.5897E7
0	7797	2639	5	0	1.5898E7
0	7797	2639	5	0	1.5899E7
0	7797	2639	5	0	1.59E7
0	7797	2639	5	0	1.5901E7
0	7797	2639	5	1	1.5902E7
0	7795	2638	5	3	1.5903E7
0	7791	2636	5	5	1.5904E7
0	7785	2634	4	7	1.5905E7
0	7778	2630	4	9	1.5906E7
0	7768	2626	4	11	1.5907E7
0	7758	2620	4	13	1.5908E7
0	7746	2613	4	14	1.5909E7
0	7732	2604	4	16	1.591E7
0	7718	2594	4	18	1.5911E7
0	7702	2583	4	18	1.5912E7
0	7685	2575	5	18	1.5913E7
0	7667	2579	5	18	1.5914E7
0	7655	2593	6	18	1.5915E7
0	7645	2609	6	18	1.5916E7
0	7635	2626	6	18	1.5917E7
0	7626	2642	6	18	1.5918E7
0	7620	2660	7	18	1.5919E7
0	7603	2665	5	18	1.592E7
0	7585	2658	4	19	1.5921E7
0	7571	2646	4	18	1.5922E7
0	7556	2638	4	15	1.5923E7
0	7544	2633	4	11	1.5924E7
0	7535	2629	4	8	1.5925E7
0	7528	2626	4	5	1.5926E7
0	7525	2623	4	3	1.5927E7
0	7523	2622	4	0	1.5928E7
0	7523	2622	4	0	1.5929E7
0	7523	2622	4	0	1.593E7
0	7523	2622	4	0	1.5931E7
0	7523	2622	4	0	1.5932E7
0	7523	2622	4	0	1.5933E7
0	7523	2622	4	0	1.5934E7
0	7523	2622	4	0	1.5935E7
0	7523	2622	4	0	1.5936E7
0	7523	2622	4	0	1.5937E7
0	7523	2622	4	0	1.5938E7
0	7523	2622	4	0	1.5939E7
0	7523	2622	4	0	1.594E7
0	7523	2622	4	0	1.5941E7
0	7523	2622	4	0	1.5942E7
0	7523	2622	4	0	1.5943E7
0	7523	2622	4	0	1.5944E7
0	7523	2622	4	0	1.5945E7
0	7523	2622	4	0	1.5946E7
0	7523	2622	4	0	1.5947E7
0	7520	2624	4	1	1.5948E7
0	7518	2623	4	3	1.5949E7
0	7515	2620	4	4	1.595E7
0	7510	2617	4	6	1.5951E7
0	7505	2611	4	8	1.5952E7
0	7499	2605	4	7	1.5953E7
0	7495	2601	4	4	1.5954E7
0	7492	2598	4	2	1.5955E7
0	7491	2597	4	1	1.5956E7
0	7491	2596	4	0	1.5957E7
0	7490	2596	4	0	1.5958E7
0	7490	2596	4	0	1.5959E7
0	7490	2596	4	0	1.596E7
0	7490	2596	4	0	1.5961E7
0	7490	2596	4	0	1.5962E7
0	7490	2596	4	0	1.5963E7
0	7490	2596	4	0	1.5964E7
0	7490	2596	4	0	1.5965E7
0	7490	2596	4	0	1.5966E7
0	7489	2595	4	2	1.5967E7
0	7487	2592	4	4	1.5968E7
0	7483	2588	4	6	1.5969E7
0	7476	2584	4	8	1.597E7
0	7467	2587	5	10	1.5971E7
0	7456	2592	6	12	1.5972E7
0	7443	2596	5	14	1.5973E7
0	7428	2599	5	15	1.5974E7
0	7413	2602	5	15	1.5975E7
0	7397	2604	5	15	1.5976E7
0	7380	2604	5	15	1.5977E7
0	7363	2609	5	15	1.5978E7
0	7354	2622	6	15	1.5979E7
0	7344	2635	6	15	1.598E7
0	7335	2648	6	15	1.5981E7
0	7325	2660	6	15	1.5982E7
0	7316	2673	6	15	1.5983E7
0	7309	2687	6	13	1.5984E7
0	7305	2698	7	9	1.5985E7
0	7303	2706	7	6	1.5986E7
0	7302	2711	7	4	1.5987E7
0	7301	2714	7	1	1.5988E7
0	7301	2714	7	0	1.5989E7
0	7301	2714	7	0	1.599E7
0	7301	2714	7	0	1.5991E7
0	7301	2714	7	0	1.5992E7
0	7301	2714	7	0	1.5993E7
0	7301	2714	7	0	1.5994E7
0	7301	2714	7	0	1.5995E7
0	7301	2714	7	0	1.5996E7
0	7301	2714	7	0	1.5997E7
0	7301	2714	7	0	1.5998E7
0	7301	2714	7	0	1.5999E7
0	7301	2714	7	0	1.6E7
0	7301	2714	7	0	1.6001E7
0	7301	2714	7	0	1.6002E7
0	7301	2714	7	0	1.6003E7
0	7301	2714	7	0	1.6004E7
0	7301	2714	7	0	1.6005E7
0	7301	2714	7	0	1.6006E7
0	7301	2714	7	0	1.6007E7
0	7301	2714	7	0	1.6008E7
0	7301	2716	7	2	1.6009E7
0	7301	2720	7	4	1.601E7
0	7301	2725	7	6	1.6011E7
0	7301	2733	7	8	1.6012E7
0	7301	2742	7	10	1.6013E7
0	7301	2754	7	12	1.6014E7
0	7301	2767	7	14	1.6015E7
0	7301	2783	7	15	1.6016E7
0	7301	2798	7	15	1.6017E7
0	7301	2814	7	15	1.6018E7
0	7302	2830	7	15	1.6019E7
0	7303	2846	7	15	1.602E7
0	7305	2862	7	15	1.6021E7
0	7306	2877	7	15	1.6022E7
0	7308	2893	7	15	1.6023E7
0	7310	2909	7	15	1.6024E7
0	7312	2924	7	15	1.6025E7
0	7314	2940	7	15	1.6026E7
0	7315	2956	7	15	1.6027E7
0	7316	2972	7	15	1.6028E7
0	7318	2987	7	15	1.6029E7
0	7318	3003	7	15	1.603E7
0	7319	3019	7	15	1.6031E7
0	7320	3034	7	15	1.6032E7
0	7320	3050	7	15	1.6033E7
0	7320	3066	7	15	1.6034E7
0	7320	3082	7	15	1.6035E7
0	7320	3098	7	15	1.6036E7
0	7320	3113	7	15	1.6037E7
0	7320	3129	7	15	1.6038E7
0	7320	3145	7	15	1.6039E7
0	7319	3161	7	15	1.604E7
0	7318	3176	7	15	1.6041E7
0	7318	3192	7	15	1.6042E7
0	7317	3208	7	15	1.6043E7
0	7316	3223	7	13	1.6044E7
0	7316	3234	7	9	1.6045E7
0	7316	3242	7	6	1.6046E7
0	7316	3248	7	4	1.6047E7
0	7316	3251	7	1	1.6048E7
0	7316	3251	7	0	1.6049E7
0	7316	3251	7	0	1.605E7
0	7316	3251	7	0	1.6051E7
0	7316	3251	7	0	1.6052E7
0	7316	3251	7	0	1.6053E7
0	7316	3251	7	0	1.6054E7
0	7316	3251	7	0	1.6055E7
0	7316	3251	7	0	1.6056E7
0	7316	3251	7	0	1.6057E7
0	7316	3251	7	0	1.6058E7
0	7316	3251	7	0	1.6059E7
0	7316	3251	7	0	1.606E7
0	7316	3251	7	0	1.6061E7
0	7316	3251	7	0	1.6062E7
0	7316	3251	7	0	1.6063E7
0	7316	3251	7	0	1.6064E7
0	7316	3251	7	0	1.6065E7
0	7316	3251	7	0	1.6066E7
0	7316	3251	7	0	1.6067E7
0	7316	3251	7	0	1.6068E7
0	7316	3252	7	2	1.6069E7
0	7316	3256	7	4	1.607E7
0	7315	3261	7	6	1.6071E7
0	7315	3269	7	8	1.6072E7
0	7315	3279	7	10	1.6073E7
0	7314	3290	7	12	1.6074E7
0	7314	3304	7	14	1.6075E7
0	7313	3320	7	15	1.6076E7
0	7312	3335	7	15	1.6077E7
0	7312	3351	7	15	1.6078E7
0	7311	3367	7	15	1.6079E7
0	7310	3383	7	15	1.608E7
0	7310	3398	7	15	1.6081E7
0	7309	3414	7	15	1.6082E7
0	7308	3430	7	15	1.6083E7
0	7308	3446	7	15	1.6084E7
0	7308	3461	7	15	1.6085E7
0	7307	3477	7	15	1.6086E7
0	7307	3493	7	15	1.6087E7
0	7307	3509	7	15	1.6088E7
0	7305	3524	7	15	1.6089E7
0	7303	3540	7	15	1.609E7
0	7301	3556	7	15	1.6091E7
0	7294	3570	6	15	1.6092E7
0	7291	3587	7	15	1.6093E7
0	7289	3602	7	15	1.6094E7
0	7287	3618	7	15	1.6095E7
0	7285	3633	7	13	1.6096E7
0	7283	3644	7	10	1.6097E7
0	7282	3652	7	7	1.6098E7
0	7281	3658	7	4	1.6099E7
0	7280	3661	7	2	1.61E7
0	7280	3661	7	0	1.6101E7
0	7280	3661	7	0	1.6102E7
0	7280	3661	7	0	1.6103E7
0	7280	3661	7	0	1.6104E7
0	7280	3661	7	0	1.6105E7
0	7280	3661	7	0	1.6106E7
0	7280	3661	7	0	1.6107E7
0	7280	3661	7	0	1.6108E7
0	7280	3661	7	0	1.6109E7
0	7280	3661	7	0	1.611E7
0	7280	3661	7	0	1.6111E7
0	7280	3661	7	0	1.6112E7
0	7280	3661	7	0	1.6113E7
0	7280	3661	7	0	1.6114E7
0	7280	3661	7	0	1.6115E7
0	7280	3661	7	0	1.6116E7
0	7280	3661	7	0	1.6117E7
0	7280	3661	7	0	1.6118E7
0	7280	3661	7	0	1.6119E7
0	7280	3661	7	0	1.612E7
0	7280	3663	7	2	1.6121E7
0	7280	3666	7	4	1.6122E7
0	7279	3671	7	6	1.6123E7
0	7278	3678	7	8	1.6124E7
0	7276	3688	7	10	1.6125E7
0	7275	3699	7	12	1.6126E7
0	7273	3713	7	14	1.6127E7
0	7271	3728	7	15	1.6128E7
0	7268	3743	7	15	1.6129E7
0	7266	3759	7	15	1.613E7
0	7264	3775	7	15	1.6131E7
0	7261	3790	7	15	1.6132E7
0	7259	3806	7	15	1.6133E7
0	7257	3822	7	15	1.6134E7
0	7254	3837	7	15	1.6135E7
0	7252	3853	7	15	1.6136E7
0	7250	3869	7	15	1.6137E7
0	7247	3884	7	15	1.6138E7
0	7245	3900	7	15	1.6139E7
0	7242	3916	7	15	1.614E7
0	7240	3932	7	15	1.6141E7
0	7237	3947	7	15	1.6142E7
0	7237	3963	7	15	1.6143E7
0	7238	3979	7	15	1.6144E7
0	7240	3995	7	15	1.6145E7
0	7243	4011	7	15	1.6146E7
0	7247	4026	7	15	1.6147E7
0	7252	4041	7	15	1.6148E7
0	7256	4056	7	15	1.6149E7
0	7261	4071	7	15	1.615E7
0	7266	4086	7	15	1.6151E7
0	7271	4100	7	12	1.6152E7
0	7275	4110	7	9	1.6153E7
0	7277	4118	7	6	1.6154E7
0	7279	4123	7	3	1.6155E7
0	7280	4125	7	2	1.6156E7
0	7281	4129	7	4	1.6157E7
0	7279	4139	7	6	1.6158E7
0	7272	4140	6	8	1.6159E7
0	7263	4143	5	10	1.616E7
0	7253	4148	6	11	1.6161E7
0	7242	4154	6	13	1.6162E7
0	7229	4160	6	14	1.6163E7
0	7218	4165	6	10	1.6164E7
0	7210	4169	6	7	1.6165E7
0	7204	4172	6	5	1.6166E7
0	7201	4174	6	2	1.6167E7
0	7199	4175	6	1	1.6168E7
0	7198	4175	6	0	1.6169E7
0	7198	4175	6	0	1.617E7
0	7198	4175	6	0	1.6171E7
0	7198	4175	6	0	1.6172E7
0	7198	4175	6	0	1.6173E7
0	7198	4175	6	0	1.6174E7
0	7198	4175	6	0	1.6175E7
0	7198	4175	6	0	1.6176E7
0	7198	4175	6	0	1.6177E7
0	7198	4175	6	0	1.6178E7
0	7198	4175	6	0	1.6179E7
0	7198	4175	6	0	1.618E7
0	7198	4175	6	0	1.6181E7
0	7198	4175	6	0	1.6182E7
0	7198	4175	6	0	1.6183E7
0	7198	4175	6	0	1.6184E7
0	7198	4175	6	0	1.6185E7
0	7198	4175	6	0	1.6186E7
0	7198	4175	6	0	1.6187E7
0	7198	4175	6	0	1.6188E7
0	7198	4175	6	0	1.6189E7
0	7198	4175	6	0	1.619E7
0	7198	4175	6	0	1.6191E7
0	7198	4175	6	0	1.6192E7
0	7198	4175	6	0	1.6193E7
0	7198	4175	6	0	1.6194E7
0	7198	4175	6	0	1.6195E7
0	7198	4175	6	0	1.6196E7
0	7198	4175	6	0	1.6197E7
0	7198	4175	6	0	1.6198E7
0	7198	4175	6	0	1.6199E7
0	7198	4175	6	0	1.62E7
0	7198	4175	6	0	1.6201E7
0	7197	4176	6	2	1.6202E7
0	7194	4179	6	5	1.6203E7
0	7193	4185	6	7	1.6204E7
0	7194	4193	7	9	1.6205E7
0	7197	4202	7	10	1.6206E7
0	7200	4214	7	12	1.6207E7
0	7203	4225	7	10	1.6208E7
0	7206	4233	7	7	1.6209E7
0	7207	4239	7	4	1.621E7
0	7209	4243	7	4	1.6211E7
0	7208	4248	7	6	1.6212E7
0	7201	4251	6	8	1.6213E7
0	7191	4253	5	10	1.6214E7
0	7180	4256	5	10	1.6215E7
0	7172	4258	5	7	1.6216E7
0	7166	4260	5	4	1.6217E7
0	7163	4261	5	2	1.6218E7
0	7162	4261	5	0	1.6219E7
0	7162	4261	5	0	1.622E7
0	7162	4261	5	0	1.6221E7
0	7162	4261	5	0	1.6222E7
0	7162	4261	5	0	1.6223E7
0	7162	4261	5	0	1.6224E7
0	7162	4261	5	0	1.6225E7
0	7162	4261	5	0	1.6226E7
0	7162	4261	5	0	1.6227E7
0	7162	4261	5	0	1.6228E7
0	7162	4261	5	0	1.6229E7
0	7162	4261	5	0	1.623E7
0	7162	4261	5	0	1.6231E7
0	7162	4261	5	0	1.6232E7
0	7162	4261	5	0	1.6233E7
0	7162	4261	5	0	1.6234E7
0	7162	4261	5	0	1.6235E7
0	7162	4261	5	0	1.6236E7
0	7162	4261	5	0	1.6237E7
0	7162	4261	5	0	1.6238E7
0	7161	4262	5	1	1.6239E7
0	7158	4262	5	3	1.624E7
0	7154	4264	5	5	1.6241E7
0	7147	4266	5	7	1.6242E7
0	7139	4268	5	9	1.6243E7
0	7129	4271	5	11	1.6244E7
0	7116	4275	5	13	1.6245E7
0	7102	4279	5	15	1.6246E7
0	7087	4283	5	15	1.6247E7
0	7071	4287	5	15	1.6248E7
0	7056	4291	5	15	1.6249E7
0	7041	4296	5	15	1.625E7
0	7025	4300	5	15	1.6251E7
0	7015	4312	6	15	1.6252E7
0	7014	4327	7	15	1.6253E7
0	7015	4343	7	15	1.6254E7
0	7015	4359	7	15	1.6255E7
0	7016	4375	7	15	1.6256E7
0	7017	4391	7	15	1.6257E7
0	7017	4407	7	15	1.6258E7
0	7018	4423	7	15	1.6259E7
0	7018	4438	7	15	1.626E7
0	7019	4454	7	15	1.6261E7
0	7020	4470	7	15	1.6262E7
0	7021	4486	7	15	1.6263E7
0	7022	4501	7	15	1.6264E7
0	7023	4514	7	11	1.6265E7
0	7023	4524	7	8	1.6266E7
0	7023	4531	7	5	1.6267E7
0	7023	4535	7	3	1.6268E7
0	7023	4537	7	0	1.6269E7
0	7023	4537	7	0	1.627E7
0	7023	4537	7	0	1.6271E7
0	7023	4537	7	0	1.6272E7
0	7023	4537	7	0	1.6273E7
0	7023	4537	7	0	1.6274E7
0	7023	4537	7	0	1.6275E7
0	7023	4537	7	0	1.6276E7
0	7023	4537	7	0	1.6277E7
0	7023	4537	7	0	1.6278E7
0	7023	4537	7	0	1.6279E7
0	7023	4537	7	0	1.628E7
0	7023	4537	7	0	1.6281E7
0	7023	4537	7	0	1.6282E7
0	7023	4537	7	0	1.6283E7
0	7023	4537	7	0	1.6284E7
0	7023	4537	7	0	1.6285E7
0	7023	4537	7	0	1.6286E7
0	7023	4537	7	0	1.6287E7
0	7023	4537	7	0	1.6288E7
0	7023	4537	7	1	1.6289E7
0	7024	4539	7	3	1.629E7
0	7024	4544	7	5	1.6291E7
0	7024	4550	7	7	1.6292E7
