1922001.9003897852
1922001.900397971
1922006.0
1922016.0
1922026.0
1922036.0
1922046.0
1922056.0
1922066.0
1922076.0
1922086.0
1922096.0
1922106.0
1922116.0
1922126.0
1922136.0
1922146.0
1922156.0
1922166.0
1922176.0
1922186.0
1922196.0
1922206.0
1922216.0
1922226.0
1922236.0
1922246.0
1922256.0
1922266.0
1922276.0
1922286.0
1922296.0
1922306.0
1922316.0
1922326.0
1922336.0
1922346.0
1922356.0
1922366.0
1922376.0
1922386.0
1922396.0
1922406.0
1922416.0
1922426.0
1922436.0
1922446.0
1922456.0
1922466.0
1922476.0
1922486.0
1922496.0
1922506.0
1922516.0
1922526.0
1922536.0
1922546.0
1922556.0
1922566.0
1922576.0
1922586.0
1922596.0
1922606.0
1922616.0
1922626.0
1922636.0
1922646.0
1922656.0
1922666.0
1922676.0
1922686.0
1922696.0
1922706.0
1922716.0
1922726.0
1922736.0
1922746.0
1922756.0
1922766.0
1922776.0
2101004.39447009
2101004.394478276
2101006.0
2101014.39447009
2101014.394478276
2101016.0
2101024.39447009
2101024.394478276
2101026.0
2101034.39447009
2101034.394478276
2101036.0
2101036.937483009
2101036.937491195
2101044.39447009
2101044.394478276
2101046.0
2101054.39447009
2101054.394478276
2101056.0
2101065.0335869053
2101065.033595091
2101066.0
2101076.0
2101083.9957687915
2101083.9957769774
2101086.0
2101093.9957687915
2101093.9957769774
2101096.0
2101103.9957687915
2101103.9957769774
2101106.0
2101113.9957687915
2101113.9957769774
2101116.0
2101123.9957687915
2101123.9957769774
2101126.0
2101134.037483009
2101134.037491195
2101136.0
2101146.0
2101156.0
2101166.0
2101176.0
2101186.0
2101196.0
2101206.0
2101216.0
2101226.0
2101236.0
2101246.0
2101256.0
2101266.0
2101276.0
2101286.0
2101296.0
2101306.0
2101316.0
2101326.0
2101336.0
2101346.0
2101356.0
2101366.0
2101376.0
2101386.0
2101396.0
2101406.0
2101416.0
2101426.0
2101436.0
2101446.0
2101456.0
2101466.0
2101476.0
2101486.0
2101496.0
2101506.0
2101516.0
2101526.0
2101536.0
2101546.0
2101556.0
2101566.0
2101576.0
2101586.0
2101596.0
2101606.0
2101616.0
2101626.0
2101636.0
2101646.0
2101656.0
2101666.0
2101676.0
2101686.0
2101696.0
2101706.0
2101716.0
2101726.0
2101736.0
2101746.0
2101756.0
2101766.0
2101776.0
2101786.0
2101796.0
2101806.0
2101816.0
2101826.0
2101836.0
2101846.0
2101856.0
2101866.0
2101876.0
2101886.0
2101896.0
2101906.0
2101916.0
2101926.0
2101936.0
2101946.0
2101956.0
2101966.0
2101976.0
2101986.0
2101996.0
2102006.0
2102016.0
2102026.0
2102036.0
2102046.0
2102056.0
2102066.0
2102076.0
2102086.0
2102096.0
2102106.0
2102116.0
2102126.0
2102136.0
2102146.0
