1.8129006E7
1.8129016E7
1.8129026E7
1.8129036E7
1.8129046E7
1.8129056E7
1.8129066E7
1.8129076E7
1.8129086E7
1.8129090073642068E7
1.8129090073650308E7
1.8129096E7
1.8129106E7
1.8129116E7
1.8129126E7
1.8129136E7
1.8129146E7
1.8129156E7
1.8129166E7
1.8129176E7
1.8129186E7
1.8129196E7
1.8129197073642068E7
1.8129197073650308E7
1.8129206E7
1.8129216E7
1.8129226E7
1.8129236E7
1.8129246E7
1.8129256E7
1.8129266E7
1.8129276E7
1.8129286E7
1.8129296E7
1.8129306E7
1.8129316E7
1.8129326E7
1.8129336E7
1.8129346E7
1.8129356E7
1.8129366E7
1.8129376E7
1.8129386E7
1.8129396E7
1.8129406E7
1.8129416E7
1.8129426E7
1.8129436E7
1.8129446E7
1.8129456E7
1.8129466E7
1.8129476E7
1.8129486E7
1.8129496E7
1.8129506E7
1.8129516E7
1.8129526E7
1.8129536E7
1.8129546E7
1.8129556E7
1.8129566E7
1.8129576E7
1.8129586E7
1.8129596E7
1.8129606E7
1.8129616E7
1.8129626E7
1.8129636E7
1.8129646E7
1.8129656E7
1.8129666E7
1.8129676E7
1.8129686E7
1.8129696E7
1.8129706E7
1.8129716E7
1.8129726E7
1.8198006E7
1.8198016E7
1.8198026E7
1.8198036E7
1.8198046E7
1.8198056E7
1.8198066E7
1.8198076E7
1.8198086E7
1.8198096E7
1.8198106E7
1.8198116E7
1.8198126E7
1.8198136E7
1.8198146E7
1.8198156E7
1.8198166E7
1.8198176E7
1.8198186E7
1.8198196E7
1.8198206E7
1.8198216E7
1.8198226E7
1.8198236E7
1.8198246E7
1.8198256E7
1.8198266E7
1.8198276E7
1.8198286E7
1.8198296E7
1.8198306E7
1.8198316E7
1.8198326E7
1.8198336E7
1.8198346E7
1.8198356E7
1.8198366E7
1.8198376E7
1.8198386E7
1.8198396E7
1.8198406E7
1.8198416E7
1.8198426E7
1.8198436E7
1.8198446E7
1.8198456E7
1.8198466E7
1.8198476E7
1.8198486E7
1.8198496E7
1.8198506E7
1.8198516E7
1.8198526E7
1.8198536E7
1.8198546E7
1.8198556E7
1.8198566E7
1.8198576E7
1.8198586E7
1.8198596E7
1.8198606E7
1.8198616E7
1.8198626E7
1.8198636E7
1.8198646E7
1.8198656E7
1.8198666E7
1.8198676E7
1.8198686E7
1.8198696E7
1.8198706E7
1.8198716E7
1.8198726E7
1.8198736E7
1.8198746E7
1.8198756E7
1.8198766E7
1.8198776E7
1.8198786E7
1.8198796E7
1.8198806E7
1.8198816E7
1.8198826E7
1.8338003617239885E7
1.8338003617248125E7
1.8338006E7
1.8338016E7
1.8338026E7
1.8338036E7
1.8338046E7
1.8338056E7
1.8338066E7
1.8338076E7
1.8338086E7
1.8338096E7
1.8338106E7
1.8338116E7
1.8338126E7
1.8338136E7
1.8338146E7
1.8338156E7
1.8338166E7
1.8338176E7
1.8338186E7
1.8338196E7
1.8338206E7
1.8338216E7
1.8338226E7
1.8338236E7
1.8338246E7
1.8338256E7
1.8338266E7
1.8338276E7
1.8338286E7
1.8338296E7
1.8338306E7
1.8338316E7
1.8338326E7
1.8338336E7
1.8338346E7
1.8338356E7
1.8338366E7
1.8338376E7
1.8338386E7
1.8338396E7
1.8338406E7
1.8338416E7
1.8338426E7
1.8338436E7
1.8338446E7
1.8338456E7
1.8338466E7
1.8338476E7
1.8338486E7
1.8338496E7
1.8338506E7
1.8338516E7
1.8338526E7
1.8338536E7
1.8338546E7
1.8338556E7
1.8338566E7
1.8338576E7
1.8338586E7
1.8338596E7
1.8338606E7
1.8338616E7
1.8338626E7
1.8338636E7
1.8338646E7
1.8338656E7
1.8338666E7
1.8338676E7
1.8338686E7
1.8338696E7
1.8338706E7
1.8338716E7
1.8338726E7
1.8338736E7
1.8338746E7
1.8338756E7
1.8338766E7
1.8338776E7
1.8338786E7
1.8338796E7
1.8338806E7
1.8338816E7
1.8338826E7
1.8338836E7
1.8338844548867933E7
1.8338844548876174E7
1.8338846E7
1.8338856E7
1.8338866E7
1.8338876E7
1.8338886E7
1.8338896E7
1.8338906E7
1.8338916E7
1.8338926E7
1.8338936E7
1.8338946E7
1.8338951548867933E7
1.8338951548876174E7
1.8338956E7
1.8338966E7
1.864700304191702E7
1.864700304192526E7
1.8647006E7
1.8647016E7
1.8647026E7
1.8647036E7
1.8647046E7
1.8647056E7
1.8647066E7
1.8647076E7
1.8647086E7
1.8647096E7
1.8647106E7
1.8647116E7
1.8647126E7
1.8647136E7
1.8647146E7
1.8647156E7
1.8647166E7
1.8647176E7
1.8647186E7
1.8647196E7
1.8647206E7
1.8647216E7
1.8647226E7
1.8647236E7
1.8647246E7
1.8647256E7
1.8647266E7
1.8647276E7
1.8647286E7
1.8647296E7
1.8647306E7
1.8647316E7
1.8647326E7
1.8647336E7
1.8647346E7
1.8647356E7
1.8647366E7
1.8647376E7
1.8647386E7
1.8647396E7
1.8647406E7
1.8647416E7
1.8647426E7
1.8647436E7
1.8647446E7
1.8647456E7
1.8647466E7
1.8647476E7
1.8647486E7
1.8647496E7
1.8647506E7
1.8647516E7
1.8647526E7
1.8647536E7
1.8647546E7
1.8647556E7
1.8647566E7
1.8647576E7
1.8647586E7
1.8647596E7
1.8647606E7
1.8647616E7
1.8647626E7
1.8647636E7
1.8647646E7
1.8647656E7
1.8647666E7
1.8647676E7
1.8647686E7
1.8647696E7
1.8647706E7
1.8647716E7
1.8647726E7
1.8647736E7
1.8647746E7
1.8647756E7
1.8786005329261713E7
1.8786005329269953E7
1.8786006E7
1.8786015329261713E7
1.8786015329269953E7
1.8786016E7
1.8786025329261713E7
1.8786025329269953E7
1.8786026E7
1.8786035329261713E7
1.8786035329269953E7
1.8786036E7
1.8786045329261713E7
1.8786045329269953E7
1.8786046E7
1.8786056E7
1.8786065329261713E7
1.8786065329269953E7
1.8786066E7
1.8786075329261713E7
1.8786075329269953E7
1.8786076E7
1.8786085329261713E7
1.8786085329269953E7
1.8786086E7
1.8786095329261713E7
1.8786095329269953E7
1.8786096E7
1.8786105329261713E7
1.8786105329269953E7
1.8786106E7
1.8786115329261713E7
1.8786115329269953E7
1.8786116E7
1.8786125329261713E7
1.8786125329269953E7
1.8786126E7
1.8786135329261713E7
1.8786135329269953E7
1.8786136E7
1.8786145329261713E7
1.8786145329269953E7
1.8786146E7
1.8786155329261713E7
1.8786155329269953E7
1.8786156E7
1.8786165329261713E7
1.8786165329269953E7
1.8786166E7
1.8786175329261713E7
1.8786175329269953E7
1.8786176E7
1.8786185329261713E7
1.8786185329269953E7
1.8786186E7
1.8786195329261713E7
1.8786195329269953E7
1.8786196E7
1.8786205329261713E7
1.8786205329269953E7
1.8786206E7
1.8786215329261713E7
1.8786215329269953E7
1.8786216E7
1.8786225329261713E7
1.8786225329269953E7
1.8786226E7
1.8786235329261713E7
1.8786235329269953E7
1.8786236E7
1.8786245329261713E7
1.8786245329269953E7
1.8786246E7
1.8786255329261713E7
1.8786255329269953E7
1.8786256E7
1.8786266E7
1.8786276E7
1.8786285329261713E7
1.8786285329269953E7
1.8786286E7
1.8786295329261713E7
1.8786295329269953E7
1.8786296E7
1.8786305329261713E7
1.8786305329269953E7
1.8786306E7
1.8786315329261713E7
1.8786315329269953E7
1.8786316E7
1.8786325329261713E7
1.8786325329269953E7
1.8786326E7
1.8786335329261713E7
1.8786335329269953E7
1.8786336E7
1.8786345329261713E7
1.8786345329269953E7
1.8786346E7
1.8786355329261713E7
1.8786355329269953E7
1.8786356E7
1.8786365329261713E7
1.8786365329269953E7
1.8786366E7
1.8786375329261713E7
1.8786375329269953E7
1.8786376E7
1.8786385329261713E7
1.8786385329269953E7
1.8786386E7
1.8786395329261713E7
1.8786395329269953E7
1.8786396E7
1.8786405329261713E7
1.8786405329269953E7
1.8786406E7
1.8786415329261713E7
1.8786415329269953E7
1.8786416E7
1.8786425329261713E7
1.8786425329269953E7
1.8786426E7
1.8786435329261713E7
1.8786435329269953E7
1.8786436E7
1.8786445329261713E7
1.8786445329269953E7
1.8786446E7
1.8786455329261713E7
1.8786455329269953E7
1.8786456E7
1.8786465329261713E7
1.8786465329269953E7
1.8786466E7
1.8786475329261713E7
1.8786475329269953E7
1.8786476E7
1.8786486E7
1.8786495329261713E7
1.8786495329269953E7
1.8786496E7
1.8786506E7
1.8786515329261713E7
1.8786515329269953E7
1.8786516E7
1.8786525329261713E7
1.8786525329269953E7
1.8786526E7
1.8786536E7
1.8786545329261713E7
1.8786545329269953E7
1.8786546E7
1.8786555329261713E7
1.8786555329269953E7
1.8786556E7
1.8786565329261713E7
1.8786565329269953E7
1.8786566E7
1.8786575329261713E7
1.8786575329269953E7
1.8786576E7
1.8786585329261713E7
1.8786585329269953E7
1.8786586E7
1.8786595329261713E7
1.8786595329269953E7
1.8786596E7
1.8786605329261713E7
1.8786605329269953E7
1.8786606E7
1.8786615329261713E7
1.8786615329269953E7
1.8786616E7
1.8786625329261713E7
1.8786625329269953E7
1.8786626E7
1.8786635329261713E7
1.8786635329269953E7
1.8786636E7
1.8786645329261713E7
1.8786645329269953E7
1.8786646E7
1.8786655329261713E7
1.8786655329269953E7
1.8786656E7
1.8786665329261713E7
1.8786665329269953E7
1.8786666E7
1.8786675329261713E7
1.8786675329269953E7
1.8786676E7
1.8786685329261713E7
1.8786685329269953E7
1.8786686E7
1.8786695329261713E7
1.8786695329269953E7
1.8786696E7
1.8786705329261713E7
1.8786705329269953E7
1.8786706E7
1.8786716E7
1.8786725329261713E7
1.8786725329269953E7
1.8786726E7
1.8786735329261713E7
1.8786735329269953E7
1.8786736E7
1.8786746E7
1.8786756E7
1.8786766E7
1.8786776E7
1.8786786E7
1.8786796E7
1.8786806E7
1.8786816E7
1.8786826E7
1.8786836E7
1.8786846E7
1.8786856E7
1.8786866E7
1.8786876E7
1.8786886E7
1.8786896E7
1.8786906E7
1.8786916E7
1.8786926E7
1.8786936E7
1.8786946E7
1.8786956E7
1.8786966E7
1.8786976E7
1.8786986E7
1.8786996E7
1.8787006E7
1.8787016E7
1.8787026E7
1.8787036E7
1.8787046E7
1.8787056E7
1.8787066E7
1.8787076E7
1.8787086E7
1.8787096E7
1.8787106E7
1.8787116E7
1.8787126E7
1.8787136E7
1.8787146E7
1.8787156E7
1.8787166E7
1.8787176E7
1.8787186E7
1.8858006E7
1.885800803659814E7
1.885800803660638E7
1.8858016E7
1.8858026E7
1.8858036E7
1.885803803659814E7
1.885803803660638E7
1.8858046E7
1.885804803659814E7
1.885804803660638E7
1.8858056E7
1.885805803659814E7
1.885805803660638E7
1.8858066E7
1.885806803659814E7
1.885806803660638E7
1.8858076E7
1.885807803659814E7
1.885807803660638E7
1.8858086E7
1.885808803659814E7
1.885808803660638E7
1.8858096E7
1.885809803659814E7
1.885809803660638E7
1.8858106E7
1.885810803659814E7
1.885810803660638E7
1.8858116E7
1.8858126E7
1.885812803659814E7
1.885812803660638E7
1.8858136E7
1.885813803659814E7
1.885813803660638E7
1.8858146E7
1.8858156E7
1.8858166E7
1.885816803659814E7
1.885816803660638E7
1.8858176E7
1.885817803659814E7
1.885817803660638E7
1.8858186E7
1.885818803659814E7
1.885818803660638E7
1.8858196E7
1.885819803659814E7
1.885819803660638E7
1.8858206E7
1.885820803659814E7
1.885820803660638E7
1.8858216E7
1.885821803659814E7
1.885821803660638E7
1.8858226E7
1.885822803659814E7
1.885822803660638E7
1.8858236E7
1.885823803659814E7
1.885823803660638E7
1.8858246E7
1.885824803659814E7
1.885824803660638E7
1.8858256E7
1.885825803659814E7
1.885825803660638E7
1.8858266E7
1.885826803659814E7
1.885826803660638E7
1.8858276E7
1.8858286E7
1.885828803659814E7
1.885828803660638E7
1.8858296E7
1.885829803659814E7
1.885829803660638E7
1.8858306E7
1.8858316E7
1.885831803659814E7
1.885831803660638E7
1.8858326E7
1.885832803659814E7
1.885832803660638E7
1.8858336E7
1.885833803659814E7
1.885833803660638E7
1.8858346E7
1.8858356E7
1.885835803659814E7
1.885835803660638E7
1.8858366E7
1.885836803659814E7
1.885836803660638E7
1.8858376E7
1.885837803659814E7
1.885837803660638E7
1.8858386E7
1.885838803659814E7
1.885838803660638E7
1.8858396E7
1.885839803659814E7
1.885839803660638E7
1.8858406E7
1.885840803659814E7
1.885840803660638E7
1.8858416E7
1.8858426E7
1.885842803659814E7
1.885842803660638E7
1.8858436E7
1.885843803659814E7
1.885843803660638E7
1.8858446E7
1.8858456E7
1.885845803659814E7
1.885845803660638E7
1.8858466E7
1.885846803659814E7
1.885846803660638E7
1.8858476E7
1.885847803659814E7
1.885847803660638E7
1.8858486E7
1.885848803659814E7
1.885848803660638E7
1.8858496E7
1.885849803659814E7
1.885849803660638E7
1.8858506E7
1.885850803659814E7
1.885850803660638E7
1.8858516E7
1.885851803659814E7
1.885851803660638E7
1.8858526E7
1.885852803659814E7
1.885852803660638E7
1.8858536E7
1.885853803659814E7
1.885853803660638E7
1.8858546E7
1.885854803659814E7
1.885854803660638E7
1.8858556E7
1.885855803659814E7
1.885855803660638E7
1.8858566E7
1.885856803659814E7
1.885856803660638E7
1.8858576E7
1.885857803659814E7
1.885857803660638E7
1.8858586E7
1.885858803659814E7
1.885858803660638E7
1.8858596E7
1.885859803659814E7
1.885859803660638E7
1.8858606E7
1.885860803659814E7
1.885860803660638E7
1.8858616E7
1.885861803659814E7
1.885861803660638E7
1.8858626E7
1.885862803659814E7
1.885862803660638E7
1.8858636E7
1.885863803659814E7
1.885863803660638E7
1.8858646E7
1.885864803659814E7
1.885864803660638E7
1.8858656E7
1.885865803659814E7
1.885865803660638E7
1.8858666E7
1.885866803659814E7
1.885866803660638E7
1.8858676E7
1.885867803659814E7
1.885867803660638E7
1.8858686E7
1.8858696E7
1.885869803659814E7
1.885869803660638E7
1.8858706E7
1.885870803659814E7
1.885870803660638E7
1.8858716E7
1.885871803659814E7
1.885871803660638E7
1.8858726E7
1.8858736E7
1.885873803659814E7
1.885873803660638E7
1.8858746E7
1.885874803659814E7
1.885874803660638E7
1.8858756E7
1.885875803659814E7
1.885875803660638E7
1.8858766E7
1.8858776E7
1.885877803659814E7
1.885877803660638E7
1.885877875854706E7
1.88587787585553E7
1.8858786E7
1.885878803659814E7
1.885878803660638E7
1.8858796E7
1.885879803659814E7
1.885879803660638E7
1.8858806E7
1.8858816E7
1.885881803659814E7
1.885881803660638E7
1.8858826E7
1.885882803659814E7
1.885882803660638E7
1.8858836E7
1.885883803659814E7
1.885883803660638E7
1.8858846E7
1.885884803659814E7
1.885884803660638E7
1.8858856E7
1.8858866E7
1.8858876E7
1.885888575854706E7
1.88588857585553E7
1.8858886E7
1.8858896E7
1.8858906E7
1.919400540700487E7
1.9194006E7
1.919401540700487E7
1.9194016E7
1.919402540700487E7
1.9194026E7
1.919403540700487E7
1.9194036E7
1.919404540700487E7
1.9194046E7
1.919405540700487E7
1.9194056E7
1.919406540700487E7
1.9194066E7
1.919407540700487E7
1.9194076E7
1.919408540700487E7
1.9194086E7
1.919409540700487E7
1.9194096E7
1.919410540700487E7
1.9194106E7
1.919411540700487E7
1.9194116E7
1.919412540700487E7
1.9194126E7
1.9194136E7
1.9194146E7
1.9194156E7
1.9194166E7
1.9194176E7
1.9194186E7
1.9194196E7
1.9194206E7
1.9194216E7
1.9194226E7
1.9194236E7
1.9194246E7
1.9194256E7
1.9194266E7
1.9194276E7
1.9194286E7
1.9194296E7
1.9194306E7
1.9194316E7
1.9194326E7
1.9194336E7
1.9194346E7
1.9194356E7
1.9194366E7
1.9194376E7
1.9194386E7
1.9194396E7
1.9194406E7
1.9194416E7
1.9194426E7
1.9194436E7
1.9194446E7
1.9194456E7
1.9194466E7
1.9194476E7
1.9194486E7
1.9194496E7
1.9194506E7
1.9194516E7
1.9194526E7
1.9194536E7
1.9194546E7
1.9194556E7
1.9194566E7
1.9194576E7
1.9194586E7
1.9194596E7
1.9194606E7
1.9194616E7
1.9194626E7
1.9194636E7
1.9194646E7
1.9194656E7
1.9194666E7
1.9194676E7
1.9194686E7
1.9194696E7
1.9194706E7
1.9561004390212573E7
1.9561006E7
1.9561014390212573E7
1.9561016E7
1.9561024390212573E7
1.9561026E7
1.9561034390212573E7
1.9561036E7
1.9561044390212573E7
1.9561046E7
1.9561054390212573E7
1.9561056E7
1.9561064390212573E7
1.9561066E7
1.9561074390212573E7
1.9561076E7
1.9561084390212573E7
1.9561086E7
1.9561096E7
1.9561104390212573E7
1.9561106E7
1.9561114390212573E7
1.9561116E7
1.9561124390212573E7
1.9561126E7
1.9561136E7
1.9561146E7
1.9561156E7
1.9561166E7
1.9561176E7
1.9561186E7
1.9561196E7
1.9561206E7
1.9561216E7
1.9561226E7
1.9561236E7
1.9561246E7
1.9561256E7
1.9561266E7
1.9561276E7
1.9561286E7
1.9561296E7
1.9561306E7
1.9561316E7
1.9561326E7
1.9561336E7
1.9561346E7
1.9561356E7
1.9561366E7
1.9561376E7
1.9561386E7
1.9561396E7
1.9561406E7
1.9561416E7
1.9561426E7
1.9561436E7
1.9561446E7
1.9561456E7
1.9561466E7
1.9561476E7
1.9561486E7
1.9561496E7
1.9561506E7
1.9561516E7
1.9561526E7
1.9561536E7
1.9561546E7
1.9561556E7
1.9561566E7
1.9561576E7
1.9561586E7
1.9561596E7
1.9561606E7
1.9561616E7
1.9561626E7
1.9561636E7
1.9561646E7
1.9561656E7
1.9561666E7
1.9561676E7
1.9561686E7
1.9561696E7
1.9561706E7
1.9561716E7
1.9561726E7
1.9561736E7
1.9561746E7
1.9561756E7
1.9561766E7
1.9561776E7
1.9561786E7
1.9561796E7
1.9561806E7
1.9561816E7
1.9561826E7
1.9561836E7
1.9561846E7
1.9561856E7
1.9947004503211603E7
1.9947006E7
1.9947014503211603E7
1.9947016E7
1.9947024503211603E7
1.9947026E7
1.9947034503211603E7
1.9947036E7
1.9947044503211603E7
1.9947046E7
1.9947054503211603E7
1.9947056E7
1.9947064503211603E7
1.9947066E7
1.9947076E7
1.9947084503211603E7
1.9947086E7
1.9947094503211603E7
1.9947096E7
1.9947104503211603E7
1.9947106E7
1.9947114503211603E7
1.9947116E7
1.9947124503211603E7
1.9947126E7
1.9947136E7
1.9947146E7
1.9947156E7
1.9947166E7
1.9947176E7
1.9947186E7
1.9947196E7
1.9947206E7
1.9947216E7
1.9947226E7
1.9947236E7
1.9947246E7
1.9947256E7
1.9947266E7
1.9947276E7
1.9947286E7
1.9947296E7
1.9947306E7
1.9947316E7
1.9947326E7
1.9947336E7
1.9947346E7
1.9947356E7
1.9947366E7
1.9947376E7
1.9947386E7
1.9947396E7
1.9947406E7
1.9947416E7
1.9947426E7
1.9947436E7
1.9947446E7
1.9947456E7
1.9947466E7
1.9947476E7
1.9947486E7
1.9947496E7
1.9947506E7
1.9947516E7
1.9947526E7
1.9947536E7
1.9947537963224903E7
1.9947546E7
1.9947556E7
1.9947566E7
1.9947576E7
1.9947586E7
1.9947596E7
1.9947606E7
1.9947616E7
1.9947626E7
1.9947636E7
1.9947646E7
1.9947656E7
1.9947666E7
1.9947676E7
1.9947686E7
1.9947696E7
1.9947706E7
1.9947716E7
2.009800565003167E7
2.0098006E7
2.009801565003167E7
2.0098016E7
2.009802565003167E7
2.0098026E7
2.009803565003167E7
2.0098036E7
2.009804565003167E7
2.0098046E7
2.009805565003167E7
2.0098056E7
2.009806565003167E7
2.0098066E7
2.009807565003167E7
2.0098076E7
2.009808565003167E7
2.0098086E7
2.009809565003167E7
2.0098096E7
2.009810565003167E7
2.0098106E7
2.009811565003167E7
2.0098116E7
2.009812565003167E7
2.0098126E7
2.0098136E7
2.0098146E7
2.0098156E7
2.0098166E7
2.0098176E7
2.0098186E7
2.0098196E7
2.0098206E7
2.0098216E7
2.0098226E7
2.0098236E7
2.0098246E7
2.0098256E7
2.0098266E7
2.0098276E7
2.0098286E7
2.0098296E7
2.0098306E7
2.0098316E7
2.0098326E7
2.0098336E7
2.0098346E7
2.0098356E7
2.0098366E7
2.0098376E7
2.0098386E7
2.0098396E7
2.0098406E7
2.0098416E7
2.0098426E7
2.0098436E7
2.0098446E7
2.0098456E7
2.0098466E7
2.0098476E7
2.0098486E7
2.0098496E7
2.0098506E7
2.0098516E7
2.0098526E7
2.0098536E7
2.0098546E7
2.0098556E7
2.0098566E7
2.0098576E7
2.0098586E7
2.0098596E7
2.0098606E7
2.0098616E7
2.0098626E7
2.0098636E7
2.0098646E7
2.0098656E7
2.0098666E7
2.0098676E7
2.0098686E7
2.0098696E7
2.0098706E7
2.0098716E7
2.0098726E7
2.0098736E7
2.0098746E7
2.0098756E7
2.0098756536634937E7
2.0098766E7
2.0098776E7
2.0098786E7
2.0098796E7
2.0098806E7
2.0098816E7
2.0098826E7
2.0098836E7
2.0098846E7
2.0098856E7
2.0098866E7
2.0098876E7
2.0098886E7
2.0098896E7
2.0098906E7
2.0098916E7
2.0098926E7
2.0098936E7
2.0141004653541192E7
2.0141006E7
2.0141016E7
2.0141024653541192E7
2.0141026E7
2.0141036E7
2.0141044653541192E7
2.0141046E7
2.0141054653541192E7
2.0141056E7
2.0141064653541192E7
2.0141066E7
2.0141074653541192E7
2.0141076E7
2.0141084653541192E7
2.0141086E7
2.0141094653541192E7
2.0141096E7
2.0141104653541192E7
2.0141106E7
2.0141114653541192E7
2.0141116E7
2.0141124653541192E7
2.0141126E7
2.0141134653541192E7
2.0141136E7
2.0141144653541192E7
2.0141146E7
2.0141154653541192E7
2.0141156E7
2.0141164653541192E7
2.0141166E7
2.0141174653541192E7
2.0141176E7
2.0141184653541192E7
2.0141186E7
2.0141194653541192E7
2.0141196E7
2.0141204653541192E7
2.0141206E7
2.0141214653541192E7
2.0141216E7
2.0141224653541192E7
2.0141226E7
2.0141234653541192E7
2.0141236E7
2.0141244653541192E7
2.0141246E7
2.0141254653541192E7
2.0141256E7
2.0141264653541192E7
2.0141266E7
2.0141274653541192E7
2.0141276E7
2.0141284653541192E7
2.0141286E7
2.0141294653541192E7
2.0141296E7
2.0141304653541192E7
2.0141306E7
2.0141314653541192E7
2.0141316E7
2.0141324653541192E7
2.0141326E7
2.0141336E7
2.0141344653541192E7
2.0141346E7
2.0141356E7
2.0141364653541192E7
2.0141366E7
2.0141374653541192E7
2.0141376E7
2.0141384653541192E7
2.0141386E7
2.0141394653541192E7
2.0141396E7
2.0141404653541192E7
2.0141406E7
2.0141414653541192E7
2.0141416E7
2.0141426E7
2.0141434653541192E7
2.0141436E7
2.0141444653541192E7
2.0141446E7
2.0141454653541192E7
2.0141456E7
2.0141464653541192E7
2.0141466E7
2.0141474653541192E7
2.0141476E7
2.0141484653541192E7
2.0141486E7
2.0141494653541192E7
2.0141496E7
2.0141504653541192E7
2.0141506E7
2.0141514653541192E7
2.0141516E7
2.0141524653541192E7
2.0141526E7
2.0141534653541192E7
2.0141536E7
2.0141544653541192E7
2.0141546E7
2.0141554653541192E7
2.0141556E7
2.0141566E7
2.0141574653541192E7
2.0141576E7
2.0141584653541192E7
2.0141586E7
2.0141594653541192E7
2.0141596E7
2.0141604653541192E7
2.0141606E7
2.0141614653541192E7
2.0141616E7
2.0141626E7
2.0141636E7
2.0141646E7
2.0141656E7
2.0141666E7
2.0141676E7
2.0141686E7
2.0141696E7
2.0141706E7
2.0141716E7
2.0141726E7
2.0141736E7
2.0141746E7
2.0141756E7
2.0141766E7
2.0141776E7
2.0141786E7
2.0141796E7
2.0141806E7
2.0141816E7
2.0141826E7
2.0141836E7
2.0141846E7
2.0141856E7
2.0141866E7
2.0141876E7
2.0141886E7
2.0141896E7
2.0141906E7
