0	4993	4593	3	0	0.0
0	4993	4593	3	0	1.0858E7
0	4995	4593	3	2	1.0859E7
0	4998	4593	2	4	1.086E7
0	5003	4592	1	6	1.0861E7
0	5011	4592	1	8	1.0862E7
0	5020	4591	1	10	1.0863E7
0	5031	4589	1	12	1.0864E7
0	5042	4588	1	9	1.0865E7
0	5050	4587	1	6	1.0866E7
0	5056	4586	1	4	1.0867E7
0	5059	4586	1	1	1.0868E7
0	5059	4586	1	0	1.0869E7
0	5059	4586	1	0	1.087E7
0	5059	4586	1	0	1.0871E7
0	5059	4586	1	0	1.0872E7
0	5059	4586	1	0	1.0873E7
0	5059	4586	1	0	1.0874E7
0	5059	4586	1	0	1.0875E7
0	5059	4586	1	0	1.0876E7
0	5059	4586	1	0	1.0877E7
0	5059	4586	1	0	1.0878E7
0	5059	4586	1	0	1.0879E7
0	5059	4586	1	0	1.088E7
0	5059	4586	1	0	1.0881E7
0	5059	4586	1	0	1.0882E7
0	5059	4586	1	0	1.0883E7
0	5059	4586	1	0	1.0884E7
0	5059	4586	1	0	1.0885E7
0	5059	4586	1	0	1.0886E7
0	5059	4586	1	0	1.0887E7
0	5059	4586	1	0	1.0888E7
0	5061	4586	1	2	1.0889E7
0	5064	4586	1	4	1.089E7
0	5069	4585	1	6	1.0891E7
0	5076	4584	1	8	1.0892E7
0	5085	4584	1	9	1.0893E7
0	5096	4583	1	11	1.0894E7
0	5109	4582	1	13	1.0895E7
0	5123	4582	1	14	1.0896E7
0	5137	4585	1	14	1.0897E7
0	5151	4588	1	14	1.0898E7
0	5165	4591	1	14	1.0899E7
0	5178	4594	1	14	1.09E7
0	5192	4597	1	14	1.0901E7
0	5206	4600	1	14	1.0902E7
0	5220	4603	1	14	1.0903E7
0	5234	4605	1	14	1.0904E7
0	5247	4608	1	14	1.0905E7
0	5261	4611	1	14	1.0906E7
0	5275	4614	1	14	1.0907E7
0	5289	4617	1	14	1.0908E7
0	5303	4620	1	14	1.0909E7
0	5316	4623	1	14	1.091E7
0	5330	4626	1	14	1.0911E7
0	5344	4629	1	14	1.0912E7
0	5358	4632	1	14	1.0913E7
0	5372	4635	1	14	1.0914E7
0	5385	4637	1	14	1.0915E7
0	5399	4640	1	14	1.0916E7
0	5412	4641	1	11	1.0917E7
0	5422	4642	1	8	1.0918E7
0	5429	4642	1	5	1.0919E7
0	5433	4642	1	3	1.092E7
0	5435	4641	1	0	1.0921E7
0	5435	4641	1	0	1.0922E7
0	5435	4641	1	0	1.0923E7
0	5435	4641	1	0	1.0924E7
0	5435	4641	1	0	1.0925E7
0	5435	4641	1	0	1.0926E7
0	5435	4641	1	0	1.0927E7
0	5435	4641	1	0	1.0928E7
0	5435	4641	1	0	1.0929E7
0	5435	4641	1	0	1.093E7
0	5435	4641	1	0	1.0931E7
0	5435	4641	1	0	1.0932E7
0	5435	4641	1	0	1.0933E7
0	5435	4641	1	0	1.0934E7
0	5435	4641	1	0	1.0935E7
0	5435	4641	1	0	1.0936E7
0	5435	4641	1	0	1.0937E7
0	5435	4641	1	0	1.0938E7
0	5435	4641	1	0	1.0939E7
0	5435	4641	1	0	1.094E7
0	5435	4641	1	1	1.0941E7
0	5438	4641	1	3	1.0942E7
0	5443	4641	1	5	1.0943E7
0	5449	4639	1	7	1.0944E7
0	5457	4638	1	9	1.0945E7
0	5467	4634	1	11	1.0946E7
0	5479	4630	1	13	1.0947E7
0	5492	4624	2	14	1.0948E7
0	5504	4617	2	14	1.0949E7
0	5516	4610	2	14	1.095E7
0	5528	4602	2	14	1.0951E7
0	5540	4595	2	14	1.0952E7
0	5552	4588	2	14	1.0953E7
0	5565	4581	2	14	1.0954E7
0	5577	4575	2	14	1.0955E7
0	5590	4570	1	13	1.0956E7
0	5601	4566	1	10	1.0957E7
0	5609	4564	1	7	1.0958E7
0	5615	4562	1	4	1.0959E7
0	5618	4561	1	2	1.096E7
0	5618	4561	1	0	1.0961E7
0	5618	4561	1	0	1.0962E7
0	5618	4561	1	0	1.0963E7
0	5618	4561	1	0	1.0964E7
0	5618	4561	1	0	1.0965E7
0	5618	4561	1	0	1.0966E7
0	5618	4561	1	0	1.0967E7
0	5618	4561	1	0	1.0968E7
0	5618	4561	1	0	1.0969E7
0	5618	4561	1	0	1.097E7
0	5618	4561	1	0	1.0971E7
0	5618	4561	1	0	1.0972E7
0	5618	4561	1	0	1.0973E7
0	5618	4561	1	0	1.0974E7
0	5618	4561	1	0	1.0975E7
0	5618	4561	1	0	1.0976E7
0	5618	4561	1	0	1.0977E7
0	5618	4561	1	0	1.0978E7
0	5618	4561	1	0	1.0979E7
0	5617	4558	1	0	1.098E7
0	5619	4558	1	2	1.0981E7
0	5622	4557	1	4	1.0982E7
0	5627	4555	1	4	1.0983E7
0	5631	4554	1	4	1.0984E7
0	5634	4550	2	6	1.0985E7
0	5636	4543	3	8	1.0986E7
0	5635	4533	3	10	1.0987E7
0	5634	4522	3	12	1.0988E7
0	5634	4511	3	9	1.0989E7
0	5633	4503	3	6	1.099E7
0	5633	4498	3	4	1.0991E7
0	5633	4494	3	5	1.0992E7
0	5632	4487	3	7	1.0993E7
0	5631	4479	3	9	1.0994E7
0	5630	4469	3	10	1.0995E7
0	5629	4457	3	12	1.0996E7
0	5628	4443	3	14	1.0997E7
0	5626	4429	3	14	1.0998E7
0	5625	4415	3	14	1.0999E7
0	5624	4401	3	14	1.1E7
0	5622	4387	3	14	1.1001E7
0	5621	4373	3	14	1.1002E7
0	5620	4359	3	14	1.1003E7
0	5630	4353	1	14	1.1004E7
0	5644	4352	1	14	1.1005E7
0	5658	4350	1	14	1.1006E7
0	5672	4348	1	14	1.1007E7
0	5686	4347	1	12	1.1008E7
0	5696	4345	1	9	1.1009E7
0	5704	4344	1	6	1.101E7
0	5709	4344	1	3	1.1011E7
0	5711	4344	1	0	1.1012E7
0	5711	4344	1	0	1.1013E7
0	5711	4344	1	0	1.1014E7
0	5711	4344	1	0	1.1015E7
0	5711	4344	1	0	1.1016E7
0	5711	4344	1	0	1.1017E7
0	5711	4344	1	0	1.1018E7
0	5711	4344	1	0	1.1019E7
0	5711	4344	1	0	1.102E7
0	5711	4344	1	0	1.1021E7
0	5711	4344	1	0	1.1022E7
0	5711	4344	1	0	1.1023E7
0	5711	4344	1	0	1.1024E7
0	5711	4344	1	0	1.1025E7
0	5711	4344	1	0	1.1026E7
0	5711	4344	1	0	1.1027E7
0	5711	4344	1	0	1.1028E7
0	5711	4344	1	0	1.1029E7
0	5711	4344	1	0	1.103E7
0	5711	4344	1	0	1.1031E7
0	5712	4344	1	0	1.1032E7
0	5714	4343	1	2	1.1033E7
0	5718	4343	1	5	1.1034E7
0	5724	4342	1	6	1.1035E7
0	5732	4341	1	9	1.1036E7
0	5742	4340	1	10	1.1037E7
0	5754	4338	1	13	1.1038E7
0	5767	4336	1	14	1.1039E7
0	5781	4334	1	14	1.104E7
0	5795	4332	1	14	1.1041E7
0	5809	4331	1	14	1.1042E7
0	5823	4329	1	14	1.1043E7
0	5837	4327	1	14	1.1044E7
0	5851	4325	1	14	1.1045E7
0	5865	4323	1	14	1.1046E7
0	5879	4321	1	14	1.1047E7
0	5893	4320	1	14	1.1048E7
0	5907	4320	1	14	1.1049E7
0	5922	4320	1	14	1.105E7
0	5936	4319	1	14	1.1051E7
0	5950	4319	1	14	1.1052E7
0	5964	4319	1	14	1.1053E7
0	5978	4319	1	14	1.1054E7
0	5992	4319	1	12	1.1055E7
0	6003	4319	1	9	1.1056E7
0	6011	4319	1	6	1.1057E7
0	6016	4319	1	4	1.1058E7
0	6018	4319	1	1	1.1059E7
0	6019	4319	1	0	1.106E7
0	6019	4319	1	0	1.1061E7
0	6019	4319	1	0	1.1062E7
0	6019	4319	1	0	1.1063E7
0	6019	4319	1	0	1.1064E7
0	6019	4319	1	0	1.1065E7
0	6019	4319	1	0	1.1066E7
0	6019	4319	1	0	1.1067E7
0	6019	4319	1	0	1.1068E7
0	6019	4319	1	0	1.1069E7
0	6019	4319	1	0	1.107E7
0	6019	4319	1	0	1.1071E7
0	6019	4319	1	0	1.1072E7
0	6019	4319	1	0	1.1073E7
0	6019	4319	1	0	1.1074E7
0	6019	4319	1	0	1.1075E7
0	6019	4319	1	0	1.1076E7
0	6019	4319	1	0	1.1077E7
0	6019	4319	1	0	1.1078E7
0	6019	4319	1	0	1.1079E7
0	6020	4319	1	2	1.108E7
0	6024	4319	1	4	1.1081E7
0	6030	4319	1	6	1.1082E7
0	6038	4319	1	8	1.1083E7
0	6047	4317	1	10	1.1084E7
0	6058	4314	1	12	1.1085E7
0	6068	4306	2	11	1.1086E7
0	6073	4299	2	7	1.1087E7
0	6076	4293	2	5	1.1088E7
0	6076	4289	3	3	1.1089E7
0	6077	4283	3	6	1.109E7
0	6084	4280	2	8	1.1091E7
0	6091	4273	2	10	1.1092E7
0	6098	4266	2	11	1.1093E7
0	6111	4265	1	13	1.1094E7
0	6125	4264	1	14	1.1095E7
0	6139	4263	1	14	1.1096E7
0	6153	4262	1	14	1.1097E7
0	6167	4260	1	14	1.1098E7
0	6181	4259	1	14	1.1099E7
0	6195	4258	1	14	1.11E7
0	6209	4257	1	14	1.1101E7
0	6223	4256	1	13	1.1102E7
0	6235	4255	1	10	1.1103E7
0	6244	4255	1	7	1.1104E7
0	6250	4255	1	4	1.1105E7
0	6254	4255	1	2	1.1106E7
0	6255	4255	1	0	1.1107E7
0	6255	4255	1	0	1.1108E7
0	6255	4255	1	0	1.1109E7
0	6255	4255	1	0	1.111E7
0	6255	4255	1	0	1.1111E7
0	6255	4255	1	0	1.1112E7
0	6255	4255	1	0	1.1113E7
0	6255	4255	1	0	1.1114E7
0	6255	4255	1	0	1.1115E7
0	6255	4255	1	0	1.1116E7
0	6255	4255	1	0	1.1117E7
0	6255	4255	1	0	1.1118E7
0	6255	4255	1	0	1.1119E7
0	6255	4255	1	0	1.112E7
0	6255	4255	1	0	1.1121E7
0	6255	4255	1	0	1.1122E7
0	6255	4255	1	0	1.1123E7
0	6255	4255	1	0	1.1124E7
0	6255	4255	1	0	1.1125E7
0	6255	4255	1	0	1.1126E7
0	6256	4255	1	1	1.1127E7
0	6259	4255	1	3	1.1128E7
0	6263	4256	1	5	1.1129E7
0	6270	4256	1	7	1.113E7
0	6279	4258	1	9	1.1131E7
0	6289	4261	1	11	1.1132E7
0	6301	4264	1	13	1.1133E7
0	6315	4268	1	14	1.1134E7
0	6328	4267	1	14	1.1135E7
0	6338	4259	2	14	1.1136E7
0	6346	4247	2	14	1.1137E7
0	6348	4233	3	14	1.1138E7
0	6352	4220	3	14	1.1139E7
0	6367	4215	1	14	1.114E7
0	6381	4218	1	14	1.1141E7
0	6394	4222	1	14	1.1142E7
0	6408	4225	1	14	1.1143E7
0	6422	4229	1	14	1.1144E7
0	6435	4232	1	14	1.1145E7
0	6449	4236	1	14	1.1146E7
0	6463	4240	1	14	1.1147E7
0	6476	4243	1	14	1.1148E7
0	6490	4247	1	14	1.1149E7
0	6502	4250	1	10	1.115E7
0	6511	4252	1	7	1.1151E7
0	6517	4254	1	4	1.1152E7
0	6521	4254	1	4	1.1153E7
0	6526	4253	1	6	1.1154E7
0	6529	4248	2	8	1.1155E7
0	6530	4238	3	9	1.1156E7
0	6525	4228	3	11	1.1157E7
0	6518	4216	4	13	1.1158E7
0	6510	4204	4	14	1.1159E7
0	6504	4192	4	14	1.116E7
0	6498	4179	4	14	1.1161E7
0	6494	4166	3	14	1.1162E7
0	6490	4152	3	14	1.1163E7
0	6489	4138	3	14	1.1164E7
0	6491	4124	3	14	1.1165E7
0	6495	4111	3	13	1.1166E7
0	6501	4100	2	10	1.1167E7
0	6506	4093	2	7	1.1168E7
0	6509	4089	2	4	1.1169E7
0	6512	4086	2	4	1.117E7
0	6516	4082	2	6	1.1171E7
0	6522	4076	2	8	1.1172E7
0	6528	4069	2	10	1.1173E7
0	6536	4060	2	12	1.1174E7
0	6546	4050	2	14	1.1175E7
0	6555	4039	2	14	1.1176E7
0	6565	4029	2	14	1.1177E7
0	6574	4019	2	13	1.1178E7
0	6582	4010	2	9	1.1179E7
0	6588	4004	2	6	1.118E7
0	6592	4001	2	4	1.1181E7
0	6594	3998	2	4	1.1182E7
0	6599	3994	2	6	1.1183E7
0	6607	3991	2	8	1.1184E7
0	6617	3987	1	10	1.1185E7
0	6626	3979	2	12	1.1186E7
0	6636	3971	2	11	1.1187E7
0	6643	3964	2	8	1.1188E7
0	6648	3959	2	5	1.1189E7
0	6651	3957	2	3	1.119E7
0	6653	3955	2	0	1.1191E7
0	6653	3955	2	0	1.1192E7
0	6653	3955	2	0	1.1193E7
0	6653	3955	2	0	1.1194E7
0	6653	3955	2	0	1.1195E7
0	6653	3955	2	0	1.1196E7
0	6653	3955	2	0	1.1197E7
0	6653	3955	2	0	1.1198E7
0	6653	3955	2	0	1.1199E7
0	6653	3955	2	0	1.12E7
0	6653	3955	2	0	1.1201E7
0	6653	3955	2	0	1.1202E7
0	6653	3955	2	0	1.1203E7
0	6653	3955	2	0	1.1204E7
0	6653	3955	2	0	1.1205E7
0	6653	3955	2	0	1.1206E7
0	6653	3955	2	0	1.1207E7
0	6653	3955	2	0	1.1208E7
0	6653	3955	2	0	1.1209E7
0	6653	3955	2	0	1.121E7
0	6649	3950	2	1	1.1211E7
0	6650	3949	2	3	1.1212E7
0	6654	3946	2	5	1.1213E7
0	6658	3942	2	7	1.1214E7
0	6663	3937	2	5	1.1215E7
0	6666	3934	2	3	1.1216E7
0	6670	3931	2	5	1.1217E7
0	6673	3925	2	7	1.1218E7
0	6670	3917	3	9	1.1219E7
0	6663	3909	4	11	1.122E7
0	6654	3900	4	13	1.1221E7
0	6644	3889	4	15	1.1222E7
0	6632	3876	4	16	1.1223E7
0	6623	3862	4	16	1.1224E7
0	6612	3849	4	16	1.1225E7
0	6601	3837	4	16	1.1226E7
0	6589	3824	4	16	1.1227E7
0	6578	3811	4	16	1.1228E7
0	6567	3799	4	16	1.1229E7
0	6555	3786	4	16	1.123E7
0	6544	3774	4	15	1.1231E7
0	6534	3764	4	12	1.1232E7
0	6527	3756	4	9	1.1233E7
0	6522	3751	4	6	1.1234E7
0	6519	3747	4	3	1.1235E7
0	6517	3745	4	1	1.1236E7
0	6516	3744	4	0	1.1237E7
0	6515	3744	4	0	1.1238E7
0	6515	3744	4	0	1.1239E7
0	6515	3744	4	0	1.124E7
0	6515	3744	4	0	1.1241E7
0	6515	3744	4	0	1.1242E7
0	6515	3744	4	0	1.1243E7
0	6515	3744	4	0	1.1244E7
0	6515	3744	4	0	1.1245E7
0	6515	3744	4	0	1.1246E7
0	6515	3744	4	0	1.1247E7
0	6515	3744	4	0	1.1248E7
0	6515	3744	4	0	1.1249E7
0	6514	3742	4	2	1.125E7
0	6512	3740	4	4	1.1251E7
0	6508	3736	4	6	1.1252E7
0	6502	3731	4	8	1.1253E7
0	6496	3724	4	10	1.1254E7
0	6489	3717	4	8	1.1255E7
0	6483	3712	4	6	1.1256E7
0	6480	3709	4	3	1.1257E7
0	6478	3707	4	0	1.1258E7
0	6478	3707	4	0	1.1259E7
0	6478	3707	4	0	1.126E7
0	6478	3707	4	0	1.1261E7
0	6478	3707	4	0	1.1262E7
0	6478	3707	4	0	1.1263E7
0	6478	3707	4	0	1.1264E7
0	6478	3707	4	0	1.1265E7
0	6478	3707	4	0	1.1266E7
0	6478	3707	4	0	1.1267E7
0	6478	3707	4	0	1.1268E7
0	6478	3707	4	0	1.1269E7
0	6478	3707	4	0	1.127E7
0	6478	3707	4	0	1.1271E7
0	6478	3707	4	0	1.1272E7
0	6478	3707	4	0	1.1273E7
0	6478	3707	4	0	1.1274E7
0	6478	3707	4	0	1.1275E7
0	6478	3707	4	0	1.1276E7
0	6478	3707	4	0	1.1277E7
0	6478	3707	4	0	1.1278E7
0	6477	3706	4	2	1.1279E7
0	6474	3703	4	4	1.128E7
0	6469	3699	4	6	1.1281E7
0	6464	3693	4	8	1.1282E7
0	6457	3686	4	10	1.1283E7
0	6448	3678	4	12	1.1284E7
0	6438	3668	4	14	1.1285E7
0	6426	3657	4	16	1.1286E7
0	6413	3646	4	16	1.1287E7
0	6403	3637	4	12	1.1288E7
0	6395	3630	4	9	1.1289E7
0	6389	3625	4	6	1.129E7
0	6385	3621	4	3	1.1291E7
0	6383	3620	4	0	1.1292E7
0	6383	3620	4	0	1.1293E7
0	6383	3620	4	0	1.1294E7
0	6383	3620	4	0	1.1295E7
0	6383	3620	4	0	1.1296E7
0	6383	3620	4	0	1.1297E7
0	6383	3620	4	0	1.1298E7
0	6383	3620	4	0	1.1299E7
0	6383	3620	4	0	1.13E7
0	6383	3620	4	0	1.1301E7
0	6383	3620	4	0	1.1302E7
0	6383	3620	4	0	1.1303E7
0	6383	3620	4	0	1.1304E7
0	6383	3620	4	0	1.1305E7
0	6383	3620	4	0	1.1306E7
0	6383	3620	4	0	1.1307E7
0	6383	3620	4	0	1.1308E7
0	6383	3620	4	0	1.1309E7
0	6383	3620	4	0	1.131E7
0	6383	3620	4	0	1.1311E7
0	6383	3620	4	0	1.1312E7
0	6382	3618	4	2	1.1313E7
0	6379	3616	4	4	1.1314E7
0	6374	3612	4	6	1.1315E7
0	6369	3607	4	7	1.1316E7
0	6364	3603	4	5	1.1317E7
0	6361	3600	4	2	1.1318E7
0	6359	3599	4	1	1.1319E7
0	6359	3598	4	0	1.132E7
0	6358	3598	4	0	1.1321E7
0	6358	3598	4	0	1.1322E7
0	6358	3598	4	0	1.1323E7
0	6357	3597	4	2	1.1324E7
0	6354	3594	4	4	1.1325E7
0	6350	3591	4	6	1.1326E7
0	6345	3586	4	8	1.1327E7
0	6338	3580	4	10	1.1328E7
0	6330	3573	4	12	1.1329E7
0	6320	3564	4	14	1.133E7
0	6308	3554	4	16	1.1331E7
0	6296	3543	4	16	1.1332E7
0	6283	3531	4	16	1.1333E7
0	6270	3520	4	16	1.1334E7
0	6257	3509	4	16	1.1335E7
0	6245	3498	4	16	1.1336E7
0	6232	3486	4	16	1.1337E7
0	6220	3475	4	16	1.1338E7
0	6207	3464	4	17	1.1339E7
0	6195	3452	4	16	1.134E7
0	6184	3439	4	16	1.1341E7
0	6173	3426	4	17	1.1342E7
0	6162	3413	4	16	1.1343E7
0	6160	3402	3	14	1.1344E7
0	6171	3394	2	14	1.1345E7
0	6183	3385	2	14	1.1346E7
0	6194	3377	2	12	1.1347E7
0	6203	3371	2	9	1.1348E7
0	6209	3367	2	6	1.1349E7
0	6213	3364	2	3	1.135E7
0	6215	3362	2	0	1.1351E7
0	6215	3362	2	0	1.1352E7
0	6215	3362	2	0	1.1353E7
0	6215	3362	2	0	1.1354E7
0	6215	3362	2	0	1.1355E7
0	6215	3362	2	0	1.1356E7
0	6215	3362	2	0	1.1357E7
0	6215	3362	2	0	1.1358E7
0	6215	3362	2	0	1.1359E7
0	6215	3362	2	0	1.136E7
0	6215	3362	2	0	1.1361E7
0	6215	3362	2	0	1.1362E7
0	6215	3362	2	0	1.1363E7
0	6215	3362	2	0	1.1364E7
0	6215	3362	2	0	1.1365E7
0	6215	3362	2	0	1.1366E7
0	6215	3362	2	0	1.1367E7
0	6215	3362	2	0	1.1368E7
0	6215	3362	2	0	1.1369E7
0	6215	3362	2	0	1.137E7
0	6215	3362	2	0	1.1371E7
0	6217	3361	2	3	1.1372E7
0	6220	3358	2	5	1.1373E7
0	6225	3355	2	6	1.1374E7
0	6231	3350	2	8	1.1375E7
0	6239	3344	2	10	1.1376E7
0	6248	3337	2	12	1.1377E7
0	6259	3329	2	14	1.1378E7
0	6270	3320	2	14	1.1379E7
0	6281	3312	2	14	1.138E7
0	6292	3303	2	14	1.1381E7
0	6304	3295	2	14	1.1382E7
0	6315	3286	2	14	1.1383E7
0	6326	3278	2	14	1.1384E7
0	6336	3271	2	10	1.1385E7
0	6343	3265	2	7	1.1386E7
0	6348	3261	2	5	1.1387E7
0	6352	3259	2	4	1.1388E7
0	6356	3256	2	6	1.1389E7
0	6362	3251	2	8	1.139E7
0	6369	3244	2	10	1.1391E7
0	6377	3235	2	12	1.1392E7
0	6386	3226	2	14	1.1393E7
0	6395	3215	2	14	1.1394E7
0	6405	3205	2	14	1.1395E7
0	6415	3195	2	14	1.1396E7
0	6425	3185	2	14	1.1397E7
0	6434	3174	2	14	1.1398E7
0	6444	3164	2	14	1.1399E7
0	6454	3154	2	14	1.14E7
0	6464	3144	2	14	1.1401E7
0	6474	3134	2	14	1.1402E7
0	6484	3125	2	14	1.1403E7
0	6494	3115	2	14	1.1404E7
0	6504	3105	2	12	1.1405E7
0	6515	3104	1	9	1.1406E7
0	6523	3103	1	6	1.1407E7
0	6528	3103	1	4	1.1408E7
0	6531	3103	1	1	1.1409E7
0	6531	3103	1	0	1.141E7
0	6531	3103	1	0	1.1411E7
0	6531	3103	1	0	1.1412E7
0	6531	3103	1	0	1.1413E7
0	6531	3103	1	0	1.1414E7
0	6531	3103	1	0	1.1415E7
0	6531	3103	1	0	1.1416E7
0	6531	3103	1	0	1.1417E7
0	6531	3103	1	0	1.1418E7
0	6531	3103	1	0	1.1419E7
0	6531	3103	1	0	1.142E7
0	6531	3103	1	0	1.1421E7
0	6531	3103	1	0	1.1422E7
0	6531	3103	1	0	1.1423E7
0	6531	3103	1	0	1.1424E7
0	6531	3103	1	0	1.1425E7
0	6531	3103	1	0	1.1426E7
0	6531	3103	1	0	1.1427E7
0	6531	3103	1	0	1.1428E7
0	6531	3103	1	0	1.1429E7
0	6533	3103	1	2	1.143E7
0	6537	3102	1	5	1.1431E7
0	6543	3102	1	6	1.1432E7
0	6551	3101	1	8	1.1433E7
0	6561	3101	1	10	1.1434E7
0	6572	3100	1	12	1.1435E7
0	6586	3099	1	14	1.1436E7
0	6600	3098	1	14	1.1437E7
0	6614	3097	1	14	1.1438E7
0	6628	3096	1	14	1.1439E7
0	6642	3095	1	14	1.144E7
0	6656	3093	1	14	1.1441E7
0	6671	3092	1	14	1.1442E7
0	6685	3091	1	14	1.1443E7
0	6699	3089	1	14	1.1444E7
0	6713	3088	1	14	1.1445E7
0	6727	3087	1	14	1.1446E7
0	6741	3086	1	14	1.1447E7
0	6750	3092	8	15	1.1448E7
0	6753	3109	7	16	1.1449E7
0	6755	3125	7	16	1.145E7
0	6758	3142	7	16	1.1451E7
0	6761	3159	7	16	1.1452E7
0	6766	3175	7	16	1.1453E7
0	6771	3191	7	16	1.1454E7
0	6776	3208	7	16	1.1455E7
0	6781	3224	7	16	1.1456E7
0	6786	3240	7	16	1.1457E7
0	6791	3256	7	17	1.1458E7
0	6797	3272	7	16	1.1459E7
0	6802	3288	7	16	1.146E7
0	6808	3304	7	16	1.1461E7
0	6813	3320	7	16	1.1462E7
0	6819	3336	7	16	1.1463E7
0	6824	3352	7	16	1.1464E7
0	6830	3368	7	16	1.1465E7
0	6835	3384	7	16	1.1466E7
0	6840	3400	7	16	1.1467E7
0	6845	3417	7	17	1.1468E7
0	6850	3433	7	16	1.1469E7
0	6855	3449	7	16	1.147E7
0	6853	3462	7	14	1.1471E7
0	6842	3471	6	14	1.1472E7
0	6831	3479	6	14	1.1473E7
0	6820	3488	6	14	1.1474E7
0	6808	3496	6	14	1.1475E7
0	6799	3503	6	10	1.1476E7
0	6791	3509	6	7	1.1477E7
0	6787	3513	6	4	1.1478E7
0	6784	3515	6	2	1.1479E7
0	6782	3516	6	1	1.148E7
0	6781	3516	6	0	1.1481E7
0	6781	3517	6	0	1.1482E7
0	6781	3517	6	0	1.1483E7
0	6781	3517	6	0	1.1484E7
0	6781	3517	6	0	1.1485E7
0	6781	3517	6	0	1.1486E7
0	6780	3518	6	2	1.1487E7
0	6778	3521	6	4	1.1488E7
0	6779	3526	7	6	1.1489E7
0	6784	3532	8	8	1.149E7
0	6791	3539	8	10	1.1491E7
0	6799	3547	8	12	1.1492E7
0	6807	3556	8	10	1.1493E7
0	6813	3562	8	7	1.1494E7
0	6817	3566	8	4	1.1495E7
0	6819	3569	8	2	1.1496E7
0	6820	3569	8	0	1.1497E7
0	6820	3569	8	0	1.1498E7
0	6820	3569	8	0	1.1499E7
0	6820	3569	8	0	1.15E7
0	6820	3569	8	0	1.1501E7
0	6820	3569	8	0	1.1502E7
0	6820	3569	8	0	1.1503E7
0	6820	3569	8	0	1.1504E7
0	6820	3569	8	0	1.1505E7
0	6820	3569	8	0	1.1506E7
0	6820	3569	8	0	1.1507E7
0	6820	3569	8	0	1.1508E7
0	6820	3569	8	0	1.1509E7
0	6820	3569	8	0	1.151E7
0	6820	3569	8	0	1.1511E7
0	6820	3569	8	0	1.1512E7
0	6820	3569	8	0	1.1513E7
0	6820	3569	8	0	1.1514E7
0	6820	3569	8	0	1.1515E7
0	6820	3569	8	0	1.1516E7
0	6820	3570	8	2	1.1517E7
0	6823	3573	8	4	1.1518E7
0	6826	3577	8	6	1.1519E7
0	6831	3582	8	8	1.152E7
0	6837	3589	8	10	1.1521E7
0	6845	3597	8	12	1.1522E7
0	6854	3607	8	13	1.1523E7
0	6863	3617	8	14	1.1524E7
0	6873	3628	8	14	1.1525E7
0	6882	3638	8	14	1.1526E7
0	6892	3648	8	14	1.1527E7
0	6901	3659	8	14	1.1528E7
0	6910	3670	8	12	1.1529E7
0	6916	3678	8	9	1.153E7
0	6921	3683	8	6	1.1531E7
0	6924	3687	8	3	1.1532E7
0	6926	3689	8	1	1.1533E7
0	6927	3690	8	0	1.1534E7
0	6927	3691	8	0	1.1535E7
0	6927	3691	8	0	1.1536E7
0	6927	3691	8	0	1.1537E7
0	6927	3691	8	0	1.1538E7
0	6927	3691	8	0	1.1539E7
0	6927	3691	8	0	1.154E7
0	6927	3691	8	0	1.1541E7
0	6927	3691	8	0	1.1542E7
0	6927	3691	8	0	1.1543E7
0	6927	3691	8	0	1.1544E7
0	6927	3691	8	0	1.1545E7
0	6927	3691	8	0	1.1546E7
0	6927	3691	8	0	1.1547E7
0	6927	3691	8	0	1.1548E7
0	6927	3691	8	0	1.1549E7
0	6927	3691	8	0	1.155E7
0	6927	3691	8	0	1.1551E7
0	6927	3691	8	0	1.1552E7
0	6927	3691	8	0	1.1553E7
0	6927	3691	8	0	1.1554E7
0	6927	3691	8	0	1.1555E7
0	6927	3691	8	0	1.1556E7
0	6927	3691	8	0	1.1557E7
0	6927	3691	8	0	1.1558E7
0	6927	3691	8	0	1.1559E7
0	6927	3691	8	0	1.156E7
0	6927	3691	8	0	1.1561E7
0	6927	3691	8	0	1.1562E7
0	6927	3691	8	0	1.1563E7
0	6927	3691	8	0	1.1564E7
0	6927	3691	8	0	1.1565E7
0	6927	3691	8	0	1.1566E7
0	6928	3692	8	2	1.1567E7
0	6930	3695	8	4	1.1568E7
0	6930	3701	7	6	1.1569E7
0	6926	3708	6	8	1.157E7
0	6919	3714	6	10	1.1571E7
0	6910	3722	6	12	1.1572E7
0	6900	3730	6	11	1.1573E7
0	6892	3737	6	8	1.1574E7
0	6887	3741	6	5	1.1575E7
0	6884	3745	6	3	1.1576E7
0	6884	3750	6	5	1.1577E7
0	6888	3755	7	8	1.1578E7
0	6895	3762	8	10	1.1579E7
0	6902	3770	8	12	1.158E7
0	6912	3780	8	14	1.1581E7
0	6923	3791	8	16	1.1582E7
0	6935	3803	8	18	1.1583E7
0	6947	3818	8	19	1.1584E7
0	6957	3835	8	19	1.1585E7
0	6967	3852	8	19	1.1586E7
0	6981	3865	8	17	1.1587E7
0	6993	3877	8	16	1.1588E7
0	6996	3893	7	14	1.1589E7
0	7000	3906	7	14	1.159E7
0	7003	3920	7	14	1.1591E7
0	7007	3934	7	14	1.1592E7
0	7010	3947	7	14	1.1593E7
0	7014	3961	7	14	1.1594E7
0	7018	3973	7	11	1.1595E7
0	7021	3982	7	8	1.1596E7
0	7023	3989	7	5	1.1597E7
0	7024	3992	7	3	1.1598E7
0	7024	3994	7	0	1.1599E7
0	7024	3994	7	0	1.16E7
0	7024	3994	7	0	1.1601E7
0	7024	3994	7	0	1.1602E7
0	7024	3994	7	0	1.1603E7
0	7024	3994	7	0	1.1604E7
0	7024	3994	7	0	1.1605E7
0	7024	3994	7	0	1.1606E7
0	7024	3994	7	0	1.1607E7
0	7024	3994	7	0	1.1608E7
0	7024	3994	7	0	1.1609E7
0	7024	3994	7	0	1.161E7
0	7024	3994	7	0	1.1611E7
0	7024	3994	7	0	1.1612E7
0	7024	3994	7	0	1.1613E7
0	7024	3994	7	0	1.1614E7
0	7024	3994	7	0	1.1615E7
0	7024	3994	7	0	1.1616E7
0	7024	3994	7	0	1.1617E7
0	7024	3994	7	0	1.1618E7
0	7024	3994	7	1	1.1619E7
0	7025	3997	7	3	1.162E7
0	7026	4001	7	5	1.1621E7
0	7028	4007	7	7	1.1622E7
0	7034	4014	7	9	1.1623E7
0	7037	4024	7	11	1.1624E7
0	7040	4036	7	13	1.1625E7
0	7044	4050	7	14	1.1626E7
0	7048	4063	7	14	1.1627E7
0	7052	4077	7	14	1.1628E7
0	7056	4090	7	14	1.1629E7
0	7060	4104	7	14	1.163E7
0	7064	4117	7	14	1.1631E7
0	7068	4131	7	14	1.1632E7
0	7072	4144	7	14	1.1633E7
0	7076	4158	7	14	1.1634E7
0	7080	4172	7	14	1.1635E7
0	7083	4184	7	12	1.1636E7
0	7086	4194	7	8	1.1637E7
0	7088	4202	7	6	1.1638E7
0	7090	4206	7	3	1.1639E7
0	7090	4209	7	1	1.164E7
0	7091	4210	7	0	1.1641E7
0	7091	4210	7	0	1.1642E7
0	7091	4211	7	0	1.1643E7
0	7091	4211	7	0	1.1644E7
0	7091	4211	7	0	1.1645E7
0	7091	4211	7	0	1.1646E7
0	7091	4211	7	0	1.1647E7
0	7091	4211	7	0	1.1648E7
0	7091	4211	7	0	1.1649E7
0	7091	4211	7	0	1.165E7
0	7091	4211	7	0	1.1651E7
0	7091	4211	7	0	1.1652E7
0	7091	4211	7	0	1.1653E7
0	7091	4211	7	0	1.1654E7
0	7091	4211	7	0	1.1655E7
0	7091	4211	7	0	1.1656E7
0	7091	4212	7	2	1.1657E7
0	7093	4215	7	4	1.1658E7
0	7095	4220	7	6	1.1659E7
0	7098	4227	8	8	1.166E7
0	7099	4236	7	9	1.1661E7
0	7102	4246	7	11	1.1662E7
0	7105	4256	7	9	1.1663E7
0	7107	4264	7	6	1.1664E7
0	7109	4268	7	3	1.1665E7
0	7110	4272	7	5	1.1666E7
0	7108	4277	7	7	1.1667E7
0	7099	4280	5	9	1.1668E7
0	7089	4282	5	11	1.1669E7
0	7078	4285	5	10	1.167E7
0	7070	4288	5	7	1.1671E7
0	7065	4289	5	4	1.1672E7
0	7061	4290	5	2	1.1673E7
0	7061	4290	5	0	1.1674E7
0	7061	4290	5	0	1.1675E7
0	7061	4290	5	0	1.1676E7
0	7061	4290	5	0	1.1677E7
0	7061	4290	5	0	1.1678E7
0	7061	4290	5	0	1.1679E7
0	7061	4290	5	0	1.168E7
0	7061	4290	5	0	1.1681E7
0	7061	4290	5	0	1.1682E7
0	7061	4290	5	0	1.1683E7
0	7061	4290	5	0	1.1684E7
0	7061	4290	5	0	1.1685E7
0	7061	4290	5	0	1.1686E7
0	7061	4290	5	0	1.1687E7
0	7061	4290	5	0	1.1688E7
0	7061	4290	5	0	1.1689E7
0	7061	4290	5	0	1.169E7
0	7061	4290	5	0	1.1691E7
0	7061	4290	5	0	1.1692E7
0	7061	4290	5	0	1.1693E7
0	7060	4290	5	2	1.1694E7
0	7056	4291	5	4	1.1695E7
0	7051	4293	5	6	1.1696E7
0	7044	4295	5	8	1.1697E7
0	7035	4297	5	10	1.1698E7
0	7024	4300	5	12	1.1699E7
0	7016	4311	6	14	1.17E7
0	7014	4324	7	14	1.1701E7
0	7014	4338	7	14	1.1702E7
0	7015	4353	7	14	1.1703E7
0	7016	4367	7	14	1.1704E7
0	7016	4381	7	14	1.1705E7
0	7017	4395	7	14	1.1706E7
0	7017	4409	7	14	1.1707E7
0	7018	4423	7	14	1.1708E7
0	7018	4437	7	14	1.1709E7
0	7019	4452	7	14	1.171E7
0	7019	4466	7	14	1.1711E7
0	7020	4480	7	14	1.1712E7
0	7021	4494	7	14	1.1713E7
0	7022	4507	7	13	1.1714E7
0	7023	4519	7	10	1.1715E7
0	7023	4527	7	7	1.1716E7
0	7023	4533	7	4	1.1717E7
0	7023	4536	7	2	1.1718E7
0	7023	4537	7	0	1.1719E7
0	7023	4537	7	0	1.172E7
0	7023	4537	7	0	1.1721E7
0	7023	4537	7	0	1.1722E7
0	7023	4537	7	0	1.1723E7
0	7023	4537	7	0	1.1724E7
0	7023	4537	7	0	1.1725E7
0	7023	4537	7	0	1.1726E7
0	7023	4537	7	0	1.1727E7
0	7023	4537	7	0	1.1728E7
0	7023	4537	7	0	1.1729E7
0	7023	4537	7	0	1.173E7
0	7023	4537	7	0	1.1731E7
0	7023	4537	7	0	1.1732E7
0	7023	4537	7	0	1.1733E7
0	7023	4537	7	0	1.1734E7
0	7023	4537	7	0	1.1735E7
0	7023	4537	7	0	1.1736E7
0	7023	4537	7	0	1.1737E7
0	7023	4537	7	0	1.1738E7
0	7027	4539	7	2	1.1739E7
0	7027	4542	7	4	1.174E7
0	7027	4548	7	6	1.1741E7
0	7026	4555	7	8	1.1742E7
0	7021	4563	6	9	1.1743E7
0	7011	4569	6	11	1.1744E7
0	7000	4570	5	10	1.1745E7
0	6991	4572	5	7	1.1746E7
0	6983	4573	5	9	1.1747E7
0	6972	4574	5	11	1.1748E7
0	6959	4573	5	13	1.1749E7
0	6945	4575	5	14	1.175E7
0	6931	4577	5	14	1.1751E7
0	6917	4579	5	14	1.1752E7
0	6903	4582	5	14	1.1753E7
0	6889	4584	5	14	1.1754E7
0	6876	4586	5	12	1.1755E7
0	6865	4587	5	9	1.1756E7
0	6857	4589	5	6	1.1757E7
0	6852	4589	5	4	1.1758E7
0	6849	4590	5	2	1.1759E7
0	6847	4590	5	1	1.176E7
0	6846	4590	5	0	1.1761E7
0	6844	4591	5	2	1.1762E7
0	6841	4591	5	4	1.1763E7
0	6835	4592	5	6	1.1764E7
0	6827	4593	5	8	1.1765E7
0	6818	4595	5	10	1.1766E7
0	6807	4597	5	12	1.1767E7
0	6793	4600	5	14	1.1768E7
0	6779	4599	5	14	1.1769E7
0	6765	4601	5	14	1.177E7
0	6751	4604	5	14	1.1771E7
0	6737	4606	5	14	1.1772E7
0	6723	4609	5	14	1.1773E7
0	6709	4612	5	14	1.1774E7
0	6696	4614	5	14	1.1775E7
0	6682	4617	5	14	1.1776E7
0	6668	4619	5	14	1.1777E7
0	6654	4622	5	14	1.1778E7
0	6640	4624	5	14	1.1779E7
0	6628	4626	5	11	1.178E7
0	6618	4628	5	8	1.1781E7
0	6612	4629	5	5	1.1782E7
0	6608	4630	5	2	1.1783E7
0	6607	4630	5	0	1.1784E7
0	6607	4630	5	0	1.1785E7
0	6607	4630	5	0	1.1786E7
0	6607	4630	5	0	1.1787E7
0	6607	4630	5	0	1.1788E7
0	6607	4630	5	0	1.1789E7
0	6607	4630	5	0	1.179E7
0	6607	4630	5	0	1.1791E7
0	6607	4630	5	0	1.1792E7
0	6607	4630	5	0	1.1793E7
0	6607	4630	5	0	1.1794E7
0	6607	4630	5	0	1.1795E7
0	6607	4630	5	0	1.1796E7
0	6607	4630	5	0	1.1797E7
0	6607	4630	5	0	1.1798E7
0	6607	4630	5	0	1.1799E7
0	6607	4630	5	0	1.18E7
0	6607	4630	5	0	1.1801E7
0	6607	4630	5	0	1.1802E7
0	6607	4630	5	0	1.1803E7
0	6606	4630	5	1	1.1804E7
0	6604	4631	5	3	1.1805E7
0	6599	4632	5	5	1.1806E7
0	6592	4633	5	7	1.1807E7
0	6584	4634	5	9	1.1808E7
0	6576	4636	5	6	1.1809E7
0	6571	4637	5	3	1.181E7
0	6568	4637	5	2	1.1811E7
0	6567	4637	5	0	1.1812E7
0	6566	4638	5	0	1.1813E7
0	6566	4638	5	0	1.1814E7
0	6566	4638	5	0	1.1815E7
0	6566	4638	5	0	1.1816E7
0	6566	4638	5	0	1.1817E7
0	6566	4638	5	0	1.1818E7
0	6566	4638	5	0	1.1819E7
0	6566	4638	5	0	1.182E7
0	6566	4638	5	0	1.1821E7
0	6566	4638	5	0	1.1822E7
0	6566	4638	5	0	1.1823E7
0	6566	4638	5	0	1.1824E7
0	6566	4638	5	0	1.1825E7
0	6566	4638	5	0	1.1826E7
0	6566	4638	5	0	1.1827E7
0	6566	4638	5	0	1.1828E7
0	6566	4638	5	0	1.1829E7
0	6566	4638	5	0	1.183E7
0	6566	4638	5	0	1.1831E7
0	6566	4638	5	0	1.1832E7
0	6566	4638	5	0	1.1833E7
0	6566	4638	5	0	1.1834E7
0	6566	4638	5	0	1.1835E7
0	6566	4638	5	0	1.1836E7
0	6566	4638	5	0	1.1837E7
0	6566	4638	5	0	1.1838E7
0	6566	4638	5	0	1.1839E7
0	6566	4638	5	0	1.184E7
0	6566	4638	5	0	1.1841E7
0	6564	4638	5	2	1.1842E7
0	6561	4639	5	4	1.1843E7
0	6555	4640	5	6	1.1844E7
0	6548	4642	5	8	1.1845E7
0	6538	4644	5	10	1.1846E7
0	6527	4647	5	12	1.1847E7
0	6514	4650	5	12	1.1848E7
0	6504	4653	5	9	1.1849E7
0	6496	4655	5	6	1.185E7
0	6491	4656	5	3	1.1851E7
0	6488	4657	5	2	1.1852E7
0	6487	4657	5	0	1.1853E7
0	6486	4658	5	0	1.1854E7
0	6486	4658	5	0	1.1855E7
0	6486	4658	5	0	1.1856E7
0	6486	4658	5	0	1.1857E7
0	6486	4658	5	0	1.1858E7
0	6486	4658	5	0	1.1859E7
0	6486	4658	5	0	1.186E7
0	6486	4658	5	0	1.1861E7
0	6486	4658	5	0	1.1862E7
0	6486	4658	5	0	1.1863E7
0	6486	4658	5	0	1.1864E7
0	6486	4658	5	0	1.1865E7
0	6486	4658	5	0	1.1866E7
0	6486	4658	5	0	1.1867E7
0	6486	4658	5	0	1.1868E7
0	6486	4658	5	0	1.1869E7
0	6486	4658	5	0	1.187E7
0	6486	4658	5	0	1.1871E7
0	6486	4658	5	0	1.1872E7
0	6486	4658	5	0	1.1873E7
0	6486	4658	5	0	1.1874E7
0	6486	4658	5	0	1.1875E7
0	6486	4658	5	0	1.1876E7
0	6486	4658	5	0	1.1877E7
0	6486	4658	5	0	1.1878E7
0	6486	4658	5	0	1.1879E7
0	6486	4658	5	0	1.188E7
0	6486	4658	5	0	1.1881E7
0	6484	4658	5	2	1.1882E7
0	6481	4659	5	4	1.1883E7
0	6476	4661	5	6	1.1884E7
0	6469	4663	5	8	1.1885E7
0	6460	4665	5	10	1.1886E7
0	6449	4669	5	12	1.1887E7
0	6436	4673	5	14	1.1888E7
0	6422	4677	5	14	1.1889E7
0	6409	4682	6	14	1.189E7
0	6396	4688	6	14	1.1891E7
0	6383	4694	6	14	1.1892E7
0	6370	4699	6	14	1.1893E7
0	6357	4705	6	14	1.1894E7
0	6345	4711	6	14	1.1895E7
0	6332	4716	6	14	1.1896E7
0	6319	4722	6	14	1.1897E7
0	6306	4727	5	14	1.1898E7
0	6293	4732	5	13	1.1899E7
0	6282	4736	5	9	1.19E7
0	6275	4739	5	6	1.1901E7
0	6270	4740	5	4	1.1902E7
0	6267	4741	5	1	1.1903E7
0	6267	4741	5	0	1.1904E7
0	6267	4741	5	0	1.1905E7
0	6267	4741	5	0	1.1906E7
0	6267	4741	5	0	1.1907E7
0	6267	4741	5	0	1.1908E7
0	6267	4741	5	0	1.1909E7
0	6267	4741	5	0	1.191E7
0	6267	4741	5	0	1.1911E7
0	6267	4741	5	0	1.1912E7
0	6267	4741	5	0	1.1913E7
0	6267	4741	5	0	1.1914E7
0	6267	4741	5	0	1.1915E7
0	6267	4741	5	0	1.1916E7
0	6267	4741	5	0	1.1917E7
0	6267	4741	5	0	1.1918E7
0	6267	4741	5	0	1.1919E7
0	6267	4741	5	0	1.192E7
0	6267	4741	5	0	1.1921E7
0	6267	4741	5	0	1.1922E7
0	6267	4741	5	0	1.1923E7
0	6265	4742	5	2	1.1924E7
0	6262	4743	5	4	1.1925E7
0	6257	4745	5	6	1.1926E7
0	6251	4747	5	7	1.1927E7
0	6242	4749	5	9	1.1928E7
0	6232	4751	5	11	1.1929E7
0	6221	4753	5	10	1.193E7
0	6212	4755	5	7	1.1931E7
0	6206	4756	5	4	1.1932E7
0	6203	4756	5	2	1.1933E7
0	6201	4757	5	1	1.1934E7
0	6201	4757	5	0	1.1935E7
0	6200	4757	5	0	1.1936E7
0	6200	4757	5	0	1.1937E7
0	6200	4757	5	0	1.1938E7
0	6200	4757	5	0	1.1939E7
0	6200	4757	5	0	1.194E7
0	6200	4757	5	0	1.1941E7
0	6200	4757	5	0	1.1942E7
0	6200	4757	5	0	1.1943E7
0	6200	4757	5	0	1.1944E7
0	6200	4757	5	0	1.1945E7
0	6200	4757	5	0	1.1946E7
0	6200	4757	5	0	1.1947E7
0	6200	4757	5	0	1.1948E7
0	6200	4757	5	0	1.1949E7
0	6200	4757	5	0	1.195E7
0	6200	4757	5	0	1.1951E7
0	6200	4757	5	0	1.1952E7
0	6200	4757	5	0	1.1953E7
0	6200	4757	5	0	1.1954E7
0	6200	4757	5	0	1.1955E7
0	6200	4757	5	0	1.1956E7
0	6200	4757	5	0	1.1957E7
0	6200	4757	5	0	1.1958E7
0	6200	4757	5	0	1.1959E7
0	6200	4757	5	0	1.196E7
0	6200	4757	5	0	1.1961E7
0	6200	4757	5	0	1.1962E7
0	6200	4757	5	0	1.1963E7
0	6200	4757	5	0	1.1964E7
0	6200	4757	5	0	1.1965E7
0	6200	4757	5	0	1.1966E7
0	6200	4757	5	0	1.1967E7
0	6200	4757	5	0	1.1968E7
0	6200	4757	5	0	1.1969E7
0	6200	4757	5	0	1.197E7
0	6200	4757	5	0	1.1971E7
0	6199	4757	5	2	1.1972E7
0	6195	4758	5	4	1.1973E7
0	6190	4759	5	6	1.1974E7
0	6182	4760	5	8	1.1975E7
0	6173	4761	5	10	1.1976E7
0	6162	4763	5	12	1.1977E7
0	6149	4765	5	14	1.1978E7
0	6135	4767	5	14	1.1979E7
0	6121	4769	5	14	1.198E7
0	6107	4771	5	14	1.1981E7
0	6093	4773	5	14	1.1982E7
0	6079	4775	5	14	1.1983E7
0	6065	4777	5	14	1.1984E7
0	6051	4779	5	14	1.1985E7
0	6037	4781	5	14	1.1986E7
0	6023	4783	5	14	1.1987E7
0	6010	4786	5	14	1.1988E7
0	5995	4790	5	13	1.1989E7
0	5984	4794	5	10	1.199E7
0	5976	4797	5	7	1.1991E7
0	5971	4800	5	4	1.1992E7
0	5967	4801	5	2	1.1993E7
0	5967	4801	5	0	1.1994E7
0	5967	4801	5	0	1.1995E7
0	5967	4801	5	0	1.1996E7
0	5967	4801	5	0	1.1997E7
0	5967	4801	5	0	1.1998E7
0	5967	4801	5	0	1.1999E7
0	5967	4801	5	0	1.2E7
0	5967	4801	5	0	1.2001E7
0	5967	4801	5	0	1.2002E7
0	5967	4801	5	0	1.2003E7
0	5967	4801	5	0	1.2004E7
0	5967	4801	5	0	1.2005E7
0	5967	4801	5	0	1.2006E7
0	5967	4801	5	0	1.2007E7
0	5967	4801	5	0	1.2008E7
0	5967	4801	5	0	1.2009E7
0	5967	4801	5	0	1.201E7
0	5967	4801	5	0	1.2011E7
0	5967	4801	5	0	1.2012E7
0	5967	4801	5	0	1.2013E7
0	5966	4802	5	2	1.2014E7
0	5964	4802	5	1	1.2015E7
0	5963	4803	5	0	1.2016E7
0	5963	4803	5	0	1.2017E7
0	5963	4803	5	0	1.2018E7
0	5962	4803	5	0	1.2019E7
0	5962	4803	5	0	1.202E7
0	5962	4803	5	0	1.2021E7
0	5962	4803	5	0	1.2022E7
0	5962	4803	5	0	1.2023E7
0	5962	4803	5	0	1.2024E7
0	5962	4803	5	0	1.2025E7
0	5962	4803	5	0	1.2026E7
0	5962	4803	5	0	1.2027E7
0	5962	4803	5	0	1.2028E7
0	5962	4803	5	0	1.2029E7
0	5962	4803	5	0	1.203E7
0	5962	4803	5	0	1.2031E7
0	5962	4803	5	0	1.2032E7
0	5962	4803	5	0	1.2033E7
0	5962	4803	5	0	1.2034E7
0	5962	4803	5	0	1.2035E7
0	5962	4803	5	0	1.2036E7
0	5962	4803	5	0	1.2037E7
0	5962	4803	5	0	1.2038E7
0	5962	4803	5	0	1.2039E7
0	5962	4803	5	0	1.204E7
0	5962	4803	5	0	1.2041E7
0	5962	4803	5	0	1.2042E7
0	5962	4803	5	0	1.2043E7
0	5962	4803	5	0	1.2044E7
0	5962	4803	5	0	1.2045E7
0	5962	4803	5	0	1.2046E7
0	5962	4803	5	0	1.2047E7
0	5962	4803	5	0	1.2048E7
0	5962	4803	5	0	1.2049E7
0	5962	4803	5	0	1.205E7
0	5962	4803	5	0	1.2051E7
0	5962	4803	5	0	1.2052E7
0	5962	4803	5	0	1.2053E7
0	5962	4803	5	0	1.2054E7
0	5962	4803	5	0	1.2055E7
0	5962	4803	5	0	1.2056E7
0	5962	4803	5	0	1.2057E7
0	5962	4803	5	0	1.2058E7
0	5962	4803	5	0	1.2059E7
0	5962	4803	5	0	1.206E7
0	5962	4803	5	0	1.2061E7
0	5961	4803	5	2	1.2062E7
0	5958	4805	5	4	1.2063E7
0	5953	4807	5	6	1.2064E7
0	5947	4809	6	7	1.2065E7
0	5938	4813	6	9	1.2066E7
0	5929	4817	6	11	1.2067E7
0	5917	4822	6	13	1.2068E7
0	5904	4827	6	14	1.2069E7
0	5891	4833	6	14	1.207E7
0	5878	4838	5	14	1.2071E7
0	5865	4843	5	14	1.2072E7
0	5852	4849	5	14	1.2073E7
0	5839	4854	5	12	1.2074E7
0	5830	4858	6	8	1.2075E7
0	5823	4860	5	5	1.2076E7
0	5819	4862	5	3	1.2077E7
0	5817	4863	5	0	1.2078E7
0	5817	4863	5	0	1.2079E7
0	5817	4863	5	0	1.208E7
0	5817	4863	5	0	1.2081E7
0	5817	4863	5	0	1.2082E7
0	5817	4863	5	0	1.2083E7
0	5817	4863	5	0	1.2084E7
0	5817	4863	5	0	1.2085E7
0	5817	4863	5	0	1.2086E7
0	5817	4863	5	0	1.2087E7
0	5817	4863	5	0	1.2088E7
0	5817	4863	5	0	1.2089E7
0	5817	4863	5	0	1.209E7
0	5817	4863	5	0	1.2091E7
0	5817	4863	5	0	1.2092E7
0	5817	4863	5	0	1.2093E7
0	5817	4863	5	0	1.2094E7
0	5817	4863	5	0	1.2095E7
0	5817	4863	5	0	1.2096E7
0	5817	4863	5	0	1.2097E7
0	5817	4863	5	1	1.2098E7
0	5815	4863	5	3	1.2099E7
0	5811	4865	5	5	1.21E7
0	5805	4867	5	7	1.2101E7
0	5797	4870	5	9	1.2102E7
0	5788	4874	5	11	1.2103E7
0	5777	4878	5	12	1.2104E7
0	5765	4883	5	10	1.2105E7
0	5757	4886	5	7	1.2106E7
0	5751	4888	5	5	1.2107E7
0	5747	4889	5	2	1.2108E7
0	5746	4890	5	1	1.2109E7
0	5745	4890	5	0	1.211E7
0	5745	4890	5	0	1.2111E7
0	5744	4890	5	0	1.2112E7
0	5744	4890	5	0	1.2113E7
0	5744	4890	5	0	1.2114E7
0	5744	4890	5	0	1.2115E7
0	5744	4890	5	0	1.2116E7
0	5744	4890	5	0	1.2117E7
0	5744	4890	5	0	1.2118E7
0	5744	4890	5	0	1.2119E7
0	5744	4890	5	0	1.212E7
0	5744	4890	5	0	1.2121E7
0	5744	4890	5	0	1.2122E7
0	5744	4890	5	0	1.2123E7
0	5744	4890	5	0	1.2124E7
0	5744	4890	5	0	1.2125E7
0	5744	4890	5	0	1.2126E7
0	5744	4890	5	0	1.2127E7
0	5744	4890	5	0	1.2128E7
0	5744	4890	5	0	1.2129E7
0	5744	4890	5	0	1.213E7
0	5744	4890	5	0	1.2131E7
0	5744	4890	5	0	1.2132E7
0	5744	4890	5	0	1.2133E7
0	5744	4890	5	0	1.2134E7
0	5744	4890	5	0	1.2135E7
0	5744	4890	5	0	1.2136E7
0	5744	4890	5	0	1.2137E7
0	5744	4890	5	0	1.2138E7
0	5744	4890	5	0	1.2139E7
0	5744	4890	5	0	1.214E7
0	5744	4890	5	0	1.2141E7
0	5744	4890	5	0	1.2142E7
0	5744	4890	5	0	1.2143E7
0	5744	4890	5	0	1.2144E7
0	5744	4890	5	0	1.2145E7
0	5744	4890	5	0	1.2146E7
0	5744	4890	5	0	1.2147E7
0	5744	4890	5	0	1.2148E7
0	5744	4890	5	0	1.2149E7
0	5744	4890	5	0	1.215E7
0	5744	4890	5	0	1.2151E7
0	5743	4891	5	2	1.2152E7
0	5739	4892	5	4	1.2153E7
0	5734	4894	5	6	1.2154E7
0	5727	4897	5	8	1.2155E7
0	5719	4901	6	10	1.2156E7
0	5708	4905	6	12	1.2157E7
0	5696	4911	6	14	1.2158E7
0	5683	4916	6	14	1.2159E7
0	5670	4921	5	14	1.216E7
0	5657	4927	5	14	1.2161E7
0	5643	4932	5	14	1.2162E7
0	5630	4937	5	14	1.2163E7
0	5617	4942	5	14	1.2164E7
0	5604	4947	5	14	1.2165E7
0	5591	4953	5	14	1.2166E7
0	5578	4958	5	14	1.2167E7
0	5565	4963	5	12	1.2168E7
0	5555	4967	5	9	1.2169E7
0	5548	4970	5	6	1.217E7
0	5544	4972	5	3	1.2171E7
0	5541	4973	5	2	1.2172E7
0	5540	4973	5	0	1.2173E7
0	5539	4973	5	0	1.2174E7
0	5539	4973	5	0	1.2175E7
0	5539	4973	5	0	1.2176E7
0	5539	4973	5	0	1.2177E7
0	5539	4973	5	0	1.2178E7
0	5539	4973	5	0	1.2179E7
0	5539	4973	5	0	1.218E7
0	5539	4973	5	0	1.2181E7
0	5539	4973	5	0	1.2182E7
0	5539	4973	5	0	1.2183E7
0	5539	4973	5	0	1.2184E7
0	5539	4973	5	0	1.2185E7
0	5539	4973	5	0	1.2186E7
0	5539	4973	5	0	1.2187E7
0	5539	4973	5	0	1.2188E7
0	5539	4973	5	0	1.2189E7
0	5539	4973	5	0	1.219E7
0	5539	4973	5	0	1.2191E7
0	5539	4973	5	0	1.2192E7
0	5539	4973	5	0	1.2193E7
0	5539	4973	5	0	1.2194E7
0	5539	4973	5	0	1.2195E7
0	5539	4973	5	0	1.2196E7
0	5539	4973	5	0	1.2197E7
0	5539	4973	5	0	1.2198E7
0	5539	4973	5	0	1.2199E7
0	5539	4973	5	0	1.22E7
0	5539	4973	5	0	1.2201E7
0	5539	4973	5	0	1.2202E7
0	5539	4973	5	0	1.2203E7
0	5539	4973	5	0	1.2204E7
0	5539	4973	5	0	1.2205E7
0	5539	4973	5	0	1.2206E7
0	5539	4973	5	0	1.2207E7
0	5539	4973	5	0	1.2208E7
0	5539	4973	5	0	1.2209E7
0	5539	4973	5	0	1.221E7
0	5539	4973	5	0	1.2211E7
0	5539	4973	5	0	1.2212E7
0	5539	4973	5	0	1.2213E7
0	5539	4973	5	0	1.2214E7
0	5539	4973	5	0	1.2215E7
0	5539	4973	5	0	1.2216E7
0	5539	4973	5	0	1.2217E7
0	5539	4973	5	0	1.2218E7
0	5539	4973	5	0	1.2219E7
0	5539	4973	5	0	1.222E7
0	5539	4973	5	0	1.2221E7
0	5539	4973	5	0	1.2222E7
0	5539	4973	5	0	1.2223E7
0	5539	4973	5	0	1.2224E7
0	5539	4973	5	0	1.2225E7
0	5539	4973	5	0	1.2226E7
0	5539	4973	5	0	1.2227E7
0	5539	4973	5	0	1.2228E7
0	5539	4973	5	0	1.2229E7
0	5539	4973	5	0	1.223E7
0	5539	4973	5	0	1.2231E7
0	5539	4973	5	0	1.2232E7
0	5539	4973	5	0	1.2233E7
0	5539	4973	5	0	1.2234E7
0	5539	4973	5	0	1.2235E7
0	5539	4973	5	0	1.2236E7
0	5539	4973	5	0	1.2237E7
0	5539	4973	5	0	1.2238E7
0	5539	4973	5	0	1.2239E7
0	5539	4973	5	0	1.224E7
0	5539	4973	5	0	1.2241E7
0	5538	4974	5	2	1.2242E7
0	5535	4976	6	4	1.2243E7
0	5530	4978	6	6	1.2244E7
0	5523	4981	6	8	1.2245E7
0	5515	4985	6	10	1.2246E7
0	5505	4991	6	12	1.2247E7
0	5491	4993	5	14	1.2248E7
0	5478	4997	5	14	1.2249E7
0	5464	5002	5	14	1.225E7
0	5451	5006	5	14	1.2251E7
0	5438	5009	5	11	1.2252E7
0	5429	5010	5	8	1.2253E7
0	5422	5011	5	5	1.2254E7
0	5418	5012	5	3	1.2255E7
0	5416	5012	5	0	1.2256E7
0	5416	5012	5	0	1.2257E7
0	5416	5012	5	0	1.2258E7
0	5416	5012	5	0	1.2259E7
0	5416	5012	5	0	1.226E7
0	5416	5012	5	0	1.2261E7
0	5416	5012	5	0	1.2262E7
0	5416	5012	5	0	1.2263E7
0	5416	5012	5	0	1.2264E7
0	5416	5012	5	0	1.2265E7
0	5416	5012	5	0	1.2266E7
0	5416	5012	5	0	1.2267E7
0	5416	5012	5	0	1.2268E7
0	5416	5012	5	0	1.2269E7
0	5416	5012	5	0	1.227E7
0	5416	5012	5	0	1.2271E7
0	5416	5012	5	0	1.2272E7
0	5416	5012	5	0	1.2273E7
0	5416	5012	5	0	1.2274E7
0	5416	5012	5	0	1.2275E7
0	5416	5012	5	1	1.2276E7
0	5413	5012	5	3	1.2277E7
0	5409	5013	5	5	1.2278E7
0	5403	5013	5	7	1.2279E7
0	5395	5014	5	9	1.228E7
0	5384	5015	5	11	1.2281E7
0	5372	5016	5	13	1.2282E7
0	5358	5018	5	14	1.2283E7
0	5344	5019	5	14	1.2284E7
0	5330	5020	5	14	1.2285E7
0	5316	5022	5	14	1.2286E7
0	5302	5023	5	14	1.2287E7
0	5288	5025	5	14	1.2288E7
0	5275	5026	5	12	1.2289E7
0	5264	5027	5	8	1.229E7
0	5257	5028	5	6	1.2291E7
0	5252	5029	5	3	1.2292E7
0	5250	5029	5	1	1.2293E7
0	5248	5029	5	0	1.2294E7
0	5248	5029	5	0	1.2295E7
0	5248	5029	5	0	1.2296E7
0	5248	5029	5	0	1.2297E7
0	5248	5029	5	0	1.2298E7
0	5248	5029	5	0	1.2299E7
0	5248	5029	5	0	1.23E7
0	5248	5029	5	0	1.2301E7
0	5248	5029	5	0	1.2302E7
0	5248	5029	5	0	1.2303E7
0	5248	5029	5	0	1.2304E7
0	5248	5029	5	0	1.2305E7
0	5248	5029	5	0	1.2306E7
0	5248	5029	5	0	1.2307E7
0	5248	5029	5	0	1.2308E7
0	5248	5029	5	0	1.2309E7
0	5248	5029	5	0	1.231E7
0	5248	5029	5	0	1.2311E7
0	5248	5029	5	0	1.2312E7
0	5248	5029	5	0	1.2313E7
0	5248	5029	5	0	1.2314E7
0	5248	5029	5	0	1.2315E7
0	5248	5029	5	0	1.2316E7
0	5248	5029	5	0	1.2317E7
0	5248	5029	5	0	1.2318E7
0	5248	5029	5	0	1.2319E7
0	5248	5029	5	0	1.232E7
0	5247	5029	5	0	1.2321E7
0	5246	5030	5	2	1.2322E7
0	5242	5030	5	4	1.2323E7
0	5237	5030	5	6	1.2324E7
0	5229	5031	5	8	1.2325E7
0	5220	5032	5	10	1.2326E7
0	5208	5034	5	12	1.2327E7
0	5195	5035	5	13	1.2328E7
0	5184	5036	5	9	1.2329E7
0	5176	5037	5	6	1.233E7
0	5170	5037	5	4	1.2331E7
0	5167	5038	5	1	1.2332E7
0	5167	5038	5	0	1.2333E7
0	5167	5038	5	0	1.2334E7
0	5167	5038	5	0	1.2335E7
0	5167	5038	5	0	1.2336E7
0	5167	5038	5	0	1.2337E7
0	5167	5038	5	0	1.2338E7
0	5167	5038	5	0	1.2339E7
0	5167	5038	5	0	1.234E7
0	5167	5038	5	0	1.2341E7
0	5167	5038	5	0	1.2342E7
0	5167	5038	5	0	1.2343E7
0	5167	5038	5	0	1.2344E7
0	5167	5038	5	0	1.2345E7
0	5167	5038	5	0	1.2346E7
0	5167	5038	5	0	1.2347E7
0	5167	5038	5	0	1.2348E7
0	5167	5038	5	0	1.2349E7
0	5167	5038	5	0	1.235E7
0	5167	5038	5	0	1.2351E7
0	5167	5038	5	0	1.2352E7
0	5166	5038	5	2	1.2353E7
0	5162	5038	5	4	1.2354E7
0	5156	5039	5	6	1.2355E7
0	5149	5040	5	8	1.2356E7
0	5139	5041	5	10	1.2357E7
0	5128	5042	5	12	1.2358E7
0	5115	5044	5	13	1.2359E7
0	5101	5045	5	14	1.236E7
0	5087	5047	5	14	1.2361E7
0	5073	5048	5	14	1.2362E7
0	5059	5049	5	14	1.2363E7
0	5045	5051	5	14	1.2364E7
0	5031	5052	5	14	1.2365E7
0	5016	5054	5	14	1.2366E7
0	5002	5055	5	14	1.2367E7
0	4988	5056	5	14	1.2368E7
0	4974	5057	5	14	1.2369E7
0	4960	5058	5	14	1.237E7
0	4947	5060	5	11	1.2371E7
0	4937	5061	5	8	1.2372E7
0	4930	5062	5	5	1.2373E7
0	4926	5063	5	3	1.2374E7
0	4923	5063	5	1	1.2375E7
0	4922	5063	5	0	1.2376E7
0	4921	5063	5	0	1.2377E7
0	4921	5063	5	0	1.2378E7
0	4921	5063	5	0	1.2379E7
0	4921	5063	5	0	1.238E7
0	4921	5063	5	0	1.2381E7
0	4921	5063	5	0	1.2382E7
0	4921	5063	5	0	1.2383E7
0	4921	5063	5	0	1.2384E7
0	4921	5063	5	0	1.2385E7
0	4921	5063	5	0	1.2386E7
0	4921	5063	5	0	1.2387E7
0	4921	5063	5	0	1.2388E7
0	4921	5063	5	0	1.2389E7
0	4921	5063	5	0	1.239E7
0	4921	5063	5	0	1.2391E7
0	4921	5063	5	0	1.2392E7
0	4921	5063	5	0	1.2393E7
0	4921	5063	5	0	1.2394E7
0	4921	5063	5	0	1.2395E7
0	4921	5063	5	0	1.2396E7
0	4921	5063	5	0	1.2397E7
0	4921	5063	5	0	1.2398E7
0	4921	5063	5	0	1.2399E7
0	4921	5063	5	0	1.24E7
0	4921	5063	5	0	1.2401E7
0	4921	5063	5	0	1.2402E7
0	4921	5063	5	0	1.2403E7
0	4921	5063	5	0	1.2404E7
0	4921	5063	5	0	1.2405E7
0	4921	5063	5	0	1.2406E7
0	4921	5063	5	0	1.2407E7
0	4921	5063	5	0	1.2408E7
0	4921	5063	5	0	1.2409E7
0	4921	5063	5	0	1.241E7
0	4921	5063	5	0	1.2411E7
0	4921	5063	5	0	1.2412E7
0	4921	5063	5	0	1.2413E7
0	4921	5063	5	0	1.2414E7
0	4921	5063	5	0	1.2415E7
0	4921	5063	5	0	1.2416E7
0	4921	5063	5	0	1.2417E7
0	4921	5063	5	0	1.2418E7
0	4921	5063	5	0	1.2419E7
0	4921	5063	5	0	1.242E7
0	4921	5063	5	0	1.2421E7
0	4920	5064	5	2	1.2422E7
0	4916	5064	5	4	1.2423E7
0	4910	5065	5	6	1.2424E7
0	4903	5066	5	8	1.2425E7
0	4893	5068	5	10	1.2426E7
0	4881	5070	5	12	1.2427E7
0	4868	5072	5	14	1.2428E7
0	4854	5075	5	13	1.2429E7
0	4843	5076	5	9	1.243E7
0	4835	5078	5	6	1.2431E7
0	4829	5078	5	4	1.2432E7
0	4826	5079	5	1	1.2433E7
0	4826	5079	5	0	1.2434E7
0	4826	5079	5	0	1.2435E7
0	4826	5079	5	0	1.2436E7
0	4826	5079	5	0	1.2437E7
0	4826	5079	5	0	1.2438E7
0	4826	5079	5	0	1.2439E7
0	4826	5079	5	0	1.244E7
0	4826	5079	5	0	1.2441E7
0	4826	5079	5	0	1.2442E7
0	4826	5079	5	0	1.2443E7
0	4826	5079	5	0	1.2444E7
0	4826	5079	5	0	1.2445E7
0	4826	5079	5	0	1.2446E7
0	4826	5079	5	0	1.2447E7
0	4826	5079	5	0	1.2448E7
0	4826	5079	5	0	1.2449E7
0	4826	5079	5	0	1.245E7
0	4826	5079	5	0	1.2451E7
0	4826	5079	5	0	1.2452E7
0	4826	5079	5	0	1.2453E7
0	4824	5079	5	2	1.2454E7
0	4821	5080	5	4	1.2455E7
0	4815	5081	5	6	1.2456E7
0	4808	5082	5	8	1.2457E7
0	4799	5083	5	10	1.2458E7
0	4787	5085	5	12	1.2459E7
0	4774	5087	5	14	1.246E7
0	4760	5090	5	14	1.2461E7
0	4746	5092	5	14	1.2462E7
0	4732	5093	5	14	1.2463E7
0	4718	5096	5	14	1.2464E7
0	4704	5099	5	14	1.2465E7
0	4691	5105	6	14	1.2466E7
0	4679	5111	6	14	1.2467E7
