616005.5670634009
616015.5670634009
616025.5670634009
616035.5670634009
616045.5670634009
616055.5670634009
616065.5670634009
616075.5670634009
616085.5670634009
616095.5670634009
616105.5670634009
616115.5670634009
616125.5670634009
616135.5670634009
616145.5670634009
616155.5670634009
616165.5670634009
616175.5670634009
616185.5670634009
616195.5670634009
616205.5670634009
616225.5670634009
616235.5670634009
616245.5670634009
616255.5670634009
616275.5670634009
616285.5670634009
616295.5670634009
616305.5670634009
616315.5670634009
616325.5670634009
616335.5670634009
616345.5670634009
616355.5670634009
616365.5670634009
